100
3 6000000 11000000 26000000
3 1 10 11
3 14771855 81736981 81736981
2 65916999 27020890
2 2376509 73562254
3 81334867 15864782 15864782
3 39806933 39806933 98051120
2 57185041 9083660
2 1118953 11563550
2 31507870 88730496
3 6980430 14261230 6980430
2 25350061 99145095
3 16395343 16395343 17210490
3 20748768 20447733 20748768
2 15997868 8014128
3 18000830 18000830 22780192
2 29948259 50492074
3 53508608 53508608 41094386
3 27253463 27253463 45980120
3 24288801 24288801 39145647
2 29713936 45589264
3 33305893 31820632 33305893
3 69418400 34709200 34709200
3 95775472 95775472 2037776
3 16856790 5618930 16856790
2 53234976 26617488
3 48139091 48139091 96278182
3 45706552 91413104 45706552
2 87916368 21979092
3 85375140 42687570 42687570
3 7591325 37956625 37956625
3 49856319 99712638 49856319
2 73806472 92258090
2 69767106 46511404
3 33889305 33889305 22592870
3 88481724 66361293 88481724
2 78168438 65140365
2 11238562 22477124
2 72745521 96994028
3 14535454 29070908 29070908
3 87131475 96812750 96812750
3 40763118 42615987 40763118
3 9427 11585 9428
3 7379 49359 49358
3 8403 7379 394882
3 6186779 23268144 16116274
3 20088568 68213610 50331248
3 13425863 69566879 75140987
3 1057518 14407470 6741504
3 63355281 34897434 88314336
3 42551817 15547117 34707173
3 15846292 20379524 53118692
3 64898881 88523515 4940158
3 19990947 12363236 12792587
3 34933619 16774115 37938035
3 12247875 34319385 24939963
3 8203729 19487173 24376171
3 8906764 6888913 11087240
3 2863409 87658529 85011179
3 8967857 22064675 21578595
3 46894734 94875084 47036898
3 24109858 11718947 12490445
3 42082362 63174888 55746978
3 53525060 25996255 81210125
3 554363 2870621 8304425
3 74824290 80518860 18201510
3 18663093 36117885 11281701
3 22085402 8319734 27626224
3 3395560 10716650 19172720
3 59941507 54318657 35422457
3 3074394 43809858 3519531
3 40625473 75327118 7215052
3 46376283 36039089 85411183
3 25757767 52426002 16774518
3 1160629 28153054 47240836
3 47760002 65718818 23148926
3 53351049 36492069 3787434
3 64223653 31895643 57630352
3 4075437 61701033 43745865
3 38954597 7128037 24390021
3 11836440 59177930 39433450
3 21678460 47676614 63514352
3 15771974 45983376 41177640
3 28524624 19530290 5241954
3 2092420 22708094 23053965
3 4560480 18459762 12973594
3 23914342 4858411 38365657
3 20752874 38708446 54280242
3 47263246 10390674 72435160
3 20302182 18765663 3143462
3 13264511 21248375 25840067
3 614396 49462844 26898434
3 32206170 18376081 33738792
3 27664330 2232586 42889354
3 363705 4557333 10617267
3 6249714 32541714 18881914
3 26791572 58406616 83733648
3 8551 7668595 6609446
3 6085794 1771077 10575950
3 23376835 70988735 86095785
