100
3 26000000 11000000 6000000
3 10 11 1
2 40073549 81627688
2 76658028 417569
3 20663249 46323097 46323097
3 71081883 71081883 32598435
2 30976856 78970220
3 5820613 5820613 91433010
3 87483721 34684295 87483721
2 18347441 37608400
3 97027438 25978497 25978497
3 11880262 11880262 42410315
2 24704126 27463327
3 11401180 20373969 20373969
3 23063563 14499950 14499950
3 18809082 14517443 14517443
3 10845791 19151873 10845791
3 21909803 21909803 16232096
3 56484880 36480558 36480558
3 20287627 38169216 20287627
2 41540645 28062539
3 35133040 35133040 33370839
2 63691495 9098785
3 47929002 95858004 47929002
2 66441388 111106
2 21478052 42956104
3 24421935 73265805 24421935
2 75980426 37990213
2 20577352 61732056
3 94361924 94361924 47180962
2 10540371 94863339
2 6215120 87011680
2 96849846 86088752
2 86988992 97862616
3 68428296 91237728 91237728
2 39539176 19769588
2 83168635 99802362
3 42504076 42504076 21252038
2 47368506 31579004
2 83460988 62595741
2 73464018 97952024
3 38748186 51664248 51664248
3 2861 4887 2862
3 49064 49065 8196
3 210803 8196 9220
3 37001225 84634056 48265778
3 22835796 1047641 10032931
3 68578767 88699567 23371641
3 95477123 53276379 3149688
3 1471468 59415340 3491620
3 229310 20037310 43902910
3 23631674 31521878 6013094
3 91338726 54731451 88275826
3 64216320 34826842 6641420
3 2461602 7744308 6849898
3 25315703 38287046 12613475
3 3394233 9064638 61014393
3 1325815 20357152 33711391
3 43073322 22045878 32676966
3 65830412 38967132 49110336
3 67618980 99429110 39526410
3 27103564 16683244 57016012
3 48705081 22093713 18856823
3 38326581 17511795 26220726
3 31866584 56817384 1398334
3 23847569 61897545 37613657
3 4877163 16550034 71981103
3 33350590 18384800 19125820
3 68890747 61086670 9609421
3 3326490 16386706 16939154
3 10011202 68393316 27260966
3 34813240 33038796 58012584
3 53779629 27178780 44776437
3 1277327 3119807 811307
3 66358565 18220209 41547660
3 47420611 64075688 23370273
3 20985720 27369328 44511880
3 24792036 6430386 22995116
3 76729680 67696513 32435298
3 5895488 11249284 12455980
3 56655884 17120729 3143654
3 10660806 22189089 21360066
3 292552 3157544 25025806
3 6176289 1395209 31003729
3 91831645 59652380 31523490
3 9282388 12067564 20904140
3 9899266 3583526 12467022
3 7098195 62129145 37330657
3 9734681 35362913 4784225
3 17327021 15170041 23996761
3 53159080 7075020 43061564
3 59139528 42559273 66774393
3 2170343 11092283 20423243
3 7236004 2315308 186358
3 10162915 21821315 4164615
3 28258130 16758876 45625244
3 120861 1346553 1035474
3 8021797 12522397 1908157
3 46014700 3041725 9168565
3 52401467 5755035 36502437
