10000
3 44
7 3
8 46
1 4
9 61
2 40
4 3
5 49
7 86
4 25
6 31
2 76
10 78
1 92
2 41
8 99
3 0
6 57
3 93
3 25
9 97
3 80
5 66
10 61
6 34
1 50
9 78
7 85
4 63
3 2
6 5
8 46
2 7
10 90
1 35
10 80
2 97
3 53
1 19
8 47
9 74
4 36
3 0
9 19
7 73
3 86
7 99
7 60
4 98
5 13
7 23
1 77
9 8
6 97
2 11
4 55
1 69
2 48
5 33
9 87
4 51
4 14
7 68
7 11
1 5
8 59
3 21
2 43
6 18
10 43
1 44
8 98
8 14
2 18
1 4
3 17
10 39
1 97
6 100
9 5
10 42
7 13
3 42
2 11
8 68
9 70
3 0
3 76
1 9
3 34
7 29
1 30
3 22
2 88
4 58
4 65
9 11
1 98
5 2
10 52
2 45
7 100
3 100
7 53
9 0
2 69
2 77
8 78
4 90
8 59
2 69
1 94
2 61
8 28
10 93
2 30
6 26
1 23
2 76
6 39
1 11
7 55
10 88
1 40
10 68
4 18
8 58
5 100
4 7
1 17
9 55
9 15
9 2
2 53
6 94
8 44
8 63
7 75
8 59
1 27
5 49
5 3
2 30
10 50
1 61
8 58
8 67
1 51
9 70
6 99
3 71
6 32
7 70
4 76
3 47
1 96
10 23
8 55
7 43
6 82
3 70
3 10
2 37
7 29
2 12
4 69
9 8
7 85
2 80
6 88
10 63
8 6
9 5
1 69
2 91
5 54
4 42
10 44
7 30
3 95
2 95
2 32
5 13
3 0
8 38
6 53
7 62
9 50
7 55
8 27
4 14
1 60
10 1
8 85
4 67
2 45
1 87
1 73
5 44
5 79
4 30
1 85
9 59
2 81
9 7
6 81
7 77
9 73
7 7
6 9
5 58
1 61
2 11
5 34
4 71
10 59
6 84
4 12
2 86
4 37
9 98
1 47
10 1
4 2
3 79
7 14
4 95
5 54
8 22
9 66
5 77
1 78
7 69
4 63
10 83
8 14
6 40
7 99
9 62
8 25
5 90
4 90
9 83
3 11
1 78
9 42
1 12
2 29
3 70
10 53
4 39
2 3
1 11
8 57
9 38
6 12
2 61
6 25
3 23
5 71
6 7
3 37
8 100
3 11
10 21
4 47
6 17
5 80
8 91
10 82
5 74
9 57
2 88
8 67
1 59
4 53
4 27
9 32
3 33
5 79
2 8
1 81
3 33
9 61
10 21
9 61
3 44
6 26
9 28
3 88
3 7
6 74
5 42
2 76
3 6
5 76
1 14
9 17
8 92
2 94
3 1
3 35
5 37
6 51
4 58
6 7
1 19
8 17
2 43
8 86
10 55
7 96
8 33
4 22
1 73
1 4
5 100
3 12
5 31
5 53
3 26
6 91
5 56
4 11
7 83
10 50
9 97
4 12
8 81
9 38
4 30
5 18
8 35
8 69
3 35
6 35
9 91
9 97
9 28
2 20
9 94
1 67
6 60
9 14
6 52
7 47
6 88
2 37
5 0
7 4
6 52
6 22
6 99
1 45
9 94
3 57
3 59
6 41
3 77
3 4
7 85
9 35
4 95
6 76
1 93
3 40
5 76
3 58
6 69
9 59
5 43
7 15
1 52
9 31
6 23
1 36
5 25
5 11
3 79
10 49
10 52
9 90
6 29
2 6
1 74
6 48
9 58
1 30
9 49
9 24
8 52
2 34
1 9
4 70
9 30
8 63
9 17
5 0
3 31
3 17
3 66
2 59
5 18
3 84
7 68
7 37
3 90
9 10
1 68
1 25
1 97
5 68
10 15
2 53
10 92
9 44
8 67
8 65
5 25
9 39
8 50
4 64
3 57
3 46
8 15
9 90
6 65
1 84
2 48
9 45
7 8
3 12
1 83
6 86
1 50
10 33
3 24
3 10
10 99
10 86
10 43
2 27
4 13
6 49
1 89
7 33
10 6
1 17
6 21
2 78
7 62
2 40
10 99
2 21
10 62
1 11
4 59
5 95
2 4
2 97
8 28
7 70
8 85
3 68
8 32
4 80
2 36
9 35
3 80
6 31
7 11
5 81
1 37
4 62
8 33
3 46
5 58
5 78
6 61
1 58
7 5
3 72
10 26
1 1
5 8
2 6
6 81
6 47
7 65
4 15
8 87
2 17
4 2
4 49
6 64
4 27
6 2
5 58
9 41
1 61
3 6
7 0
8 45
2 31
4 69
8 49
5 87
4 7
7 22
9 74
8 5
8 75
9 1
8 52
8 66
10 2
7 6
6 55
6 51
6 86
5 45
9 62
8 72
7 88
2 54
4 22
3 69
3 97
1 85
2 91
9 1
6 29
8 34
10 74
4 73
1 6
1 27
2 22
1 52
10 69
2 42
9 35
1 86
1 88
8 83
5 90
8 59
1 9
8 24
6 65
3 30
5 41
2 16
8 0
4 99
1 99
8 55
5 63
7 6
3 73
8 67
3 62
5 10
1 89
7 55
3 17
4 56
2 99
1 84
1 94
2 91
10 9
8 5
1 37
4 56
7 76
5 41
9 59
2 52
9 33
1 62
10 4
6 7
5 64
10 74
9 73
2 93
6 74
2 23
1 34
2 21
10 29
4 6
8 24
10 67
6 60
6 63
3 65
6 4
9 80
7 33
5 78
8 94
2 76
3 49
10 71
3 32
2 28
1 88
9 95
4 32
2 53
7 73
4 78
3 18
7 25
2 52
9 62
4 21
5 14
7 78
9 82
6 87
3 85
8 75
8 61
9 74
5 0
9 59
10 11
7 69
6 77
3 36
2 91
6 30
8 18
6 12
4 38
10 48
3 92
9 81
7 65
3 80
1 89
10 2
4 69
4 55
7 32
1 42
7 54
7 77
6 78
9 55
3 88
3 82
8 47
5 44
6 2
9 74
6 91
3 86
2 99
9 1
5 88
3 46
3 16
4 21
8 47
6 40
8 30
2 55
1 97
1 36
1 46
9 56
3 24
1 79
1 42
8 91
4 87
7 96
9 20
4 25
1 55
1 58
8 84
3 92
8 12
1 75
9 53
6 35
4 87
1 28
8 5
4 65
7 90
10 14
6 90
8 15
6 86
9 68
9 17
8 85
5 99
10 37
7 30
1 69
10 57
2 84
9 100
2 53
9 8
7 36
6 40
7 11
7 21
4 76
4 26
7 15
1 38
1 38
9 16
2 58
7 100
4 81
5 20
8 46
4 50
9 39
8 14
10 25
10 15
1 69
6 53
10 45
10 1
5 80
9 97
8 53
9 89
4 27
7 6
4 59
9 28
4 95
10 67
1 56
1 34
1 71
10 31
6 77
1 74
9 7
7 94
9 91
2 29
9 86
6 26
1 37
1 30
1 55
3 35
6 4
9 93
3 93
7 63
5 11
2 59
8 83
6 68
9 47
2 99
1 52
3 60
5 44
8 14
7 69
6 70
7 69
8 94
2 90
5 71
10 49
2 61
1 43
9 60
2 21
7 32
8 46
3 20
8 38
6 84
8 18
1 1
10 97
3 72
1 76
6 78
10 83
6 93
1 34
5 0
6 64
10 72
4 78
4 64
7 14
2 73
7 11
1 35
3 94
2 81
6 29
1 61
10 26
1 78
2 30
2 11
2 64
7 55
6 4
6 62
3 43
7 89
7 75
10 16
6 9
2 72
4 8
10 89
4 15
5 19
2 71
1 14
6 13
2 97
6 95
6 27
2 28
3 8
4 15
2 46
1 17
1 8
1 45
7 37
10 66
4 3
6 81
4 41
4 60
6 9
5 96
6 12
8 57
1 0
1 60
10 20
4 28
6 18
7 50
6 80
1 19
10 16
5 52
8 11
7 60
10 10
4 26
4 39
10 36
2 74
8 53
6 47
1 13
4 52
10 5
4 34
1 29
9 70
2 62
6 42
1 42
2 46
1 25
9 76
2 9
4 42
4 98
7 96
1 14
6 98
4 45
10 98
7 9
5 77
7 12
4 41
1 58
6 58
8 22
3 31
8 72
2 100
9 95
10 15
3 31
3 64
1 31
10 96
8 88
10 57
6 44
4 49
8 53
3 17
4 29
3 60
10 67
7 38
6 70
6 79
7 63
7 63
9 75
5 87
2 95
6 1
1 13
10 3
7 59
3 21
5 80
8 27
3 25
1 57
6 70
6 56
7 56
1 78
9 19
9 47
6 22
4 49
4 68
6 78
4 64
10 77
3 60
9 9
4 84
2 28
6 81
3 7
5 25
2 65
3 62
7 9
8 2
8 62
4 72
4 23
1 72
8 73
9 33
8 18
6 14
8 83
1 89
9 62
6 17
2 91
8 71
1 92
1 52
2 96
8 41
3 73
7 63
4 2
5 28
8 76
2 22
3 81
4 100
5 53
6 35
2 31
8 82
7 74
3 72
8 9
1 9
5 96
7 30
3 36
8 98
9 39
1 87
2 80
2 57
7 77
7 86
4 13
5 80
6 52
6 49
5 59
2 33
10 69
8 27
3 44
10 52
8 18
10 66
6 69
4 10
10 0
9 46
4 31
4 99
8 99
10 92
10 37
3 94
9 5
9 43
7 80
6 26
8 44
4 41
8 56
3 80
10 1
7 71
2 48
5 48
9 26
9 91
2 34
4 1
1 64
7 29
7 93
10 37
2 81
8 74
10 69
3 85
7 30
4 15
6 87
3 24
5 79
10 50
4 52
1 84
8 40
8 75
1 17
6 52
9 34
9 30
8 86
5 49
10 33
8 11
6 8
3 81
3 59
10 95
1 4
3 15
5 30
1 41
1 80
3 87
2 93
1 25
10 19
7 55
9 47
6 31
7 36
6 92
3 61
1 34
1 82
4 5
2 86
4 82
5 73
9 21
7 6
8 73
4 79
2 81
7 37
10 0
2 96
4 58
9 53
2 67
8 79
7 26
5 44
2 95
7 84
2 33
1 97
3 19
2 47
10 99
8 96
5 87
4 6
9 81
3 2
3 90
1 46
4 44
1 10
1 37
10 8
3 5
5 31
4 12
4 8
3 22
4 70
1 9
6 76
4 6
9 92
3 93
10 75
2 50
9 14
8 88
1 84
10 86
2 40
1 54
3 34
6 10
4 94
7 79
5 50
5 68
5 82
5 24
7 39
6 72
2 90
3 12
3 65
4 43
7 34
4 21
10 73
9 48
7 70
6 56
1 50
7 74
2 15
2 52
5 4
3 14
6 81
9 43
2 84
5 91
7 68
9 65
7 98
4 42
10 83
7 70
9 25
2 94
6 99
6 2
10 54
2 82
2 75
4 59
6 68
4 15
1 48
7 0
6 68
3 90
6 22
3 24
2 45
9 36
2 29
10 29
7 25
3 4
8 76
9 95
2 43
5 47
8 99
1 61
2 63
4 22
6 38
5 78
10 3
10 100
8 16
10 39
6 2
3 99
7 66
9 97
3 35
3 16
9 45
2 23
8 35
4 57
6 34
4 20
5 23
8 68
8 49
6 54
7 99
3 50
6 82
8 76
2 85
5 43
5 6
10 46
7 31
7 41
8 60
7 91
1 32
2 8
1 7
3 11
4 63
9 14
10 82
1 11
1 83
6 53
2 51
1 54
10 98
8 9
7 67
5 82
9 2
9 61
1 19
1 47
2 70
8 95
1 23
1 4
3 38
1 88
10 48
4 58
3 69
4 86
7 38
7 61
1 30
10 77
8 29
9 29
2 57
7 22
5 44
5 18
1 16
9 67
1 89
6 83
3 41
9 33
1 76
2 30
3 43
10 86
8 47
9 87
7 96
8 44
8 20
6 93
3 83
3 47
1 31
1 2
9 4
1 1
4 5
1 51
7 28
4 78
3 23
2 59
9 49
8 96
1 19
10 27
1 76
2 31
9 41
8 54
10 90
2 58
7 29
1 45
5 73
3 56
4 9
10 22
3 47
5 42
5 96
5 59
6 15
7 83
7 42
2 35
3 85
3 71
7 48
7 75
6 12
10 32
1 10
4 39
7 85
2 21
9 90
2 97
4 94
4 79
5 37
10 94
7 36
9 100
4 65
4 76
8 95
8 97
9 58
3 35
3 10
6 29
9 33
9 76
10 47
1 71
7 31
2 85
5 71
10 80
1 73
2 96
7 9
8 55
3 21
8 8
6 55
6 51
7 81
4 33
8 64
7 12
5 88
3 8
4 98
2 62
3 95
9 48
5 72
5 18
6 80
2 64
5 27
9 51
2 73
8 28
9 29
10 98
8 92
6 60
9 8
10 66
3 47
7 0
6 38
8 78
7 99
2 56
9 36
1 21
4 73
1 87
2 2
9 88
6 84
10 29
8 0
3 24
7 56
10 21
10 37
4 10
3 86
5 19
3 36
8 87
4 78
9 82
4 37
2 75
4 24
4 32
2 29
9 93
9 97
8 57
8 58
2 18
10 57
1 90
1 82
7 99
4 92
8 96
3 68
10 40
6 93
1 7
2 31
5 55
3 57
4 47
2 52
5 44
7 75
10 1
4 95
5 90
6 37
5 23
1 76
4 39
10 19
8 19
10 30
8 8
10 76
1 84
5 14
3 4
4 77
10 31
8 34
6 98
2 70
3 100
3 71
6 29
2 20
3 42
1 21
3 98
4 40
7 100
4 17
1 76
1 27
8 51
2 15
6 88
6 61
6 88
1 17
4 77
8 88
1 65
3 10
6 37
8 100
9 87
3 51
4 68
8 55
1 27
4 19
7 84
3 80
10 93
1 42
4 20
9 16
10 3
4 57
7 26
4 71
5 85
5 40
5 42
8 81
3 8
10 91
2 74
7 69
1 32
8 97
3 42
8 61
3 67
3 75
2 27
4 34
2 4
5 85
7 66
7 96
8 12
4 21
3 41
4 90
4 41
8 72
1 60
1 94
6 37
8 6
6 43
9 95
4 100
4 70
6 93
1 65
7 19
1 24
2 14
3 95
1 89
7 80
10 74
6 58
9 76
9 74
7 12
8 91
3 22
6 8
6 81
6 19
3 28
8 82
10 99
6 47
4 100
2 19
2 16
3 78
9 65
7 59
3 22
8 10
2 13
6 48
2 60
9 56
9 49
6 3
5 38
9 47
7 23
8 15
8 100
5 73
2 94
8 14
6 88
1 85
7 71
4 56
2 74
7 69
2 0
6 77
1 66
9 22
7 21
10 100
1 52
1 72
7 89
3 52
10 92
2 45
2 3
4 62
1 1
1 100
9 83
2 97
8 26
9 24
3 46
7 9
1 22
10 23
7 85
8 71
7 9
7 22
8 55
6 55
1 68
2 44
1 11
6 14
2 56
8 14
6 62
7 60
4 57
5 50
4 16
5 3
1 48
2 0
2 22
9 70
3 1
1 7
3 12
8 99
1 68
8 19
4 55
3 12
10 9
7 52
9 66
8 91
1 97
1 1
2 1
3 40
4 97
6 98
4 2
8 70
5 24
8 64
2 31
1 42
3 62
3 85
1 87
6 20
6 27
9 68
2 9
3 63
8 54
1 33
9 46
5 56
8 24
7 49
9 88
2 21
3 89
2 17
9 73
4 9
7 61
1 83
4 9
10 12
8 93
1 100
1 31
5 58
4 52
3 80
5 81
4 96
4 48
10 25
10 58
6 58
4 14
1 27
4 1
5 20
1 90
1 25
2 71
5 30
9 27
2 5
2 53
2 47
10 9
3 7
4 78
5 57
1 58
9 24
10 24
10 8
7 30
1 86
6 55
10 23
5 60
6 14
3 21
10 99
3 10
7 88
6 10
2 80
6 80
1 61
9 38
4 98
1 91
2 10
4 91
3 17
1 80
4 38
7 70
3 17
8 29
7 80
4 30
1 95
10 93
7 93
6 100
3 86
9 87
7 51
5 7
8 55
1 89
1 53
8 29
3 24
9 88
9 92
5 87
7 38
9 55
1 95
5 82
2 10
1 56
1 58
1 52
1 55
9 8
8 61
3 28
8 19
3 79
9 37
6 40
1 23
2 2
8 52
7 97
7 15
10 97
7 13
9 26
5 54
5 99
1 23
7 1
4 3
2 83
1 51
1 88
5 34
1 86
4 42
1 49
2 20
3 77
4 35
6 26
6 99
7 2
4 48
4 51
10 69
1 15
3 65
5 35
3 39
10 37
6 70
9 64
10 10
2 16
4 72
7 88
6 44
5 26
7 29
9 91
3 46
2 67
1 62
3 57
7 59
2 86
7 83
6 58
1 1
4 100
7 68
7 66
7 57
6 63
9 69
6 65
8 81
9 34
3 96
3 11
1 36
6 24
5 55
4 56
7 83
8 41
6 55
10 44
5 64
5 16
1 89
5 87
2 94
9 19
1 73
2 2
4 50
8 6
9 26
6 87
2 58
1 3
9 87
10 4
5 41
4 6
8 33
4 62
6 38
8 62
5 30
5 73
2 65
7 53
8 75
2 24
9 35
4 27
2 48
8 19
9 86
3 78
9 49
10 43
10 45
7 52
9 26
5 10
9 44
4 10
9 63
2 89
4 27
4 57
1 76
8 43
5 77
2 9
5 4
7 9
9 10
10 98
2 95
4 75
4 18
9 13
6 3
9 7
2 90
1 70
1 90
7 94
2 30
4 16
7 89
4 22
7 86
3 94
8 41
4 68
1 20
6 57
4 59
1 71
3 10
3 29
8 60
8 94
10 2
5 96
9 33
1 1
6 51
9 37
3 1
8 92
1 93
1 42
4 86
4 49
7 11
7 60
5 76
5 80
10 80
2 64
3 14
8 27
2 8
9 12
3 39
7 74
4 29
3 42
1 97
1 96
9 72
4 52
3 16
2 86
7 19
2 74
6 73
6 63
6 36
9 77
4 91
7 88
1 2
9 15
8 92
3 99
3 16
5 88
1 48
10 1
3 90
2 37
5 40
5 13
1 42
7 0
8 18
5 38
1 62
4 70
2 96
8 42
6 73
5 49
9 49
4 86
6 49
6 29
8 68
6 25
8 77
5 14
4 89
2 67
10 50
5 18
10 39
6 66
7 85
4 10
8 92
2 23
6 19
1 37
7 27
5 79
10 69
9 55
5 15
7 0
10 40
8 99
10 97
5 71
10 69
7 86
6 52
4 64
3 27
8 62
3 96
10 19
8 50
1 84
9 5
6 46
5 60
5 8
9 74
8 25
7 71
4 60
4 42
4 56
9 46
3 7
4 46
7 37
3 6
10 13
3 87
7 97
7 28
1 65
8 56
1 98
9 35
9 64
2 30
2 20
2 16
3 38
6 50
5 2
4 78
9 3
1 52
1 69
9 75
8 27
3 45
4 28
3 76
3 57
3 56
7 61
10 48
7 16
2 63
9 1
4 26
3 60
1 13
3 21
5 43
6 80
1 31
3 61
6 43
3 56
10 81
3 2
7 69
1 85
7 48
6 66
4 25
2 42
10 35
8 77
3 48
6 10
5 59
10 46
6 56
10 44
1 60
1 20
9 60
4 25
10 92
8 47
9 18
5 72
4 28
6 94
7 64
3 34
2 26
7 76
9 43
2 71
7 62
9 48
5 81
8 23
9 72
7 15
2 9
2 84
7 77
9 68
2 82
8 97
4 46
8 70
9 73
5 99
9 14
1 25
7 66
5 63
8 76
3 71
10 32
8 4
7 45
4 53
2 35
7 78
2 67
9 8
9 91
3 1
9 18
8 92
6 97
8 93
10 55
8 13
10 56
3 48
9 57
3 62
5 77
2 5
3 11
2 26
8 37
1 60
4 82
2 49
3 14
9 89
4 51
5 60
1 88
9 56
2 14
10 43
7 55
8 29
10 40
1 1
8 1
10 75
2 5
1 8
8 16
5 85
7 14
8 55
4 60
1 53
6 39
5 48
1 98
2 85
1 45
8 34
1 39
2 54
8 22
10 81
6 40
9 9
10 76
7 79
2 4
4 40
7 87
9 21
10 92
9 68
5 38
5 23
10 50
1 33
5 22
1 80
1 53
3 33
2 78
5 86
3 46
10 38
10 41
2 94
2 22
10 36
1 56
5 11
4 80
5 21
5 1
2 95
9 20
3 89
5 24
7 60
9 87
2 46
2 1
4 37
1 42
1 66
7 20
7 59
10 81
4 40
3 71
10 79
10 9
3 90
1 41
7 60
4 54
2 46
2 16
5 47
1 54
6 41
10 28
2 68
6 2
5 12
10 40
9 1
8 18
2 51
1 45
8 10
4 56
5 94
2 58
3 1
3 65
9 100
2 38
3 23
1 36
6 89
5 98
2 70
10 85
4 66
2 74
8 45
5 66
4 53
7 72
10 12
1 12
4 58
4 56
8 24
8 84
8 38
9 54
3 58
5 98
7 90
4 39
9 78
7 28
7 81
3 70
10 6
5 47
1 59
5 26
8 17
2 89
1 6
8 40
7 33
10 74
9 27
8 87
3 62
9 51
4 84
8 46
10 91
6 1
6 31
8 44
10 22
8 20
1 38
10 35
7 61
6 91
4 99
10 4
2 6
7 31
1 66
9 69
8 12
5 79
5 86
4 80
5 57
5 98
6 66
10 53
2 57
5 88
3 9
10 16
5 26
8 94
10 35
10 45
9 96
7 100
4 51
10 33
9 66
5 32
5 84
3 75
9 22
2 43
8 61
3 38
9 70
9 74
3 4
1 56
10 77
8 29
9 14
2 74
10 6
6 73
2 91
1 70
9 1
6 10
10 67
8 4
6 63
5 36
1 25
5 10
3 2
3 64
10 36
9 21
9 98
10 9
5 46
3 6
3 82
2 75
6 7
4 68
10 22
9 20
8 38
2 96
9 7
6 64
1 46
7 83
6 18
9 27
4 86
10 52
8 23
7 8
4 80
3 14
1 19
1 37
5 10
5 52
6 1
5 76
4 88
8 11
4 27
3 4
1 10
2 44
2 21
1 20
4 67
7 32
9 68
1 91
10 58
6 77
3 22
10 91
1 75
5 89
7 6
2 8
9 64
3 13
6 28
6 4
9 23
7 33
3 29
9 74
6 33
9 59
1 32
3 55
2 54
9 27
8 78
4 47
10 50
8 16
3 38
1 41
10 84
3 91
8 17
4 10
6 88
9 25
8 79
8 4
6 71
7 79
10 46
8 24
9 13
4 9
6 85
7 9
5 29
10 70
2 72
4 55
9 37
4 66
2 18
3 24
6 75
6 49
2 25
4 67
10 52
7 45
5 54
9 48
6 3
6 22
8 51
5 6
7 28
6 40
2 91
3 64
6 46
2 56
3 59
1 32
8 80
8 47
1 76
1 35
1 54
6 79
5 52
5 29
10 67
3 47
3 42
1 3
9 59
10 95
3 17
4 75
6 19
1 47
4 87
2 57
4 20
10 77
1 57
8 18
3 67
1 13
6 94
6 43
7 68
5 40
1 18
3 90
7 76
1 65
5 46
1 9
4 88
9 44
7 20
10 24
6 95
2 59
6 15
9 50
4 53
6 51
1 42
10 64
7 93
5 21
8 27
4 70
1 27
9 53
3 20
4 37
3 77
5 85
4 23
5 15
7 43
10 5
7 8
9 61
6 42
1 7
2 19
5 60
4 77
8 72
3 72
7 70
5 89
1 21
10 74
2 2
3 63
4 6
3 67
3 26
2 28
3 49
5 27
5 4
6 64
10 80
4 76
9 91
5 23
1 56
5 22
1 17
9 58
7 93
3 12
4 30
3 100
4 87
3 6
2 49
3 5
8 53
4 54
1 7
1 14
9 54
6 33
2 82
1 30
6 23
5 31
10 87
2 40
10 40
8 47
10 67
4 4
2 65
7 76
1 23
1 1
9 81
6 99
3 5
9 13
1 26
9 52
7 27
8 24
4 37
6 42
8 28
4 65
8 53
8 27
1 72
6 89
10 97
4 97
3 68
7 45
8 7
10 9
2 69
7 73
5 61
9 100
10 66
4 23
8 51
10 99
9 22
5 66
1 11
2 90
3 53
2 71
6 70
5 26
6 31
2 95
4 90
7 60
3 90
6 37
8 4
6 71
10 10
6 2
5 3
10 86
5 92
1 45
10 91
7 92
4 7
9 77
8 2
5 15
2 7
4 78
2 59
2 21
7 51
8 93
2 16
4 79
8 42
9 2
1 35
9 88
10 49
6 61
7 70
5 42
5 74
1 59
3 10
4 100
5 72
3 92
9 41
5 20
3 85
2 51
10 72
3 67
10 76
7 17
4 63
4 60
3 96
2 3
6 44
8 42
5 12
8 39
9 39
5 37
9 9
1 64
2 67
5 29
7 80
4 13
5 65
2 33
5 89
7 44
1 86
10 6
2 100
7 59
9 26
6 4
3 90
8 55
9 50
3 1
8 58
4 12
5 75
2 34
1 55
9 71
7 54
10 10
10 14
9 52
2 16
6 85
9 18
1 11
1 97
1 96
6 2
8 90
4 4
3 36
8 61
10 80
9 50
8 77
2 94
8 65
2 31
9 9
10 9
4 37
2 3
2 89
2 35
7 25
10 71
8 25
5 78
8 67
3 54
9 59
5 60
3 48
3 35
2 76
7 17
6 61
9 3
2 81
1 45
5 6
9 52
7 2
10 94
8 76
6 86
3 99
6 71
1 38
10 45
10 66
3 50
4 99
2 72
9 29
9 51
2 87
7 26
9 87
2 6
5 21
8 88
7 13
10 55
4 51
10 2
2 10
7 38
2 23
6 65
10 18
3 51
7 29
2 97
7 18
10 66
10 72
3 4
3 55
5 95
4 75
8 2
9 61
2 78
9 15
2 48
3 21
4 31
10 46
2 45
3 78
10 96
7 68
10 83
6 63
4 28
7 91
3 57
10 50
9 34
2 38
2 95
6 97
1 96
1 57
10 79
7 81
1 55
10 52
2 64
4 1
9 63
3 19
9 85
6 77
1 99
5 2
1 26
10 23
10 11
3 56
3 42
2 64
3 98
1 34
8 62
4 51
3 19
4 28
6 33
2 91
8 21
7 53
1 98
10 93
8 59
4 34
8 30
10 70
5 15
4 79
6 23
2 39
5 77
4 20
2 18
2 2
4 86
10 85
6 69
4 34
6 65
5 44
5 19
9 57
3 75
3 24
9 75
1 3
9 88
5 21
1 2
9 91
9 3
8 37
1 9
5 27
3 71
2 53
6 63
5 0
9 54
3 44
8 9
1 40
1 96
5 96
10 44
6 34
10 86
7 41
3 19
2 93
7 50
3 58
3 65
6 35
7 33
1 77
10 79
2 81
9 91
1 62
2 98
3 7
8 85
10 10
6 40
4 2
3 42
2 22
8 2
7 24
4 66
9 4
8 29
4 89
3 42
6 88
5 26
3 26
5 37
5 10
10 60
8 51
8 52
10 84
7 33
4 80
8 82
2 65
4 1
4 59
6 42
2 30
4 28
1 82
4 22
8 54
9 32
4 60
7 89
4 13
3 43
4 9
9 20
10 66
10 35
6 43
8 33
6 0
10 72
4 45
8 37
8 55
4 98
2 100
8 32
1 49
10 51
3 82
10 48
2 97
1 31
9 78
4 61
10 12
7 37
2 56
7 3
10 54
7 3
8 8
4 47
2 88
7 71
2 34
7 94
1 56
9 65
9 27
2 10
8 52
9 54
2 81
1 84
1 18
1 53
3 34
10 3
4 86
2 29
6 66
7 53
10 58
6 6
1 81
6 21
4 60
5 62
9 50
9 46
8 44
4 84
2 32
1 15
10 1
2 82
2 63
3 1
4 16
10 63
4 30
5 31
6 78
5 79
4 28
10 16
8 16
6 43
5 83
1 67
2 0
1 30
9 7
9 11
8 67
2 12
1 38
4 64
7 21
5 16
5 31
5 87
10 8
4 76
8 86
10 53
5 94
3 24
9 7
9 59
5 63
5 39
3 5
7 80
9 35
4 67
10 76
8 17
7 31
2 46
4 26
4 98
9 66
8 90
1 72
8 50
3 58
9 11
6 74
7 94
10 48
5 73
8 20
9 13
8 76
8 68
3 94
10 19
4 60
10 8
5 21
1 13
3 51
10 15
1 30
5 42
6 27
10 95
6 82
10 31
4 60
10 42
1 30
1 95
9 64
2 77
1 14
6 100
10 95
4 60
7 55
10 20
3 66
2 44
10 55
5 75
10 62
1 74
6 91
5 25
2 77
8 100
3 77
7 21
8 52
6 33
4 57
2 38
3 93
6 34
10 76
6 52
3 17
3 51
4 70
2 26
6 86
1 83
2 62
2 28
10 100
4 66
10 59
6 63
1 36
9 96
5 9
10 55
5 6
3 62
1 75
5 38
9 56
3 32
7 91
10 3
6 56
6 79
10 71
6 60
4 92
10 86
6 14
3 72
2 84
1 90
3 36
6 15
9 58
2 29
2 34
3 99
1 77
1 73
2 20
2 35
1 39
5 19
9 91
10 8
4 66
9 27
3 95
1 69
10 78
8 11
3 28
7 79
5 93
9 72
6 75
9 36
5 86
9 83
6 82
4 43
4 62
3 36
5 12
5 93
7 58
1 43
6 23
5 13
1 63
1 17
7 95
10 85
5 30
10 77
10 60
1 53
6 36
1 43
4 31
6 12
2 13
5 47
10 19
8 5
5 7
4 88
8 69
6 78
5 72
5 67
6 52
6 67
6 86
1 15
9 77
9 32
10 67
6 35
8 63
10 16
3 51
2 51
7 98
4 21
3 56
7 71
7 79
7 5
10 31
10 52
6 76
2 1
5 18
3 0
4 85
10 40
5 44
4 8
1 70
6 38
4 50
7 1
2 39
4 86
1 3
9 89
1 8
6 22
2 43
1 65
5 15
5 50
8 30
4 6
3 75
10 49
10 63
3 6
7 2
5 3
8 71
7 16
4 49
1 94
8 11
7 16
2 84
9 83
5 9
2 79
10 97
10 13
4 62
6 86
6 91
5 40
10 17
1 28
5 49
2 1
1 84
4 65
7 24
7 16
7 25
8 50
2 77
10 8
5 95
2 45
7 13
8 95
4 66
5 57
9 58
5 28
10 4
1 77
3 19
10 64
8 20
8 76
1 50
3 31
1 0
5 70
10 13
10 48
5 39
6 14
4 35
1 57
10 61
3 52
4 95
2 51
4 7
8 90
10 47
5 83
7 69
3 91
10 60
6 12
4 14
2 37
3 90
6 71
1 36
9 14
3 14
6 51
8 71
6 96
1 37
5 2
2 30
3 23
6 78
7 81
2 7
2 5
9 29
6 28
7 14
5 19
3 39
5 20
7 47
9 91
8 90
6 15
8 52
1 7
3 72
2 77
3 89
3 62
10 63
2 42
5 55
5 67
6 69
3 63
8 67
1 6
3 40
1 25
3 25
6 45
6 28
7 14
3 40
1 1
3 78
2 35
8 32
7 65
5 28
1 14
2 40
1 8
6 78
1 25
1 43
8 87
1 83
9 7
1 11
10 33
9 83
5 9
2 21
6 72
6 19
9 4
9 72
6 86
1 68
7 88
2 11
5 10
3 24
1 45
6 37
1 26
4 10
2 37
1 37
8 1
6 48
8 96
2 4
8 56
7 1
5 96
1 79
5 71
10 51
1 23
6 19
10 98
10 76
1 5
4 76
6 30
9 61
1 66
6 9
2 56
3 72
4 63
8 45
4 81
10 72
6 64
7 73
9 82
5 62
3 78
7 67
6 79
8 64
9 57
10 68
2 63
4 77
4 99
8 18
10 16
8 99
5 95
3 50
9 42
7 87
7 49
4 23
7 11
8 36
10 1
9 51
8 58
7 16
7 27
6 28
9 36
6 80
4 81
4 2
9 91
8 99
6 10
1 88
8 69
6 72
1 99
3 25
5 7
9 23
5 63
2 83
1 59
3 68
7 52
9 24
6 62
5 90
3 17
2 92
1 79
7 24
4 27
4 82
10 72
5 57
5 56
8 77
2 45
6 74
3 16
1 29
3 34
10 16
10 61
9 15
9 16
8 15
7 36
10 37
10 24
1 42
3 53
5 17
3 66
5 30
9 10
9 15
4 56
10 43
10 5
9 93
1 91
6 59
7 70
6 100
3 99
6 0
4 88
7 35
1 65
9 88
1 25
1 21
7 21
7 58
2 77
6 76
4 89
1 58
7 75
9 6
3 83
9 20
6 39
5 74
7 27
8 30
3 12
7 44
4 44
1 0
10 73
9 34
6 69
7 64
3 41
8 24
8 27
3 81
1 70
3 27
2 37
1 73
5 55
8 64
8 7
7 27
5 12
10 72
2 24
3 38
7 41
5 86
3 36
1 14
9 60
2 73
10 81
1 46
2 68
1 77
4 0
1 19
8 65
5 43
5 89
6 83
7 97
5 26
3 35
4 78
4 58
2 100
10 50
2 2
3 72
4 49
4 79
10 80
6 23
3 74
6 86
8 19
6 54
1 25
3 41
5 67
5 14
8 59
4 100
2 22
8 56
3 60
10 73
1 47
9 70
2 0
1 28
2 94
10 99
4 10
8 68
9 41
7 40
4 49
5 53
10 4
3 20
2 94
9 17
6 29
10 32
3 94
6 15
5 92
5 54
8 70
2 92
7 63
5 17
4 69
9 93
9 24
10 100
2 81
1 85
4 1
2 87
8 83
10 85
9 41
1 28
3 70
3 54
7 29
10 36
5 28
4 80
1 59
8 7
10 89
1 78
9 14
8 40
3 27
3 7
10 98
5 0
1 6
7 60
10 87
2 13
7 17
9 56
5 61
10 81
3 88
3 77
5 78
4 62
10 25
3 16
1 56
9 55
1 73
5 59
2 52
10 17
3 92
1 19
6 44
4 28
9 43
9 3
5 94
10 41
10 58
8 68
5 76
1 90
4 94
10 83
6 69
3 72
4 14
7 40
4 99
10 68
6 78
9 49
5 68
4 40
8 20
8 36
3 18
6 88
4 36
5 30
6 53
8 68
9 67
8 24
8 27
5 82
1 52
2 12
7 67
2 94
2 100
5 71
3 53
6 68
9 30
9 17
2 92
8 50
8 95
8 95
6 24
2 12
8 0
5 2
1 32
8 32
8 51
3 23
3 49
8 73
4 94
10 11
8 82
5 53
2 88
9 63
4 30
10 17
4 64
5 68
8 38
1 53
10 27
7 48
9 51
8 24
10 95
9 52
8 35
7 88
1 79
2 98
1 2
2 77
2 91
1 28
9 12
1 38
9 79
1 23
10 51
7 81
8 20
4 64
2 11
4 18
2 33
6 11
7 58
5 96
5 52
6 17
6 67
10 27
8 96
1 26
9 67
10 65
7 95
8 33
10 95
10 81
5 72
3 72
7 11
9 76
9 87
1 70
2 86
4 63
7 75
8 97
4 9
1 77
10 91
2 31
1 10
6 52
1 94
5 50
9 38
9 0
7 83
7 66
1 28
3 28
9 69
8 55
5 62
1 33
8 24
5 99
5 17
6 87
9 85
9 72
6 52
10 14
6 39
1 71
3 18
9 88
7 53
6 67
10 1
9 7
6 58
8 99
1 93
1 19
9 68
9 80
2 33
8 82
6 92
9 17
7 50
10 94
8 16
3 9
9 58
3 95
3 88
2 44
4 18
9 63
5 24
7 61
8 58
8 64
5 51
1 15
10 32
6 9
1 1
4 96
2 98
7 63
1 13
6 52
6 86
5 42
7 79
10 20
8 59
5 20
9 18
4 45
3 89
9 20
5 93
7 99
1 10
10 12
10 31
4 34
5 9
3 24
8 76
9 70
5 83
10 95
1 63
3 70
7 18
3 72
9 89
2 61
2 2
7 100
10 11
6 93
4 55
5 88
8 12
9 95
5 75
9 62
3 39
10 93
1 47
6 97
8 0
3 56
9 90
6 45
1 65
4 93
7 85
4 43
6 52
9 19
5 58
3 72
7 72
1 3
8 21
2 35
4 54
5 62
1 50
2 48
6 33
1 39
2 63
5 47
8 60
5 42
3 23
2 87
3 15
9 60
4 95
8 100
10 66
5 16
10 36
1 31
1 29
5 6
3 10
8 31
5 82
2 65
3 15
6 11
8 87
7 33
8 75
4 0
8 77
4 74
4 50
1 42
10 46
6 100
4 75
7 78
1 80
7 34
1 48
8 88
3 82
2 81
10 43
1 13
9 77
3 35
2 10
4 32
9 9
10 60
10 63
8 7
7 63
10 67
7 3
3 46
9 49
3 86
10 75
1 64
2 27
8 86
10 83
2 67
5 38
4 57
10 16
4 73
8 37
1 8
8 53
2 33
4 59
2 95
3 79
10 77
5 48
7 26
8 57
2 31
5 5
8 32
3 45
3 47
2 70
4 14
9 91
10 16
8 47
7 54
2 1
3 23
5 43
9 28
9 14
9 10
9 80
6 26
10 96
7 30
5 39
2 86
5 4
3 84
1 27
8 71
7 37
5 68
10 32
6 59
1 69
4 61
4 96
5 61
3 48
5 97
3 38
2 43
1 89
2 32
1 97
9 74
7 70
7 11
2 30
5 16
3 94
8 61
7 95
5 25
7 8
1 2
4 6
10 46
1 51
10 19
9 53
8 39
2 2
2 20
10 49
10 31
7 93
2 86
8 45
1 76
7 34
7 17
4 48
8 37
7 19
8 61
4 5
3 77
10 29
7 69
8 31
2 1
4 90
4 49
5 43
4 12
10 45
4 100
8 14
9 71
9 26
10 42
8 58
1 16
1 50
6 37
10 57
4 55
10 98
2 43
1 37
5 90
1 44
4 34
2 49
4 11
2 45
1 26
9 17
8 51
8 99
9 25
4 31
4 60
4 14
10 77
8 7
1 32
8 23
3 25
7 41
6 79
9 90
3 31
1 49
2 23
5 34
10 20
2 42
5 17
4 82
4 5
10 49
1 78
8 48
8 63
4 13
3 18
5 40
1 25
3 65
4 27
1 84
1 31
7 17
9 33
9 35
6 83
7 6
8 36
3 5
2 79
4 9
3 38
3 97
9 39
8 54
8 84
6 69
7 59
2 29
8 46
1 87
4 66
6 52
1 92
7 53
5 95
10 9
7 27
4 66
1 90
2 55
10 93
10 22
8 71
2 57
4 97
9 95
8 31
4 19
10 82
2 89
9 94
2 5
6 48
2 34
5 75
8 17
1 35
9 49
7 20
4 71
10 3
4 44
5 0
4 80
8 19
10 14
8 74
1 30
1 86
10 94
5 29
2 75
3 84
2 17
5 62
3 98
8 64
5 71
9 52
10 28
3 93
3 39
3 51
10 89
7 44
7 4
7 47
1 50
3 79
8 90
8 77
1 25
4 32
1 93
9 57
6 55
5 77
7 81
8 79
8 64
4 21
8 79
4 14
8 3
10 25
8 56
10 11
7 59
4 57
8 41
5 98
2 60
9 12
4 61
9 91
4 95
5 20
6 44
9 62
4 54
10 1
2 98
6 11
8 76
5 89
10 94
6 43
2 93
4 2
4 32
8 25
10 98
7 98
1 1
4 65
1 34
8 44
3 82
9 29
8 60
4 82
3 22
9 4
9 8
3 82
2 66
8 90
1 75
8 43
6 56
7 67
7 90
3 81
2 35
5 94
4 68
8 17
5 68
4 85
10 83
4 61
5 46
5 88
10 92
6 90
4 89
7 56
8 87
5 73
7 8
7 100
10 63
2 76
8 50
4 8
5 46
7 47
10 28
10 43
7 41
9 35
9 1
6 98
7 6
1 31
6 71
6 24
9 90
2 100
5 92
3 53
1 89
3 75
3 21
1 62
2 69
4 39
6 30
4 45
10 50
7 15
5 66
5 86
10 36
10 19
10 58
8 88
5 96
1 42
2 51
3 80
9 10
5 40
8 4
3 36
1 61
9 19
7 6
7 57
6 16
2 58
10 27
3 70
2 5
4 29
1 1
10 29
1 68
4 79
8 97
5 77
2 28
1 16
8 34
4 42
9 94
3 0
1 91
6 8
5 4
7 50
8 6
4 61
6 0
9 60
8 17
3 27
4 21
4 47
2 58
10 80
10 14
4 73
7 68
3 97
9 46
2 54
2 65
5 60
3 61
9 89
7 32
1 97
1 5
2 31
1 22
5 13
9 16
5 60
6 85
6 82
4 33
10 16
5 12
4 22
7 74
9 42
10 16
6 67
8 49
5 16
10 56
4 2
7 79
9 80
5 75
7 81
1 28
6 90
2 25
8 33
5 40
6 85
5 46
4 47
10 87
6 43
5 63
1 37
10 49
6 64
4 96
3 9
6 37
10 63
9 24
2 74
4 40
4 23
9 84
10 41
3 25
5 5
3 86
9 23
1 41
4 85
3 12
3 10
1 69
6 9
6 77
6 7
4 86
9 96
9 46
9 75
5 0
7 96
10 8
7 0
4 75
7 61
10 67
8 58
2 68
8 74
4 48
2 85
7 50
4 91
7 88
10 82
7 8
9 96
6 97
1 22
6 87
1 56
4 65
8 52
9 87
7 83
4 7
3 52
6 32
10 75
3 85
4 93
9 12
1 39
2 21
6 31
9 83
1 96
2 79
2 54
7 67
4 46
10 80
5 12
10 15
3 41
10 3
8 62
4 23
1 87
9 62
5 8
9 73
2 57
5 72
7 5
9 42
8 100
2 80
4 53
7 43
9 81
5 0
5 29
2 0
3 64
10 83
7 27
10 37
8 70
3 59
5 80
4 5
6 79
4 78
9 39
10 46
10 12
10 81
10 78
5 47
1 93
5 23
6 53
8 7
2 83
6 81
3 98
5 81
9 70
6 82
2 72
1 72
7 85
5 2
1 35
3 45
10 96
4 62
10 71
4 50
1 9
7 85
10 49
3 13
10 55
3 8
5 69
3 78
6 83
6 81
3 84
2 61
1 82
3 18
1 93
1 67
8 17
3 38
3 62
7 95
4 42
10 50
4 4
2 62
2 77
2 71
1 35
10 3
8 9
6 84
2 17
2 46
10 91
5 51
4 25
9 78
10 49
10 92
2 27
3 5
1 11
8 37
5 61
3 19
10 28
7 62
6 10
6 82
8 90
5 22
3 0
7 7
2 28
5 39
5 47
5 50
4 86
2 75
10 83
1 8
5 28
9 99
8 20
7 39
8 48
3 67
6 1
2 85
5 96
5 86
7 55
2 51
3 9
3 30
8 87
10 15
7 61
7 82
10 84
4 1
4 53
8 75
2 92
1 71
9 62
6 11
4 12
10 53
4 90
3 31
1 98
6 61
7 21
1 29
8 0
8 74
5 52
2 98
8 13
5 100
2 52
8 8
3 73
8 26
5 82
3 18
3 8
1 61
5 75
9 38
2 79
8 75
6 10
2 18
10 53
9 60
10 53
2 70
6 21
3 2
1 48
10 11
10 21
1 14
1 59
1 3
8 97
8 1
9 16
4 31
2 69
8 98
10 82
10 38
2 18
2 34
5 75
10 4
7 35
10 84
6 0
7 27
7 32
8 1
5 94
4 84
1 41
5 30
4 75
10 38
4 85
3 91
6 19
10 17
5 26
2 100
3 30
10 44
1 56
10 36
7 71
8 46
7 19
3 5
10 35
7 1
8 73
6 71
10 86
5 19
5 12
7 7
10 57
3 98
4 37
5 29
2 62
4 16
1 66
5 53
4 7
8 10
5 93
7 44
2 16
3 25
10 99
10 64
2 92
9 15
3 25
5 81
10 97
9 56
6 95
8 89
7 92
3 41
9 37
2 5
9 68
1 19
8 55
3 61
8 39
3 41
3 41
3 17
5 69
2 68
3 9
3 47
1 89
2 100
3 6
10 7
6 52
6 81
10 43
8 2
1 70
3 45
8 67
7 49
9 0
4 33
3 47
6 1
3 35
4 82
9 29
6 64
10 10
10 52
10 70
7 20
7 70
1 3
9 14
8 45
10 36
1 44
9 18
4 18
9 97
1 62
8 61
1 48
2 60
9 41
3 92
7 90
6 37
9 42
6 14
4 80
1 67
2 15
4 16
4 47
1 56
8 56
3 90
3 73
9 10
8 94
4 17
6 29
9 96
8 57
6 20
2 37
4 49
6 39
1 96
9 99
5 42
7 48
4 32
9 62
1 73
8 62
4 81
1 51
10 84
7 61
9 26
6 89
9 46
1 48
1 4
1 43
6 96
8 50
6 70
4 14
4 31
7 65
2 94
4 35
4 11
9 6
8 38
1 73
9 67
8 93
5 31
8 25
3 20
8 73
3 44
9 100
4 58
1 59
8 24
6 20
10 15
1 42
6 83
5 71
6 16
7 68
10 4
1 63
2 39
8 25
10 56
9 13
9 97
10 94
4 45
9 28
1 58
2 72
9 96
3 90
7 68
2 86
4 29
4 90
3 13
3 16
9 77
3 22
9 17
7 0
7 84
3 21
9 26
9 1
7 60
10 19
8 76
8 83
1 21
4 10
7 19
1 47
6 86
6 2
1 75
3 47
8 64
4 29
4 92
2 51
9 67
7 17
9 72
10 73
4 7
6 74
1 85
4 12
10 36
7 15
5 21
8 37
5 62
1 79
8 18
3 71
5 16
7 12
10 43
5 78
9 88
1 68
7 18
9 14
5 25
7 55
5 6
6 89
4 81
5 67
10 68
6 41
3 16
6 43
3 31
8 50
6 24
5 25
1 88
4 9
7 89
10 99
6 38
5 69
3 47
5 65
3 40
8 49
1 63
9 31
8 15
8 21
1 11
2 46
6 43
9 23
5 68
5 30
10 4
9 45
2 55
4 37
7 55
3 64
5 7
1 8
6 30
3 92
3 19
2 31
9 54
6 12
7 31
6 59
6 63
5 43
2 47
4 70
7 58
8 65
6 86
9 65
5 70
1 100
4 16
6 26
3 15
5 9
6 14
4 63
10 8
4 52
3 93
8 86
4 91
8 13
2 69
8 39
9 41
6 34
5 86
4 89
6 28
2 31
8 67
9 20
8 55
7 76
5 87
6 80
3 79
7 82
7 24
8 1
3 88
7 53
8 69
5 41
10 0
3 30
1 19
3 78
1 24
6 62
7 66
2 19
5 42
4 61
8 65
3 5
1 87
5 69
3 29
5 94
7 39
5 6
4 80
1 40
4 59
7 63
7 74
7 45
6 23
5 15
3 12
9 88
2 97
8 49
2 38
7 80
7 75
10 39
3 98
5 61
10 35
4 13
3 91
5 49
9 41
4 14
2 50
3 61
4 14
6 74
1 69
1 85
8 53
3 49
7 49
7 32
7 11
9 19
4 88
2 35
1 60
8 33
3 3
8 97
2 93
1 51
7 52
3 61
8 44
8 64
9 87
8 62
7 83
9 25
3 92
2 69
9 94
2 64
10 40
8 3
4 44
4 51
1 15
4 61
3 41
5 48
1 9
3 36
2 51
5 53
1 20
4 42
2 9
1 3
7 34
9 23
5 27
9 27
6 54
3 50
6 16
9 19
10 82
8 9
8 85
4 80
10 77
4 44
8 72
2 85
4 72
4 38
8 25
7 58
1 29
3 87
6 88
4 93
8 38
1 51
7 7
5 13
1 24
8 12
1 10
6 8
7 31
10 63
1 12
3 60
1 40
8 0
1 64
1 3
6 93
8 69
7 80
3 71
1 64
5 60
5 83
1 76
3 4
1 93
8 40
10 64
7 27
6 36
10 87
9 95
10 72
7 1
7 40
4 37
4 20
1 61
2 38
1 57
7 9
10 47
1 30
6 46
4 39
4 2
2 77
3 32
2 12
7 26
9 11
2 14
9 72
3 36
2 27
8 9
5 39
10 35
9 60
6 47
5 10
3 32
9 9
8 16
5 87
2 84
5 59
5 75
9 9
3 48
9 94
4 95
6 8
2 2
8 99
2 75
6 87
10 18
5 59
2 40
5 73
5 66
7 63
9 29
3 5
4 68
10 11
2 7
6 20
10 30
8 74
6 22
6 3
10 96
6 63
6 70
7 4
2 15
5 66
5 41
9 56
6 6
2 23
6 66
3 61
7 92
4 19
4 26
5 57
10 100
4 48
2 49
4 31
5 22
1 53
9 58
10 100
5 15
3 67
10 10
8 78
8 50
7 25
6 55
1 71
1 58
6 25
2 12
5 67
5 63
5 99
4 22
10 59
6 95
2 43
6 64
7 78
10 23
7 57
4 46
8 7
10 63
8 66
6 93
3 39
9 40
10 68
8 30
6 44
5 81
6 39
5 62
4 21
6 67
7 55
9 78
3 93
3 94
10 36
1 2
3 31
9 73
7 13
5 74
4 21
3 92
5 40
7 62
7 30
7 31
6 1
4 92
8 41
9 72
10 63
10 73
3 13
4 74
2 33
8 22
1 33
7 57
5 91
6 12
7 70
9 89
7 42
6 9
8 96
1 78
10 59
1 65
4 100
3 34
9 71
3 14
10 49
4 11
10 14
5 14
8 57
9 64
10 22
3 58
6 11
4 37
8 99
9 73
7 64
5 37
6 60
5 80
2 36
6 28
4 48
3 19
4 0
8 15
2 7
4 85
5 100
1 27
3 25
3 34
6 8
5 53
8 53
7 40
4 18
1 13
9 97
9 47
6 43
8 65
6 83
1 44
5 99
7 11
4 97
2 98
8 18
3 76
6 81
1 73
8 50
7 95
2 44
4 18
9 23
8 98
4 61
10 33
1 77
1 81
2 47
1 44
8 49
5 84
4 21
3 83
2 15
7 39
4 95
8 6
5 31
5 56
6 33
5 21
6 41
10 61
6 21
8 2
9 14
3 16
6 21
7 75
4 4
10 69
2 88
8 8
6 75
8 14
4 28
8 56
10 63
5 28
3 7
2 58
1 96
9 11
3 75
3 47
5 22
2 46
3 17
10 66
8 49
1 93
10 0
5 38
4 72
5 37
2 93
7 95
2 66
9 84
9 33
5 48
10 60
5 29
4 60
9 14
2 89
6 66
10 98
4 19
6 38
6 27
3 76
2 10
8 91
3 47
5 46
2 52
5 4
4 76
2 88
9 48
5 0
1 76
1 4
6 95
4 5
9 64
6 53
7 75
7 0
7 61
9 96
1 3
5 66
5 55
8 50
3 14
3 7
3 94
6 53
6 48
4 33
9 28
4 71
5 39
2 27
9 71
7 52
4 39
8 67
2 55
9 83
10 27
10 36
1 80
2 28
7 37
1 10
7 80
8 72
1 20
6 3
2 28
7 90
4 74
1 39
10 2
3 46
3 57
4 26
7 50
8 89
3 50
7 70
2 6
5 9
10 17
1 70
4 78
5 9
1 75
3 87
9 7
3 17
7 22
5 6
7 54
3 0
6 42
3 22
6 82
8 39
2 86
8 7
9 35
2 53
4 16
7 75
8 74
7 95
4 17
4 79
10 69
1 72
10 90
5 99
7 62
8 87
1 13
3 65
5 6
1 2
1 7
9 25
4 69
8 0
4 48
9 97
2 24
1 94
6 73
4 3
2 18
2 49
7 80
8 47
9 65
5 66
1 10
4 31
9 56
3 85
5 48
7 36
6 53
8 1
10 8
2 15
8 41
9 58
4 73
6 72
4 80
2 68
1 4
6 1
2 82
7 98
2 52
9 35
6 65
9 14
7 5
6 28
6 23
10 2
8 94
7 27
7 66
9 17
10 35
2 16
2 43
3 39
1 94
3 51
5 18
1 63
8 36
5 73
9 76
4 84
9 10
2 29
1 60
6 37
6 30
4 23
1 78
1 77
6 83
8 65
2 68
6 91
3 72
5 19
8 16
4 58
5 63
4 17
3 95
8 94
1 13
5 68
7 86
10 22
9 25
7 66
3 14
4 36
9 83
1 78
9 75
6 31
6 99
4 0
2 56
8 50
6 1
4 66
3 65
1 33
7 59
10 31
5 86
7 93
9 30
7 79
8 8
5 52
2 97
9 52
8 43
3 77
5 40
7 60
5 6
10 74
7 30
9 36
10 39
5 50
1 76
3 80
5 22
9 40
5 79
8 3
7 77
5 14
7 72
3 31
3 66
8 99
5 56
10 51
2 81
3 97
10 17
1 47
3 42
5 66
3 97
10 78
6 95
9 52
3 45
5 95
1 97
2 27
8 77
10 61
2 72
6 4
2 81
6 29
4 99
4 54
1 36
1 98
3 34
2 25
4 39
7 96
2 57
10 14
9 99
10 32
5 2
3 97
10 68
5 13
3 55
3 87
2 0
3 14
7 84
9 75
7 14
10 94
8 9
1 60
8 78
3 82
10 55
1 65
6 96
10 67
1 14
6 97
4 60
3 60
5 44
3 74
3 13
6 95
5 61
10 3
1 59
7 61
4 47
9 53
5 36
1 5
4 5
5 75
2 96
7 40
5 9
6 88
1 21
10 92
6 76
6 85
8 63
10 48
10 53
4 36
9 22
9 82
7 77
8 7
6 0
5 20
1 92
1 100
8 89
8 24
9 25
3 45
2 9
2 51
5 19
4 65
2 89
2 88
10 96
2 41
7 14
2 32
7 11
3 87
10 73
4 42
2 12
10 1
10 96
10 73
8 29
10 16
1 16
3 18
10 77
7 89
7 76
8 73
4 47
4 37
4 1
9 40
1 48
8 53
3 9
3 61
3 16
9 79
4 16
5 60
9 29
8 21
2 49
5 21
9 61
10 91
3 76
9 81
6 89
6 96
10 31
2 98
6 36
3 42
2 26
10 70
1 21
4 65
4 6
10 79
4 66
5 86
10 93
5 54
2 83
8 88
3 47
9 88
1 21
6 43
2 6
3 8
2 2
9 73
3 80
3 23
4 8
7 64
7 22
3 34
4 29
2 36
2 55
4 95
5 76
2 95
8 17
10 3
4 83
5 48
2 96
4 36
10 100
7 32
9 66
1 46
4 36
2 47
10 83
7 98
1 33
5 96
8 68
2 11
10 4
7 87
2 42
1 100
1 62
5 20
8 89
4 95
2 11
5 53
1 93
4 0
5 8
10 51
10 59
8 26
9 77
5 68
4 63
3 46
3 41
6 36
5 63
9 74
9 14
10 36
2 60
5 57
10 53
6 95
8 100
4 60
10 70
10 13
7 2
6 3
2 85
7 98
4 48
9 33
5 82
10 14
7 23
4 97
3 13
6 38
4 19
9 72
6 61
8 89
9 33
1 68
1 26
1 63
8 15
1 79
5 93
4 29
5 55
6 97
6 89
7 35
9 6
5 35
10 59
4 62
4 72
10 100
1 45
8 98
3 54
1 96
9 49
3 79
5 42
7 69
8 32
10 57
2 37
8 90
4 2
1 60
1 1
5 69
2 51
10 23
4 20
2 25
5 1
9 6
2 16
2 89
5 79
2 30
10 66
7 68
9 41
4 15
9 10
1 53
9 47
7 68
5 81
9 22
3 19
2 20
7 59
8 15
10 42
10 65
7 71
10 54
9 8
3 80
2 99
7 85
10 95
7 78
6 95
6 33
6 82
2 51
5 68
7 52
4 47
2 52
9 13
2 71
7 47
8 15
9 57
5 98
3 45
5 81
5 3
9 91
7 12
4 61
4 36
4 51
4 17
5 15
5 77
3 68
2 84
8 16
3 36
8 63
10 19
3 9
7 20
3 92
3 9
6 38
10 6
8 18
8 56
9 74
2 83
5 4
1 59
1 80
9 62
9 5
4 90
7 30
7 84
3 87
8 100
5 93
3 67
2 85
8 40
5 54
7 27
1 9
1 13
2 22
4 96
8 99
10 29
6 10
6 81
4 1
3 100
9 42
3 77
4 22
9 21
3 80
9 12
3 71
8 80
10 10
7 92
10 84
9 48
3 85
6 73
8 95
5 85
1 82
4 82
2 100
2 72
2 52
1 11
5 31
8 36
1 88
10 12
6 19
10 60
5 76
7 15
10 67
4 59
7 73
7 23
4 25
6 23
9 70
6 13
5 30
3 97
8 73
7 0
10 54
3 34
10 74
6 88
3 6
5 51
2 49
9 35
3 86
8 49
2 26
10 14
9 22
9 28
2 5
2 84
6 81
1 7
9 34
6 49
8 43
4 55
3 99
6 20
4 35
10 10
5 77
1 89
8 12
1 3
7 35
10 28
5 4
10 99
8 81
2 79
9 79
4 16
3 98
3 18
6 88
8 57
9 1
3 85
7 66
3 3
2 46
1 68
5 61
10 19
2 17
7 34
7 54
5 9
5 34
1 45
1 8
2 44
2 74
6 61
1 49
5 36
9 29
6 33
2 67
3 76
5 26
1 89
10 48
5 94
6 75
4 21
9 55
10 37
2 49
3 85
4 38
6 53
9 78
4 59
3 80
4 57
6 61
1 98
1 52
3 32
8 43
8 1
10 45
4 16
3 94
9 41
5 79
9 58
8 66
8 22
2 21
10 36
2 53
6 12
1 1
6 27
9 81
10 10
2 58
1 44
8 23
6 87
8 13
5 20
8 3
5 100
3 16
6 14
3 44
2 51
8 57
3 31
6 93
2 48
1 25
1 66
3 45
7 60
7 12
4 90
1 24
2 57
4 13
5 83
9 46
8 0
9 86
10 94
1 69
4 20
5 8
5 67
9 46
7 33
3 16
7 60
10 50
9 33
10 72
9 69
5 21
1 73
6 79
10 90
1 24
10 53
4 49
3 2
8 61
7 52
7 21
9 65
3 9
6 98
6 97
5 1
4 52
5 45
10 56
1 41
1 40
4 14
7 59
5 10
7 76
10 22
2 39
4 40
10 58
2 98
6 21
2 63
5 75
3 63
4 95
5 13
7 81
3 4
5 96
4 80
7 67
6 22
2 25
2 14
6 92
8 30
10 36
4 89
6 100
9 48
8 12
3 37
4 84
10 22
1 3
9 28
9 20
1 48
10 55
9 48
4 50
10 29
8 6
3 99
4 47
1 87
10 46
9 52
2 62
6 12
10 58
10 21
1 62
10 13
6 16
10 44
1 96
4 52
6 99
3 71
8 90
5 68
7 45
1 63
6 33
2 4
8 16
8 43
5 77
4 0
5 38
7 92
1 67
10 34
9 83
3 17
1 91
9 31
9 55
6 5
4 45
4 64
5 80
8 64
7 68
9 60
2 66
8 91
3 86
9 93
2 71
3 53
10 22
9 51
2 80
3 16
3 64
6 9
5 95
4 65
4 45
5 57
7 14
1 9
6 47
4 57
7 61
4 79
9 30
9 7
6 18
6 49
10 62
4 82
4 6
10 79
1 25
5 32
7 2
5 58
4 61
3 24
1 18
6 18
6 56
1 41
3 45
6 1
7 59
5 54
6 21
7 0
3 92
10 22
8 54
8 42
7 24
6 88
7 91
2 57
7 0
1 65
6 89
5 4
10 81
9 51
9 74
2 71
4 96
6 32
5 31
3 47
6 16
6 65
10 98
3 69
4 66
2 87
10 92
1 97
2 13
9 98
4 98
3 42
9 51
4 37
1 2
1 24
4 71
6 50
10 19
9 51
3 70
10 41
4 20
9 39
10 34
3 5
9 70
2 12
8 52
3 87
3 15
6 44
9 68
2 57
2 11
8 77
10 45
4 86
10 90
9 79
4 16
6 47
5 61
2 41
2 35
6 81
2 88
8 92
2 21
6 32
2 27
9 7
1 67
1 78
7 23
9 84
2 31
8 58
4 7
1 47
1 46
2 8
7 94
10 64
9 37
1 73
8 63
3 19
9 49
3 71
7 80
3 92
6 39
10 59
4 2
8 39
5 100
5 6
6 8
1 59
8 21
2 98
2 7
10 91
6 27
10 17
8 14
5 84
9 19
10 15
8 54
1 35
6 31
7 96
10 23
10 70
2 61
9 93
4 47
4 75
8 55
10 52
8 70
4 65
2 39
6 85
10 16
4 18
2 62
9 23
10 64
1 36
6 96
2 1
3 94
1 91
3 94
9 65
9 26
4 36
5 59
1 17
5 14
2 72
7 98
10 14
1 95
8 26
2 16
7 67
9 72
2 62
6 73
5 27
4 27
7 92
2 23
8 81
9 46
4 11
2 20
5 17
4 74
9 99
6 100
6 73
2 16
6 1
5 48
4 4
8 25
10 97
3 34
6 81
7 96
7 62
8 6
9 76
7 100
5 57
1 59
3 14
2 2
3 39
7 93
10 86
2 47
1 60
5 82
1 5
2 6
2 66
10 93
1 30
9 5
3 31
2 88
2 63
2 25
3 14
9 26
9 97
3 50
4 6
3 94
10 97
6 33
3 81
2 24
10 77
4 97
2 97
9 89
3 82
2 27
7 81
2 28
10 1
5 4
9 94
4 88
9 40
6 58
5 29
10 22
1 85
4 18
5 69
4 23
7 41
4 75
2 20
2 87
2 9
1 3
9 77
9 43
2 7
2 65
6 13
9 12
5 50
5 79
2 11
2 50
3 96
10 74
4 22
8 62
6 97
10 39
7 8
7 34
5 57
9 25
2 56
3 17
9 89
4 64
3 73
1 24
2 83
6 38
5 13
1 87
5 29
9 60
1 55
5 57
10 83
7 43
1 57
7 63
6 33
3 42
2 74
5 24
5 91
3 40
3 92
3 3
1 25
9 17
1 28
9 67
4 23
7 65
7 33
10 72
10 71
1 73
1 9
10 92
6 15
1 29
4 84
1 11
10 32
6 69
4 87
6 69
3 76
4 95
7 40
3 3
8 59
4 79
5 67
3 40
5 17
1 51
1 11
9 26
6 1
1 1
4 95
4 63
4 42
10 38
9 58
3 97
8 90
7 34
7 25
4 28
5 28
6 82
7 69
1 91
3 86
4 65
1 95
2 88
4 61
8 26
2 61
8 2
2 59
3 12
4 21
10 12
5 37
8 8
3 64
8 92
10 85
7 96
2 70
10 47
5 26
1 13
3 11
1 10
4 60
1 94
1 41
3 56
4 67
10 21
1 2
4 36
6 36
9 8
1 90
8 89
9 58
6 19
1 4
1 5
6 97
10 95
2 30
9 80
8 55
9 3
6 52
6 44
8 51
8 43
4 58
1 77
5 38
9 44
8 90
8 92
6 75
8 67
10 92
5 19
6 94
6 22
3 61
9 96
7 60
10 36
7 14
9 31
4 81
9 54
10 75
3 82
1 64
3 74
7 6
7 54
5 80
8 49
1 93
5 95
10 39
1 79
6 27
2 49
5 39
2 16
5 42
1 0
4 91
6 66
5 82
3 84
8 31
1 27
6 52
4 38
3 29
8 15
10 70
6 66
2 91
7 64
3 74
5 79
10 99
4 84
3 62
1 34
4 42
1 20
1 37
1 68
10 78
4 5
3 6
1 7
3 59
9 12
9 4
8 96
1 71
5 80
1 29
3 63
10 5
1 81
6 48
9 62
1 27
8 10
6 76
6 96
7 65
6 13
9 85
1 96
9 72
5 25
4 43
9 30
8 31
7 27
9 6
10 75
7 65
5 83
2 12
1 14
4 67
4 44
1 96
1 68
9 65
4 11
1 0
9 8
4 69
8 82
5 54
5 21
7 83
4 54
1 98
5 45
8 72
6 5
4 6
2 24
8 78
8 91
9 73
7 92
6 16
1 96
10 2
8 94
9 97
1 15
6 39
9 72
6 37
8 40
6 38
1 45
1 97
2 75
6 70
5 29
1 88
1 99
7 34
5 4
1 2
1 18
2 75
9 22
3 66
1 21
4 3
3 31
9 42
9 24
6 60
3 78
9 72
5 62
2 81
10 28
9 79
6 38
10 62
8 83
1 74
3 56
6 7
2 51
5 45
9 0
1 40
1 42
5 13
1 80
5 20
7 86
6 15
10 96
2 16
9 10
5 88
2 13
9 86
10 92
2 59
4 92
5 62
8 19
4 23
9 15
3 20
6 23
2 16
6 89
4 34
6 27
9 7
3 49
5 87
10 56
4 40
4 78
5 77
2 83
1 74
9 16
3 44
8 12
7 4
3 58
2 65
2 71
10 100
2 12
7 60
5 12
7 18
9 20
2 99
5 3
7 41
10 64
1 69
4 14
9 30
3 23
9 69
2 17
6 72
9 51
8 95
10 82
7 64
9 63
10 72
1 80
7 19
5 34
7 29
9 34
7 21
4 21
1 81
5 5
2 41
7 65
8 28
5 32
6 31
10 95
7 82
10 93
8 11
9 35
5 85
7 90
6 1
5 94
2 96
2 96
10 96
3 90
4 65
10 31
6 58
9 38
7 82
1 9
8 30
6 11
6 73
5 5
2 46
7 58
5 20
9 94
1 22
7 50
8 81
3 22
1 32
1 60
3 73
6 19
6 6
1 23
6 4
2 79
5 16
4 47
6 66
2 98
8 40
6 78
9 33
10 14
10 33
4 92
2 71
2 79
8 1
10 100
3 30
3 42
7 61
5 96
2 91
1 6
10 67
5 19
2 20
6 86
9 57
1 84
3 36
1 46
1 43
7 85
10 8
2 5
5 41
7 87
7 95
7 68
6 80
5 34
4 7
4 33
2 53
2 27
7 89
1 27
7 85
3 21
7 54
7 100
9 70
6 91
1 1
4 67
1 96
4 31
10 48
7 43
5 91
5 30
2 62
2 68
3 7
10 100
10 40
5 38
1 58
8 55
2 20
6 51
3 98
10 54
7 15
2 40
3 44
9 37
3 15
1 71
6 9
3 85
7 48
6 13
5 70
2 3
1 54
6 25
4 43
7 83
9 62
10 100
6 3
3 72
7 7
8 63
4 49
4 82
8 7
5 59
8 84
3 88
7 29
10 88
8 9
9 85
5 72
10 75
6 93
1 56
7 30
8 4
10 66
9 22
1 64
10 46
3 1
8 71
7 48
7 77
8 81
10 72
4 58
6 87
4 57
7 17
3 16
7 34
9 42
2 77
3 47
7 3
7 33
5 28
4 10
10 44
8 65
1 58
6 15
10 67
8 15
5 52
1 41
3 22
9 94
9 2
9 62
10 6
9 4
8 28
8 6
3 93
10 11
7 9
6 77
2 49
6 23
9 52
10 95
5 21
2 56
2 23
8 69
9 82
7 100
6 66
7 82
4 26
9 87
6 57
7 80
2 32
5 6
6 19
4 47
1 27
8 88
4 55
10 3
8 70
4 25
3 92
9 40
3 48
8 27
3 66
10 8
1 35
1 56
3 13
10 85
2 90
2 65
8 33
2 21
1 81
8 21
5 58
8 69
1 63
8 86
4 67
10 40
2 7
4 12
1 45
5 44
9 59
7 4
1 8
6 33
6 70
4 60
1 34
1 88
7 36
10 87
5 66
4 94
1 19
10 93
9 21
10 26
6 47
6 45
4 14
8 59
5 3
10 63
8 85
10 65
4 60
8 75
3 30
2 33
8 46
4 11
2 10
8 5
2 16
8 46
8 72
2 85
2 96
4 41
5 69
4 7
4 46
8 0
5 64
7 4
9 94
2 94
4 80
10 31
7 15
5 56
1 46
9 36
3 54
2 8
4 53
10 73
10 23
5 1
8 94
5 51
9 40
6 21
6 100
3 29
3 19
8 50
8 88
1 53
5 26
9 78
10 71
1 86
8 64
2 69
6 81
2 10
5 19
2 93
7 86
9 67
9 17
5 9
3 14
9 74
2 44
1 81
10 89
6 14
4 75
1 8
7 76
7 51
6 74
5 42
7 80
5 55
3 98
3 35
3 91
4 10
2 20
8 5
7 54
4 62
6 32
8 88
4 77
9 55
3 50
2 65
9 80
6 20
1 28
2 47
2 49
4 47
5 27
2 15
2 67
2 35
7 37
2 85
6 31
8 0
6 9
9 59
4 87
6 75
8 57
4 58
7 53
2 72
7 34
1 43
2 43
3 96
5 4
7 44
3 99
4 80
10 48
6 56
2 8
4 52
6 93
2 44
2 10
10 44
8 27
3 3
4 2
1 7
10 61
7 83
4 62
1 46
6 92
5 36
5 33
5 87
7 54
7 26
4 49
5 43
4 52
8 85
8 51
3 69
9 44
5 79
9 30
6 53
4 61
7 87
4 13
1 45
4 10
3 42
5 79
8 93
2 64
10 9
9 85
7 72
8 69
3 37
10 15
9 3
1 41
10 14
3 80
5 46
1 25
4 85
6 42
4 63
2 100
6 48
10 69
8 19
6 67
10 74
4 96
8 50
8 53
2 36
10 48
10 57
8 29
9 5
7 79
4 45
3 12
10 30
2 80
4 77
8 37
8 44
7 87
4 16
9 95
9 11
4 86
6 60
2 89
2 0
6 100
9 30
10 72
6 8
10 88
10 36
10 94
8 5
3 61
8 25
4 13
10 72
1 27
7 37
9 27
7 93
8 31
8 54
1 85
5 58
7 67
1 6
3 96
7 29
1 67
2 64
4 57
2 49
9 91
6 17
10 56
9 71
10 78
6 94
3 40
6 44
3 74
5 67
9 17
3 62
4 91
10 88
4 82
6 68
4 32
2 9
3 62
6 34
9 21
6 0
5 13
2 70
10 83
8 60
6 79
2 42
3 26
2 1
4 1
9 15
5 21
2 78
7 9
6 24
8 82
2 58
4 34
5 7
1 35
2 25
2 40
10 2
6 88
2 54
3 92
6 68
8 82
1 83
3 89
5 28
2 15
9 94
3 57
6 64
3 0
7 78
7 58
9 30
4 9
8 48
2 5
2 22
6 47
10 20
6 48
6 98
1 66
8 64
1 91
6 82
10 97
5 27
1 75
8 50
5 96
8 66
3 56
5 70
10 72
10 23
5 8
4 6
2 88
4 39
10 14
3 65
9 81
1 36
7 100
6 51
1 79
4 76
8 5
9 66
2 35
7 56
8 14
6 65
2 85
9 55
10 11
3 29
2 44
2 69
8 87
3 50
4 81
3 59
7 33
4 75
4 2
4 56
8 92
7 51
9 83
10 3
8 0
3 34
8 46
10 78
9 99
3 8
2 94
7 8
9 47
2 80
1 83
2 9
7 82
4 56
10 23
10 18
4 78
3 6
3 8
6 65
7 34
6 97
4 35
7 48
8 43
8 3
3 1
4 63
9 50
10 80
6 26
9 65
10 80
5 17
4 59
6 18
4 42
7 71
3 35
4 53
6 15
5 94
6 50
4 1
6 29
10 75
10 49
6 22
5 96
1 61
2 82
3 64
1 20
10 12
2 32
10 38
3 29
9 47
4 89
1 69
5 36
6 1
9 51
1 66
1 19
1 97
3 35
3 54
5 93
6 58
8 63
5 58
2 64
3 98
7 13
3 33
3 73
4 64
3 73
7 16
3 16
4 70
10 11
9 59
8 25
7 65
5 98
2 90
3 53
6 2
5 39
9 7
6 84
1 73
9 35
10 45
5 9
8 18
7 72
2 25
4 42
7 9
1 39
2 99
3 82
1 22
9 68
1 31
8 58
1 97
2 59
4 45
5 14
6 50
6 85
2 83
3 30
10 57
6 27
8 52
5 94
6 26
9 14
7 61
10 44
6 82
7 38
6 24
6 0
7 31
1 69
9 47
4 43
8 59
9 85
8 58
3 96
4 11
6 81
6 39
7 93
3 62
2 55
3 68
10 94
7 21
4 35
5 68
7 52
5 53
4 60
4 40
2 75
6 84
4 84
9 54
3 37
10 38
1 67
9 22
1 83
9 57
8 61
6 86
3 67
9 66
3 63
2 56
10 65
1 72
1 79
9 57
8 93
7 98
7 43
9 65
9 2
3 80
4 53
4 68
6 85
5 54
1 58
7 87
3 77
9 11
10 57
7 53
4 71
4 22
1 17
1 69
5 5
6 71
1 92
10 97
4 78
1 23
9 94
4 45
4 11
5 43
2 99
10 33
5 69
7 19
1 13
2 64
8 88
5 88
3 25
2 8
2 94
3 50
2 4
3 53
9 92
6 57
10 96
7 34
4 15
7 33
3 71
10 1
1 82
7 2
9 9
1 32
3 7
4 40
9 84
5 1
4 39
10 24
9 3
1 14
8 56
1 24
7 72
6 1
4 38
9 42
6 52
8 10
10 46
10 13
2 45
7 94
5 99
3 47
3 58
1 94
9 79
5 32
9 86
3 25
3 92
5 50
1 89
2 74
4 60
6 41
2 57
7 7
9 36
3 78
3 4
6 38
5 86
8 27
7 14
6 40
5 76
9 31
10 3
4 45
7 78
5 21
7 53
9 13
2 60
10 37
6 67
8 53
5 17
7 74
9 78
7 12
9 92
1 21
4 60
3 44
8 48
8 94
1 73
1 72
8 3
9 51
1 68
2 2
10 44
1 0
3 26
2 53
5 4
9 67
1 29
9 64
1 41
7 51
3 52
9 57
8 17
3 79
7 63
2 91
8 65
5 27
4 16
2 19
9 70
9 70
5 53
1 88
6 91
3 47
4 25
6 74
5 29
8 41
3 56
2 64
6 70
9 95
7 26
9 51
3 39
4 59
6 56
3 44
4 31
4 10
6 21
7 77
3 54
8 47
7 0
2 84
5 70
1 90
7 10
9 20
8 26
9 16
5 33
3 15
5 35
5 3
5 73
4 46
4 60
7 44
4 42
6 86
3 43
9 83
8 37
3 45
2 47
6 58
10 1
10 70
5 8
9 53
7 37
9 6
5 61
9 34
3 94
2 2
3 32
1 13
1 43
9 12
1 62
6 28
6 80
10 43
2 66
4 31
4 68
1 6
3 20
2 64
7 26
7 53
2 19
4 2
6 87
3 8
5 63
1 42
7 25
4 90
10 91
4 25
2 11
3 93
9 89
5 51
8 89
3 7
6 48
8 99
3 80
1 66
2 13
8 56
1 26
2 67
3 7
9 44
1 14
6 86
5 18
9 81
1 84
6 40
7 85
2 53
1 62
9 20
9 19
1 54
5 7
4 29
5 29
1 19
1 81
1 89
3 18
8 8
5 67
2 3
4 75
6 6
3 99
6 0
10 91
10 32
5 74
7 44
10 74
3 0
7 25
2 21
5 29
9 93
1 28
10 25
7 34
7 63
9 96
2 55
4 16
5 28
5 56
4 29
5 65
8 84
1 31
1 42
1 59
10 35
9 34
7 62
8 93
7 36
10 72
2 4
9 20
2 24
1 30
3 78
2 48
10 30
6 82
3 36
3 2
10 80
2 57
2 56
1 90
2 3
5 74
2 21
9 40
5 87
5 91
6 70
7 39
5 36
7 36
7 59
8 18
4 29
1 99
1 36
1 39
3 59
2 15
10 72
4 88
4 1
7 6
7 69
6 85
1 76
8 7
7 28
8 87
2 17
5 89
6 57
9 54
2 98
4 35
3 67
2 19
2 21
1 0
8 81
8 84
2 30
9 26
3 83
3 40
8 88
9 27
6 72
6 32
8 91
3 73
2 66
10 64
9 39
9 12
10 56
4 84
2 32
10 6
2 0
4 54
1 84
4 38
1 68
10 62
1 17
1 61
10 42
9 55
7 49
4 20
5 74
6 4
2 10
4 85
7 29
4 15
2 93
9 30
9 39
10 71
4 38
10 42
8 91
6 28
9 17
6 46
6 7
4 13
10 83
2 68
6 24
6 9
5 17
3 3
8 92
2 50
5 40
4 21
3 27
1 97
9 89
9 96
4 8
2 87
2 14
9 20
9 90
1 91
2 50
1 32
9 25
10 83
5 37
2 60
9 2
6 64
7 74
3 87
4 19
5 77
4 34
1 13
8 15
9 27
4 31
2 49
8 95
2 91
7 96
6 66
10 3
7 57
10 5
6 83
2 49
7 100
4 90
4 59
2 55
8 39
3 75
6 17
6 91
8 54
9 72
10 14
7 99
10 54
7 3
6 20
6 13
5 28
9 9
9 40
4 42
5 42
7 83
6 61
7 52
6 100
2 49
5 85
2 48
4 78
6 67
2 82
4 2
7 7
8 55
4 49
6 42
4 91
8 77
8 43
4 64
8 25
2 42
4 6
1 34
10 37
5 49
2 14
4 24
2 95
3 62
4 18
2 61
4 9
3 44
1 66
8 17
4 38
9 40
7 73
7 9
3 30
3 69
2 98
4 61
10 47
2 96
2 17
9 27
9 41
9 30
9 39
4 83
4 15
8 37
2 8
6 31
1 17
7 10
3 39
4 34
4 100
7 93
10 91
8 92
3 10
5 35
2 57
5 11
2 95
5 63
3 52
5 34
10 21
8 85
7 45
3 1
10 52
1 58
3 63
2 90
6 45
8 63
7 22
1 63
4 82
2 40
2 54
10 14
6 24
10 35
7 91
7 30
5 35
10 85
8 58
6 51
4 29
7 77
7 47
10 47
10 6
10 3
4 73
1 75
5 88
6 96
3 50
3 43
8 83
1 66
9 36
3 58
5 81
2 20
2 99
3 80
5 99
8 93
7 51
3 15
4 19
1 26
7 92
10 93
7 41
7 59
7 5
9 99
9 92
10 7
2 77
2 58
4 57
7 59
5 9
9 14
1 71
1 74
10 30
2 66
9 66
1 7
5 49
4 50
3 2
8 58
7 86
10 86
3 87
1 11
8 24
9 45
2 41
3 87
4 52
3 2
4 95
9 76
4 85
1 23
7 21
9 98
4 47
7 16
1 60
4 54
6 54
1 17
1 94
1 28
6 21
2 100
7 14
3 7
2 79
6 39
1 60
2 31
6 30
6 49
1 26
6 66
8 8
1 4
3 78
10 74
9 29
5 81
4 5
2 70
3 7
10 67
1 15
3 95
1 50
5 70
5 39
7 65
4 20
4 25
9 80
10 46
1 66
9 25
8 48
8 85
1 50
8 26
3 41
5 67
1 49
9 55
1 93
10 4
10 70
6 78
8 51
9 8
2 89
10 73
1 90
6 26
1 92
5 62
5 7
2 79
9 79
2 57
7 42
10 93
2 77
4 20
7 49
10 78
6 55
8 72
3 97
9 63
4 42
3 16
8 32
8 25
3 31
4 64
5 37
8 74
3 38
5 99
6 29
10 73
4 25
4 13
1 2
7 66
5 20
7 32
1 86
2 97
7 91
7 40
9 28
1 76
4 29
10 59
7 67
3 27
5 34
4 79
10 89
3 75
10 88
5 14
5 93
9 38
3 74
2 83
9 6
9 91
6 85
5 8
1 69
5 81
3 99
6 19
6 5
4 75
4 67
3 27
4 70
3 36
1 61
7 82
10 29
9 97
6 53
4 86
5 34
4 19
2 23
8 87
9 94
5 6
9 9
9 57
9 87
8 99
4 31
9 97
9 53
2 83
6 10
8 52
4 12
10 24
4 52
1 20
2 92
7 84
3 46
5 59
5 30
5 75
4 98
10 77
8 87
10 40
8 13
9 71
3 82
9 8
1 37
2 73
1 92
8 90
9 7
9 94
2 83
5 29
4 89
8 55
7 82
7 89
10 38
5 92
3 12
5 86
5 57
6 75
9 39
2 32
5 27
5 41
8 58
5 43
8 98
3 45
6 1
3 33
8 17
8 82
9 6
7 39
3 81
1 12
1 90
3 31
3 16
3 71
10 46
2 95
10 16
5 66
7 100
2 79
8 67
10 11
9 18
1 81
7 64
10 59
4 41
9 59
1 72
5 39
7 28
3 72
4 39
9 60
1 17
1 51
1 25
8 25
9 100
9 29
9 71
4 14
10 67
2 0
10 78
2 19
6 57
9 51
2 16
3 12
5 96
4 5
4 36
9 75
5 22
5 7
2 35
9 52
7 28
8 30
3 2
3 40
9 51
4 17
6 21
9 21
5 58
5 53
10 41
3 54
4 94
10 51
3 29
8 83
7 47
1 74
3 67
9 69
3 15
2 6
4 82
9 12
1 10
3 5
2 19
8 93
9 10
7 29
5 76
10 43
9 79
9 98
5 57
1 83
4 91
10 77
4 67
2 19
1 92
7 9
2 96
7 78
3 50
1 7
3 33
9 26
6 87
2 87
8 82
2 10
9 72
3 54
6 19
5 9
1 97
2 77
2 19
6 27
8 49
9 97
4 80
7 78
8 9
10 32
7 80
3 14
9 66
6 73
10 6
9 69
7 6
6 76
9 50
2 52
3 91
10 48
9 74
6 52
3 9
1 64
5 63
8 33
7 15
10 2
3 61
8 88
10 52
5 86
3 84
2 31
7 15
7 74
7 80
1 83
3 63
2 96
3 83
4 95
3 15
2 2
7 9
7 42
6 35
7 82
2 33
3 67
1 55
8 91
3 20
7 60
7 4
6 10
6 60
2 5
2 100
5 1
1 70
1 73
1 49
5 71
9 69
1 10
1 69
9 70
8 12
9 7
9 89
7 1
8 22
9 93
1 47
4 35
7 20
4 53
5 2
10 94
3 87
9 65
10 99
6 78
4 9
1 89
7 81
8 77
3 98
6 41
8 6
8 74
8 13
7 36
9 15
6 79
5 3
6 54
5 1
10 86
5 81
8 98
1 0
1 22
9 48
1 51
4 57
1 33
3 54
10 2
1 82
5 51
4 10
1 44
8 22
4 93
5 62
5 12
5 54
2 47
9 28
6 47
7 96
4 56
3 49
10 48
10 74
8 37
5 34
8 35
5 100
7 42
2 31
5 59
5 6
4 89
8 42
8 53
4 8
10 51
2 97
9 92
1 23
10 58
6 14
8 41
7 8
5 39
9 83
3 26
10 99
2 86
4 61
5 1
1 68
10 49
10 35
8 37
10 77
10 86
7 20
8 61
3 3
7 10
3 16
7 11
7 74
9 66
7 58
3 43
1 78
9 28
4 91
5 26
5 65
10 65
2 78
3 76
1 9
1 72
9 78
6 27
8 65
9 38
5 65
1 39
5 85
10 88
9 82
9 17
4 15
6 64
3 63
5 82
10 30
3 91
6 22
9 57
8 66
8 47
6 72
3 58
10 40
5 65
7 50
3 53
10 61
3 36
9 55
6 56
9 82
6 23
5 6
7 14
8 87
6 66
3 56
8 14
5 40
8 38
9 40
8 17
7 94
5 66
4 70
8 29
7 84
2 83
9 12
1 25
5 25
1 58
6 89
6 36
6 42
9 53
1 20
2 90
3 61
7 47
4 68
9 69
10 95
5 49
8 19
1 40
4 29
7 73
3 56
7 66
5 17
1 56
7 44
3 69
7 44
3 39
10 84
1 35
9 12
10 46
9 96
7 17
6 93
10 86
4 88
10 78
9 50
8 10
6 18
9 85
4 72
10 30
9 27
2 34
10 78
2 11
3 23
1 63
7 58
10 66
5 83
2 12
10 7
9 75
3 84
10 68
7 99
1 35
4 48
7 55
10 75
7 83
1 37
3 91
1 99
5 17
9 24
7 100
8 34
6 28
1 48
3 17
8 74
8 4
1 51
1 93
2 20
4 20
9 47
2 67
10 93
3 70
7 21
9 53
8 68
7 30
4 5
6 76
6 47
8 16
9 76
8 56
8 1
5 17
8 53
2 95
6 67
7 15
4 91
7 81
4 42
8 27
9 51
5 36
2 28
2 72
3 30
2 47
5 42
1 50
2 82
2 5
5 31
4 71
10 15
7 0
9 61
6 48
2 17
6 97
8 17
3 24
5 30
3 9
3 66
7 10
6 54
10 66
5 93
3 72
3 52
10 67
4 97
4 92
7 62
4 100
4 9
9 5
4 71
8 76
5 88
5 33
3 16
2 19
1 49
5 53
3 39
5 47
8 90
4 69
1 30
7 10
4 12
5 71
9 85
3 93
6 46
4 11
3 80
9 68
7 16
1 82
10 37
9 52
8 41
1 4
4 36
5 9
1 4
2 62
6 60
5 66
10 5
4 16
2 12
8 27
9 31
8 84
7 4
9 69
5 15
1 55
1 80
4 21
1 59
8 44
7 95
10 0
9 74
8 78
8 8
2 27
5 12
3 31
2 34
5 61
7 51
7 98
4 76
9 35
9 20
1 16
4 49
1 44
4 33
3 14
3 44
6 58
1 65
8 30
5 18
9 80
4 3
7 66
3 30
6 63
5 77
3 15
10 20
7 2
9 27
2 100
6 96
4 12
7 15
5 15
6 1
8 32
9 70
9 11
7 97
8 25
8 79
8 58
1 100
10 35
8 98
8 79
5 1
4 73
2 26
10 21
5 92
3 68
8 35
7 64
1 24
4 5
7 93
10 98
8 33
7 49
10 78
9 58
8 93
8 32
6 64
1 34
7 53
7 60
7 94
2 8
9 84
2 12
4 71
5 84
8 31
1 23
2 4
9 49
6 20
9 86
3 24
1 23
1 39
9 59
6 3
3 28
5 49
4 96
5 16
7 18
5 92
5 97
6 91
9 71
2 100
9 97
9 58
5 83
3 94
1 85
9 56
4 66
2 28
7 72
1 41
10 42
8 15
6 95
7 12
4 88
8 89
2 11
5 88
1 61
4 9
6 31
3 26
1 41
5 34
7 55
9 48
6 38
4 32
1 98
7 76
8 85
8 7
6 42
4 64
4 5
4 72
9 52
8 13
10 60
7 55
8 45
5 58
8 51
9 88
6 0
3 77
10 91
9 33
10 81
1 84
8 7
4 86
9 13
4 91
2 27
8 9
2 95
9 48
10 71
7 61
10 89
4 52
10 51
9 84
8 75
5 81
9 50
2 10
4 36
6 70
8 56
3 89
1 78
7 84
1 23
7 60
10 50
2 11
5 98
3 23
3 58
7 41
7 27
9 84
1 62
4 48
8 10
1 87
3 38
6 2
10 70
9 13
7 1
10 71
1 85
10 55
4 26
6 26
6 23
5 48
8 18
8 36
2 71
8 26
3 79
5 66
1 96
9 67
5 24
8 79
9 87
2 2
2 7
5 2
7 61
1 87
4 27
10 81
10 7
6 37
3 87
3 27
2 34
2 94
4 63
6 86
5 37
7 31
8 81
5 65
2 4
2 58
10 71
3 11
2 33
8 28
5 12
8 65
2 75
3 39
9 65
2 89
1 92
4 98
8 20
4 61
5 10
10 50
4 0
8 85
8 62
3 44
5 88
4 17
6 53
4 70
9 81
8 51
9 89
1 48
10 37
7 33
4 91
5 10
9 100
9 35
3 22
3 11
3 58
9 98
1 78
10 45
2 42
2 78
3 29
1 78
3 56
10 76
1 43
7 32
4 22
5 97
2 64
8 75
2 57
6 41
1 53
5 24
5 64
1 26
4 24
2 54
5 89
10 35
6 9
1 62
9 54
7 5
6 84
9 98
4 71
7 94
10 84
6 39
4 61
1 46
8 85
1 16
1 38
1 39
5 69
9 55
10 24
9 54
1 0
2 52
9 21
3 11
10 100
8 37
8 24
5 50
2 20
1 82
4 98
4 55
3 59
2 54
1 57
1 4
8 55
9 29
10 85
3 50
6 31
1 99
10 55
4 96
7 15
2 39
4 64
3 90
9 28
4 41
10 65
10 43
4 26
6 45
10 100
3 29
2 88
3 71
10 32
8 25
6 22
7 26
3 93
6 65
2 94
9 76
1 46
3 20
8 99
3 90
9 60
4 92
5 85
6 51
7 52
6 0
2 50
7 93
8 62
10 28
7 61
2 35
10 64
5 8
10 86
10 48
3 21
4 57
4 5
4 5
7 12
6 16
2 81
3 8
4 41
7 98
8 76
10 71
6 50
8 8
1 79
5 46
6 95
10 96
1 47
3 90
8 77
5 8
5 48
10 40
8 48
2 81
6 19
5 44
5 19
4 88
7 8
8 40
8 57
1 4
10 19
5 96
5 88
8 49
1 46
9 4
10 73
2 9
10 0
5 79
7 89
1 56
9 10
8 51
10 93
5 44
1 2
5 36
5 49
5 16
6 87
6 1
5 25
2 33
5 16
4 63
8 94
4 83
4 11
10 52
4 30
6 37
7 17
2 6
4 77
3 73
3 70
5 82
7 13
3 87
7 35
4 12
8 21
8 7
8 98
2 68
2 28
3 100
6 62
9 77
2 21
4 76
5 15
4 81
4 11
10 89
2 58
5 8
6 71
3 94
7 22
3 37
8 21
2 15
9 63
1 46
5 16
8 49
8 73
6 31
6 9
5 16
8 79
5 25
3 39
4 24
2 89
6 26
9 68
3 82
1 46
5 65
4 1
4 31
5 7
2 74
9 60
7 4
8 24
5 42
9 72
2 37
3 100
8 21
4 5
6 42
2 36
3 93
5 49
1 0
8 27
4 8
7 30
6 97
1 50
5 5
5 72
3 37
8 25
2 88
2 22
6 97
6 0
1 2
7 50
2 62
8 90
2 46
5 32
6 95
7 3
10 45
10 6
2 37
6 95
3 12
9 11
1 18
3 79
6 40
1 90
7 30
3 75
5 96
10 20
8 93
2 3
6 92
9 24
10 8
10 19
9 54
2 50
10 7
2 71
7 35
10 99
8 57
1 8
8 77
7 0
10 74
6 47
7 33
7 70
9 95
3 28
2 30
3 64
6 23
3 6
6 21
10 17
5 83
9 18
1 69
1 25
3 30
10 26
1 65
6 2
2 14
2 93
6 23
3 60
4 30
9 42
4 63
10 60
6 36
8 74
6 2
8 35
4 76
6 80
2 6
7 91
10 4
1 80
6 69
9 79
10 67
1 0
1 65
5 3
8 71
5 75
3 78
5 22
4 47
7 70
3 1
5 42
5 38
5 99
6 50
3 18
6 52
3 94
2 41
7 14
4 91
3 38
7 5
9 23
5 25
8 75
10 85
4 29
10 0
4 22
2 93
5 20
9 50
8 45
10 86
1 55
3 26
1 33
3 48
10 87
7 4
9 75
5 63
10 82
6 84
3 63
2 15
1 64
10 87
3 69
3 12
1 60
8 37
8 96
8 21
9 76
1 52
4 30
5 17
10 69
9 64
7 5
2 1
5 99
10 19
7 94
7 76
10 38
9 99
8 40
1 41
4 46
7 13
7 50
3 55
10 80
5 36
1 31
5 33
1 2
7 24
2 63
8 93
4 48
9 16
9 54
6 87
7 20
5 87
8 9
6 81
9 63
5 91
1 84
6 95
5 33
5 4
1 61
5 33
1 57
9 13
3 24
1 39
4 25
8 73
9 99
5 73
5 13
3 78
2 7
3 35
6 24
6 77
2 18
10 76
7 68
4 38
2 16
5 29
4 85
9 7
5 76
6 29
6 54
7 95
6 46
5 55
