14934.0
14934.0
15048.0
14440.0
14896.0
4246.0
4158.0
4114.0
4268.0
4268.0
1596.0
1596.0
1330.0
1406.0
1558.0
12806.0
12062.0
12882.0
12372.0
12464.0
10608.0
10558.0
10406.0
10808.0
10282.0
8202.0
8312.0
8948.0
8576.0
8562.0
6280.0
6416.0
6374.0
6152.0
6422.0
440.0
462.0
418.0
440.0
418.0
1304.0
1266.0
1342.0
1304.0
1320.0
1126.0
974.0
1164.0
1028.0
1088.0
926.0
872.0
986.0
910.0
844.0
558.0
650.0
694.0
520.0
672.0
3078.0
2888.0
2964.0
2736.0
2698.0
858.0
814.0
836.0
814.0
836.0
2570.0
2570.0
2646.0
2608.0
2586.0
2132.0
2100.0
2062.0
2024.0
2220.0
1820.0
1656.0
1874.0
1624.0
1646.0
1230.0
1290.0
1262.0
1214.0
1214.0
7144.0
7486.0
7866.0
7296.0
7676.0
2046.0
2112.0
2156.0
2200.0
2112.0
722.0
836.0
570.0
684.0
760.0
6330.0
6634.0
6210.0
6384.0
6840.0
5570.0
5782.0
5184.0
5320.0
5440.0
4190.0
4386.0
4022.0
4212.0
4132.0
3056.0
3170.0
3350.0
3040.0
3192.0
220.0
242.0
198.0
220.0
176.0
614.0
652.0
614.0
652.0
668.0
452.0
658.0
506.0
620.0
582.0
398.0
398.0
376.0
512.0
376.0
268.0
306.0
350.0
268.0
366.0
11514.0
11742.0
11628.0
11970.0
11324.0
3344.0
3432.0
3300.0
3322.0
3388.0
10518.0
10692.0
9846.0
10024.0
10394.0
8444.0
8306.0
8556.0
8166.0
8334.0
7182.0
7002.0
6774.0
6904.0
7122.0
4838.0
5078.0
5274.0
5224.0
5110.0
