 769367 693147      532.0000   234      608.0000      152.0000 36989646   75.00%
 772072 695601      304.0000   764      608.0000      152.0000 37120543   75.00%
 774617 697932      380.0000   572      608.0000      152.0000 37263615   75.00%
 777302 700384      570.0000   266      608.0000      152.0000 37410623   75.00%
 780002 702832      532.0000   211      608.0000      152.0000 37553501   75.00%
 782966 705464      532.0000   235      608.0000      152.0000 37683901   75.00%
 785793 708012      570.0000   239      608.0000      152.0000 37825514   75.00%
 788687 710672      532.0000   248      608.0000      152.0000 37958902   75.00%
Elapsed time = 21550.65 sec. (4206351.48 ticks, tree = 2972.53 MB, solutions = 15)
Nodefile size = 2843.82 MB (857.17 MB after compression)
 791653 713368      190.0000   609      608.0000      152.0000 38085671   75.00%
 794524 715959    infeasible            608.0000      152.0000 38211606   75.00%
 797140 718372      570.0000   159      608.0000      152.0000 38349372   75.00%
 799798 720799      380.0000   505      608.0000      152.0000 38490942   75.00%
 802660 723421      456.0000   478      608.0000      152.0000 38638953   75.00%
 805094 725607      466.3636   435      608.0000      152.0000 38790398   75.00%
 807672 727932      190.0000   790      608.0000      152.0000 38940458   75.00%
 810385 730419      342.0000   521      608.0000      152.0000 39077568   75.00%
 813206 732972      380.0000   489      608.0000      152.0000 39207559   75.00%
 816131 735636      570.0000   258      608.0000      152.0000 39342623   75.00%
Elapsed time = 22322.52 sec. (4359014.70 ticks, tree = 3081.79 MB, solutions = 15)
Nodefile size = 2953.60 MB (887.19 MB after compression)
 818804 738023      380.0000   624      608.0000      152.0000 39471363   75.00%
 821583 740540      418.0000   556      608.0000      152.0000 39620285   75.00%
 824351 743022      380.0000   507      608.0000      152.0000 39759890   75.00%
 826914 745326      152.0000   786      608.0000      152.0000 39896478   75.00%
 829741 747885      152.0000   767      608.0000      152.0000 40029910   75.00%
 832599 750470      380.0000   656      608.0000      152.0000 40158534   75.00%
 835216 752845      342.0000   654      608.0000      152.0000 40299475   75.00%
 838078 755399      380.0000   440      608.0000      152.0000 40433257   75.00%
 840854 757925      285.0000   770      608.0000      152.0000 40559865   75.00%
 843626 760411      266.0000   596      608.0000      152.0000 40696981   75.00%
Elapsed time = 23095.87 sec. (4511764.52 ticks, tree = 3189.04 MB, solutions = 15)
Nodefile size = 3060.37 MB (916.93 MB after compression)
 846251 762771      304.0000   635      608.0000      152.0000 40815839   75.00%
 849328 765599      437.0000   389      608.0000      152.0000 40956830   75.00%
 852324 768341      266.0000   831      608.0000      152.0000 41090141   75.00%
 854671 770457      380.0000   524      608.0000      152.0000 41238865   75.00%
 857634 773128      532.0000   325      608.0000      152.0000 41385609   75.00%
 860357 775621      380.0000   698      608.0000      152.0000 41524345   75.00%
 862978 777998    infeasible            608.0000      152.0000 41659009   75.00%
 865461 780229      532.0000   366      608.0000      152.0000 41797773   75.00%
 868293 782816      228.0000   568      608.0000      152.0000 41931130   75.00%
 871213 785510      418.0000   624      608.0000      152.0000 42058863   75.00%
Elapsed time = 23864.47 sec. (4664456.76 ticks, tree = 3298.59 MB, solutions = 15)
Nodefile size = 3169.99 MB (947.64 MB after compression)
 874129 788186      266.0000   548      608.0000      152.0000 42190779   75.00%
 876871 790683      304.0000   635      608.0000      152.0000 42336207   75.00%
 879806 793364      380.0000   367      608.0000      152.0000 42471007   75.00%
 882425 795739      190.0000   698      608.0000      152.0000 42600567   75.00%
 885055 798109      285.0000   678      608.0000      152.0000 42742569   75.00%
Killed

