11742.0
11780.0
12008.0
11666.0
11856.0
3784.0
3740.0
3652.0
3850.0
3828.0
1216.0
1254.0
1102.0
1178.0
1254.0
10156.0
9754.0
10324.0
9944.0
10112.0
8434.0
8520.0
8466.0
8748.0
8304.0
6782.0
6826.0
7250.0
7102.0
6962.0
5342.0
5418.0
5430.0
5322.0
5364.0
396.0
418.0
374.0
396.0
374.0
1032.0
1016.0
1114.0
1054.0
1038.0
952.0
800.0
914.0
876.0
914.0
752.0
736.0
774.0
774.0
730.0
476.0
552.0
574.0
482.0
574.0
2470.0
2318.0
2394.0
2242.0
2204.0
770.0
726.0
748.0
726.0
748.0
2130.0
2092.0
2130.0
2092.0
2108.0
1806.0
1752.0
1698.0
1730.0
1812.0
1450.0
1346.0
1488.0
1368.0
1412.0
1050.0
1088.0
1060.0
1050.0
1050.0
5814.0
5928.0
6194.0
5776.0
6004.0
1848.0
1936.0
1936.0
1958.0
1914.0
570.0
646.0
494.0
570.0
646.0
4956.0
5276.0
5048.0
5162.0
5444.0
4456.0
4494.0
4206.0
4320.0
4440.0
3434.0
3570.0
3320.0
3418.0
3408.0
2614.0
2712.0
2794.0
2598.0
2674.0
198.0
220.0
198.0
198.0
176.0
478.0
538.0
478.0
516.0
554.0
392.0
522.0
446.0
484.0
484.0
360.0
338.0
316.0
414.0
316.0
246.0
268.0
306.0
246.0
306.0
9234.0
9424.0
9158.0
9424.0
8968.0
2970.0
3058.0
2970.0
3014.0
3058.0
8324.0
8346.0
7972.0
7966.0
8238.0
6808.0
6822.0
6904.0
6628.0
6720.0
5816.0
5740.0
5604.0
5696.0
5892.0
4134.0
4298.0
4434.0
4346.0
4276.0
