Reference,height,width,stripwidth,preemptable
1,1350.0,49.0,720,true
2,500.0,60.0,,true
3,5000.0,19.0,,true
4,2200.0,139.0,,true
5,3500.0,323.0,,true
6,5000.0,600.0,,true
7,500.0,157.0,,true
8,125.0,503.0,,true
9,40.0,380.0,,true
10,350.0,160.0,,true
11,500.0,178.0,,false
12,500.0,342.0,,false
13,3300.0,21.0,,false
14,3300.0,27.0,,false
15,3300.0,29.0,,false
16,60.0,200.0,,false
17,60.0,220.0,,false
18,60.0,181.0,,false
19,60.0,190.0,,false
20,800.0,6.0,,false
21,60.0,114.0,,false
22,60.0,86.0,,false
23,60.0,88.0,,false
24,60.0,83.0,,false
25,60.0,94.0,,false
26,60.0,98.0,,false
27,100.0,219.0,,false
28,100.0,195.0,,false
29,900.0,9.0,,false
30,1150.0,13.0,,false
31,1000.0,8.0,,false
32,1350.0,50.0,,true
33,500.0,59.0,,true
34,5000.0,20.0,,true
35,2200.0,139.0,,true
36,3500.0,361.0,,true
37,5000.0,600.0,,true
38,500.0,152.0,,true
39,125.0,493.0,,true
40,40.0,407.0,,true
41,350.0,151.0,,true
42,500.0,175.0,,false
43,500.0,320.0,,false
44,3300.0,27.0,,false
45,3300.0,29.0,,false
46,3300.0,25.0,,false
47,60.0,245.0,,false
48,60.0,204.0,,false
49,60.0,166.0,,false
50,800.0,6.0,,false
51,60.0,97.0,,false
52,60.0,82.0,,false
53,60.0,113.0,,false
54,60.0,96.0,,false
55,60.0,86.0,,false
56,60.0,84.0,,false
57,60.0,99.0,,false
58,60.0,87.0,,false
59,100.0,186.0,,false
60,100.0,185.0,,false
61,900.0,8.0,,false
62,1150.0,15.0,,false
63,1000.0,5.0,,false
64,1350.0,48.0,,true
65,500.0,56.0,,true
66,5000.0,20.0,,true
67,2200.0,133.0,,true
68,3500.0,218.0,,true
69,5000.0,600.0,,true
70,500.0,156.0,,true
71,125.0,544.0,,true
72,40.0,391.0,,true
73,350.0,152.0,,true
74,500.0,190.0,,false
75,500.0,301.0,,false
76,3300.0,22.0,,false
77,3300.0,24.0,,false
78,3300.0,21.0,,false
79,60.0,224.0,,false
80,60.0,197.0,,false
81,60.0,217.0,,false
82,60.0,206.0,,false
83,800.0,6.0,,false
84,60.0,107.0,,false
85,60.0,100.0,,false
86,60.0,100.0,,false
87,60.0,100.0,,false
88,60.0,104.0,,false
89,60.0,100.0,,false
90,60.0,110.0,,false
91,100.0,234.0,,false
92,100.0,197.0,,false
93,900.0,9.0,,false
94,1150.0,15.0,,false
95,1000.0,6.0,,false
96,1350.0,50.0,,true
97,500.0,58.0,,true
98,5000.0,17.0,,true
99,2200.0,138.0,,true
100,3500.0,275.0,,true
101,5000.0,600.0,,true
102,500.0,156.0,,true
103,125.0,508.0,,true
104,40.0,417.0,,true
105,350.0,172.0,,true
106,500.0,187.0,,false
107,500.0,405.0,,false
108,3300.0,29.0,,false
109,3300.0,30.0,,false
110,3300.0,30.0,,false
111,60.0,184.0,,false
112,60.0,180.0,,false
113,60.0,237.0,,false
114,60.0,226.0,,false
115,800.0,6.0,,false
116,60.0,114.0,,false
117,60.0,106.0,,false
118,60.0,90.0,,false
119,60.0,101.0,,false
120,60.0,104.0,,false
121,60.0,84.0,,false
122,60.0,115.0,,false
123,60.0,115.0,,false
124,100.0,228.0,,false
125,100.0,194.0,,false
126,900.0,9.0,,false
127,1150.0,16.0,,false
128,1000.0,8.0,,false
129,1350.0,49.0,,true
130,500.0,58.0,,true
131,5000.0,17.0,,true
132,2200.0,138.0,,true
133,3500.0,292.0,,true
134,5000.0,600.0,,true
135,500.0,145.0,,true
136,125.0,451.0,,true
137,40.0,424.0,,true
138,350.0,172.0,,true
139,500.0,197.0,,false
140,500.0,565.0,,false
141,3300.0,29.0,,false
142,3300.0,21.0,,false
143,3300.0,27.0,,false
144,60.0,151.0,,false
145,60.0,214.0,,false
146,60.0,173.0,,false
147,60.0,175.0,,false
148,800.0,5.0,,false
149,60.0,110.0,,false
150,60.0,105.0,,false
151,60.0,88.0,,false
152,60.0,95.0,,false
153,60.0,109.0,,false
154,60.0,86.0,,false
155,60.0,117.0,,false
156,100.0,224.0,,false
157,100.0,245.0,,false
158,900.0,8.0,,false
159,1150.0,14.0,,false
160,1000.0,8.0,,false
161,1350.0,49.0,,true
162,500.0,59.0,,true
163,5000.0,20.0,,true
164,2200.0,138.0,,true
165,3500.0,279.0,,true
166,5000.0,600.0,,true
167,500.0,150.0,,true
168,125.0,470.0,,true
169,40.0,367.0,,true
170,350.0,167.0,,true
171,500.0,190.0,,false
172,500.0,305.0,,false
173,3300.0,21.0,,false
174,3300.0,23.0,,false
175,3300.0,29.0,,false
176,60.0,248.0,,false
177,60.0,214.0,,false
178,60.0,212.0,,false
179,800.0,5.0,,false
180,60.0,86.0,,false
181,60.0,83.0,,false
182,60.0,119.0,,false
183,60.0,105.0,,false
184,60.0,103.0,,false
185,60.0,81.0,,false
186,60.0,96.0,,false
187,60.0,116.0,,false
188,60.0,82.0,,false
189,60.0,99.0,,false
190,100.0,243.0,,false
191,100.0,229.0,,false
192,900.0,8.0,,false
193,1150.0,15.0,,false
194,1000.0,6.0,,false
195,1350.0,46.0,,true
196,500.0,59.0,,true
197,5000.0,20.0,,true
198,2200.0,131.0,,true
199,3500.0,255.0,,true
200,5000.0,600.0,,true
201,500.0,143.0,,true
202,125.0,530.0,,true
203,40.0,393.0,,true
204,350.0,159.0,,true
205,500.0,176.0,,false
206,500.0,368.0,,false
207,3300.0,27.0,,false
208,3300.0,27.0,,false
209,3300.0,24.0,,false
210,60.0,209.0,,false
211,60.0,160.0,,false
212,60.0,240.0,,false
213,60.0,183.0,,false
214,800.0,4.0,,false
215,60.0,117.0,,false
216,60.0,82.0,,false
217,60.0,81.0,,false
218,60.0,98.0,,false
219,60.0,92.0,,false
220,60.0,107.0,,false
221,60.0,88.0,,false
222,60.0,119.0,,false
223,60.0,89.0,,false
224,60.0,99.0,,false
225,100.0,191.0,,false
226,100.0,247.0,,false
227,900.0,7.0,,false
228,1150.0,17.0,,false
229,1000.0,8.0,,false
230,1350.0,48.0,,true
231,500.0,57.0,,true
232,5000.0,18.0,,true
233,2200.0,134.0,,true
234,3500.0,266.0,,true
235,5000.0,600.0,,true
236,500.0,157.0,,true
237,125.0,455.0,,true
238,40.0,386.0,,true
239,350.0,155.0,,true
240,500.0,176.0,,false
241,500.0,409.0,,false
242,3300.0,27.0,,false
243,3300.0,27.0,,false
244,3300.0,29.0,,false
245,60.0,202.0,,false
246,60.0,200.0,,false
247,60.0,219.0,,false
248,60.0,217.0,,false
249,800.0,5.0,,false
250,60.0,114.0,,false
251,60.0,117.0,,false
252,60.0,110.0,,false
253,60.0,120.0,,false
254,60.0,93.0,,false
255,60.0,81.0,,false
256,60.0,114.0,,false
257,60.0,109.0,,false
258,60.0,90.0,,false
259,60.0,88.0,,false
260,100.0,196.0,,false
261,100.0,239.0,,false
262,900.0,9.0,,false
263,1150.0,14.0,,false
264,1000.0,7.0,,false
265,1350.0,50.0,,true
266,500.0,58.0,,true
267,5000.0,18.0,,true
268,2200.0,136.0,,true
269,3500.0,221.0,,true
270,5000.0,600.0,,true
271,500.0,143.0,,true
272,125.0,512.0,,true
273,40.0,430.0,,true
274,350.0,147.0,,true
275,500.0,174.0,,false
276,500.0,371.0,,false
277,3300.0,26.0,,false
278,3300.0,22.0,,false
279,3300.0,26.0,,false
280,60.0,159.0,,false
281,60.0,189.0,,false
282,60.0,169.0,,false
283,60.0,158.0,,false
284,800.0,6.0,,false
285,60.0,93.0,,false
286,60.0,102.0,,false
287,60.0,113.0,,false
288,60.0,100.0,,false
289,60.0,107.0,,false
290,60.0,115.0,,false
291,60.0,108.0,,false
292,100.0,203.0,,false
293,100.0,197.0,,false
294,900.0,10.0,,false
295,1150.0,17.0,,false
296,1000.0,6.0,,false
297,1350.0,46.0,,true
298,500.0,59.0,,true
299,5000.0,19.0,,true
300,2200.0,140.0,,true
301,3500.0,241.0,,true
302,5000.0,600.0,,true
303,500.0,145.0,,true
304,125.0,541.0,,true
305,40.0,437.0,,true
306,350.0,168.0,,true
307,500.0,180.0,,false
308,500.0,339.0,,false
309,3300.0,28.0,,false
310,3300.0,29.0,,false
311,3300.0,28.0,,false
312,60.0,163.0,,false
313,60.0,221.0,,false
314,60.0,159.0,,false
315,800.0,6.0,,false
316,60.0,115.0,,false
317,60.0,101.0,,false
318,60.0,101.0,,false
319,60.0,117.0,,false
320,60.0,93.0,,false
321,60.0,102.0,,false
322,60.0,110.0,,false
323,60.0,85.0,,false
324,60.0,119.0,,false
325,60.0,97.0,,false
326,100.0,234.0,,false
327,100.0,216.0,,false
328,900.0,10.0,,false
329,1150.0,14.0,,false
330,1000.0,8.0,,false
331,1350.0,50.0,,true
332,500.0,56.0,,true
333,5000.0,17.0,,true
334,2200.0,135.0,,true
335,3500.0,281.0,,true
336,5000.0,600.0,,true
337,500.0,143.0,,true
338,125.0,499.0,,true
339,40.0,457.0,,true
340,350.0,160.0,,true
341,500.0,171.0,,false
342,500.0,564.0,,false
343,3300.0,23.0,,false
344,3300.0,25.0,,false
345,3300.0,27.0,,false
346,60.0,169.0,,false
347,60.0,187.0,,false
348,60.0,207.0,,false
349,800.0,5.0,,false
350,60.0,115.0,,false
351,60.0,104.0,,false
352,60.0,103.0,,false
353,60.0,81.0,,false
354,60.0,84.0,,false
355,60.0,113.0,,false
356,60.0,113.0,,false
357,60.0,89.0,,false
358,100.0,215.0,,false
359,100.0,187.0,,false
360,900.0,8.0,,false
361,1150.0,15.0,,false
362,1000.0,7.0,,false
363,1350.0,49.0,,true
364,500.0,59.0,,true
365,5000.0,20.0,,true
366,2200.0,137.0,,true
367,3500.0,226.0,,true
368,5000.0,600.0,,true
369,500.0,146.0,,true
370,125.0,460.0,,true
371,40.0,435.0,,true
372,350.0,171.0,,true
373,500.0,185.0,,false
374,500.0,535.0,,false
375,3300.0,25.0,,false
376,3300.0,25.0,,false
377,3300.0,29.0,,false
378,60.0,223.0,,false
379,60.0,193.0,,false
380,60.0,202.0,,false
381,800.0,5.0,,false
382,60.0,86.0,,false
383,60.0,106.0,,false
384,60.0,120.0,,false
385,60.0,118.0,,false
386,60.0,90.0,,false
387,60.0,120.0,,false
388,60.0,86.0,,false
389,60.0,94.0,,false
390,60.0,89.0,,false
391,100.0,210.0,,false
392,100.0,206.0,,false
393,900.0,7.0,,false
394,1150.0,14.0,,false
395,1000.0,6.0,,false
396,1350.0,46.0,,true
397,500.0,56.0,,true
398,5000.0,19.0,,true
399,2200.0,135.0,,true
400,3500.0,325.0,,true
401,5000.0,600.0,,true
402,500.0,160.0,,true
403,125.0,538.0,,true
404,40.0,447.0,,true
405,350.0,151.0,,true
406,500.0,173.0,,false
407,500.0,563.0,,false
408,3300.0,25.0,,false
409,3300.0,23.0,,false
410,3300.0,28.0,,false
411,60.0,227.0,,false
412,60.0,167.0,,false
413,60.0,242.0,,false
414,800.0,4.0,,false
415,60.0,102.0,,false
416,60.0,114.0,,false
417,60.0,94.0,,false
418,60.0,115.0,,false
419,60.0,109.0,,false
420,60.0,114.0,,false
421,60.0,101.0,,false
422,60.0,112.0,,false
423,60.0,100.0,,false
424,100.0,194.0,,false
425,100.0,189.0,,false
426,900.0,8.0,,false
427,1150.0,17.0,,false
428,1000.0,8.0,,false
429,1350.0,46.0,,true
430,500.0,56.0,,true
431,5000.0,19.0,,true
432,2200.0,135.0,,true
433,3500.0,231.0,,true
434,5000.0,600.0,,true
435,500.0,150.0,,true
436,125.0,478.0,,true
437,40.0,362.0,,true
438,350.0,153.0,,true
439,500.0,194.0,,false
440,500.0,304.0,,false
441,3300.0,23.0,,false
442,3300.0,23.0,,false
443,3300.0,21.0,,false
444,60.0,177.0,,false
445,60.0,215.0,,false
446,60.0,184.0,,false
447,800.0,4.0,,false
448,60.0,107.0,,false
449,60.0,119.0,,false
450,60.0,94.0,,false
451,60.0,107.0,,false
452,60.0,81.0,,false
453,60.0,104.0,,false
454,100.0,204.0,,false
455,100.0,250.0,,false
456,900.0,8.0,,false
457,1150.0,16.0,,false
458,1000.0,8.0,,false
459,1350.0,50.0,,true
460,500.0,57.0,,true
461,5000.0,16.0,,true
462,2200.0,131.0,,true
463,3500.0,321.0,,true
464,5000.0,600.0,,true
465,500.0,151.0,,true
466,125.0,523.0,,true
467,40.0,375.0,,true
468,350.0,144.0,,true
469,500.0,192.0,,false
470,500.0,540.0,,false
471,3300.0,26.0,,false
472,3300.0,27.0,,false
473,3300.0,24.0,,false
474,60.0,205.0,,false
475,60.0,209.0,,false
476,60.0,211.0,,false
477,60.0,237.0,,false
478,800.0,4.0,,false
479,60.0,107.0,,false
480,60.0,120.0,,false
481,60.0,86.0,,false
482,60.0,98.0,,false
483,60.0,89.0,,false
484,60.0,118.0,,false
485,60.0,115.0,,false
486,100.0,225.0,,false
487,100.0,231.0,,false
488,900.0,10.0,,false
489,1150.0,16.0,,false
490,1000.0,6.0,,false
491,1350.0,46.0,,true
492,500.0,60.0,,true
493,5000.0,18.0,,true
494,2200.0,136.0,,true
495,3500.0,298.0,,true
496,5000.0,600.0,,true
497,500.0,148.0,,true
498,125.0,487.0,,true
499,40.0,439.0,,true
500,350.0,167.0,,true
501,500.0,188.0,,false
502,500.0,324.0,,false
503,3300.0,26.0,,false
504,3300.0,26.0,,false
505,3300.0,30.0,,false
506,60.0,155.0,,false
507,60.0,152.0,,false
508,60.0,230.0,,false
509,800.0,6.0,,false
510,60.0,89.0,,false
511,60.0,110.0,,false
512,60.0,112.0,,false
513,60.0,110.0,,false
514,60.0,104.0,,false
515,60.0,110.0,,false
516,60.0,81.0,,false
517,60.0,96.0,,false
518,60.0,109.0,,false
519,60.0,114.0,,false
520,100.0,181.0,,false
521,100.0,249.0,,false
522,900.0,10.0,,false
523,1150.0,17.0,,false
524,1000.0,6.0,,false
525,1350.0,47.0,,true
526,500.0,58.0,,true
527,5000.0,17.0,,true
528,2200.0,134.0,,true
529,3500.0,339.0,,true
530,5000.0,600.0,,true
531,500.0,152.0,,true
532,125.0,543.0,,true
533,40.0,380.0,,true
534,350.0,144.0,,true
535,500.0,198.0,,false
536,500.0,545.0,,false
537,3300.0,23.0,,false
538,3300.0,29.0,,false
539,3300.0,24.0,,false
540,60.0,174.0,,false
541,60.0,180.0,,false
542,60.0,165.0,,false
543,60.0,236.0,,false
544,800.0,5.0,,false
545,60.0,96.0,,false
546,60.0,84.0,,false
547,60.0,94.0,,false
548,60.0,108.0,,false
549,60.0,114.0,,false
550,60.0,120.0,,false
551,60.0,120.0,,false
552,60.0,86.0,,false
553,60.0,112.0,,false
554,60.0,101.0,,false
555,100.0,221.0,,false
556,100.0,212.0,,false
557,900.0,8.0,,false
558,1150.0,14.0,,false
559,1000.0,6.0,,false
560,1350.0,50.0,,true
561,500.0,59.0,,true
562,5000.0,16.0,,true
563,2200.0,140.0,,true
564,3500.0,396.0,,true
565,5000.0,600.0,,true
566,500.0,158.0,,true
567,125.0,530.0,,true
568,40.0,440.0,,true
569,350.0,171.0,,true
570,500.0,183.0,,false
571,500.0,420.0,,false
572,3300.0,24.0,,false
573,3300.0,29.0,,false
574,3300.0,24.0,,false
575,60.0,170.0,,false
576,60.0,215.0,,false
577,60.0,208.0,,false
578,60.0,192.0,,false
579,800.0,4.0,,false
580,60.0,119.0,,false
581,60.0,109.0,,false
582,60.0,95.0,,false
583,60.0,105.0,,false
584,60.0,88.0,,false
585,60.0,104.0,,false
586,60.0,82.0,,false
587,60.0,104.0,,false
588,60.0,87.0,,false
589,60.0,108.0,,false
590,100.0,250.0,,false
591,100.0,212.0,,false
592,900.0,10.0,,false
593,1150.0,18.0,,false
594,1000.0,6.0,,false
595,1350.0,49.0,,true
596,500.0,56.0,,true
597,5000.0,16.0,,true
598,2200.0,135.0,,true
599,3500.0,349.0,,true
600,5000.0,600.0,,true
601,500.0,153.0,,true
602,125.0,526.0,,true
603,40.0,409.0,,true
604,350.0,170.0,,true
605,500.0,188.0,,false
606,500.0,532.0,,false
607,3300.0,25.0,,false
608,3300.0,25.0,,false
609,3300.0,24.0,,false
610,60.0,191.0,,false
611,60.0,228.0,,false
612,60.0,156.0,,false
613,60.0,166.0,,false
614,800.0,4.0,,false
615,60.0,117.0,,false
616,60.0,99.0,,false
617,60.0,116.0,,false
618,60.0,95.0,,false
619,60.0,118.0,,false
620,60.0,99.0,,false
621,60.0,92.0,,false
622,60.0,111.0,,false
623,100.0,185.0,,false
624,100.0,204.0,,false
625,900.0,9.0,,false
626,1150.0,15.0,,false
627,1000.0,7.0,,false
628,1350.0,46.0,,true
629,500.0,60.0,,true
630,5000.0,20.0,,true
631,2200.0,132.0,,true
632,3500.0,224.0,,true
633,5000.0,600.0,,true
634,500.0,158.0,,true
635,125.0,468.0,,true
636,40.0,378.0,,true
637,350.0,168.0,,true
638,500.0,196.0,,false
639,500.0,349.0,,false
640,3300.0,22.0,,false
641,3300.0,26.0,,false
642,3300.0,21.0,,false
643,60.0,171.0,,false
644,60.0,154.0,,false
645,60.0,218.0,,false
646,800.0,5.0,,false
647,60.0,108.0,,false
648,60.0,82.0,,false
649,60.0,113.0,,false
650,60.0,91.0,,false
651,60.0,110.0,,false
652,60.0,84.0,,false
653,60.0,107.0,,false
654,100.0,194.0,,false
655,100.0,197.0,,false
656,900.0,8.0,,false
657,1150.0,13.0,,false
658,1000.0,6.0,,false
659,1350.0,47.0,,true
660,500.0,58.0,,true
661,5000.0,19.0,,true
662,2200.0,135.0,,true
663,3500.0,391.0,,true
664,5000.0,600.0,,true
665,500.0,142.0,,true
666,125.0,472.0,,true
667,40.0,456.0,,true
668,350.0,167.0,,true
669,500.0,179.0,,false
670,500.0,301.0,,false
671,3300.0,30.0,,false
672,3300.0,27.0,,false
673,3300.0,24.0,,false
674,60.0,222.0,,false
675,60.0,163.0,,false
676,60.0,232.0,,false
677,60.0,228.0,,false
678,800.0,5.0,,false
679,60.0,89.0,,false
680,60.0,115.0,,false
681,60.0,93.0,,false
682,60.0,83.0,,false
683,60.0,81.0,,false
684,60.0,108.0,,false
685,60.0,92.0,,false
686,100.0,189.0,,false
687,100.0,224.0,,false
688,900.0,10.0,,false
689,1150.0,15.0,,false
690,1000.0,6.0,,false
691,1350.0,47.0,,true
692,500.0,60.0,,true
693,5000.0,18.0,,true
694,2200.0,131.0,,true
695,3500.0,374.0,,true
696,5000.0,600.0,,true
697,500.0,151.0,,true
698,125.0,459.0,,true
699,40.0,430.0,,true
700,350.0,168.0,,true
701,500.0,183.0,,false
702,500.0,493.0,,false
703,3300.0,25.0,,false
704,3300.0,21.0,,false
705,3300.0,24.0,,false
706,60.0,210.0,,false
707,60.0,230.0,,false
708,60.0,241.0,,false
709,60.0,229.0,,false
710,800.0,5.0,,false
711,60.0,91.0,,false
712,60.0,120.0,,false
713,60.0,119.0,,false
714,60.0,97.0,,false
715,60.0,107.0,,false
716,60.0,105.0,,false
717,60.0,106.0,,false
718,60.0,91.0,,false
719,60.0,116.0,,false
720,100.0,206.0,,false
721,100.0,200.0,,false
722,900.0,10.0,,false
723,1150.0,13.0,,false
724,1000.0,5.0,,false
725,1350.0,47.0,,true
726,500.0,56.0,,true
727,5000.0,20.0,,true
728,2200.0,135.0,,true
729,3500.0,311.0,,true
730,5000.0,600.0,,true
731,500.0,152.0,,true
732,125.0,451.0,,true
733,40.0,412.0,,true
734,350.0,149.0,,true
735,500.0,192.0,,false
736,500.0,499.0,,false
737,3300.0,27.0,,false
738,3300.0,30.0,,false
739,3300.0,30.0,,false
740,60.0,239.0,,false
741,60.0,244.0,,false
742,60.0,157.0,,false
743,60.0,213.0,,false
744,800.0,5.0,,false
745,60.0,87.0,,false
746,60.0,103.0,,false
747,60.0,107.0,,false
748,60.0,103.0,,false
749,60.0,101.0,,false
750,60.0,105.0,,false
751,60.0,96.0,,false
752,60.0,96.0,,false
753,60.0,82.0,,false
754,100.0,227.0,,false
755,100.0,211.0,,false
756,900.0,10.0,,false
757,1150.0,17.0,,false
758,1000.0,8.0,,false
759,1350.0,46.0,,true
760,500.0,56.0,,true
761,5000.0,16.0,,true
762,2200.0,139.0,,true
763,3500.0,316.0,,true
764,5000.0,600.0,,true
765,500.0,152.0,,true
766,125.0,452.0,,true
767,40.0,406.0,,true
768,350.0,164.0,,true
769,500.0,173.0,,false
770,500.0,591.0,,false
771,3300.0,27.0,,false
772,3300.0,21.0,,false
773,3300.0,27.0,,false
774,60.0,230.0,,false
775,60.0,157.0,,false
776,60.0,185.0,,false
777,60.0,196.0,,false
778,800.0,5.0,,false
779,60.0,97.0,,false
780,60.0,117.0,,false
781,60.0,85.0,,false
782,60.0,101.0,,false
783,60.0,117.0,,false
784,60.0,106.0,,false
785,60.0,105.0,,false
786,60.0,101.0,,false
787,60.0,90.0,,false
788,100.0,215.0,,false
789,100.0,227.0,,false
790,900.0,9.0,,false
791,1150.0,16.0,,false
792,1000.0,8.0,,false
793,1350.0,48.0,,true
794,500.0,56.0,,true
795,5000.0,18.0,,true
796,2200.0,140.0,,true
797,3500.0,370.0,,true
798,5000.0,600.0,,true
799,500.0,156.0,,true
800,125.0,491.0,,true
801,40.0,434.0,,true
802,350.0,142.0,,true
803,500.0,198.0,,false
804,500.0,376.0,,false
805,3300.0,23.0,,false
806,3300.0,29.0,,false
807,3300.0,22.0,,false
808,60.0,161.0,,false
809,60.0,226.0,,false
810,60.0,158.0,,false
811,800.0,6.0,,false
812,60.0,103.0,,false
813,60.0,89.0,,false
814,60.0,84.0,,false
815,60.0,116.0,,false
816,60.0,83.0,,false
817,60.0,85.0,,false
818,60.0,115.0,,false
819,60.0,104.0,,false
820,60.0,120.0,,false
821,60.0,85.0,,false
822,100.0,208.0,,false
823,100.0,201.0,,false
824,900.0,9.0,,false
825,1150.0,13.0,,false
826,1000.0,5.0,,false
827,1350.0,47.0,,true
828,500.0,56.0,,true
829,5000.0,20.0,,true
830,2200.0,139.0,,true
831,3500.0,258.0,,true
832,5000.0,600.0,,true
833,500.0,146.0,,true
834,125.0,505.0,,true
835,40.0,429.0,,true
836,350.0,143.0,,true
837,500.0,179.0,,false
838,500.0,329.0,,false
839,3300.0,26.0,,false
840,3300.0,28.0,,false
841,3300.0,21.0,,false
842,60.0,217.0,,false
843,60.0,175.0,,false
844,60.0,197.0,,false
845,800.0,5.0,,false
846,60.0,91.0,,false
847,60.0,83.0,,false
848,60.0,106.0,,false
849,60.0,91.0,,false
850,60.0,109.0,,false
851,60.0,113.0,,false
852,60.0,100.0,,false
853,60.0,99.0,,false
854,100.0,231.0,,false
855,100.0,197.0,,false
856,900.0,9.0,,false
857,1150.0,16.0,,false
858,1000.0,6.0,,false
859,1350.0,47.0,,true
860,500.0,58.0,,true
861,5000.0,19.0,,true
862,2200.0,133.0,,true
863,3500.0,389.0,,true
864,5000.0,600.0,,true
865,500.0,146.0,,true
866,125.0,508.0,,true
867,40.0,416.0,,true
868,350.0,143.0,,true
869,500.0,189.0,,false
870,500.0,473.0,,false
871,3300.0,22.0,,false
872,3300.0,23.0,,false
873,3300.0,22.0,,false
874,60.0,169.0,,false
875,60.0,234.0,,false
876,60.0,156.0,,false
877,60.0,240.0,,false
878,800.0,5.0,,false
879,60.0,118.0,,false
880,60.0,82.0,,false
881,60.0,99.0,,false
882,60.0,82.0,,false
883,60.0,115.0,,false
884,60.0,118.0,,false
885,100.0,187.0,,false
886,100.0,181.0,,false
887,900.0,8.0,,false
888,1150.0,15.0,,false
889,1000.0,8.0,,false
890,1350.0,49.0,,true
891,500.0,59.0,,true
892,5000.0,20.0,,true
893,2200.0,136.0,,true
894,3500.0,383.0,,true
895,5000.0,600.0,,true
896,500.0,155.0,,true
897,125.0,469.0,,true
898,40.0,414.0,,true
899,350.0,146.0,,true
900,500.0,185.0,,false
901,500.0,557.0,,false
902,3300.0,22.0,,false
903,3300.0,30.0,,false
904,3300.0,25.0,,false
905,60.0,160.0,,false
906,60.0,203.0,,false
907,60.0,170.0,,false
908,800.0,6.0,,false
909,60.0,113.0,,false
910,60.0,99.0,,false
911,60.0,92.0,,false
912,60.0,95.0,,false
913,60.0,113.0,,false
914,60.0,90.0,,false
915,60.0,88.0,,false
916,60.0,111.0,,false
917,60.0,106.0,,false
918,60.0,106.0,,false
919,100.0,220.0,,false
920,100.0,218.0,,false
921,900.0,8.0,,false
922,1150.0,16.0,,false
923,1000.0,7.0,,false
924,1350.0,48.0,,true
925,500.0,56.0,,true
926,5000.0,18.0,,true
927,2200.0,140.0,,true
928,3500.0,234.0,,true
929,5000.0,600.0,,true
930,500.0,149.0,,true
931,125.0,454.0,,true
932,40.0,413.0,,true
933,350.0,146.0,,true
934,500.0,175.0,,false
935,500.0,562.0,,false
936,3300.0,28.0,,false
937,3300.0,21.0,,false
938,3300.0,24.0,,false
939,60.0,173.0,,false
940,60.0,155.0,,false
941,60.0,193.0,,false
942,800.0,4.0,,false
943,60.0,91.0,,false
944,60.0,116.0,,false
945,60.0,116.0,,false
946,60.0,117.0,,false
947,60.0,97.0,,false
948,60.0,108.0,,false
949,60.0,120.0,,false
950,100.0,184.0,,false
951,100.0,194.0,,false
952,900.0,8.0,,false
953,1150.0,15.0,,false
954,1000.0,6.0,,false
955,1350.0,46.0,,true
956,500.0,60.0,,true
957,5000.0,19.0,,true
958,2200.0,134.0,,true
959,3500.0,389.0,,true
960,5000.0,600.0,,true
961,500.0,149.0,,true
962,125.0,464.0,,true
963,40.0,372.0,,true
964,350.0,144.0,,true
965,500.0,174.0,,false
966,500.0,350.0,,false
967,3300.0,28.0,,false
968,3300.0,25.0,,false
969,3300.0,22.0,,false
970,60.0,239.0,,false
971,60.0,242.0,,false
972,60.0,250.0,,false
973,800.0,5.0,,false
974,60.0,88.0,,false
975,60.0,105.0,,false
976,60.0,81.0,,false
977,60.0,88.0,,false
978,60.0,106.0,,false
979,60.0,85.0,,false
980,60.0,87.0,,false
981,60.0,93.0,,false
982,60.0,102.0,,false
983,60.0,119.0,,false
984,100.0,234.0,,false
985,100.0,235.0,,false
986,900.0,9.0,,false
987,1150.0,13.0,,false
988,1000.0,8.0,,false
989,1350.0,47.0,,true
990,500.0,56.0,,true
991,5000.0,19.0,,true
992,2200.0,132.0,,true
993,3500.0,232.0,,true
994,5000.0,600.0,,true
995,500.0,154.0,,true
996,125.0,456.0,,true
997,40.0,456.0,,true
998,350.0,152.0,,true
999,500.0,171.0,,false
1000,500.0,360.0,,false
1001,3300.0,21.0,,false
1002,3300.0,27.0,,false
1003,3300.0,23.0,,false
1004,60.0,191.0,,false
1005,60.0,212.0,,false
1006,60.0,176.0,,false
1007,60.0,170.0,,false
1008,800.0,5.0,,false
1009,60.0,103.0,,false
1010,60.0,110.0,,false
1011,60.0,101.0,,false
1012,60.0,103.0,,false
1013,60.0,92.0,,false
1014,60.0,114.0,,false
1015,60.0,110.0,,false
1016,60.0,99.0,,false
1017,100.0,207.0,,false
1018,100.0,248.0,,false
1019,900.0,8.0,,false
1020,1150.0,14.0,,false
1021,1000.0,6.0,,false
1022,1350.0,47.0,,true
1023,500.0,57.0,,true
1024,5000.0,18.0,,true
1025,2200.0,139.0,,true
1026,3500.0,306.0,,true
1027,5000.0,600.0,,true
1028,500.0,141.0,,true
1029,125.0,533.0,,true
1030,40.0,427.0,,true
1031,350.0,149.0,,true
1032,500.0,193.0,,false
1033,500.0,475.0,,false
1034,3300.0,21.0,,false
1035,3300.0,24.0,,false
1036,3300.0,21.0,,false
1037,60.0,218.0,,false
1038,60.0,223.0,,false
1039,60.0,224.0,,false
1040,800.0,6.0,,false
1041,60.0,110.0,,false
1042,60.0,110.0,,false
1043,60.0,90.0,,false
1044,60.0,115.0,,false
1045,60.0,95.0,,false
1046,60.0,99.0,,false
1047,60.0,106.0,,false
1048,60.0,112.0,,false
1049,60.0,117.0,,false
1050,60.0,100.0,,false
1051,100.0,210.0,,false
1052,100.0,243.0,,false
1053,900.0,7.0,,false
1054,1150.0,14.0,,false
1055,1000.0,8.0,,false
1056,1350.0,49.0,,true
1057,500.0,56.0,,true
1058,5000.0,18.0,,true
1059,2200.0,140.0,,true
1060,3500.0,230.0,,true
1061,5000.0,600.0,,true
1062,500.0,146.0,,true
1063,125.0,498.0,,true
1064,40.0,366.0,,true
1065,350.0,178.0,,true
1066,500.0,188.0,,false
1067,500.0,423.0,,false
1068,3300.0,29.0,,false
1069,3300.0,29.0,,false
1070,3300.0,28.0,,false
1071,60.0,212.0,,false
1072,60.0,179.0,,false
1073,60.0,214.0,,false
1074,800.0,6.0,,false
1075,60.0,108.0,,false
1076,60.0,110.0,,false
1077,60.0,81.0,,false
1078,60.0,87.0,,false
1079,60.0,104.0,,false
1080,60.0,112.0,,false
1081,60.0,101.0,,false
1082,60.0,82.0,,false
1083,60.0,108.0,,false
1084,60.0,88.0,,false
1085,100.0,220.0,,false
1086,100.0,207.0,,false
1087,900.0,8.0,,false
1088,1150.0,17.0,,false
1089,1000.0,6.0,,false
1090,1350.0,47.0,,true
1091,500.0,59.0,,true
1092,5000.0,20.0,,true
1093,2200.0,140.0,,true
1094,3500.0,326.0,,true
1095,5000.0,600.0,,true
1096,500.0,147.0,,true
1097,125.0,470.0,,true
1098,40.0,438.0,,true
1099,350.0,162.0,,true
1100,500.0,200.0,,false
1101,500.0,554.0,,false
1102,3300.0,21.0,,false
1103,3300.0,22.0,,false
1104,3300.0,28.0,,false
1105,60.0,222.0,,false
1106,60.0,187.0,,false
1107,60.0,154.0,,false
1108,800.0,6.0,,false
1109,60.0,84.0,,false
1110,60.0,85.0,,false
1111,60.0,107.0,,false
1112,60.0,81.0,,false
1113,60.0,91.0,,false
1114,60.0,90.0,,false
1115,60.0,103.0,,false
1116,60.0,105.0,,false
1117,60.0,101.0,,false
1118,100.0,223.0,,false
1119,100.0,189.0,,false
1120,900.0,8.0,,false
1121,1150.0,13.0,,false
1122,1000.0,7.0,,false
1123,1350.0,49.0,,true
1124,500.0,60.0,,true
1125,5000.0,20.0,,true
1126,2200.0,133.0,,true
1127,3500.0,227.0,,true
1128,5000.0,600.0,,true
1129,500.0,144.0,,true
1130,125.0,546.0,,true
1131,40.0,428.0,,true
1132,350.0,161.0,,true
1133,500.0,186.0,,false
1134,500.0,483.0,,false
1135,3300.0,29.0,,false
1136,3300.0,25.0,,false
1137,3300.0,27.0,,false
1138,60.0,151.0,,false
1139,60.0,157.0,,false
1140,60.0,208.0,,false
1141,800.0,4.0,,false
1142,60.0,104.0,,false
1143,60.0,82.0,,false
1144,60.0,85.0,,false
1145,60.0,102.0,,false
1146,60.0,83.0,,false
1147,60.0,119.0,,false
1148,60.0,110.0,,false
1149,60.0,83.0,,false
1150,60.0,96.0,,false
1151,60.0,85.0,,false
1152,100.0,214.0,,false
1153,100.0,210.0,,false
1154,900.0,8.0,,false
1155,1150.0,15.0,,false
1156,1000.0,7.0,,false
1157,1350.0,46.0,,true
1158,500.0,57.0,,true
1159,5000.0,20.0,,true
1160,2200.0,135.0,,true
1161,3500.0,283.0,,true
1162,5000.0,600.0,,true
1163,500.0,156.0,,true
1164,125.0,468.0,,true
1165,40.0,352.0,,true
1166,350.0,171.0,,true
1167,500.0,192.0,,false
1168,500.0,374.0,,false
1169,3300.0,23.0,,false
1170,3300.0,25.0,,false
1171,3300.0,26.0,,false
1172,60.0,223.0,,false
1173,60.0,170.0,,false
1174,60.0,180.0,,false
1175,800.0,5.0,,false
1176,60.0,82.0,,false
1177,60.0,97.0,,false
1178,60.0,111.0,,false
1179,60.0,97.0,,false
1180,60.0,112.0,,false
1181,60.0,89.0,,false
1182,100.0,197.0,,false
1183,100.0,200.0,,false
1184,900.0,10.0,,false
1185,1150.0,17.0,,false
1186,1000.0,7.0,,false
1187,1350.0,50.0,,true
1188,500.0,58.0,,true
1189,5000.0,17.0,,true
1190,2200.0,133.0,,true
1191,3500.0,219.0,,true
1192,5000.0,600.0,,true
1193,500.0,143.0,,true
1194,125.0,499.0,,true
1195,40.0,443.0,,true
1196,350.0,154.0,,true
1197,500.0,176.0,,false
1198,500.0,384.0,,false
1199,3300.0,24.0,,false
1200,3300.0,27.0,,false
1201,3300.0,21.0,,false
1202,60.0,230.0,,false
1203,60.0,171.0,,false
1204,60.0,153.0,,false
1205,800.0,4.0,,false
1206,60.0,82.0,,false
1207,60.0,108.0,,false
1208,60.0,115.0,,false
1209,60.0,96.0,,false
1210,60.0,95.0,,false
1211,60.0,85.0,,false
1212,60.0,88.0,,false
1213,60.0,105.0,,false
1214,100.0,198.0,,false
1215,100.0,219.0,,false
1216,900.0,8.0,,false
1217,1150.0,16.0,,false
1218,1000.0,7.0,,false
1219,1350.0,47.0,,true
1220,500.0,60.0,,true
1221,5000.0,20.0,,true
1222,2200.0,138.0,,true
1223,3500.0,223.0,,true
1224,5000.0,600.0,,true
1225,500.0,148.0,,true
1226,125.0,530.0,,true
1227,40.0,362.0,,true
1228,350.0,167.0,,true
1229,500.0,199.0,,false
1230,500.0,550.0,,false
1231,3300.0,29.0,,false
1232,3300.0,28.0,,false
1233,3300.0,28.0,,false
1234,60.0,242.0,,false
1235,60.0,212.0,,false
1236,60.0,221.0,,false
1237,60.0,168.0,,false
1238,800.0,4.0,,false
1239,60.0,82.0,,false
1240,60.0,92.0,,false
1241,60.0,84.0,,false
1242,60.0,100.0,,false
1243,60.0,114.0,,false
1244,60.0,86.0,,false
1245,60.0,100.0,,false
1246,60.0,96.0,,false
1247,100.0,228.0,,false
1248,100.0,214.0,,false
1249,900.0,10.0,,false
1250,1150.0,15.0,,false
1251,1000.0,7.0,,false
1252,1350.0,46.0,,true
1253,500.0,59.0,,true
1254,5000.0,19.0,,true
1255,2200.0,134.0,,true
1256,3500.0,322.0,,true
1257,5000.0,600.0,,true
1258,500.0,142.0,,true
1259,125.0,540.0,,true
1260,40.0,436.0,,true
1261,350.0,163.0,,true
1262,500.0,176.0,,false
1263,500.0,478.0,,false
1264,3300.0,27.0,,false
1265,3300.0,30.0,,false
1266,3300.0,25.0,,false
1267,60.0,178.0,,false
1268,60.0,214.0,,false
1269,60.0,199.0,,false
1270,60.0,207.0,,false
1271,800.0,6.0,,false
1272,60.0,90.0,,false
1273,60.0,84.0,,false
1274,60.0,85.0,,false
1275,60.0,104.0,,false
1276,60.0,85.0,,false
1277,60.0,117.0,,false
1278,60.0,90.0,,false
1279,60.0,84.0,,false
1280,100.0,204.0,,false
1281,100.0,237.0,,false
1282,900.0,9.0,,false
1283,1150.0,17.0,,false
1284,1000.0,5.0,,false
1285,1350.0,46.0,,true
1286,500.0,56.0,,true
1287,5000.0,19.0,,true
1288,2200.0,131.0,,true
1289,3500.0,218.0,,true
1290,5000.0,600.0,,true
1291,500.0,150.0,,true
1292,125.0,507.0,,true
1293,40.0,370.0,,true
1294,350.0,176.0,,true
1295,500.0,182.0,,false
1296,500.0,436.0,,false
1297,3300.0,25.0,,false
1298,3300.0,23.0,,false
1299,3300.0,22.0,,false
1300,60.0,176.0,,false
1301,60.0,244.0,,false
1302,60.0,233.0,,false
1303,60.0,211.0,,false
1304,800.0,5.0,,false
1305,60.0,104.0,,false
1306,60.0,114.0,,false
1307,60.0,91.0,,false
1308,60.0,114.0,,false
1309,60.0,113.0,,false
1310,60.0,92.0,,false
1311,60.0,88.0,,false
1312,60.0,108.0,,false
1313,60.0,108.0,,false
1314,100.0,197.0,,false
1315,100.0,201.0,,false
1316,900.0,9.0,,false
1317,1150.0,14.0,,false
1318,1000.0,7.0,,false
1319,1350.0,50.0,,true
1320,500.0,57.0,,true
1321,5000.0,18.0,,true
1322,2200.0,132.0,,true
1323,3500.0,201.0,,true
1324,5000.0,600.0,,true
1325,500.0,153.0,,true
1326,125.0,460.0,,true
1327,40.0,402.0,,true
1328,350.0,160.0,,true
1329,500.0,194.0,,false
1330,500.0,361.0,,false
1331,3300.0,28.0,,false
1332,3300.0,25.0,,false
1333,3300.0,25.0,,false
1334,60.0,167.0,,false
1335,60.0,202.0,,false
1336,60.0,237.0,,false
1337,800.0,5.0,,false
1338,60.0,113.0,,false
1339,60.0,82.0,,false
1340,60.0,113.0,,false
1341,60.0,85.0,,false
1342,60.0,103.0,,false
1343,60.0,108.0,,false
1344,60.0,107.0,,false
1345,100.0,183.0,,false
1346,100.0,185.0,,false
1347,900.0,9.0,,false
1348,1150.0,18.0,,false
1349,1000.0,8.0,,false
1350,1350.0,49.0,,true
1351,500.0,60.0,,true
1352,5000.0,16.0,,true
1353,2200.0,131.0,,true
1354,3500.0,290.0,,true
1355,5000.0,600.0,,true
1356,500.0,155.0,,true
1357,125.0,526.0,,true
1358,40.0,401.0,,true
1359,350.0,168.0,,true
1360,500.0,192.0,,false
1361,500.0,519.0,,false
1362,3300.0,27.0,,false
1363,3300.0,29.0,,false
1364,3300.0,22.0,,false
1365,60.0,241.0,,false
1366,60.0,162.0,,false
1367,60.0,228.0,,false
1368,60.0,181.0,,false
1369,800.0,4.0,,false
1370,60.0,97.0,,false
1371,60.0,110.0,,false
1372,60.0,103.0,,false
1373,60.0,118.0,,false
1374,60.0,120.0,,false
1375,60.0,98.0,,false
1376,60.0,88.0,,false
1377,60.0,113.0,,false
1378,100.0,208.0,,false
1379,100.0,199.0,,false
1380,900.0,7.0,,false
1381,1150.0,13.0,,false
1382,1000.0,7.0,,false
1383,1350.0,47.0,,true
1384,500.0,60.0,,true
1385,5000.0,20.0,,true
1386,2200.0,140.0,,true
1387,3500.0,228.0,,true
1388,5000.0,600.0,,true
1389,500.0,155.0,,true
1390,125.0,504.0,,true
1391,40.0,358.0,,true
1392,350.0,148.0,,true
1393,500.0,171.0,,false
1394,500.0,377.0,,false
1395,3300.0,23.0,,false
1396,3300.0,22.0,,false
1397,3300.0,26.0,,false
1398,60.0,209.0,,false
1399,60.0,197.0,,false
1400,60.0,161.0,,false
1401,800.0,4.0,,false
1402,60.0,105.0,,false
1403,60.0,95.0,,false
1404,60.0,106.0,,false
1405,60.0,102.0,,false
1406,60.0,85.0,,false
1407,60.0,103.0,,false
1408,60.0,102.0,,false
1409,60.0,87.0,,false
1410,100.0,216.0,,false
1411,100.0,240.0,,false
1412,900.0,7.0,,false
1413,1150.0,16.0,,false
1414,1000.0,6.0,,false
1415,1350.0,48.0,,true
1416,500.0,60.0,,true
1417,5000.0,16.0,,true
1418,2200.0,132.0,,true
1419,3500.0,259.0,,true
1420,5000.0,600.0,,true
1421,500.0,159.0,,true
1422,125.0,465.0,,true
1423,40.0,380.0,,true
1424,350.0,172.0,,true
1425,500.0,174.0,,false
1426,500.0,490.0,,false
1427,3300.0,30.0,,false
1428,3300.0,21.0,,false
1429,3300.0,21.0,,false
1430,60.0,172.0,,false
1431,60.0,241.0,,false
1432,60.0,198.0,,false
1433,800.0,5.0,,false
1434,60.0,119.0,,false
1435,60.0,92.0,,false
1436,60.0,109.0,,false
1437,60.0,95.0,,false
1438,60.0,112.0,,false
1439,60.0,93.0,,false
1440,60.0,94.0,,false
1441,100.0,209.0,,false
1442,100.0,183.0,,false
1443,900.0,7.0,,false
1444,1150.0,15.0,,false
1445,1000.0,8.0,,false
1446,1350.0,46.0,,true
1447,500.0,58.0,,true
1448,5000.0,16.0,,true
1449,2200.0,136.0,,true
1450,3500.0,389.0,,true
1451,5000.0,600.0,,true
1452,500.0,145.0,,true
1453,125.0,463.0,,true
1454,40.0,395.0,,true
1455,350.0,143.0,,true
1456,500.0,173.0,,false
1457,500.0,532.0,,false
1458,3300.0,30.0,,false
1459,3300.0,24.0,,false
1460,3300.0,29.0,,false
1461,60.0,219.0,,false
1462,60.0,208.0,,false
1463,60.0,172.0,,false
1464,60.0,223.0,,false
1465,800.0,6.0,,false
1466,60.0,118.0,,false
1467,60.0,109.0,,false
1468,60.0,93.0,,false
1469,60.0,99.0,,false
1470,60.0,92.0,,false
1471,60.0,113.0,,false
1472,100.0,185.0,,false
1473,100.0,215.0,,false
1474,900.0,7.0,,false
1475,1150.0,13.0,,false
1476,1000.0,7.0,,false
1477,1350.0,47.0,,true
1478,500.0,58.0,,true
1479,5000.0,19.0,,true
1480,2200.0,136.0,,true
1481,3500.0,311.0,,true
1482,5000.0,600.0,,true
1483,500.0,146.0,,true
1484,125.0,521.0,,true
1485,40.0,388.0,,true
1486,350.0,146.0,,true
1487,500.0,190.0,,false
1488,500.0,581.0,,false
1489,3300.0,29.0,,false
1490,3300.0,25.0,,false
1491,3300.0,21.0,,false
1492,60.0,184.0,,false
1493,60.0,205.0,,false
1494,60.0,247.0,,false
1495,60.0,185.0,,false
1496,800.0,5.0,,false
1497,60.0,84.0,,false
1498,60.0,120.0,,false
1499,60.0,108.0,,false
1500,60.0,110.0,,false
1501,60.0,109.0,,false
1502,60.0,85.0,,false
1503,60.0,96.0,,false
1504,60.0,92.0,,false
1505,60.0,87.0,,false
1506,60.0,95.0,,false
1507,100.0,198.0,,false
1508,100.0,227.0,,false
1509,900.0,8.0,,false
1510,1150.0,17.0,,false
1511,1000.0,5.0,,false
1512,1350.0,48.0,,true
1513,500.0,58.0,,true
1514,5000.0,16.0,,true
1515,2200.0,139.0,,true
1516,3500.0,279.0,,true
1517,5000.0,600.0,,true
1518,500.0,142.0,,true
1519,125.0,506.0,,true
1520,40.0,397.0,,true
1521,350.0,157.0,,true
1522,500.0,195.0,,false
1523,500.0,535.0,,false
1524,3300.0,30.0,,false
1525,3300.0,29.0,,false
1526,3300.0,29.0,,false
1527,60.0,211.0,,false
1528,60.0,205.0,,false
1529,60.0,167.0,,false
1530,800.0,4.0,,false
1531,60.0,106.0,,false
1532,60.0,95.0,,false
1533,60.0,90.0,,false
1534,60.0,114.0,,false
1535,60.0,111.0,,false
1536,60.0,81.0,,false
1537,60.0,91.0,,false
1538,60.0,110.0,,false
1539,60.0,87.0,,false
1540,60.0,96.0,,false
1541,100.0,188.0,,false
1542,100.0,192.0,,false
1543,900.0,9.0,,false
1544,1150.0,13.0,,false
1545,1000.0,5.0,,false
1546,1350.0,49.0,,true
1547,500.0,58.0,,true
1548,5000.0,18.0,,true
1549,2200.0,134.0,,true
1550,3500.0,292.0,,true
1551,5000.0,600.0,,true
1552,500.0,142.0,,true
1553,125.0,541.0,,true
1554,40.0,404.0,,true
1555,350.0,157.0,,true
1556,500.0,198.0,,false
1557,500.0,501.0,,false
1558,3300.0,29.0,,false
1559,3300.0,27.0,,false
1560,3300.0,26.0,,false
1561,60.0,246.0,,false
1562,60.0,195.0,,false
1563,60.0,205.0,,false
1564,60.0,206.0,,false
1565,800.0,6.0,,false
1566,60.0,96.0,,false
1567,60.0,89.0,,false
1568,60.0,107.0,,false
1569,60.0,83.0,,false
1570,60.0,115.0,,false
1571,60.0,105.0,,false
1572,60.0,100.0,,false
1573,60.0,105.0,,false
1574,60.0,95.0,,false
1575,60.0,82.0,,false
1576,100.0,187.0,,false
1577,100.0,239.0,,false
1578,900.0,8.0,,false
1579,1150.0,13.0,,false
1580,1000.0,8.0,,false
1581,1350.0,46.0,,true
1582,500.0,58.0,,true
1583,5000.0,18.0,,true
1584,2200.0,138.0,,true
1585,3500.0,243.0,,true
1586,5000.0,600.0,,true
1587,500.0,154.0,,true
1588,125.0,468.0,,true
1589,40.0,456.0,,true
1590,350.0,162.0,,true
1591,500.0,187.0,,false
1592,500.0,448.0,,false
1593,3300.0,25.0,,false
1594,3300.0,28.0,,false
1595,3300.0,22.0,,false
1596,60.0,155.0,,false
1597,60.0,191.0,,false
1598,60.0,198.0,,false
1599,800.0,5.0,,false
1600,60.0,97.0,,false
1601,60.0,94.0,,false
1602,60.0,115.0,,false
1603,60.0,105.0,,false
1604,60.0,97.0,,false
1605,60.0,109.0,,false
1606,60.0,90.0,,false
1607,100.0,193.0,,false
1608,100.0,230.0,,false
1609,900.0,9.0,,false
1610,1150.0,17.0,,false
1611,1000.0,7.0,,false
1612,1350.0,48.0,,true
1613,500.0,57.0,,true
1614,5000.0,20.0,,true
1615,2200.0,137.0,,true
1616,3500.0,291.0,,true
1617,5000.0,600.0,,true
1618,500.0,152.0,,true
1619,125.0,485.0,,true
1620,40.0,424.0,,true
1621,350.0,165.0,,true
1622,500.0,174.0,,false
1623,500.0,529.0,,false
1624,3300.0,24.0,,false
1625,3300.0,25.0,,false
1626,3300.0,21.0,,false
1627,60.0,178.0,,false
1628,60.0,156.0,,false
1629,60.0,222.0,,false
1630,800.0,5.0,,false
1631,60.0,82.0,,false
1632,60.0,90.0,,false
1633,60.0,103.0,,false
1634,60.0,85.0,,false
1635,60.0,107.0,,false
1636,60.0,88.0,,false
1637,60.0,111.0,,false
1638,60.0,96.0,,false
1639,60.0,83.0,,false
1640,60.0,85.0,,false
1641,100.0,217.0,,false
1642,100.0,203.0,,false
1643,900.0,10.0,,false
1644,1150.0,13.0,,false
1645,1000.0,7.0,,false
