Reference,height,width,stripwidth,preemptable
1,1350.0,46.0,720,true
2,500.0,57.0,,true
3,5000.0,18.0,,true
4,2200.0,139.0,,true
5,3500.0,249.0,,true
6,5000.0,600.0,,true
7,500.0,146.0,,true
8,125.0,456.0,,true
9,40.0,397.0,,true
10,350.0,144.0,,true
11,500.0,199.0,,false
12,500.0,478.0,,false
13,3300.0,23.0,,false
14,3300.0,25.0,,false
15,3300.0,25.0,,false
16,60.0,205.0,,false
17,60.0,175.0,,false
18,60.0,250.0,,false
19,800.0,5.0,,false
20,60.0,94.0,,false
21,60.0,91.0,,false
22,60.0,102.0,,false
23,60.0,114.0,,false
24,60.0,120.0,,false
25,60.0,91.0,,false
26,60.0,106.0,,false
27,60.0,105.0,,false
28,100.0,228.0,,false
29,100.0,188.0,,false
30,900.0,10.0,,false
31,1150.0,14.0,,false
32,1000.0,6.0,,false
33,1350.0,48.0,,true
34,500.0,57.0,,true
35,5000.0,18.0,,true
36,2200.0,137.0,,true
37,3500.0,269.0,,true
38,5000.0,600.0,,true
39,500.0,150.0,,true
40,125.0,516.0,,true
41,40.0,359.0,,true
42,350.0,141.0,,true
43,500.0,186.0,,false
44,500.0,532.0,,false
45,3300.0,24.0,,false
46,3300.0,25.0,,false
47,3300.0,22.0,,false
48,60.0,173.0,,false
49,60.0,233.0,,false
50,60.0,188.0,,false
51,60.0,164.0,,false
52,800.0,6.0,,false
53,60.0,100.0,,false
54,60.0,93.0,,false
55,60.0,83.0,,false
56,60.0,98.0,,false
57,60.0,101.0,,false
58,60.0,98.0,,false
59,60.0,92.0,,false
60,60.0,108.0,,false
61,60.0,119.0,,false
62,60.0,84.0,,false
63,100.0,226.0,,false
64,100.0,194.0,,false
65,900.0,10.0,,false
66,1150.0,14.0,,false
67,1000.0,7.0,,false
68,1350.0,48.0,,true
69,500.0,59.0,,true
70,5000.0,16.0,,true
71,2200.0,140.0,,true
72,3500.0,303.0,,true
73,5000.0,600.0,,true
74,500.0,150.0,,true
75,125.0,454.0,,true
76,40.0,454.0,,true
77,350.0,151.0,,true
78,500.0,182.0,,false
79,500.0,461.0,,false
80,3300.0,28.0,,false
81,3300.0,21.0,,false
82,3300.0,25.0,,false
83,60.0,222.0,,false
84,60.0,164.0,,false
85,60.0,192.0,,false
86,60.0,248.0,,false
87,800.0,4.0,,false
88,60.0,82.0,,false
89,60.0,81.0,,false
90,60.0,84.0,,false
91,60.0,116.0,,false
92,60.0,93.0,,false
93,60.0,112.0,,false
94,60.0,101.0,,false
95,60.0,112.0,,false
96,60.0,93.0,,false
97,60.0,107.0,,false
98,100.0,182.0,,false
99,100.0,189.0,,false
100,900.0,7.0,,false
101,1150.0,16.0,,false
102,1000.0,7.0,,false
103,1350.0,50.0,,true
104,500.0,56.0,,true
105,5000.0,20.0,,true
106,2200.0,138.0,,true
107,3500.0,260.0,,true
108,5000.0,600.0,,true
109,500.0,148.0,,true
110,125.0,459.0,,true
111,40.0,431.0,,true
112,350.0,148.0,,true
113,500.0,186.0,,false
114,500.0,408.0,,false
115,3300.0,28.0,,false
116,3300.0,25.0,,false
117,3300.0,30.0,,false
118,60.0,180.0,,false
119,60.0,237.0,,false
120,60.0,209.0,,false
121,60.0,241.0,,false
122,800.0,6.0,,false
123,60.0,84.0,,false
124,60.0,82.0,,false
125,60.0,98.0,,false
126,60.0,81.0,,false
127,60.0,109.0,,false
128,60.0,100.0,,false
129,60.0,110.0,,false
130,60.0,109.0,,false
131,60.0,94.0,,false
132,100.0,212.0,,false
133,100.0,236.0,,false
134,900.0,10.0,,false
135,1150.0,15.0,,false
136,1000.0,7.0,,false
137,1350.0,48.0,,true
138,500.0,58.0,,true
139,5000.0,16.0,,true
140,2200.0,140.0,,true
141,3500.0,384.0,,true
142,5000.0,600.0,,true
143,500.0,146.0,,true
144,125.0,478.0,,true
145,40.0,419.0,,true
146,350.0,172.0,,true
147,500.0,176.0,,false
148,500.0,343.0,,false
149,3300.0,23.0,,false
150,3300.0,24.0,,false
151,3300.0,22.0,,false
152,60.0,179.0,,false
153,60.0,196.0,,false
154,60.0,187.0,,false
155,60.0,186.0,,false
156,800.0,4.0,,false
157,60.0,91.0,,false
158,60.0,118.0,,false
159,60.0,88.0,,false
160,60.0,110.0,,false
161,60.0,99.0,,false
162,60.0,109.0,,false
163,60.0,104.0,,false
164,100.0,207.0,,false
165,100.0,211.0,,false
166,900.0,7.0,,false
167,1150.0,16.0,,false
168,1000.0,5.0,,false
169,1350.0,47.0,,true
170,500.0,56.0,,true
171,5000.0,20.0,,true
172,2200.0,135.0,,true
173,3500.0,280.0,,true
174,5000.0,600.0,,true
175,500.0,143.0,,true
176,125.0,522.0,,true
177,40.0,411.0,,true
178,350.0,154.0,,true
179,500.0,172.0,,false
180,500.0,572.0,,false
181,3300.0,22.0,,false
182,3300.0,26.0,,false
183,3300.0,25.0,,false
184,60.0,183.0,,false
185,60.0,227.0,,false
186,60.0,242.0,,false
187,800.0,4.0,,false
188,60.0,100.0,,false
189,60.0,99.0,,false
190,60.0,95.0,,false
191,60.0,96.0,,false
192,60.0,97.0,,false
193,60.0,92.0,,false
194,60.0,115.0,,false
195,100.0,207.0,,false
196,100.0,186.0,,false
197,900.0,7.0,,false
198,1150.0,17.0,,false
199,1000.0,8.0,,false
200,1350.0,49.0,,true
201,500.0,59.0,,true
202,5000.0,17.0,,true
203,2200.0,140.0,,true
204,3500.0,259.0,,true
205,5000.0,600.0,,true
206,500.0,147.0,,true
207,125.0,469.0,,true
208,40.0,456.0,,true
209,350.0,170.0,,true
210,500.0,189.0,,false
211,500.0,421.0,,false
212,3300.0,24.0,,false
213,3300.0,25.0,,false
214,3300.0,22.0,,false
215,60.0,215.0,,false
216,60.0,226.0,,false
217,60.0,161.0,,false
218,60.0,239.0,,false
219,800.0,6.0,,false
220,60.0,95.0,,false
221,60.0,105.0,,false
222,60.0,90.0,,false
223,60.0,86.0,,false
224,60.0,110.0,,false
225,60.0,88.0,,false
226,60.0,102.0,,false
227,60.0,96.0,,false
228,100.0,237.0,,false
229,100.0,183.0,,false
230,900.0,9.0,,false
231,1150.0,16.0,,false
232,1000.0,8.0,,false
233,1350.0,48.0,,true
234,500.0,57.0,,true
235,5000.0,16.0,,true
236,2200.0,134.0,,true
237,3500.0,245.0,,true
238,5000.0,600.0,,true
239,500.0,151.0,,true
240,125.0,546.0,,true
241,40.0,398.0,,true
242,350.0,154.0,,true
243,500.0,173.0,,false
244,500.0,570.0,,false
245,3300.0,28.0,,false
246,3300.0,29.0,,false
247,3300.0,23.0,,false
248,60.0,232.0,,false
249,60.0,156.0,,false
250,60.0,167.0,,false
251,60.0,235.0,,false
252,800.0,5.0,,false
253,60.0,105.0,,false
254,60.0,100.0,,false
255,60.0,104.0,,false
256,60.0,100.0,,false
257,60.0,119.0,,false
258,60.0,103.0,,false
259,60.0,105.0,,false
260,60.0,98.0,,false
261,100.0,195.0,,false
262,100.0,213.0,,false
263,900.0,7.0,,false
264,1150.0,16.0,,false
265,1000.0,8.0,,false
266,1350.0,48.0,,true
267,500.0,59.0,,true
268,5000.0,20.0,,true
269,2200.0,137.0,,true
270,3500.0,262.0,,true
271,5000.0,600.0,,true
272,500.0,158.0,,true
273,125.0,461.0,,true
274,40.0,400.0,,true
275,350.0,142.0,,true
276,500.0,194.0,,false
277,500.0,361.0,,false
278,3300.0,30.0,,false
279,3300.0,21.0,,false
280,3300.0,24.0,,false
281,60.0,206.0,,false
282,60.0,199.0,,false
283,60.0,201.0,,false
284,60.0,233.0,,false
285,800.0,4.0,,false
286,60.0,82.0,,false
287,60.0,96.0,,false
288,60.0,92.0,,false
289,60.0,101.0,,false
290,60.0,106.0,,false
291,60.0,85.0,,false
292,60.0,98.0,,false
293,60.0,89.0,,false
294,100.0,193.0,,false
295,100.0,248.0,,false
296,900.0,7.0,,false
297,1150.0,13.0,,false
298,1000.0,6.0,,false
299,1350.0,49.0,,true
300,500.0,56.0,,true
301,5000.0,19.0,,true
302,2200.0,133.0,,true
303,3500.0,386.0,,true
304,5000.0,600.0,,true
305,500.0,158.0,,true
306,125.0,488.0,,true
307,40.0,382.0,,true
308,350.0,161.0,,true
309,500.0,192.0,,false
310,500.0,453.0,,false
311,3300.0,21.0,,false
312,3300.0,24.0,,false
313,3300.0,21.0,,false
314,60.0,173.0,,false
315,60.0,179.0,,false
316,60.0,206.0,,false
317,60.0,202.0,,false
318,800.0,6.0,,false
319,60.0,96.0,,false
320,60.0,86.0,,false
321,60.0,85.0,,false
322,60.0,87.0,,false
323,60.0,102.0,,false
324,60.0,95.0,,false
325,60.0,120.0,,false
326,100.0,236.0,,false
327,100.0,242.0,,false
328,900.0,9.0,,false
329,1150.0,17.0,,false
330,1000.0,7.0,,false
331,1350.0,47.0,,true
332,500.0,60.0,,true
333,5000.0,19.0,,true
334,2200.0,137.0,,true
335,3500.0,269.0,,true
336,5000.0,600.0,,true
337,500.0,143.0,,true
338,125.0,496.0,,true
339,40.0,400.0,,true
340,350.0,175.0,,true
341,500.0,176.0,,false
342,500.0,354.0,,false
343,3300.0,25.0,,false
344,3300.0,24.0,,false
345,3300.0,23.0,,false
346,60.0,216.0,,false
347,60.0,228.0,,false
348,60.0,198.0,,false
349,60.0,235.0,,false
350,800.0,4.0,,false
351,60.0,95.0,,false
352,60.0,118.0,,false
353,60.0,85.0,,false
354,60.0,120.0,,false
355,60.0,84.0,,false
356,60.0,110.0,,false
357,100.0,194.0,,false
358,100.0,190.0,,false
359,900.0,9.0,,false
360,1150.0,18.0,,false
361,1000.0,7.0,,false
362,1350.0,48.0,,true
363,500.0,58.0,,true
364,5000.0,18.0,,true
365,2200.0,131.0,,true
366,3500.0,274.0,,true
367,5000.0,600.0,,true
368,500.0,160.0,,true
369,125.0,506.0,,true
370,40.0,359.0,,true
371,350.0,157.0,,true
372,500.0,194.0,,false
373,500.0,494.0,,false
374,3300.0,23.0,,false
375,3300.0,27.0,,false
376,3300.0,28.0,,false
377,60.0,226.0,,false
378,60.0,201.0,,false
379,60.0,214.0,,false
380,800.0,5.0,,false
381,60.0,90.0,,false
382,60.0,90.0,,false
383,60.0,81.0,,false
384,60.0,93.0,,false
385,60.0,120.0,,false
386,60.0,110.0,,false
387,60.0,101.0,,false
388,100.0,203.0,,false
389,100.0,197.0,,false
390,900.0,7.0,,false
391,1150.0,15.0,,false
392,1000.0,8.0,,false
393,1350.0,48.0,,true
394,500.0,56.0,,true
395,5000.0,19.0,,true
396,2200.0,133.0,,true
397,3500.0,300.0,,true
398,5000.0,600.0,,true
399,500.0,143.0,,true
400,125.0,467.0,,true
401,40.0,394.0,,true
402,350.0,166.0,,true
403,500.0,184.0,,false
404,500.0,310.0,,false
405,3300.0,21.0,,false
406,3300.0,30.0,,false
407,3300.0,30.0,,false
408,60.0,188.0,,false
409,60.0,235.0,,false
410,60.0,172.0,,false
411,60.0,250.0,,false
412,800.0,4.0,,false
413,60.0,115.0,,false
414,60.0,108.0,,false
415,60.0,101.0,,false
416,60.0,109.0,,false
417,60.0,100.0,,false
418,60.0,120.0,,false
419,60.0,99.0,,false
420,100.0,191.0,,false
421,100.0,217.0,,false
422,900.0,10.0,,false
423,1150.0,14.0,,false
424,1000.0,6.0,,false
425,1350.0,50.0,,true
426,500.0,60.0,,true
427,5000.0,17.0,,true
428,2200.0,138.0,,true
429,3500.0,270.0,,true
430,5000.0,600.0,,true
431,500.0,149.0,,true
432,125.0,482.0,,true
433,40.0,357.0,,true
434,350.0,143.0,,true
435,500.0,198.0,,false
436,500.0,444.0,,false
437,3300.0,21.0,,false
438,3300.0,27.0,,false
439,3300.0,28.0,,false
440,60.0,167.0,,false
441,60.0,243.0,,false
442,60.0,172.0,,false
443,800.0,6.0,,false
444,60.0,101.0,,false
445,60.0,120.0,,false
446,60.0,84.0,,false
447,60.0,108.0,,false
448,60.0,85.0,,false
449,60.0,84.0,,false
450,100.0,189.0,,false
451,100.0,181.0,,false
452,900.0,10.0,,false
453,1150.0,14.0,,false
454,1000.0,5.0,,false
455,1350.0,48.0,,true
456,500.0,58.0,,true
457,5000.0,17.0,,true
458,2200.0,140.0,,true
459,3500.0,274.0,,true
460,5000.0,600.0,,true
461,500.0,158.0,,true
462,125.0,531.0,,true
463,40.0,404.0,,true
464,350.0,167.0,,true
465,500.0,179.0,,false
466,500.0,335.0,,false
467,3300.0,30.0,,false
468,3300.0,28.0,,false
469,3300.0,24.0,,false
470,60.0,168.0,,false
471,60.0,238.0,,false
472,60.0,183.0,,false
473,800.0,4.0,,false
474,60.0,87.0,,false
475,60.0,111.0,,false
476,60.0,91.0,,false
477,60.0,89.0,,false
478,60.0,109.0,,false
479,60.0,84.0,,false
480,100.0,239.0,,false
481,100.0,205.0,,false
482,900.0,8.0,,false
483,1150.0,15.0,,false
484,1000.0,7.0,,false
485,1350.0,49.0,,true
486,500.0,59.0,,true
487,5000.0,17.0,,true
488,2200.0,140.0,,true
489,3500.0,268.0,,true
490,5000.0,600.0,,true
491,500.0,153.0,,true
492,125.0,461.0,,true
493,40.0,418.0,,true
494,350.0,141.0,,true
495,500.0,188.0,,false
496,500.0,326.0,,false
497,3300.0,25.0,,false
498,3300.0,22.0,,false
499,3300.0,29.0,,false
500,60.0,168.0,,false
501,60.0,154.0,,false
502,60.0,233.0,,false
503,60.0,209.0,,false
504,800.0,4.0,,false
505,60.0,83.0,,false
506,60.0,95.0,,false
507,60.0,108.0,,false
508,60.0,109.0,,false
509,60.0,120.0,,false
510,60.0,97.0,,false
511,60.0,108.0,,false
512,60.0,114.0,,false
513,100.0,207.0,,false
514,100.0,219.0,,false
515,900.0,9.0,,false
516,1150.0,14.0,,false
517,1000.0,5.0,,false
518,1350.0,49.0,,true
519,500.0,56.0,,true
520,5000.0,16.0,,true
521,2200.0,135.0,,true
522,3500.0,372.0,,true
523,5000.0,600.0,,true
524,500.0,153.0,,true
525,125.0,534.0,,true
526,40.0,373.0,,true
527,350.0,141.0,,true
528,500.0,180.0,,false
529,500.0,372.0,,false
530,3300.0,29.0,,false
531,3300.0,22.0,,false
532,3300.0,27.0,,false
533,60.0,173.0,,false
534,60.0,242.0,,false
535,60.0,160.0,,false
536,800.0,5.0,,false
537,60.0,85.0,,false
538,60.0,90.0,,false
539,60.0,118.0,,false
540,60.0,106.0,,false
541,60.0,98.0,,false
542,60.0,116.0,,false
543,60.0,112.0,,false
544,60.0,109.0,,false
545,100.0,246.0,,false
546,100.0,219.0,,false
547,900.0,10.0,,false
548,1150.0,13.0,,false
549,1000.0,5.0,,false
550,1350.0,46.0,,true
551,500.0,59.0,,true
552,5000.0,19.0,,true
553,2200.0,131.0,,true
554,3500.0,375.0,,true
555,5000.0,600.0,,true
556,500.0,150.0,,true
557,125.0,453.0,,true
558,40.0,431.0,,true
559,350.0,143.0,,true
560,500.0,196.0,,false
561,500.0,397.0,,false
562,3300.0,27.0,,false
563,3300.0,23.0,,false
564,3300.0,22.0,,false
565,60.0,185.0,,false
566,60.0,157.0,,false
567,60.0,235.0,,false
568,60.0,157.0,,false
569,800.0,4.0,,false
570,60.0,86.0,,false
571,60.0,82.0,,false
572,60.0,94.0,,false
573,60.0,99.0,,false
574,60.0,114.0,,false
575,60.0,108.0,,false
576,100.0,244.0,,false
577,100.0,222.0,,false
578,900.0,7.0,,false
579,1150.0,16.0,,false
580,1000.0,6.0,,false
581,1350.0,47.0,,true
582,500.0,59.0,,true
583,5000.0,16.0,,true
584,2200.0,131.0,,true
585,3500.0,228.0,,true
586,5000.0,600.0,,true
587,500.0,145.0,,true
588,125.0,533.0,,true
589,40.0,399.0,,true
590,350.0,164.0,,true
591,500.0,196.0,,false
592,500.0,534.0,,false
593,3300.0,21.0,,false
594,3300.0,30.0,,false
595,3300.0,28.0,,false
596,60.0,182.0,,false
597,60.0,229.0,,false
598,60.0,235.0,,false
599,60.0,178.0,,false
600,800.0,6.0,,false
601,60.0,90.0,,false
602,60.0,105.0,,false
603,60.0,111.0,,false
604,60.0,89.0,,false
605,60.0,107.0,,false
606,60.0,104.0,,false
607,60.0,81.0,,false
608,60.0,83.0,,false
609,60.0,100.0,,false
610,60.0,94.0,,false
611,100.0,250.0,,false
612,100.0,220.0,,false
613,900.0,10.0,,false
614,1150.0,16.0,,false
615,1000.0,8.0,,false
616,1350.0,46.0,,true
617,500.0,56.0,,true
618,5000.0,16.0,,true
619,2200.0,134.0,,true
620,3500.0,336.0,,true
621,5000.0,600.0,,true
622,500.0,142.0,,true
623,125.0,484.0,,true
624,40.0,450.0,,true
625,350.0,178.0,,true
626,500.0,182.0,,false
627,500.0,486.0,,false
628,3300.0,26.0,,false
629,3300.0,23.0,,false
630,3300.0,29.0,,false
631,60.0,238.0,,false
632,60.0,246.0,,false
633,60.0,194.0,,false
634,60.0,218.0,,false
635,800.0,5.0,,false
636,60.0,102.0,,false
637,60.0,104.0,,false
638,60.0,105.0,,false
639,60.0,114.0,,false
640,60.0,91.0,,false
641,60.0,117.0,,false
642,60.0,81.0,,false
643,60.0,106.0,,false
644,60.0,102.0,,false
645,60.0,110.0,,false
646,100.0,195.0,,false
647,100.0,234.0,,false
648,900.0,8.0,,false
649,1150.0,16.0,,false
650,1000.0,8.0,,false
651,1350.0,50.0,,true
652,500.0,57.0,,true
653,5000.0,18.0,,true
654,2200.0,134.0,,true
655,3500.0,268.0,,true
656,5000.0,600.0,,true
657,500.0,142.0,,true
658,125.0,462.0,,true
659,40.0,371.0,,true
660,350.0,167.0,,true
661,500.0,188.0,,false
662,500.0,351.0,,false
663,3300.0,26.0,,false
664,3300.0,27.0,,false
665,3300.0,24.0,,false
666,60.0,222.0,,false
667,60.0,161.0,,false
668,60.0,181.0,,false
669,60.0,203.0,,false
670,800.0,4.0,,false
671,60.0,120.0,,false
672,60.0,100.0,,false
673,60.0,114.0,,false
674,60.0,112.0,,false
675,60.0,92.0,,false
676,60.0,81.0,,false
677,60.0,96.0,,false
678,60.0,112.0,,false
679,100.0,192.0,,false
680,100.0,192.0,,false
681,900.0,7.0,,false
682,1150.0,13.0,,false
683,1000.0,6.0,,false
684,1350.0,48.0,,true
685,500.0,59.0,,true
686,5000.0,17.0,,true
687,2200.0,131.0,,true
688,3500.0,274.0,,true
689,5000.0,600.0,,true
690,500.0,156.0,,true
691,125.0,500.0,,true
692,40.0,394.0,,true
693,350.0,144.0,,true
694,500.0,194.0,,false
695,500.0,581.0,,false
696,3300.0,26.0,,false
697,3300.0,22.0,,false
698,3300.0,28.0,,false
699,60.0,208.0,,false
700,60.0,218.0,,false
701,60.0,194.0,,false
702,800.0,4.0,,false
703,60.0,87.0,,false
704,60.0,108.0,,false
705,60.0,109.0,,false
706,60.0,96.0,,false
707,60.0,115.0,,false
708,60.0,107.0,,false
709,60.0,102.0,,false
710,60.0,120.0,,false
711,60.0,89.0,,false
712,100.0,229.0,,false
713,100.0,202.0,,false
714,900.0,7.0,,false
715,1150.0,17.0,,false
716,1000.0,7.0,,false
717,1350.0,48.0,,true
718,500.0,59.0,,true
719,5000.0,20.0,,true
720,2200.0,131.0,,true
721,3500.0,371.0,,true
722,5000.0,600.0,,true
723,500.0,156.0,,true
724,125.0,525.0,,true
725,40.0,443.0,,true
726,350.0,175.0,,true
727,500.0,175.0,,false
728,500.0,445.0,,false
729,3300.0,24.0,,false
730,3300.0,21.0,,false
731,3300.0,29.0,,false
732,60.0,225.0,,false
733,60.0,231.0,,false
734,60.0,157.0,,false
735,800.0,5.0,,false
736,60.0,91.0,,false
737,60.0,100.0,,false
738,60.0,95.0,,false
739,60.0,95.0,,false
740,60.0,98.0,,false
741,60.0,98.0,,false
742,60.0,119.0,,false
743,100.0,200.0,,false
744,100.0,236.0,,false
745,900.0,8.0,,false
746,1150.0,17.0,,false
747,1000.0,5.0,,false
748,1350.0,49.0,,true
749,500.0,58.0,,true
750,5000.0,20.0,,true
751,2200.0,140.0,,true
752,3500.0,320.0,,true
753,5000.0,600.0,,true
754,500.0,155.0,,true
755,125.0,537.0,,true
756,40.0,408.0,,true
757,350.0,149.0,,true
758,500.0,177.0,,false
759,500.0,460.0,,false
760,3300.0,21.0,,false
761,3300.0,28.0,,false
762,3300.0,26.0,,false
763,60.0,246.0,,false
764,60.0,241.0,,false
765,60.0,164.0,,false
766,800.0,6.0,,false
767,60.0,116.0,,false
768,60.0,108.0,,false
769,60.0,118.0,,false
770,60.0,111.0,,false
771,60.0,114.0,,false
772,60.0,108.0,,false
773,60.0,98.0,,false
774,60.0,106.0,,false
775,100.0,203.0,,false
776,100.0,233.0,,false
777,900.0,9.0,,false
778,1150.0,14.0,,false
779,1000.0,7.0,,false
780,1350.0,50.0,,true
781,500.0,60.0,,true
782,5000.0,20.0,,true
783,2200.0,135.0,,true
784,3500.0,347.0,,true
785,5000.0,600.0,,true
786,500.0,149.0,,true
787,125.0,540.0,,true
788,40.0,455.0,,true
789,350.0,144.0,,true
790,500.0,185.0,,false
791,500.0,393.0,,false
792,3300.0,29.0,,false
793,3300.0,23.0,,false
794,3300.0,25.0,,false
795,60.0,234.0,,false
796,60.0,176.0,,false
797,60.0,206.0,,false
798,60.0,187.0,,false
799,800.0,5.0,,false
800,60.0,120.0,,false
801,60.0,97.0,,false
802,60.0,109.0,,false
803,60.0,92.0,,false
804,60.0,104.0,,false
805,60.0,108.0,,false
806,60.0,106.0,,false
807,100.0,207.0,,false
808,100.0,203.0,,false
809,900.0,7.0,,false
810,1150.0,15.0,,false
811,1000.0,5.0,,false
812,1350.0,50.0,,true
813,500.0,59.0,,true
814,5000.0,17.0,,true
815,2200.0,131.0,,true
816,3500.0,307.0,,true
817,5000.0,600.0,,true
818,500.0,143.0,,true
819,125.0,541.0,,true
820,40.0,442.0,,true
821,350.0,146.0,,true
822,500.0,189.0,,false
823,500.0,476.0,,false
824,3300.0,29.0,,false
825,3300.0,26.0,,false
826,3300.0,24.0,,false
827,60.0,222.0,,false
828,60.0,172.0,,false
829,60.0,247.0,,false
830,60.0,172.0,,false
831,800.0,6.0,,false
832,60.0,112.0,,false
833,60.0,106.0,,false
834,60.0,89.0,,false
835,60.0,108.0,,false
836,60.0,110.0,,false
837,60.0,97.0,,false
838,60.0,106.0,,false
839,60.0,119.0,,false
840,60.0,82.0,,false
841,60.0,119.0,,false
842,100.0,211.0,,false
843,100.0,195.0,,false
844,900.0,8.0,,false
845,1150.0,13.0,,false
846,1000.0,8.0,,false
847,1350.0,46.0,,true
848,500.0,59.0,,true
849,5000.0,18.0,,true
850,2200.0,139.0,,true
851,3500.0,331.0,,true
852,5000.0,600.0,,true
853,500.0,156.0,,true
854,125.0,547.0,,true
855,40.0,428.0,,true
856,350.0,141.0,,true
857,500.0,187.0,,false
858,500.0,592.0,,false
859,3300.0,24.0,,false
860,3300.0,25.0,,false
861,3300.0,29.0,,false
862,60.0,200.0,,false
863,60.0,230.0,,false
864,60.0,210.0,,false
865,60.0,164.0,,false
866,800.0,5.0,,false
867,60.0,99.0,,false
868,60.0,101.0,,false
869,60.0,119.0,,false
870,60.0,118.0,,false
871,60.0,96.0,,false
872,60.0,111.0,,false
873,60.0,111.0,,false
874,100.0,244.0,,false
875,100.0,187.0,,false
876,900.0,8.0,,false
877,1150.0,17.0,,false
878,1000.0,8.0,,false
879,1350.0,50.0,,true
880,500.0,56.0,,true
881,5000.0,16.0,,true
882,2200.0,137.0,,true
883,3500.0,221.0,,true
884,5000.0,600.0,,true
885,500.0,146.0,,true
886,125.0,468.0,,true
887,40.0,353.0,,true
888,350.0,167.0,,true
889,500.0,171.0,,false
890,500.0,460.0,,false
891,3300.0,30.0,,false
892,3300.0,23.0,,false
893,3300.0,22.0,,false
894,60.0,196.0,,false
895,60.0,242.0,,false
896,60.0,175.0,,false
897,800.0,5.0,,false
898,60.0,112.0,,false
899,60.0,105.0,,false
900,60.0,101.0,,false
901,60.0,117.0,,false
902,60.0,106.0,,false
903,60.0,115.0,,false
904,60.0,98.0,,false
905,60.0,96.0,,false
906,100.0,214.0,,false
907,100.0,244.0,,false
908,900.0,10.0,,false
909,1150.0,15.0,,false
910,1000.0,7.0,,false
911,1350.0,46.0,,true
912,500.0,57.0,,true
913,5000.0,16.0,,true
914,2200.0,140.0,,true
915,3500.0,335.0,,true
916,5000.0,600.0,,true
917,500.0,141.0,,true
918,125.0,490.0,,true
919,40.0,414.0,,true
920,350.0,156.0,,true
921,500.0,180.0,,false
922,500.0,578.0,,false
923,3300.0,23.0,,false
924,3300.0,26.0,,false
925,3300.0,23.0,,false
926,60.0,166.0,,false
927,60.0,194.0,,false
928,60.0,199.0,,false
929,60.0,195.0,,false
930,800.0,4.0,,false
931,60.0,92.0,,false
932,60.0,95.0,,false
933,60.0,104.0,,false
934,60.0,118.0,,false
935,60.0,108.0,,false
936,60.0,100.0,,false
937,60.0,97.0,,false
938,60.0,116.0,,false
939,60.0,87.0,,false
940,100.0,233.0,,false
941,100.0,235.0,,false
942,900.0,9.0,,false
943,1150.0,17.0,,false
944,1000.0,7.0,,false
945,1350.0,47.0,,true
946,500.0,58.0,,true
947,5000.0,17.0,,true
948,2200.0,133.0,,true
949,3500.0,221.0,,true
950,5000.0,600.0,,true
951,500.0,153.0,,true
952,125.0,471.0,,true
953,40.0,435.0,,true
954,350.0,141.0,,true
955,500.0,173.0,,false
956,500.0,453.0,,false
957,3300.0,26.0,,false
958,3300.0,26.0,,false
959,3300.0,27.0,,false
960,60.0,187.0,,false
961,60.0,221.0,,false
962,60.0,239.0,,false
963,800.0,6.0,,false
964,60.0,106.0,,false
965,60.0,103.0,,false
966,60.0,96.0,,false
967,60.0,82.0,,false
968,60.0,90.0,,false
969,60.0,96.0,,false
970,60.0,87.0,,false
971,60.0,101.0,,false
972,60.0,87.0,,false
973,60.0,104.0,,false
974,100.0,200.0,,false
975,100.0,195.0,,false
976,900.0,10.0,,false
977,1150.0,16.0,,false
978,1000.0,8.0,,false
979,1350.0,48.0,,true
980,500.0,60.0,,true
981,5000.0,18.0,,true
982,2200.0,132.0,,true
983,3500.0,311.0,,true
984,5000.0,600.0,,true
985,500.0,154.0,,true
986,125.0,537.0,,true
987,40.0,421.0,,true
988,350.0,160.0,,true
989,500.0,181.0,,false
990,500.0,385.0,,false
991,3300.0,25.0,,false
992,3300.0,29.0,,false
993,3300.0,26.0,,false
994,60.0,230.0,,false
995,60.0,219.0,,false
996,60.0,212.0,,false
997,800.0,6.0,,false
998,60.0,99.0,,false
999,60.0,100.0,,false
1000,60.0,100.0,,false
1001,60.0,90.0,,false
1002,60.0,88.0,,false
1003,60.0,95.0,,false
1004,60.0,89.0,,false
1005,60.0,114.0,,false
1006,60.0,95.0,,false
1007,100.0,218.0,,false
1008,100.0,223.0,,false
1009,900.0,8.0,,false
1010,1150.0,18.0,,false
1011,1000.0,7.0,,false
1012,1350.0,49.0,,true
1013,500.0,58.0,,true
1014,5000.0,17.0,,true
1015,2200.0,136.0,,true
1016,3500.0,234.0,,true
1017,5000.0,600.0,,true
1018,500.0,157.0,,true
1019,125.0,513.0,,true
1020,40.0,391.0,,true
1021,350.0,156.0,,true
1022,500.0,190.0,,false
1023,500.0,549.0,,false
1024,3300.0,24.0,,false
1025,3300.0,28.0,,false
1026,3300.0,30.0,,false
1027,60.0,172.0,,false
1028,60.0,180.0,,false
1029,60.0,177.0,,false
1030,800.0,5.0,,false
1031,60.0,87.0,,false
1032,60.0,113.0,,false
1033,60.0,107.0,,false
1034,60.0,105.0,,false
1035,60.0,83.0,,false
1036,60.0,96.0,,false
1037,60.0,91.0,,false
1038,60.0,96.0,,false
1039,60.0,92.0,,false
1040,60.0,110.0,,false
1041,100.0,218.0,,false
1042,100.0,202.0,,false
1043,900.0,7.0,,false
1044,1150.0,17.0,,false
1045,1000.0,5.0,,false
1046,1350.0,46.0,,true
1047,500.0,59.0,,true
1048,5000.0,17.0,,true
1049,2200.0,139.0,,true
1050,3500.0,281.0,,true
1051,5000.0,600.0,,true
1052,500.0,141.0,,true
1053,125.0,507.0,,true
1054,40.0,354.0,,true
1055,350.0,151.0,,true
1056,500.0,173.0,,false
1057,500.0,441.0,,false
1058,3300.0,25.0,,false
1059,3300.0,26.0,,false
1060,3300.0,28.0,,false
1061,60.0,186.0,,false
1062,60.0,229.0,,false
1063,60.0,192.0,,false
1064,60.0,250.0,,false
1065,800.0,4.0,,false
1066,60.0,98.0,,false
1067,60.0,102.0,,false
1068,60.0,107.0,,false
1069,60.0,115.0,,false
1070,60.0,102.0,,false
1071,60.0,85.0,,false
1072,100.0,203.0,,false
1073,100.0,243.0,,false
1074,900.0,8.0,,false
1075,1150.0,14.0,,false
1076,1000.0,6.0,,false
1077,1350.0,47.0,,true
1078,500.0,56.0,,true
1079,5000.0,19.0,,true
1080,2200.0,135.0,,true
1081,3500.0,222.0,,true
1082,5000.0,600.0,,true
1083,500.0,157.0,,true
1084,125.0,505.0,,true
1085,40.0,392.0,,true
1086,350.0,153.0,,true
1087,500.0,194.0,,false
1088,500.0,348.0,,false
1089,3300.0,27.0,,false
1090,3300.0,30.0,,false
1091,3300.0,29.0,,false
1092,60.0,191.0,,false
1093,60.0,247.0,,false
1094,60.0,239.0,,false
1095,800.0,6.0,,false
1096,60.0,111.0,,false
1097,60.0,86.0,,false
1098,60.0,105.0,,false
1099,60.0,100.0,,false
1100,60.0,94.0,,false
1101,60.0,114.0,,false
1102,60.0,88.0,,false
1103,60.0,108.0,,false
1104,60.0,96.0,,false
1105,60.0,83.0,,false
1106,100.0,199.0,,false
1107,100.0,212.0,,false
1108,900.0,8.0,,false
1109,1150.0,13.0,,false
1110,1000.0,5.0,,false
1111,1350.0,46.0,,true
1112,500.0,60.0,,true
1113,5000.0,19.0,,true
1114,2200.0,137.0,,true
1115,3500.0,387.0,,true
1116,5000.0,600.0,,true
1117,500.0,144.0,,true
1118,125.0,547.0,,true
1119,40.0,359.0,,true
1120,350.0,170.0,,true
1121,500.0,173.0,,false
1122,500.0,573.0,,false
1123,3300.0,22.0,,false
1124,3300.0,24.0,,false
1125,3300.0,23.0,,false
1126,60.0,167.0,,false
1127,60.0,195.0,,false
1128,60.0,174.0,,false
1129,60.0,245.0,,false
1130,800.0,4.0,,false
1131,60.0,87.0,,false
1132,60.0,102.0,,false
1133,60.0,102.0,,false
1134,60.0,118.0,,false
1135,60.0,100.0,,false
1136,60.0,92.0,,false
1137,100.0,236.0,,false
1138,100.0,233.0,,false
1139,900.0,10.0,,false
1140,1150.0,18.0,,false
1141,1000.0,5.0,,false
1142,1350.0,49.0,,true
1143,500.0,60.0,,true
1144,5000.0,20.0,,true
1145,2200.0,140.0,,true
1146,3500.0,333.0,,true
1147,5000.0,600.0,,true
1148,500.0,149.0,,true
1149,125.0,468.0,,true
1150,40.0,366.0,,true
1151,350.0,154.0,,true
1152,500.0,194.0,,false
1153,500.0,302.0,,false
1154,3300.0,22.0,,false
1155,3300.0,27.0,,false
1156,3300.0,26.0,,false
1157,60.0,206.0,,false
1158,60.0,161.0,,false
1159,60.0,182.0,,false
1160,800.0,4.0,,false
1161,60.0,89.0,,false
1162,60.0,88.0,,false
1163,60.0,84.0,,false
1164,60.0,120.0,,false
1165,60.0,118.0,,false
1166,60.0,103.0,,false
1167,60.0,119.0,,false
1168,60.0,103.0,,false
1169,100.0,235.0,,false
1170,100.0,183.0,,false
1171,900.0,7.0,,false
1172,1150.0,13.0,,false
1173,1000.0,7.0,,false
1174,1350.0,48.0,,true
1175,500.0,56.0,,true
1176,5000.0,20.0,,true
1177,2200.0,134.0,,true
1178,3500.0,342.0,,true
1179,5000.0,600.0,,true
1180,500.0,153.0,,true
1181,125.0,472.0,,true
1182,40.0,359.0,,true
1183,350.0,147.0,,true
1184,500.0,184.0,,false
1185,500.0,456.0,,false
1186,3300.0,25.0,,false
1187,3300.0,21.0,,false
1188,3300.0,24.0,,false
1189,60.0,170.0,,false
1190,60.0,189.0,,false
1191,60.0,245.0,,false
1192,60.0,153.0,,false
1193,800.0,6.0,,false
1194,60.0,103.0,,false
1195,60.0,111.0,,false
1196,60.0,89.0,,false
1197,60.0,110.0,,false
1198,60.0,98.0,,false
1199,60.0,97.0,,false
1200,100.0,206.0,,false
1201,100.0,221.0,,false
1202,900.0,10.0,,false
1203,1150.0,14.0,,false
1204,1000.0,6.0,,false
1205,1350.0,47.0,,true
1206,500.0,59.0,,true
1207,5000.0,20.0,,true
1208,2200.0,140.0,,true
1209,3500.0,206.0,,true
1210,5000.0,600.0,,true
1211,500.0,156.0,,true
1212,125.0,488.0,,true
1213,40.0,389.0,,true
1214,350.0,180.0,,true
1215,500.0,173.0,,false
1216,500.0,332.0,,false
1217,3300.0,27.0,,false
1218,3300.0,22.0,,false
1219,3300.0,21.0,,false
1220,60.0,196.0,,false
1221,60.0,199.0,,false
1222,60.0,244.0,,false
1223,800.0,5.0,,false
1224,60.0,95.0,,false
1225,60.0,110.0,,false
1226,60.0,110.0,,false
1227,60.0,99.0,,false
1228,60.0,106.0,,false
1229,60.0,82.0,,false
1230,60.0,96.0,,false
1231,60.0,86.0,,false
1232,60.0,81.0,,false
1233,100.0,229.0,,false
1234,100.0,250.0,,false
1235,900.0,10.0,,false
1236,1150.0,14.0,,false
1237,1000.0,6.0,,false
1238,1350.0,47.0,,true
1239,500.0,58.0,,true
1240,5000.0,17.0,,true
1241,2200.0,134.0,,true
1242,3500.0,246.0,,true
1243,5000.0,600.0,,true
1244,500.0,146.0,,true
1245,125.0,523.0,,true
1246,40.0,367.0,,true
1247,350.0,172.0,,true
1248,500.0,185.0,,false
1249,500.0,551.0,,false
1250,3300.0,29.0,,false
1251,3300.0,26.0,,false
1252,3300.0,28.0,,false
1253,60.0,201.0,,false
1254,60.0,174.0,,false
1255,60.0,203.0,,false
1256,60.0,168.0,,false
1257,800.0,4.0,,false
1258,60.0,81.0,,false
1259,60.0,104.0,,false
1260,60.0,106.0,,false
1261,60.0,104.0,,false
1262,60.0,94.0,,false
1263,60.0,119.0,,false
1264,60.0,111.0,,false
1265,60.0,96.0,,false
1266,60.0,91.0,,false
1267,60.0,103.0,,false
1268,100.0,203.0,,false
1269,100.0,244.0,,false
1270,900.0,7.0,,false
1271,1150.0,18.0,,false
1272,1000.0,5.0,,false
1273,1350.0,50.0,,true
1274,500.0,58.0,,true
1275,5000.0,18.0,,true
1276,2200.0,132.0,,true
1277,3500.0,350.0,,true
1278,5000.0,600.0,,true
1279,500.0,146.0,,true
1280,125.0,528.0,,true
1281,40.0,368.0,,true
1282,350.0,180.0,,true
1283,500.0,177.0,,false
1284,500.0,494.0,,false
1285,3300.0,23.0,,false
1286,3300.0,29.0,,false
1287,3300.0,23.0,,false
1288,60.0,217.0,,false
1289,60.0,154.0,,false
1290,60.0,235.0,,false
1291,800.0,4.0,,false
1292,60.0,119.0,,false
1293,60.0,89.0,,false
1294,60.0,117.0,,false
1295,60.0,116.0,,false
1296,60.0,112.0,,false
1297,60.0,90.0,,false
1298,60.0,120.0,,false
1299,100.0,236.0,,false
1300,100.0,236.0,,false
1301,900.0,10.0,,false
1302,1150.0,15.0,,false
1303,1000.0,6.0,,false
1304,1350.0,50.0,,true
1305,500.0,58.0,,true
1306,5000.0,19.0,,true
1307,2200.0,135.0,,true
1308,3500.0,234.0,,true
1309,5000.0,600.0,,true
1310,500.0,151.0,,true
1311,125.0,488.0,,true
1312,40.0,394.0,,true
1313,350.0,151.0,,true
1314,500.0,198.0,,false
1315,500.0,400.0,,false
1316,3300.0,24.0,,false
1317,3300.0,23.0,,false
1318,3300.0,30.0,,false
1319,60.0,236.0,,false
1320,60.0,159.0,,false
1321,60.0,216.0,,false
1322,800.0,6.0,,false
1323,60.0,82.0,,false
1324,60.0,93.0,,false
1325,60.0,108.0,,false
1326,60.0,117.0,,false
1327,60.0,81.0,,false
1328,60.0,101.0,,false
1329,60.0,92.0,,false
1330,60.0,117.0,,false
1331,100.0,189.0,,false
1332,100.0,200.0,,false
1333,900.0,7.0,,false
1334,1150.0,14.0,,false
1335,1000.0,6.0,,false
1336,1350.0,49.0,,true
1337,500.0,56.0,,true
1338,5000.0,16.0,,true
1339,2200.0,134.0,,true
1340,3500.0,240.0,,true
1341,5000.0,600.0,,true
1342,500.0,147.0,,true
1343,125.0,511.0,,true
1344,40.0,389.0,,true
1345,350.0,179.0,,true
1346,500.0,180.0,,false
1347,500.0,319.0,,false
1348,3300.0,29.0,,false
1349,3300.0,25.0,,false
1350,3300.0,29.0,,false
1351,60.0,188.0,,false
1352,60.0,224.0,,false
1353,60.0,183.0,,false
1354,60.0,168.0,,false
1355,800.0,5.0,,false
1356,60.0,116.0,,false
1357,60.0,83.0,,false
1358,60.0,104.0,,false
1359,60.0,102.0,,false
1360,60.0,84.0,,false
1361,60.0,96.0,,false
1362,60.0,105.0,,false
1363,60.0,90.0,,false
1364,60.0,86.0,,false
1365,60.0,91.0,,false
1366,100.0,243.0,,false
1367,100.0,231.0,,false
1368,900.0,9.0,,false
1369,1150.0,16.0,,false
1370,1000.0,5.0,,false
1371,1350.0,49.0,,true
1372,500.0,56.0,,true
1373,5000.0,20.0,,true
1374,2200.0,140.0,,true
1375,3500.0,324.0,,true
1376,5000.0,600.0,,true
1377,500.0,157.0,,true
1378,125.0,466.0,,true
1379,40.0,376.0,,true
1380,350.0,164.0,,true
1381,500.0,197.0,,false
1382,500.0,557.0,,false
1383,3300.0,21.0,,false
1384,3300.0,25.0,,false
1385,3300.0,22.0,,false
1386,60.0,213.0,,false
1387,60.0,188.0,,false
1388,60.0,205.0,,false
1389,800.0,4.0,,false
1390,60.0,99.0,,false
1391,60.0,92.0,,false
1392,60.0,112.0,,false
1393,60.0,109.0,,false
1394,60.0,89.0,,false
1395,60.0,112.0,,false
1396,60.0,119.0,,false
1397,60.0,90.0,,false
1398,60.0,114.0,,false
1399,100.0,227.0,,false
1400,100.0,193.0,,false
1401,900.0,8.0,,false
1402,1150.0,14.0,,false
1403,1000.0,5.0,,false
1404,1350.0,49.0,,true
1405,500.0,57.0,,true
1406,5000.0,19.0,,true
1407,2200.0,134.0,,true
1408,3500.0,338.0,,true
1409,5000.0,600.0,,true
1410,500.0,143.0,,true
1411,125.0,500.0,,true
1412,40.0,380.0,,true
1413,350.0,142.0,,true
1414,500.0,173.0,,false
1415,500.0,587.0,,false
1416,3300.0,23.0,,false
1417,3300.0,22.0,,false
1418,3300.0,22.0,,false
1419,60.0,153.0,,false
1420,60.0,184.0,,false
1421,60.0,194.0,,false
1422,800.0,5.0,,false
1423,60.0,102.0,,false
1424,60.0,92.0,,false
1425,60.0,114.0,,false
1426,60.0,89.0,,false
1427,60.0,108.0,,false
1428,60.0,96.0,,false
1429,60.0,114.0,,false
1430,100.0,236.0,,false
1431,100.0,190.0,,false
1432,900.0,9.0,,false
1433,1150.0,14.0,,false
1434,1000.0,5.0,,false
1435,1350.0,49.0,,true
1436,500.0,56.0,,true
1437,5000.0,20.0,,true
1438,2200.0,133.0,,true
1439,3500.0,251.0,,true
1440,5000.0,600.0,,true
1441,500.0,159.0,,true
1442,125.0,486.0,,true
1443,40.0,379.0,,true
1444,350.0,164.0,,true
1445,500.0,185.0,,false
1446,500.0,396.0,,false
1447,3300.0,30.0,,false
1448,3300.0,30.0,,false
1449,3300.0,27.0,,false
1450,60.0,217.0,,false
1451,60.0,177.0,,false
1452,60.0,186.0,,false
1453,800.0,5.0,,false
1454,60.0,114.0,,false
1455,60.0,92.0,,false
1456,60.0,83.0,,false
1457,60.0,88.0,,false
1458,60.0,120.0,,false
1459,60.0,94.0,,false
1460,60.0,87.0,,false
1461,60.0,109.0,,false
1462,60.0,112.0,,false
1463,60.0,93.0,,false
1464,100.0,186.0,,false
1465,100.0,205.0,,false
1466,900.0,7.0,,false
1467,1150.0,18.0,,false
1468,1000.0,6.0,,false
1469,1350.0,49.0,,true
1470,500.0,60.0,,true
1471,5000.0,20.0,,true
1472,2200.0,134.0,,true
1473,3500.0,368.0,,true
1474,5000.0,600.0,,true
1475,500.0,156.0,,true
1476,125.0,468.0,,true
1477,40.0,409.0,,true
1478,350.0,177.0,,true
1479,500.0,188.0,,false
1480,500.0,471.0,,false
1481,3300.0,21.0,,false
1482,3300.0,29.0,,false
1483,3300.0,30.0,,false
1484,60.0,185.0,,false
1485,60.0,170.0,,false
1486,60.0,220.0,,false
1487,60.0,193.0,,false
1488,800.0,6.0,,false
1489,60.0,111.0,,false
1490,60.0,91.0,,false
1491,60.0,109.0,,false
1492,60.0,87.0,,false
1493,60.0,82.0,,false
1494,60.0,95.0,,false
1495,60.0,96.0,,false
1496,100.0,215.0,,false
1497,100.0,231.0,,false
1498,900.0,8.0,,false
1499,1150.0,17.0,,false
1500,1000.0,8.0,,false
1501,1350.0,49.0,,true
1502,500.0,60.0,,true
1503,5000.0,17.0,,true
1504,2200.0,134.0,,true
1505,3500.0,222.0,,true
1506,5000.0,600.0,,true
1507,500.0,154.0,,true
1508,125.0,512.0,,true
1509,40.0,375.0,,true
1510,350.0,141.0,,true
1511,500.0,198.0,,false
1512,500.0,308.0,,false
1513,3300.0,21.0,,false
1514,3300.0,30.0,,false
1515,3300.0,28.0,,false
1516,60.0,198.0,,false
1517,60.0,216.0,,false
1518,60.0,221.0,,false
1519,800.0,5.0,,false
1520,60.0,106.0,,false
1521,60.0,106.0,,false
1522,60.0,120.0,,false
1523,60.0,89.0,,false
1524,60.0,84.0,,false
1525,60.0,118.0,,false
1526,100.0,236.0,,false
1527,100.0,209.0,,false
1528,900.0,10.0,,false
1529,1150.0,18.0,,false
1530,1000.0,5.0,,false
1531,1350.0,48.0,,true
1532,500.0,60.0,,true
1533,5000.0,18.0,,true
1534,2200.0,139.0,,true
1535,3500.0,337.0,,true
1536,5000.0,600.0,,true
1537,500.0,154.0,,true
1538,125.0,464.0,,true
1539,40.0,363.0,,true
1540,350.0,180.0,,true
1541,500.0,192.0,,false
1542,500.0,529.0,,false
1543,3300.0,23.0,,false
1544,3300.0,24.0,,false
1545,3300.0,25.0,,false
1546,60.0,171.0,,false
1547,60.0,225.0,,false
1548,60.0,190.0,,false
1549,800.0,6.0,,false
1550,60.0,101.0,,false
1551,60.0,120.0,,false
1552,60.0,113.0,,false
1553,60.0,99.0,,false
1554,60.0,101.0,,false
1555,60.0,91.0,,false
1556,60.0,111.0,,false
1557,100.0,198.0,,false
1558,100.0,214.0,,false
1559,900.0,7.0,,false
1560,1150.0,15.0,,false
1561,1000.0,8.0,,false
1562,1350.0,50.0,,true
1563,500.0,58.0,,true
1564,5000.0,17.0,,true
1565,2200.0,140.0,,true
1566,3500.0,391.0,,true
1567,5000.0,600.0,,true
1568,500.0,152.0,,true
1569,125.0,461.0,,true
1570,40.0,361.0,,true
1571,350.0,163.0,,true
1572,500.0,180.0,,false
1573,500.0,600.0,,false
1574,3300.0,22.0,,false
1575,3300.0,21.0,,false
1576,3300.0,24.0,,false
1577,60.0,212.0,,false
1578,60.0,188.0,,false
1579,60.0,230.0,,false
1580,60.0,226.0,,false
1581,800.0,5.0,,false
1582,60.0,102.0,,false
1583,60.0,120.0,,false
1584,60.0,118.0,,false
1585,60.0,85.0,,false
1586,60.0,120.0,,false
1587,60.0,118.0,,false
1588,60.0,110.0,,false
1589,60.0,116.0,,false
1590,100.0,200.0,,false
1591,100.0,240.0,,false
1592,900.0,8.0,,false
1593,1150.0,13.0,,false
1594,1000.0,5.0,,false
1595,1350.0,50.0,,true
1596,500.0,56.0,,true
1597,5000.0,20.0,,true
1598,2200.0,136.0,,true
1599,3500.0,229.0,,true
1600,5000.0,600.0,,true
1601,500.0,146.0,,true
1602,125.0,510.0,,true
1603,40.0,369.0,,true
1604,350.0,157.0,,true
1605,500.0,191.0,,false
1606,500.0,468.0,,false
1607,3300.0,27.0,,false
1608,3300.0,29.0,,false
1609,3300.0,30.0,,false
1610,60.0,229.0,,false
1611,60.0,219.0,,false
1612,60.0,230.0,,false
1613,800.0,5.0,,false
1614,60.0,101.0,,false
1615,60.0,91.0,,false
1616,60.0,118.0,,false
1617,60.0,95.0,,false
1618,60.0,98.0,,false
1619,60.0,120.0,,false
1620,60.0,111.0,,false
1621,60.0,116.0,,false
1622,60.0,106.0,,false
1623,60.0,106.0,,false
1624,100.0,199.0,,false
1625,100.0,227.0,,false
1626,900.0,9.0,,false
1627,1150.0,16.0,,false
1628,1000.0,7.0,,false
