Reference,height,width,stripwidth,preemptable
1,1350.0,46.0,720,true
2,500.0,57.0,,true
3,5000.0,19.0,,true
4,2200.0,131.0,,true
5,3500.0,334.0,,true
6,5000.0,600.0,,true
7,500.0,147.0,,true
8,125.0,540.0,,true
9,40.0,451.0,,true
10,350.0,141.0,,true
11,500.0,179.0,,false
12,500.0,484.0,,false
13,3300.0,26.0,,false
14,3300.0,23.0,,false
15,3300.0,23.0,,false
16,60.0,229.0,,false
17,60.0,195.0,,false
18,60.0,186.0,,false
19,60.0,204.0,,false
20,800.0,6.0,,false
21,60.0,111.0,,false
22,60.0,88.0,,false
23,60.0,87.0,,false
24,60.0,107.0,,false
25,60.0,99.0,,false
26,60.0,89.0,,false
27,60.0,101.0,,false
28,60.0,95.0,,false
29,60.0,120.0,,false
30,60.0,104.0,,false
31,100.0,208.0,,false
32,100.0,249.0,,false
33,900.0,7.0,,false
34,1150.0,13.0,,false
35,1000.0,6.0,,false
36,1350.0,50.0,,true
37,500.0,56.0,,true
38,5000.0,19.0,,true
39,2200.0,140.0,,true
40,3500.0,217.0,,true
41,5000.0,600.0,,true
42,500.0,148.0,,true
43,125.0,474.0,,true
44,40.0,393.0,,true
45,350.0,161.0,,true
46,500.0,185.0,,false
47,500.0,564.0,,false
48,3300.0,28.0,,false
49,3300.0,21.0,,false
50,3300.0,21.0,,false
51,60.0,153.0,,false
52,60.0,229.0,,false
53,60.0,190.0,,false
54,60.0,245.0,,false
55,800.0,4.0,,false
56,60.0,104.0,,false
57,60.0,87.0,,false
58,60.0,116.0,,false
59,60.0,116.0,,false
60,60.0,113.0,,false
61,60.0,88.0,,false
62,60.0,99.0,,false
63,100.0,234.0,,false
64,100.0,189.0,,false
65,900.0,9.0,,false
66,1150.0,17.0,,false
67,1000.0,8.0,,false
68,1350.0,47.0,,true
69,500.0,58.0,,true
70,5000.0,17.0,,true
71,2200.0,137.0,,true
72,3500.0,219.0,,true
73,5000.0,600.0,,true
74,500.0,141.0,,true
75,125.0,537.0,,true
76,40.0,439.0,,true
77,350.0,168.0,,true
78,500.0,188.0,,false
79,500.0,488.0,,false
80,3300.0,21.0,,false
81,3300.0,25.0,,false
82,3300.0,22.0,,false
83,60.0,156.0,,false
84,60.0,161.0,,false
85,60.0,220.0,,false
86,60.0,225.0,,false
87,800.0,5.0,,false
88,60.0,93.0,,false
89,60.0,104.0,,false
90,60.0,98.0,,false
91,60.0,107.0,,false
92,60.0,109.0,,false
93,60.0,117.0,,false
94,100.0,234.0,,false
95,100.0,201.0,,false
96,900.0,10.0,,false
97,1150.0,13.0,,false
98,1000.0,5.0,,false
99,1350.0,46.0,,true
100,500.0,59.0,,true
101,5000.0,20.0,,true
102,2200.0,137.0,,true
103,3500.0,251.0,,true
104,5000.0,600.0,,true
105,500.0,147.0,,true
106,125.0,513.0,,true
107,40.0,402.0,,true
108,350.0,178.0,,true
109,500.0,178.0,,false
110,500.0,420.0,,false
111,3300.0,22.0,,false
112,3300.0,25.0,,false
113,3300.0,24.0,,false
114,60.0,154.0,,false
115,60.0,197.0,,false
116,60.0,183.0,,false
117,60.0,152.0,,false
118,800.0,5.0,,false
119,60.0,87.0,,false
120,60.0,114.0,,false
121,60.0,92.0,,false
122,60.0,99.0,,false
123,60.0,82.0,,false
124,60.0,115.0,,false
125,60.0,83.0,,false
126,60.0,104.0,,false
127,100.0,244.0,,false
128,100.0,200.0,,false
129,900.0,9.0,,false
130,1150.0,13.0,,false
131,1000.0,6.0,,false
132,1350.0,48.0,,true
133,500.0,56.0,,true
134,5000.0,20.0,,true
135,2200.0,131.0,,true
136,3500.0,397.0,,true
137,5000.0,600.0,,true
138,500.0,159.0,,true
139,125.0,505.0,,true
140,40.0,396.0,,true
141,350.0,162.0,,true
142,500.0,193.0,,false
143,500.0,566.0,,false
144,3300.0,28.0,,false
145,3300.0,27.0,,false
146,3300.0,25.0,,false
147,60.0,234.0,,false
148,60.0,167.0,,false
149,60.0,226.0,,false
150,60.0,243.0,,false
151,800.0,6.0,,false
152,60.0,100.0,,false
153,60.0,99.0,,false
154,60.0,102.0,,false
155,60.0,107.0,,false
156,60.0,99.0,,false
157,60.0,85.0,,false
158,60.0,98.0,,false
159,100.0,250.0,,false
160,100.0,195.0,,false
161,900.0,8.0,,false
162,1150.0,15.0,,false
163,1000.0,7.0,,false
164,1350.0,49.0,,true
165,500.0,57.0,,true
166,5000.0,18.0,,true
167,2200.0,134.0,,true
168,3500.0,319.0,,true
169,5000.0,600.0,,true
170,500.0,153.0,,true
171,125.0,516.0,,true
172,40.0,387.0,,true
173,350.0,159.0,,true
174,500.0,179.0,,false
175,500.0,399.0,,false
176,3300.0,28.0,,false
177,3300.0,27.0,,false
178,3300.0,21.0,,false
179,60.0,151.0,,false
180,60.0,159.0,,false
181,60.0,211.0,,false
182,60.0,229.0,,false
183,800.0,6.0,,false
184,60.0,88.0,,false
185,60.0,118.0,,false
186,60.0,111.0,,false
187,60.0,83.0,,false
188,60.0,88.0,,false
189,60.0,109.0,,false
190,60.0,88.0,,false
191,60.0,81.0,,false
192,60.0,102.0,,false
193,100.0,209.0,,false
194,100.0,183.0,,false
195,900.0,10.0,,false
196,1150.0,13.0,,false
197,1000.0,5.0,,false
198,1350.0,46.0,,true
199,500.0,59.0,,true
200,5000.0,18.0,,true
201,2200.0,132.0,,true
202,3500.0,304.0,,true
203,5000.0,600.0,,true
204,500.0,158.0,,true
205,125.0,509.0,,true
206,40.0,378.0,,true
207,350.0,161.0,,true
208,500.0,175.0,,false
209,500.0,377.0,,false
210,3300.0,21.0,,false
211,3300.0,28.0,,false
212,3300.0,22.0,,false
213,60.0,172.0,,false
214,60.0,238.0,,false
215,60.0,203.0,,false
216,800.0,4.0,,false
217,60.0,104.0,,false
218,60.0,103.0,,false
219,60.0,111.0,,false
220,60.0,87.0,,false
221,60.0,107.0,,false
222,60.0,99.0,,false
223,60.0,88.0,,false
224,100.0,185.0,,false
225,100.0,189.0,,false
226,900.0,10.0,,false
227,1150.0,18.0,,false
228,1000.0,8.0,,false
229,1350.0,46.0,,true
230,500.0,57.0,,true
231,5000.0,20.0,,true
232,2200.0,138.0,,true
233,3500.0,297.0,,true
234,5000.0,600.0,,true
235,500.0,155.0,,true
236,125.0,532.0,,true
237,40.0,426.0,,true
238,350.0,156.0,,true
239,500.0,182.0,,false
240,500.0,576.0,,false
241,3300.0,28.0,,false
242,3300.0,26.0,,false
243,3300.0,29.0,,false
244,60.0,165.0,,false
245,60.0,233.0,,false
246,60.0,185.0,,false
247,800.0,6.0,,false
248,60.0,105.0,,false
249,60.0,96.0,,false
250,60.0,94.0,,false
251,60.0,98.0,,false
252,60.0,119.0,,false
253,60.0,92.0,,false
254,60.0,114.0,,false
255,60.0,101.0,,false
256,100.0,234.0,,false
257,100.0,218.0,,false
258,900.0,10.0,,false
259,1150.0,15.0,,false
260,1000.0,7.0,,false
261,1350.0,48.0,,true
262,500.0,60.0,,true
263,5000.0,19.0,,true
264,2200.0,137.0,,true
265,3500.0,289.0,,true
266,5000.0,600.0,,true
267,500.0,147.0,,true
268,125.0,494.0,,true
269,40.0,411.0,,true
270,350.0,162.0,,true
271,500.0,171.0,,false
272,500.0,340.0,,false
273,3300.0,26.0,,false
274,3300.0,26.0,,false
275,3300.0,29.0,,false
276,60.0,195.0,,false
277,60.0,248.0,,false
278,60.0,202.0,,false
279,800.0,6.0,,false
280,60.0,111.0,,false
281,60.0,95.0,,false
282,60.0,110.0,,false
283,60.0,120.0,,false
284,60.0,87.0,,false
285,60.0,113.0,,false
286,60.0,120.0,,false
287,60.0,100.0,,false
288,100.0,217.0,,false
289,100.0,245.0,,false
290,900.0,9.0,,false
291,1150.0,18.0,,false
292,1000.0,8.0,,false
293,1350.0,49.0,,true
294,500.0,59.0,,true
295,5000.0,20.0,,true
296,2200.0,132.0,,true
297,3500.0,213.0,,true
298,5000.0,600.0,,true
299,500.0,147.0,,true
300,125.0,477.0,,true
301,40.0,370.0,,true
302,350.0,160.0,,true
303,500.0,192.0,,false
304,500.0,551.0,,false
305,3300.0,27.0,,false
306,3300.0,29.0,,false
307,3300.0,24.0,,false
308,60.0,188.0,,false
309,60.0,156.0,,false
310,60.0,179.0,,false
311,800.0,4.0,,false
312,60.0,84.0,,false
313,60.0,101.0,,false
314,60.0,94.0,,false
315,60.0,81.0,,false
316,60.0,118.0,,false
317,60.0,93.0,,false
318,60.0,93.0,,false
319,60.0,91.0,,false
320,100.0,195.0,,false
321,100.0,199.0,,false
322,900.0,9.0,,false
323,1150.0,18.0,,false
324,1000.0,7.0,,false
325,1350.0,47.0,,true
326,500.0,57.0,,true
327,5000.0,18.0,,true
328,2200.0,134.0,,true
329,3500.0,373.0,,true
330,5000.0,600.0,,true
331,500.0,142.0,,true
332,125.0,462.0,,true
333,40.0,411.0,,true
334,350.0,167.0,,true
335,500.0,197.0,,false
336,500.0,536.0,,false
337,3300.0,29.0,,false
338,3300.0,24.0,,false
339,3300.0,27.0,,false
340,60.0,188.0,,false
341,60.0,201.0,,false
342,60.0,155.0,,false
343,60.0,209.0,,false
344,800.0,5.0,,false
345,60.0,110.0,,false
346,60.0,91.0,,false
347,60.0,106.0,,false
348,60.0,82.0,,false
349,60.0,97.0,,false
350,60.0,91.0,,false
351,60.0,118.0,,false
352,60.0,96.0,,false
353,60.0,109.0,,false
354,100.0,225.0,,false
355,100.0,194.0,,false
356,900.0,7.0,,false
357,1150.0,18.0,,false
358,1000.0,5.0,,false
359,1350.0,49.0,,true
360,500.0,60.0,,true
361,5000.0,16.0,,true
362,2200.0,136.0,,true
363,3500.0,298.0,,true
364,5000.0,600.0,,true
365,500.0,157.0,,true
366,125.0,471.0,,true
367,40.0,437.0,,true
368,350.0,143.0,,true
369,500.0,172.0,,false
370,500.0,558.0,,false
371,3300.0,22.0,,false
372,3300.0,27.0,,false
373,3300.0,28.0,,false
374,60.0,185.0,,false
375,60.0,185.0,,false
376,60.0,158.0,,false
377,800.0,6.0,,false
378,60.0,83.0,,false
379,60.0,89.0,,false
380,60.0,117.0,,false
381,60.0,85.0,,false
382,60.0,91.0,,false
383,60.0,119.0,,false
384,60.0,108.0,,false
385,100.0,204.0,,false
386,100.0,189.0,,false
387,900.0,7.0,,false
388,1150.0,18.0,,false
389,1000.0,8.0,,false
390,1350.0,49.0,,true
391,500.0,58.0,,true
392,5000.0,18.0,,true
393,2200.0,136.0,,true
394,3500.0,318.0,,true
395,5000.0,600.0,,true
396,500.0,142.0,,true
397,125.0,548.0,,true
398,40.0,376.0,,true
399,350.0,176.0,,true
400,500.0,175.0,,false
401,500.0,364.0,,false
402,3300.0,27.0,,false
403,3300.0,21.0,,false
404,3300.0,24.0,,false
405,60.0,164.0,,false
406,60.0,193.0,,false
407,60.0,215.0,,false
408,60.0,195.0,,false
409,800.0,4.0,,false
410,60.0,86.0,,false
411,60.0,97.0,,false
412,60.0,89.0,,false
413,60.0,119.0,,false
414,60.0,96.0,,false
415,60.0,113.0,,false
416,60.0,101.0,,false
417,60.0,81.0,,false
418,100.0,196.0,,false
419,100.0,245.0,,false
420,900.0,10.0,,false
421,1150.0,14.0,,false
422,1000.0,8.0,,false
423,1350.0,47.0,,true
424,500.0,57.0,,true
425,5000.0,20.0,,true
426,2200.0,134.0,,true
427,3500.0,281.0,,true
428,5000.0,600.0,,true
429,500.0,141.0,,true
430,125.0,522.0,,true
431,40.0,384.0,,true
432,350.0,166.0,,true
433,500.0,196.0,,false
434,500.0,341.0,,false
435,3300.0,29.0,,false
436,3300.0,30.0,,false
437,3300.0,28.0,,false
438,60.0,247.0,,false
439,60.0,171.0,,false
440,60.0,246.0,,false
441,800.0,4.0,,false
442,60.0,113.0,,false
443,60.0,97.0,,false
444,60.0,117.0,,false
445,60.0,106.0,,false
446,60.0,83.0,,false
447,60.0,101.0,,false
448,60.0,100.0,,false
449,100.0,242.0,,false
450,100.0,242.0,,false
451,900.0,8.0,,false
452,1150.0,16.0,,false
453,1000.0,5.0,,false
454,1350.0,46.0,,true
455,500.0,58.0,,true
456,5000.0,17.0,,true
457,2200.0,139.0,,true
458,3500.0,288.0,,true
459,5000.0,600.0,,true
460,500.0,142.0,,true
461,125.0,463.0,,true
462,40.0,426.0,,true
463,350.0,167.0,,true
464,500.0,183.0,,false
465,500.0,590.0,,false
466,3300.0,27.0,,false
467,3300.0,29.0,,false
468,3300.0,24.0,,false
469,60.0,175.0,,false
470,60.0,216.0,,false
471,60.0,246.0,,false
472,60.0,204.0,,false
473,800.0,5.0,,false
474,60.0,116.0,,false
475,60.0,91.0,,false
476,60.0,117.0,,false
477,60.0,88.0,,false
478,60.0,93.0,,false
479,60.0,90.0,,false
480,60.0,106.0,,false
481,60.0,83.0,,false
482,60.0,86.0,,false
483,60.0,111.0,,false
484,100.0,231.0,,false
485,100.0,224.0,,false
486,900.0,7.0,,false
487,1150.0,17.0,,false
488,1000.0,8.0,,false
489,1350.0,50.0,,true
490,500.0,60.0,,true
491,5000.0,16.0,,true
492,2200.0,137.0,,true
493,3500.0,368.0,,true
494,5000.0,600.0,,true
495,500.0,156.0,,true
496,125.0,465.0,,true
497,40.0,452.0,,true
498,350.0,172.0,,true
499,500.0,173.0,,false
500,500.0,414.0,,false
501,3300.0,26.0,,false
502,3300.0,22.0,,false
503,3300.0,25.0,,false
504,60.0,177.0,,false
505,60.0,208.0,,false
506,60.0,152.0,,false
507,60.0,220.0,,false
508,800.0,4.0,,false
509,60.0,102.0,,false
510,60.0,110.0,,false
511,60.0,117.0,,false
512,60.0,103.0,,false
513,60.0,111.0,,false
514,60.0,115.0,,false
515,60.0,109.0,,false
516,60.0,117.0,,false
517,60.0,86.0,,false
518,60.0,82.0,,false
519,100.0,201.0,,false
520,100.0,203.0,,false
521,900.0,9.0,,false
522,1150.0,18.0,,false
523,1000.0,7.0,,false
524,1350.0,49.0,,true
525,500.0,56.0,,true
526,5000.0,16.0,,true
527,2200.0,136.0,,true
528,3500.0,212.0,,true
529,5000.0,600.0,,true
530,500.0,146.0,,true
531,125.0,526.0,,true
532,40.0,428.0,,true
533,350.0,159.0,,true
534,500.0,196.0,,false
535,500.0,322.0,,false
536,3300.0,28.0,,false
537,3300.0,24.0,,false
538,3300.0,30.0,,false
539,60.0,177.0,,false
540,60.0,202.0,,false
541,60.0,171.0,,false
542,60.0,214.0,,false
543,800.0,4.0,,false
544,60.0,93.0,,false
545,60.0,99.0,,false
546,60.0,92.0,,false
547,60.0,90.0,,false
548,60.0,117.0,,false
549,60.0,88.0,,false
550,60.0,110.0,,false
551,60.0,105.0,,false
552,100.0,203.0,,false
553,100.0,227.0,,false
554,900.0,10.0,,false
555,1150.0,15.0,,false
556,1000.0,6.0,,false
557,1350.0,49.0,,true
558,500.0,59.0,,true
559,5000.0,16.0,,true
560,2200.0,135.0,,true
561,3500.0,260.0,,true
562,5000.0,600.0,,true
563,500.0,153.0,,true
564,125.0,467.0,,true
565,40.0,437.0,,true
566,350.0,168.0,,true
567,500.0,184.0,,false
568,500.0,500.0,,false
569,3300.0,21.0,,false
570,3300.0,23.0,,false
571,3300.0,22.0,,false
572,60.0,152.0,,false
573,60.0,232.0,,false
574,60.0,232.0,,false
575,60.0,169.0,,false
576,800.0,6.0,,false
577,60.0,101.0,,false
578,60.0,115.0,,false
579,60.0,99.0,,false
580,60.0,92.0,,false
581,60.0,99.0,,false
582,60.0,120.0,,false
583,60.0,85.0,,false
584,60.0,109.0,,false
585,60.0,120.0,,false
586,100.0,245.0,,false
587,100.0,222.0,,false
588,900.0,8.0,,false
589,1150.0,14.0,,false
590,1000.0,6.0,,false
591,1350.0,46.0,,true
592,500.0,58.0,,true
593,5000.0,17.0,,true
594,2200.0,133.0,,true
595,3500.0,289.0,,true
596,5000.0,600.0,,true
597,500.0,155.0,,true
598,125.0,452.0,,true
599,40.0,433.0,,true
600,350.0,171.0,,true
601,500.0,192.0,,false
602,500.0,494.0,,false
603,3300.0,24.0,,false
604,3300.0,30.0,,false
605,3300.0,24.0,,false
606,60.0,162.0,,false
607,60.0,168.0,,false
608,60.0,157.0,,false
609,60.0,169.0,,false
610,800.0,4.0,,false
611,60.0,95.0,,false
612,60.0,90.0,,false
613,60.0,105.0,,false
614,60.0,89.0,,false
615,60.0,117.0,,false
616,60.0,81.0,,false
617,60.0,86.0,,false
618,60.0,83.0,,false
619,60.0,104.0,,false
620,100.0,184.0,,false
621,100.0,225.0,,false
622,900.0,9.0,,false
623,1150.0,17.0,,false
624,1000.0,8.0,,false
625,1350.0,47.0,,true
626,500.0,57.0,,true
627,5000.0,20.0,,true
628,2200.0,138.0,,true
629,3500.0,284.0,,true
630,5000.0,600.0,,true
631,500.0,159.0,,true
632,125.0,519.0,,true
633,40.0,447.0,,true
634,350.0,143.0,,true
635,500.0,191.0,,false
636,500.0,480.0,,false
637,3300.0,30.0,,false
638,3300.0,22.0,,false
639,3300.0,25.0,,false
640,60.0,170.0,,false
641,60.0,203.0,,false
642,60.0,177.0,,false
643,60.0,176.0,,false
644,800.0,6.0,,false
645,60.0,86.0,,false
646,60.0,100.0,,false
647,60.0,116.0,,false
648,60.0,93.0,,false
649,60.0,84.0,,false
650,60.0,98.0,,false
651,60.0,114.0,,false
652,60.0,112.0,,false
653,60.0,105.0,,false
654,100.0,219.0,,false
655,100.0,221.0,,false
656,900.0,7.0,,false
657,1150.0,18.0,,false
658,1000.0,6.0,,false
659,1350.0,48.0,,true
660,500.0,56.0,,true
661,5000.0,17.0,,true
662,2200.0,137.0,,true
663,3500.0,217.0,,true
664,5000.0,600.0,,true
665,500.0,156.0,,true
666,125.0,545.0,,true
667,40.0,441.0,,true
668,350.0,148.0,,true
669,500.0,196.0,,false
670,500.0,580.0,,false
671,3300.0,30.0,,false
672,3300.0,21.0,,false
673,3300.0,25.0,,false
674,60.0,214.0,,false
675,60.0,245.0,,false
676,60.0,175.0,,false
677,60.0,168.0,,false
678,800.0,6.0,,false
679,60.0,94.0,,false
680,60.0,108.0,,false
681,60.0,113.0,,false
682,60.0,105.0,,false
683,60.0,107.0,,false
684,60.0,91.0,,false
685,60.0,106.0,,false
686,100.0,204.0,,false
687,100.0,206.0,,false
688,900.0,7.0,,false
689,1150.0,16.0,,false
690,1000.0,5.0,,false
691,1350.0,47.0,,true
692,500.0,60.0,,true
693,5000.0,18.0,,true
694,2200.0,139.0,,true
695,3500.0,341.0,,true
696,5000.0,600.0,,true
697,500.0,146.0,,true
698,125.0,488.0,,true
699,40.0,373.0,,true
700,350.0,141.0,,true
701,500.0,192.0,,false
702,500.0,549.0,,false
703,3300.0,24.0,,false
704,3300.0,27.0,,false
705,3300.0,24.0,,false
706,60.0,202.0,,false
707,60.0,175.0,,false
708,60.0,220.0,,false
709,60.0,197.0,,false
710,800.0,6.0,,false
711,60.0,105.0,,false
712,60.0,104.0,,false
713,60.0,102.0,,false
714,60.0,94.0,,false
715,60.0,89.0,,false
716,60.0,82.0,,false
717,60.0,114.0,,false
718,60.0,91.0,,false
719,60.0,119.0,,false
720,60.0,110.0,,false
721,100.0,201.0,,false
722,100.0,206.0,,false
723,900.0,8.0,,false
724,1150.0,16.0,,false
725,1000.0,5.0,,false
726,1350.0,47.0,,true
727,500.0,58.0,,true
728,5000.0,20.0,,true
729,2200.0,132.0,,true
730,3500.0,307.0,,true
731,5000.0,600.0,,true
732,500.0,155.0,,true
733,125.0,464.0,,true
734,40.0,396.0,,true
735,350.0,180.0,,true
736,500.0,183.0,,false
737,500.0,511.0,,false
738,3300.0,21.0,,false
739,3300.0,24.0,,false
740,3300.0,21.0,,false
741,60.0,168.0,,false
742,60.0,189.0,,false
743,60.0,241.0,,false
744,60.0,233.0,,false
745,800.0,6.0,,false
746,60.0,85.0,,false
747,60.0,102.0,,false
748,60.0,113.0,,false
749,60.0,93.0,,false
750,60.0,83.0,,false
751,60.0,114.0,,false
752,60.0,119.0,,false
753,60.0,111.0,,false
754,60.0,118.0,,false
755,100.0,242.0,,false
756,100.0,230.0,,false
757,900.0,7.0,,false
758,1150.0,18.0,,false
759,1000.0,6.0,,false
760,1350.0,48.0,,true
761,500.0,59.0,,true
762,5000.0,17.0,,true
763,2200.0,136.0,,true
764,3500.0,380.0,,true
765,5000.0,600.0,,true
766,500.0,149.0,,true
767,125.0,502.0,,true
768,40.0,388.0,,true
769,350.0,151.0,,true
770,500.0,174.0,,false
771,500.0,317.0,,false
772,3300.0,29.0,,false
773,3300.0,23.0,,false
774,3300.0,22.0,,false
775,60.0,246.0,,false
776,60.0,177.0,,false
777,60.0,171.0,,false
778,800.0,4.0,,false
779,60.0,115.0,,false
780,60.0,106.0,,false
781,60.0,104.0,,false
782,60.0,119.0,,false
783,60.0,107.0,,false
784,60.0,88.0,,false
785,60.0,100.0,,false
786,60.0,112.0,,false
787,60.0,102.0,,false
788,100.0,186.0,,false
789,100.0,188.0,,false
790,900.0,7.0,,false
791,1150.0,18.0,,false
792,1000.0,8.0,,false
793,1350.0,47.0,,true
794,500.0,57.0,,true
795,5000.0,20.0,,true
796,2200.0,136.0,,true
797,3500.0,286.0,,true
798,5000.0,600.0,,true
799,500.0,150.0,,true
800,125.0,534.0,,true
801,40.0,455.0,,true
802,350.0,146.0,,true
803,500.0,182.0,,false
804,500.0,359.0,,false
805,3300.0,22.0,,false
806,3300.0,22.0,,false
807,3300.0,22.0,,false
808,60.0,249.0,,false
809,60.0,185.0,,false
810,60.0,214.0,,false
811,60.0,160.0,,false
812,800.0,4.0,,false
813,60.0,98.0,,false
814,60.0,91.0,,false
815,60.0,117.0,,false
816,60.0,96.0,,false
817,60.0,82.0,,false
818,60.0,81.0,,false
819,60.0,84.0,,false
820,100.0,204.0,,false
821,100.0,247.0,,false
822,900.0,10.0,,false
823,1150.0,13.0,,false
824,1000.0,8.0,,false
825,1350.0,49.0,,true
826,500.0,60.0,,true
827,5000.0,16.0,,true
828,2200.0,138.0,,true
829,3500.0,205.0,,true
830,5000.0,600.0,,true
831,500.0,145.0,,true
832,125.0,472.0,,true
833,40.0,417.0,,true
834,350.0,157.0,,true
835,500.0,191.0,,false
836,500.0,465.0,,false
837,3300.0,22.0,,false
838,3300.0,28.0,,false
839,3300.0,29.0,,false
840,60.0,171.0,,false
841,60.0,200.0,,false
842,60.0,159.0,,false
843,800.0,4.0,,false
844,60.0,98.0,,false
845,60.0,112.0,,false
846,60.0,100.0,,false
847,60.0,117.0,,false
848,60.0,93.0,,false
849,60.0,115.0,,false
850,60.0,94.0,,false
851,60.0,110.0,,false
852,100.0,219.0,,false
853,100.0,216.0,,false
854,900.0,8.0,,false
855,1150.0,16.0,,false
856,1000.0,5.0,,false
857,1350.0,49.0,,true
858,500.0,59.0,,true
859,5000.0,18.0,,true
860,2200.0,135.0,,true
861,3500.0,314.0,,true
862,5000.0,600.0,,true
863,500.0,147.0,,true
864,125.0,525.0,,true
865,40.0,380.0,,true
866,350.0,141.0,,true
867,500.0,180.0,,false
868,500.0,366.0,,false
869,3300.0,22.0,,false
870,3300.0,25.0,,false
871,3300.0,25.0,,false
872,60.0,219.0,,false
873,60.0,209.0,,false
874,60.0,156.0,,false
875,800.0,5.0,,false
876,60.0,88.0,,false
877,60.0,101.0,,false
878,60.0,98.0,,false
879,60.0,110.0,,false
880,60.0,107.0,,false
881,60.0,120.0,,false
882,60.0,110.0,,false
883,100.0,237.0,,false
884,100.0,202.0,,false
885,900.0,8.0,,false
886,1150.0,15.0,,false
887,1000.0,8.0,,false
888,1350.0,47.0,,true
889,500.0,57.0,,true
890,5000.0,16.0,,true
891,2200.0,139.0,,true
892,3500.0,227.0,,true
893,5000.0,600.0,,true
894,500.0,143.0,,true
895,125.0,549.0,,true
896,40.0,375.0,,true
897,350.0,157.0,,true
898,500.0,198.0,,false
899,500.0,321.0,,false
900,3300.0,25.0,,false
901,3300.0,28.0,,false
902,3300.0,22.0,,false
903,60.0,220.0,,false
904,60.0,212.0,,false
905,60.0,191.0,,false
906,60.0,212.0,,false
907,800.0,4.0,,false
908,60.0,88.0,,false
909,60.0,108.0,,false
910,60.0,118.0,,false
911,60.0,119.0,,false
912,60.0,118.0,,false
913,60.0,98.0,,false
914,60.0,92.0,,false
915,60.0,113.0,,false
916,60.0,119.0,,false
917,60.0,82.0,,false
918,100.0,199.0,,false
919,100.0,191.0,,false
920,900.0,8.0,,false
921,1150.0,17.0,,false
922,1000.0,7.0,,false
923,1350.0,50.0,,true
924,500.0,57.0,,true
925,5000.0,20.0,,true
926,2200.0,139.0,,true
927,3500.0,356.0,,true
928,5000.0,600.0,,true
929,500.0,152.0,,true
930,125.0,507.0,,true
931,40.0,398.0,,true
932,350.0,174.0,,true
933,500.0,185.0,,false
934,500.0,324.0,,false
935,3300.0,28.0,,false
936,3300.0,29.0,,false
937,3300.0,24.0,,false
938,60.0,151.0,,false
939,60.0,175.0,,false
940,60.0,166.0,,false
941,800.0,4.0,,false
942,60.0,107.0,,false
943,60.0,115.0,,false
944,60.0,107.0,,false
945,60.0,99.0,,false
946,60.0,111.0,,false
947,60.0,116.0,,false
948,60.0,101.0,,false
949,60.0,101.0,,false
950,60.0,104.0,,false
951,60.0,108.0,,false
952,100.0,249.0,,false
953,100.0,217.0,,false
954,900.0,7.0,,false
955,1150.0,17.0,,false
956,1000.0,6.0,,false
957,1350.0,50.0,,true
958,500.0,58.0,,true
959,5000.0,17.0,,true
960,2200.0,137.0,,true
961,3500.0,285.0,,true
962,5000.0,600.0,,true
963,500.0,155.0,,true
964,125.0,483.0,,true
965,40.0,452.0,,true
966,350.0,172.0,,true
967,500.0,192.0,,false
968,500.0,571.0,,false
969,3300.0,30.0,,false
970,3300.0,28.0,,false
971,3300.0,21.0,,false
972,60.0,175.0,,false
973,60.0,162.0,,false
974,60.0,196.0,,false
975,60.0,182.0,,false
976,800.0,6.0,,false
977,60.0,85.0,,false
978,60.0,86.0,,false
979,60.0,114.0,,false
980,60.0,109.0,,false
981,60.0,119.0,,false
982,60.0,109.0,,false
983,100.0,246.0,,false
984,100.0,187.0,,false
985,900.0,9.0,,false
986,1150.0,15.0,,false
987,1000.0,6.0,,false
988,1350.0,48.0,,true
989,500.0,60.0,,true
990,5000.0,20.0,,true
991,2200.0,131.0,,true
992,3500.0,333.0,,true
993,5000.0,600.0,,true
994,500.0,146.0,,true
995,125.0,471.0,,true
996,40.0,386.0,,true
997,350.0,155.0,,true
998,500.0,188.0,,false
999,500.0,564.0,,false
1000,3300.0,27.0,,false
1001,3300.0,28.0,,false
1002,3300.0,30.0,,false
1003,60.0,154.0,,false
1004,60.0,151.0,,false
1005,60.0,216.0,,false
1006,800.0,4.0,,false
1007,60.0,94.0,,false
1008,60.0,97.0,,false
1009,60.0,88.0,,false
1010,60.0,110.0,,false
1011,60.0,98.0,,false
1012,60.0,89.0,,false
1013,60.0,86.0,,false
1014,60.0,97.0,,false
1015,60.0,82.0,,false
1016,100.0,219.0,,false
1017,100.0,227.0,,false
1018,900.0,10.0,,false
1019,1150.0,16.0,,false
1020,1000.0,8.0,,false
1021,1350.0,47.0,,true
1022,500.0,57.0,,true
1023,5000.0,16.0,,true
1024,2200.0,139.0,,true
1025,3500.0,234.0,,true
1026,5000.0,600.0,,true
1027,500.0,141.0,,true
1028,125.0,514.0,,true
1029,40.0,443.0,,true
1030,350.0,166.0,,true
1031,500.0,198.0,,false
1032,500.0,317.0,,false
1033,3300.0,23.0,,false
1034,3300.0,27.0,,false
1035,3300.0,22.0,,false
1036,60.0,155.0,,false
1037,60.0,244.0,,false
1038,60.0,159.0,,false
1039,800.0,6.0,,false
1040,60.0,95.0,,false
1041,60.0,111.0,,false
1042,60.0,113.0,,false
1043,60.0,116.0,,false
1044,60.0,85.0,,false
1045,60.0,91.0,,false
1046,60.0,108.0,,false
1047,60.0,83.0,,false
1048,60.0,81.0,,false
1049,60.0,85.0,,false
1050,100.0,236.0,,false
1051,100.0,196.0,,false
1052,900.0,7.0,,false
1053,1150.0,15.0,,false
1054,1000.0,8.0,,false
1055,1350.0,47.0,,true
1056,500.0,58.0,,true
1057,5000.0,18.0,,true
1058,2200.0,131.0,,true
1059,3500.0,242.0,,true
1060,5000.0,600.0,,true
1061,500.0,145.0,,true
1062,125.0,548.0,,true
1063,40.0,361.0,,true
1064,350.0,155.0,,true
1065,500.0,198.0,,false
1066,500.0,525.0,,false
1067,3300.0,27.0,,false
1068,3300.0,30.0,,false
1069,3300.0,24.0,,false
1070,60.0,175.0,,false
1071,60.0,162.0,,false
1072,60.0,174.0,,false
1073,60.0,212.0,,false
1074,800.0,5.0,,false
1075,60.0,83.0,,false
1076,60.0,96.0,,false
1077,60.0,83.0,,false
1078,60.0,91.0,,false
1079,60.0,118.0,,false
1080,60.0,114.0,,false
1081,60.0,99.0,,false
1082,60.0,97.0,,false
1083,60.0,91.0,,false
1084,60.0,96.0,,false
1085,100.0,236.0,,false
1086,100.0,250.0,,false
1087,900.0,8.0,,false
1088,1150.0,17.0,,false
1089,1000.0,7.0,,false
1090,1350.0,48.0,,true
1091,500.0,56.0,,true
1092,5000.0,16.0,,true
1093,2200.0,134.0,,true
1094,3500.0,339.0,,true
1095,5000.0,600.0,,true
1096,500.0,153.0,,true
1097,125.0,480.0,,true
1098,40.0,447.0,,true
1099,350.0,164.0,,true
1100,500.0,198.0,,false
1101,500.0,330.0,,false
1102,3300.0,27.0,,false
1103,3300.0,27.0,,false
1104,3300.0,23.0,,false
1105,60.0,198.0,,false
1106,60.0,187.0,,false
1107,60.0,235.0,,false
1108,60.0,237.0,,false
1109,800.0,6.0,,false
1110,60.0,103.0,,false
1111,60.0,96.0,,false
1112,60.0,95.0,,false
1113,60.0,93.0,,false
1114,60.0,115.0,,false
1115,60.0,107.0,,false
1116,60.0,109.0,,false
1117,100.0,184.0,,false
1118,100.0,187.0,,false
1119,900.0,8.0,,false
1120,1150.0,13.0,,false
1121,1000.0,8.0,,false
1122,1350.0,50.0,,true
1123,500.0,59.0,,true
1124,5000.0,18.0,,true
1125,2200.0,131.0,,true
1126,3500.0,392.0,,true
1127,5000.0,600.0,,true
1128,500.0,150.0,,true
1129,125.0,456.0,,true
1130,40.0,442.0,,true
1131,350.0,161.0,,true
1132,500.0,190.0,,false
1133,500.0,384.0,,false
1134,3300.0,27.0,,false
1135,3300.0,24.0,,false
1136,3300.0,25.0,,false
1137,60.0,245.0,,false
1138,60.0,185.0,,false
1139,60.0,225.0,,false
1140,800.0,6.0,,false
1141,60.0,115.0,,false
1142,60.0,88.0,,false
1143,60.0,95.0,,false
1144,60.0,114.0,,false
1145,60.0,119.0,,false
1146,60.0,109.0,,false
1147,60.0,92.0,,false
1148,100.0,213.0,,false
1149,100.0,187.0,,false
1150,900.0,9.0,,false
1151,1150.0,14.0,,false
1152,1000.0,5.0,,false
1153,1350.0,49.0,,true
1154,500.0,57.0,,true
1155,5000.0,16.0,,true
1156,2200.0,139.0,,true
1157,3500.0,340.0,,true
1158,5000.0,600.0,,true
1159,500.0,152.0,,true
1160,125.0,535.0,,true
1161,40.0,386.0,,true
1162,350.0,174.0,,true
1163,500.0,171.0,,false
1164,500.0,513.0,,false
1165,3300.0,30.0,,false
1166,3300.0,22.0,,false
1167,3300.0,30.0,,false
1168,60.0,216.0,,false
1169,60.0,219.0,,false
1170,60.0,214.0,,false
1171,60.0,164.0,,false
1172,800.0,4.0,,false
1173,60.0,113.0,,false
1174,60.0,97.0,,false
1175,60.0,90.0,,false
1176,60.0,90.0,,false
1177,60.0,91.0,,false
1178,60.0,98.0,,false
1179,100.0,207.0,,false
1180,100.0,206.0,,false
1181,900.0,7.0,,false
1182,1150.0,15.0,,false
1183,1000.0,8.0,,false
1184,1350.0,49.0,,true
1185,500.0,56.0,,true
1186,5000.0,19.0,,true
1187,2200.0,136.0,,true
1188,3500.0,207.0,,true
1189,5000.0,600.0,,true
1190,500.0,144.0,,true
1191,125.0,502.0,,true
1192,40.0,447.0,,true
1193,350.0,152.0,,true
1194,500.0,195.0,,false
1195,500.0,393.0,,false
1196,3300.0,26.0,,false
1197,3300.0,22.0,,false
1198,3300.0,25.0,,false
1199,60.0,209.0,,false
1200,60.0,186.0,,false
1201,60.0,189.0,,false
1202,800.0,6.0,,false
1203,60.0,93.0,,false
1204,60.0,108.0,,false
1205,60.0,118.0,,false
1206,60.0,115.0,,false
1207,60.0,88.0,,false
1208,60.0,102.0,,false
1209,100.0,225.0,,false
1210,100.0,183.0,,false
1211,900.0,8.0,,false
1212,1150.0,15.0,,false
1213,1000.0,7.0,,false
1214,1350.0,50.0,,true
1215,500.0,60.0,,true
1216,5000.0,17.0,,true
1217,2200.0,133.0,,true
1218,3500.0,212.0,,true
1219,5000.0,600.0,,true
1220,500.0,141.0,,true
1221,125.0,532.0,,true
1222,40.0,415.0,,true
1223,350.0,150.0,,true
1224,500.0,178.0,,false
1225,500.0,371.0,,false
1226,3300.0,28.0,,false
1227,3300.0,23.0,,false
1228,3300.0,25.0,,false
1229,60.0,181.0,,false
1230,60.0,170.0,,false
1231,60.0,201.0,,false
1232,800.0,4.0,,false
1233,60.0,89.0,,false
1234,60.0,81.0,,false
1235,60.0,95.0,,false
1236,60.0,118.0,,false
1237,60.0,120.0,,false
1238,60.0,120.0,,false
1239,60.0,113.0,,false
1240,100.0,241.0,,false
1241,100.0,247.0,,false
1242,900.0,9.0,,false
1243,1150.0,17.0,,false
1244,1000.0,5.0,,false
1245,1350.0,47.0,,true
1246,500.0,58.0,,true
1247,5000.0,20.0,,true
1248,2200.0,139.0,,true
1249,3500.0,394.0,,true
1250,5000.0,600.0,,true
1251,500.0,141.0,,true
1252,125.0,524.0,,true
1253,40.0,385.0,,true
1254,350.0,152.0,,true
1255,500.0,176.0,,false
1256,500.0,351.0,,false
1257,3300.0,21.0,,false
1258,3300.0,22.0,,false
1259,3300.0,27.0,,false
1260,60.0,250.0,,false
1261,60.0,192.0,,false
1262,60.0,164.0,,false
1263,60.0,227.0,,false
1264,800.0,6.0,,false
1265,60.0,105.0,,false
1266,60.0,103.0,,false
1267,60.0,88.0,,false
1268,60.0,113.0,,false
1269,60.0,118.0,,false
1270,60.0,82.0,,false
1271,60.0,88.0,,false
1272,60.0,98.0,,false
1273,100.0,241.0,,false
1274,100.0,186.0,,false
1275,900.0,9.0,,false
1276,1150.0,17.0,,false
1277,1000.0,6.0,,false
1278,1350.0,47.0,,true
1279,500.0,60.0,,true
1280,5000.0,20.0,,true
1281,2200.0,136.0,,true
1282,3500.0,288.0,,true
1283,5000.0,600.0,,true
1284,500.0,157.0,,true
1285,125.0,458.0,,true
1286,40.0,353.0,,true
1287,350.0,171.0,,true
1288,500.0,179.0,,false
1289,500.0,468.0,,false
1290,3300.0,27.0,,false
1291,3300.0,29.0,,false
1292,3300.0,25.0,,false
1293,60.0,239.0,,false
1294,60.0,230.0,,false
1295,60.0,163.0,,false
1296,60.0,194.0,,false
1297,800.0,5.0,,false
1298,60.0,109.0,,false
1299,60.0,97.0,,false
1300,60.0,104.0,,false
1301,60.0,111.0,,false
1302,60.0,85.0,,false
1303,60.0,104.0,,false
1304,60.0,120.0,,false
1305,60.0,108.0,,false
1306,100.0,202.0,,false
1307,100.0,214.0,,false
1308,900.0,10.0,,false
1309,1150.0,13.0,,false
1310,1000.0,6.0,,false
1311,1350.0,46.0,,true
1312,500.0,57.0,,true
1313,5000.0,18.0,,true
1314,2200.0,136.0,,true
1315,3500.0,382.0,,true
1316,5000.0,600.0,,true
1317,500.0,151.0,,true
1318,125.0,527.0,,true
1319,40.0,434.0,,true
1320,350.0,141.0,,true
1321,500.0,178.0,,false
1322,500.0,467.0,,false
1323,3300.0,24.0,,false
1324,3300.0,22.0,,false
1325,3300.0,24.0,,false
1326,60.0,244.0,,false
1327,60.0,163.0,,false
1328,60.0,218.0,,false
1329,800.0,6.0,,false
1330,60.0,115.0,,false
1331,60.0,88.0,,false
1332,60.0,93.0,,false
1333,60.0,92.0,,false
1334,60.0,104.0,,false
1335,60.0,95.0,,false
1336,60.0,118.0,,false
1337,60.0,86.0,,false
1338,60.0,106.0,,false
1339,60.0,95.0,,false
1340,100.0,224.0,,false
1341,100.0,190.0,,false
1342,900.0,8.0,,false
1343,1150.0,13.0,,false
1344,1000.0,7.0,,false
1345,1350.0,48.0,,true
1346,500.0,59.0,,true
1347,5000.0,19.0,,true
1348,2200.0,140.0,,true
1349,3500.0,379.0,,true
1350,5000.0,600.0,,true
1351,500.0,159.0,,true
1352,125.0,485.0,,true
1353,40.0,386.0,,true
1354,350.0,180.0,,true
1355,500.0,172.0,,false
1356,500.0,395.0,,false
1357,3300.0,21.0,,false
1358,3300.0,28.0,,false
1359,3300.0,29.0,,false
1360,60.0,221.0,,false
1361,60.0,228.0,,false
1362,60.0,176.0,,false
1363,60.0,167.0,,false
1364,800.0,5.0,,false
1365,60.0,84.0,,false
1366,60.0,114.0,,false
1367,60.0,87.0,,false
1368,60.0,100.0,,false
1369,60.0,89.0,,false
1370,60.0,118.0,,false
1371,100.0,192.0,,false
1372,100.0,247.0,,false
1373,900.0,10.0,,false
1374,1150.0,14.0,,false
1375,1000.0,5.0,,false
1376,1350.0,50.0,,true
1377,500.0,59.0,,true
1378,5000.0,16.0,,true
1379,2200.0,138.0,,true
1380,3500.0,349.0,,true
1381,5000.0,600.0,,true
1382,500.0,151.0,,true
1383,125.0,545.0,,true
1384,40.0,449.0,,true
1385,350.0,164.0,,true
1386,500.0,175.0,,false
1387,500.0,333.0,,false
1388,3300.0,26.0,,false
1389,3300.0,28.0,,false
1390,3300.0,27.0,,false
1391,60.0,172.0,,false
1392,60.0,161.0,,false
1393,60.0,232.0,,false
1394,60.0,219.0,,false
1395,800.0,4.0,,false
1396,60.0,96.0,,false
1397,60.0,91.0,,false
1398,60.0,120.0,,false
1399,60.0,113.0,,false
1400,60.0,107.0,,false
1401,60.0,87.0,,false
1402,60.0,102.0,,false
1403,60.0,84.0,,false
1404,60.0,107.0,,false
1405,100.0,182.0,,false
1406,100.0,222.0,,false
1407,900.0,8.0,,false
1408,1150.0,16.0,,false
1409,1000.0,7.0,,false
1410,1350.0,48.0,,true
1411,500.0,59.0,,true
1412,5000.0,17.0,,true
1413,2200.0,138.0,,true
1414,3500.0,231.0,,true
1415,5000.0,600.0,,true
1416,500.0,149.0,,true
1417,125.0,492.0,,true
1418,40.0,435.0,,true
1419,350.0,179.0,,true
1420,500.0,190.0,,false
1421,500.0,359.0,,false
1422,3300.0,28.0,,false
1423,3300.0,28.0,,false
1424,3300.0,27.0,,false
1425,60.0,183.0,,false
1426,60.0,207.0,,false
1427,60.0,218.0,,false
1428,800.0,4.0,,false
1429,60.0,89.0,,false
1430,60.0,87.0,,false
1431,60.0,103.0,,false
1432,60.0,115.0,,false
1433,60.0,84.0,,false
1434,60.0,120.0,,false
1435,60.0,108.0,,false
1436,60.0,92.0,,false
1437,60.0,99.0,,false
1438,100.0,200.0,,false
1439,100.0,217.0,,false
1440,900.0,9.0,,false
1441,1150.0,15.0,,false
1442,1000.0,5.0,,false
1443,1350.0,49.0,,true
1444,500.0,57.0,,true
1445,5000.0,19.0,,true
1446,2200.0,135.0,,true
1447,3500.0,323.0,,true
1448,5000.0,600.0,,true
1449,500.0,151.0,,true
1450,125.0,480.0,,true
1451,40.0,412.0,,true
1452,350.0,149.0,,true
1453,500.0,171.0,,false
1454,500.0,532.0,,false
1455,3300.0,30.0,,false
1456,3300.0,23.0,,false
1457,3300.0,25.0,,false
1458,60.0,219.0,,false
1459,60.0,174.0,,false
1460,60.0,224.0,,false
1461,800.0,4.0,,false
1462,60.0,106.0,,false
1463,60.0,119.0,,false
1464,60.0,117.0,,false
1465,60.0,88.0,,false
1466,60.0,86.0,,false
1467,60.0,92.0,,false
1468,60.0,96.0,,false
1469,60.0,105.0,,false
1470,60.0,116.0,,false
1471,100.0,235.0,,false
1472,100.0,215.0,,false
1473,900.0,7.0,,false
1474,1150.0,18.0,,false
1475,1000.0,5.0,,false
1476,1350.0,49.0,,true
1477,500.0,58.0,,true
1478,5000.0,16.0,,true
1479,2200.0,139.0,,true
1480,3500.0,399.0,,true
1481,5000.0,600.0,,true
1482,500.0,148.0,,true
1483,125.0,515.0,,true
1484,40.0,376.0,,true
1485,350.0,174.0,,true
1486,500.0,182.0,,false
1487,500.0,357.0,,false
1488,3300.0,28.0,,false
1489,3300.0,30.0,,false
1490,3300.0,29.0,,false
1491,60.0,154.0,,false
1492,60.0,176.0,,false
1493,60.0,226.0,,false
1494,60.0,243.0,,false
1495,800.0,6.0,,false
1496,60.0,96.0,,false
1497,60.0,106.0,,false
1498,60.0,120.0,,false
1499,60.0,114.0,,false
1500,60.0,107.0,,false
1501,60.0,84.0,,false
1502,60.0,97.0,,false
1503,60.0,104.0,,false
1504,100.0,233.0,,false
1505,100.0,185.0,,false
1506,900.0,8.0,,false
1507,1150.0,18.0,,false
1508,1000.0,8.0,,false
1509,1350.0,48.0,,true
1510,500.0,58.0,,true
1511,5000.0,16.0,,true
1512,2200.0,139.0,,true
1513,3500.0,231.0,,true
1514,5000.0,600.0,,true
1515,500.0,159.0,,true
1516,125.0,518.0,,true
1517,40.0,405.0,,true
1518,350.0,169.0,,true
1519,500.0,183.0,,false
1520,500.0,569.0,,false
1521,3300.0,30.0,,false
1522,3300.0,21.0,,false
1523,3300.0,28.0,,false
1524,60.0,196.0,,false
1525,60.0,152.0,,false
1526,60.0,241.0,,false
1527,60.0,245.0,,false
1528,800.0,5.0,,false
1529,60.0,90.0,,false
1530,60.0,91.0,,false
1531,60.0,86.0,,false
1532,60.0,106.0,,false
1533,60.0,92.0,,false
1534,60.0,120.0,,false
1535,100.0,219.0,,false
1536,100.0,239.0,,false
1537,900.0,9.0,,false
1538,1150.0,17.0,,false
1539,1000.0,7.0,,false
1540,1350.0,46.0,,true
1541,500.0,59.0,,true
1542,5000.0,20.0,,true
1543,2200.0,135.0,,true
1544,3500.0,237.0,,true
1545,5000.0,600.0,,true
1546,500.0,141.0,,true
1547,125.0,511.0,,true
1548,40.0,386.0,,true
1549,350.0,155.0,,true
1550,500.0,181.0,,false
1551,500.0,507.0,,false
1552,3300.0,25.0,,false
1553,3300.0,27.0,,false
1554,3300.0,29.0,,false
1555,60.0,161.0,,false
1556,60.0,223.0,,false
1557,60.0,180.0,,false
1558,60.0,154.0,,false
1559,800.0,4.0,,false
1560,60.0,116.0,,false
1561,60.0,115.0,,false
1562,60.0,107.0,,false
1563,60.0,91.0,,false
1564,60.0,99.0,,false
1565,60.0,119.0,,false
1566,60.0,88.0,,false
1567,60.0,87.0,,false
1568,100.0,248.0,,false
1569,100.0,246.0,,false
1570,900.0,9.0,,false
1571,1150.0,17.0,,false
1572,1000.0,7.0,,false
1573,1350.0,50.0,,true
1574,500.0,59.0,,true
1575,5000.0,17.0,,true
1576,2200.0,132.0,,true
1577,3500.0,336.0,,true
1578,5000.0,600.0,,true
1579,500.0,154.0,,true
1580,125.0,515.0,,true
1581,40.0,431.0,,true
1582,350.0,141.0,,true
1583,500.0,180.0,,false
1584,500.0,527.0,,false
1585,3300.0,23.0,,false
1586,3300.0,26.0,,false
1587,3300.0,21.0,,false
1588,60.0,226.0,,false
1589,60.0,158.0,,false
1590,60.0,233.0,,false
1591,800.0,5.0,,false
1592,60.0,99.0,,false
1593,60.0,107.0,,false
1594,60.0,93.0,,false
1595,60.0,104.0,,false
1596,60.0,98.0,,false
1597,60.0,107.0,,false
1598,60.0,113.0,,false
1599,60.0,82.0,,false
1600,100.0,242.0,,false
1601,100.0,228.0,,false
1602,900.0,10.0,,false
1603,1150.0,18.0,,false
1604,1000.0,5.0,,false
1605,1350.0,49.0,,true
1606,500.0,57.0,,true
1607,5000.0,19.0,,true
1608,2200.0,131.0,,true
1609,3500.0,219.0,,true
1610,5000.0,600.0,,true
1611,500.0,159.0,,true
1612,125.0,548.0,,true
1613,40.0,376.0,,true
1614,350.0,151.0,,true
1615,500.0,199.0,,false
1616,500.0,567.0,,false
1617,3300.0,29.0,,false
1618,3300.0,27.0,,false
1619,3300.0,30.0,,false
1620,60.0,185.0,,false
1621,60.0,247.0,,false
1622,60.0,173.0,,false
1623,800.0,6.0,,false
1624,60.0,107.0,,false
1625,60.0,91.0,,false
1626,60.0,93.0,,false
1627,60.0,96.0,,false
1628,60.0,109.0,,false
1629,60.0,98.0,,false
1630,100.0,184.0,,false
1631,100.0,217.0,,false
1632,900.0,7.0,,false
1633,1150.0,16.0,,false
1634,1000.0,5.0,,false
