Reference,height,width,stripwidth,preemptable
1,1350.0,49.0,720,true
2,500.0,60.0,,true
3,5000.0,16.0,,true
4,2200.0,135.0,,true
5,3500.0,388.0,,true
6,5000.0,600.0,,true
7,500.0,144.0,,true
8,125.0,496.0,,true
9,40.0,378.0,,true
10,350.0,143.0,,true
11,500.0,192.0,,false
12,500.0,509.0,,false
13,3300.0,24.0,,false
14,3300.0,30.0,,false
15,3300.0,24.0,,false
16,60.0,217.0,,false
17,60.0,203.0,,false
18,60.0,152.0,,false
19,60.0,214.0,,false
20,800.0,6.0,,false
21,60.0,85.0,,false
22,60.0,91.0,,false
23,60.0,95.0,,false
24,60.0,107.0,,false
25,60.0,100.0,,false
26,60.0,82.0,,false
27,60.0,87.0,,false
28,60.0,87.0,,false
29,100.0,228.0,,false
30,100.0,211.0,,false
31,900.0,8.0,,false
32,1150.0,14.0,,false
33,1000.0,7.0,,false
34,1350.0,46.0,,true
35,500.0,59.0,,true
36,5000.0,19.0,,true
37,2200.0,131.0,,true
38,3500.0,334.0,,true
39,5000.0,600.0,,true
40,500.0,152.0,,true
41,125.0,495.0,,true
42,40.0,357.0,,true
43,350.0,147.0,,true
44,500.0,175.0,,false
45,500.0,419.0,,false
46,3300.0,26.0,,false
47,3300.0,27.0,,false
48,3300.0,26.0,,false
49,60.0,178.0,,false
50,60.0,194.0,,false
51,60.0,226.0,,false
52,60.0,250.0,,false
53,800.0,5.0,,false
54,60.0,84.0,,false
55,60.0,82.0,,false
56,60.0,119.0,,false
57,60.0,86.0,,false
58,60.0,114.0,,false
59,60.0,105.0,,false
60,60.0,105.0,,false
61,60.0,102.0,,false
62,60.0,104.0,,false
63,60.0,115.0,,false
64,100.0,247.0,,false
65,100.0,198.0,,false
66,900.0,9.0,,false
67,1150.0,17.0,,false
68,1000.0,5.0,,false
69,1350.0,49.0,,true
70,500.0,58.0,,true
71,5000.0,16.0,,true
72,2200.0,137.0,,true
73,3500.0,396.0,,true
74,5000.0,600.0,,true
75,500.0,156.0,,true
76,125.0,485.0,,true
77,40.0,403.0,,true
78,350.0,162.0,,true
79,500.0,180.0,,false
80,500.0,550.0,,false
81,3300.0,26.0,,false
82,3300.0,26.0,,false
83,3300.0,25.0,,false
84,60.0,158.0,,false
85,60.0,180.0,,false
86,60.0,181.0,,false
87,60.0,248.0,,false
88,800.0,6.0,,false
89,60.0,111.0,,false
90,60.0,101.0,,false
91,60.0,83.0,,false
92,60.0,85.0,,false
93,60.0,112.0,,false
94,60.0,112.0,,false
95,60.0,105.0,,false
96,60.0,118.0,,false
97,60.0,119.0,,false
98,100.0,243.0,,false
99,100.0,210.0,,false
100,900.0,8.0,,false
101,1150.0,16.0,,false
102,1000.0,5.0,,false
103,1350.0,49.0,,true
104,500.0,56.0,,true
105,5000.0,19.0,,true
106,2200.0,133.0,,true
107,3500.0,373.0,,true
108,5000.0,600.0,,true
109,500.0,153.0,,true
110,125.0,465.0,,true
111,40.0,410.0,,true
112,350.0,159.0,,true
113,500.0,198.0,,false
114,500.0,405.0,,false
115,3300.0,29.0,,false
116,3300.0,21.0,,false
117,3300.0,27.0,,false
118,60.0,157.0,,false
119,60.0,198.0,,false
120,60.0,226.0,,false
121,800.0,5.0,,false
122,60.0,100.0,,false
123,60.0,93.0,,false
124,60.0,116.0,,false
125,60.0,88.0,,false
126,60.0,105.0,,false
127,60.0,112.0,,false
128,60.0,120.0,,false
129,60.0,102.0,,false
130,60.0,101.0,,false
131,100.0,219.0,,false
132,100.0,231.0,,false
133,900.0,8.0,,false
134,1150.0,14.0,,false
135,1000.0,8.0,,false
136,1350.0,48.0,,true
137,500.0,57.0,,true
138,5000.0,16.0,,true
139,2200.0,139.0,,true
140,3500.0,290.0,,true
141,5000.0,600.0,,true
142,500.0,157.0,,true
143,125.0,522.0,,true
144,40.0,442.0,,true
145,350.0,170.0,,true
146,500.0,196.0,,false
147,500.0,560.0,,false
148,3300.0,26.0,,false
149,3300.0,21.0,,false
150,3300.0,27.0,,false
151,60.0,225.0,,false
152,60.0,192.0,,false
153,60.0,173.0,,false
154,800.0,5.0,,false
155,60.0,100.0,,false
156,60.0,87.0,,false
157,60.0,110.0,,false
158,60.0,120.0,,false
159,60.0,118.0,,false
160,60.0,120.0,,false
161,60.0,112.0,,false
162,100.0,247.0,,false
163,100.0,199.0,,false
164,900.0,7.0,,false
165,1150.0,15.0,,false
166,1000.0,6.0,,false
167,1350.0,47.0,,true
168,500.0,57.0,,true
169,5000.0,17.0,,true
170,2200.0,140.0,,true
171,3500.0,359.0,,true
172,5000.0,600.0,,true
173,500.0,155.0,,true
174,125.0,505.0,,true
175,40.0,414.0,,true
176,350.0,165.0,,true
177,500.0,188.0,,false
178,500.0,426.0,,false
179,3300.0,23.0,,false
180,3300.0,27.0,,false
181,3300.0,21.0,,false
182,60.0,196.0,,false
183,60.0,197.0,,false
184,60.0,181.0,,false
185,60.0,231.0,,false
186,800.0,4.0,,false
187,60.0,95.0,,false
188,60.0,107.0,,false
189,60.0,92.0,,false
190,60.0,108.0,,false
191,60.0,120.0,,false
192,60.0,92.0,,false
193,60.0,99.0,,false
194,100.0,200.0,,false
195,100.0,249.0,,false
196,900.0,8.0,,false
197,1150.0,17.0,,false
198,1000.0,7.0,,false
199,1350.0,49.0,,true
200,500.0,57.0,,true
201,5000.0,17.0,,true
202,2200.0,140.0,,true
203,3500.0,251.0,,true
204,5000.0,600.0,,true
205,500.0,144.0,,true
206,125.0,462.0,,true
207,40.0,412.0,,true
208,350.0,160.0,,true
209,500.0,173.0,,false
210,500.0,475.0,,false
211,3300.0,21.0,,false
212,3300.0,24.0,,false
213,3300.0,29.0,,false
214,60.0,236.0,,false
215,60.0,230.0,,false
216,60.0,225.0,,false
217,800.0,6.0,,false
218,60.0,114.0,,false
219,60.0,95.0,,false
220,60.0,112.0,,false
221,60.0,112.0,,false
222,60.0,100.0,,false
223,60.0,113.0,,false
224,60.0,91.0,,false
225,60.0,104.0,,false
226,60.0,111.0,,false
227,100.0,202.0,,false
228,100.0,229.0,,false
229,900.0,7.0,,false
230,1150.0,13.0,,false
231,1000.0,5.0,,false
232,1350.0,49.0,,true
233,500.0,58.0,,true
234,5000.0,19.0,,true
235,2200.0,133.0,,true
236,3500.0,360.0,,true
237,5000.0,600.0,,true
238,500.0,156.0,,true
239,125.0,522.0,,true
240,40.0,410.0,,true
241,350.0,169.0,,true
242,500.0,188.0,,false
243,500.0,327.0,,false
244,3300.0,27.0,,false
245,3300.0,29.0,,false
246,3300.0,29.0,,false
247,60.0,244.0,,false
248,60.0,209.0,,false
249,60.0,184.0,,false
250,800.0,5.0,,false
251,60.0,105.0,,false
252,60.0,118.0,,false
253,60.0,86.0,,false
254,60.0,94.0,,false
255,60.0,97.0,,false
256,60.0,81.0,,false
257,60.0,81.0,,false
258,60.0,96.0,,false
259,60.0,114.0,,false
260,100.0,247.0,,false
261,100.0,188.0,,false
262,900.0,7.0,,false
263,1150.0,15.0,,false
264,1000.0,8.0,,false
265,1350.0,46.0,,true
266,500.0,56.0,,true
267,5000.0,17.0,,true
268,2200.0,137.0,,true
269,3500.0,274.0,,true
270,5000.0,600.0,,true
271,500.0,159.0,,true
272,125.0,488.0,,true
273,40.0,427.0,,true
274,350.0,152.0,,true
275,500.0,192.0,,false
276,500.0,384.0,,false
277,3300.0,28.0,,false
278,3300.0,26.0,,false
279,3300.0,23.0,,false
280,60.0,207.0,,false
281,60.0,215.0,,false
282,60.0,250.0,,false
283,60.0,162.0,,false
284,800.0,5.0,,false
285,60.0,89.0,,false
286,60.0,96.0,,false
287,60.0,112.0,,false
288,60.0,92.0,,false
289,60.0,94.0,,false
290,60.0,98.0,,false
291,60.0,101.0,,false
292,60.0,114.0,,false
293,100.0,217.0,,false
294,100.0,202.0,,false
295,900.0,9.0,,false
296,1150.0,13.0,,false
297,1000.0,6.0,,false
298,1350.0,50.0,,true
299,500.0,57.0,,true
300,5000.0,19.0,,true
301,2200.0,132.0,,true
302,3500.0,232.0,,true
303,5000.0,600.0,,true
304,500.0,146.0,,true
305,125.0,472.0,,true
306,40.0,373.0,,true
307,350.0,172.0,,true
308,500.0,196.0,,false
309,500.0,323.0,,false
310,3300.0,21.0,,false
311,3300.0,23.0,,false
312,3300.0,21.0,,false
313,60.0,242.0,,false
314,60.0,156.0,,false
315,60.0,204.0,,false
316,800.0,5.0,,false
317,60.0,106.0,,false
318,60.0,108.0,,false
319,60.0,116.0,,false
320,60.0,83.0,,false
321,60.0,95.0,,false
322,60.0,88.0,,false
323,60.0,82.0,,false
324,60.0,101.0,,false
325,100.0,188.0,,false
326,100.0,224.0,,false
327,900.0,9.0,,false
328,1150.0,18.0,,false
329,1000.0,6.0,,false
330,1350.0,48.0,,true
331,500.0,58.0,,true
332,5000.0,20.0,,true
333,2200.0,136.0,,true
334,3500.0,341.0,,true
335,5000.0,600.0,,true
336,500.0,157.0,,true
337,125.0,508.0,,true
338,40.0,375.0,,true
339,350.0,153.0,,true
340,500.0,198.0,,false
341,500.0,418.0,,false
342,3300.0,23.0,,false
343,3300.0,27.0,,false
344,3300.0,26.0,,false
345,60.0,183.0,,false
346,60.0,223.0,,false
347,60.0,239.0,,false
348,60.0,246.0,,false
349,800.0,5.0,,false
350,60.0,115.0,,false
351,60.0,90.0,,false
352,60.0,91.0,,false
353,60.0,83.0,,false
354,60.0,107.0,,false
355,60.0,98.0,,false
356,60.0,113.0,,false
357,60.0,94.0,,false
358,60.0,119.0,,false
359,60.0,94.0,,false
360,100.0,238.0,,false
361,100.0,191.0,,false
362,900.0,9.0,,false
363,1150.0,13.0,,false
364,1000.0,5.0,,false
365,1350.0,50.0,,true
366,500.0,57.0,,true
367,5000.0,18.0,,true
368,2200.0,138.0,,true
369,3500.0,238.0,,true
370,5000.0,600.0,,true
371,500.0,142.0,,true
372,125.0,490.0,,true
373,40.0,412.0,,true
374,350.0,176.0,,true
375,500.0,187.0,,false
376,500.0,375.0,,false
377,3300.0,23.0,,false
378,3300.0,21.0,,false
379,3300.0,27.0,,false
380,60.0,166.0,,false
381,60.0,187.0,,false
382,60.0,192.0,,false
383,60.0,190.0,,false
384,800.0,4.0,,false
385,60.0,100.0,,false
386,60.0,104.0,,false
387,60.0,90.0,,false
388,60.0,82.0,,false
389,60.0,83.0,,false
390,60.0,90.0,,false
391,60.0,109.0,,false
392,60.0,88.0,,false
393,60.0,104.0,,false
394,60.0,98.0,,false
395,100.0,191.0,,false
396,100.0,217.0,,false
397,900.0,7.0,,false
398,1150.0,13.0,,false
399,1000.0,5.0,,false
400,1350.0,48.0,,true
401,500.0,56.0,,true
402,5000.0,17.0,,true
403,2200.0,136.0,,true
404,3500.0,375.0,,true
405,5000.0,600.0,,true
406,500.0,142.0,,true
407,125.0,489.0,,true
408,40.0,384.0,,true
409,350.0,152.0,,true
410,500.0,188.0,,false
411,500.0,486.0,,false
412,3300.0,22.0,,false
413,3300.0,28.0,,false
414,3300.0,29.0,,false
415,60.0,229.0,,false
416,60.0,250.0,,false
417,60.0,169.0,,false
418,60.0,152.0,,false
419,800.0,6.0,,false
420,60.0,86.0,,false
421,60.0,105.0,,false
422,60.0,113.0,,false
423,60.0,106.0,,false
424,60.0,96.0,,false
425,60.0,107.0,,false
426,100.0,233.0,,false
427,100.0,186.0,,false
428,900.0,9.0,,false
429,1150.0,13.0,,false
430,1000.0,8.0,,false
431,1350.0,49.0,,true
432,500.0,57.0,,true
433,5000.0,17.0,,true
434,2200.0,137.0,,true
435,3500.0,353.0,,true
436,5000.0,600.0,,true
437,500.0,144.0,,true
438,125.0,493.0,,true
439,40.0,398.0,,true
440,350.0,165.0,,true
441,500.0,191.0,,false
442,500.0,598.0,,false
443,3300.0,25.0,,false
444,3300.0,30.0,,false
445,3300.0,29.0,,false
446,60.0,209.0,,false
447,60.0,244.0,,false
448,60.0,186.0,,false
449,800.0,6.0,,false
450,60.0,81.0,,false
451,60.0,119.0,,false
452,60.0,85.0,,false
453,60.0,89.0,,false
454,60.0,111.0,,false
455,60.0,84.0,,false
456,60.0,104.0,,false
457,60.0,116.0,,false
458,100.0,192.0,,false
459,100.0,248.0,,false
460,900.0,7.0,,false
461,1150.0,18.0,,false
462,1000.0,7.0,,false
463,1350.0,49.0,,true
464,500.0,56.0,,true
465,5000.0,16.0,,true
466,2200.0,138.0,,true
467,3500.0,379.0,,true
468,5000.0,600.0,,true
469,500.0,158.0,,true
470,125.0,461.0,,true
471,40.0,364.0,,true
472,350.0,154.0,,true
473,500.0,200.0,,false
474,500.0,503.0,,false
475,3300.0,29.0,,false
476,3300.0,21.0,,false
477,3300.0,27.0,,false
478,60.0,171.0,,false
479,60.0,221.0,,false
480,60.0,226.0,,false
481,60.0,167.0,,false
482,800.0,5.0,,false
483,60.0,117.0,,false
484,60.0,89.0,,false
485,60.0,92.0,,false
486,60.0,98.0,,false
487,60.0,93.0,,false
488,60.0,117.0,,false
489,60.0,101.0,,false
490,60.0,99.0,,false
491,60.0,93.0,,false
492,60.0,112.0,,false
493,100.0,198.0,,false
494,100.0,235.0,,false
495,900.0,7.0,,false
496,1150.0,18.0,,false
497,1000.0,8.0,,false
498,1350.0,50.0,,true
499,500.0,59.0,,true
500,5000.0,17.0,,true
501,2200.0,139.0,,true
502,3500.0,312.0,,true
503,5000.0,600.0,,true
504,500.0,143.0,,true
505,125.0,526.0,,true
506,40.0,427.0,,true
507,350.0,151.0,,true
508,500.0,191.0,,false
509,500.0,485.0,,false
510,3300.0,22.0,,false
511,3300.0,28.0,,false
512,3300.0,29.0,,false
513,60.0,176.0,,false
514,60.0,155.0,,false
515,60.0,198.0,,false
516,800.0,5.0,,false
517,60.0,115.0,,false
518,60.0,120.0,,false
519,60.0,105.0,,false
520,60.0,102.0,,false
521,60.0,113.0,,false
522,60.0,101.0,,false
523,60.0,118.0,,false
524,60.0,111.0,,false
525,60.0,106.0,,false
526,60.0,85.0,,false
527,100.0,246.0,,false
528,100.0,245.0,,false
529,900.0,10.0,,false
530,1150.0,15.0,,false
531,1000.0,7.0,,false
532,1350.0,46.0,,true
533,500.0,58.0,,true
534,5000.0,20.0,,true
535,2200.0,132.0,,true
536,3500.0,274.0,,true
537,5000.0,600.0,,true
538,500.0,151.0,,true
539,125.0,522.0,,true
540,40.0,381.0,,true
541,350.0,161.0,,true
542,500.0,193.0,,false
543,500.0,374.0,,false
544,3300.0,25.0,,false
545,3300.0,21.0,,false
546,3300.0,25.0,,false
547,60.0,200.0,,false
548,60.0,173.0,,false
549,60.0,202.0,,false
550,800.0,6.0,,false
551,60.0,100.0,,false
552,60.0,120.0,,false
553,60.0,84.0,,false
554,60.0,82.0,,false
555,60.0,89.0,,false
556,60.0,99.0,,false
557,60.0,85.0,,false
558,100.0,199.0,,false
559,100.0,208.0,,false
560,900.0,7.0,,false
561,1150.0,16.0,,false
562,1000.0,5.0,,false
563,1350.0,47.0,,true
564,500.0,59.0,,true
565,5000.0,17.0,,true
566,2200.0,131.0,,true
567,3500.0,382.0,,true
568,5000.0,600.0,,true
569,500.0,141.0,,true
570,125.0,496.0,,true
571,40.0,409.0,,true
572,350.0,158.0,,true
573,500.0,184.0,,false
574,500.0,594.0,,false
575,3300.0,23.0,,false
576,3300.0,30.0,,false
577,3300.0,24.0,,false
578,60.0,167.0,,false
579,60.0,200.0,,false
580,60.0,206.0,,false
581,60.0,197.0,,false
582,800.0,6.0,,false
583,60.0,94.0,,false
584,60.0,81.0,,false
585,60.0,118.0,,false
586,60.0,117.0,,false
587,60.0,108.0,,false
588,60.0,115.0,,false
589,60.0,91.0,,false
590,100.0,216.0,,false
591,100.0,193.0,,false
592,900.0,8.0,,false
593,1150.0,13.0,,false
594,1000.0,5.0,,false
595,1350.0,46.0,,true
596,500.0,56.0,,true
597,5000.0,17.0,,true
598,2200.0,132.0,,true
599,3500.0,208.0,,true
600,5000.0,600.0,,true
601,500.0,142.0,,true
602,125.0,473.0,,true
603,40.0,433.0,,true
604,350.0,175.0,,true
605,500.0,178.0,,false
606,500.0,404.0,,false
607,3300.0,30.0,,false
608,3300.0,24.0,,false
609,3300.0,27.0,,false
610,60.0,173.0,,false
611,60.0,196.0,,false
612,60.0,192.0,,false
613,60.0,152.0,,false
614,800.0,6.0,,false
615,60.0,110.0,,false
616,60.0,93.0,,false
617,60.0,118.0,,false
618,60.0,81.0,,false
619,60.0,107.0,,false
620,60.0,113.0,,false
621,60.0,116.0,,false
622,100.0,201.0,,false
623,100.0,218.0,,false
624,900.0,10.0,,false
625,1150.0,18.0,,false
626,1000.0,6.0,,false
627,1350.0,48.0,,true
628,500.0,58.0,,true
629,5000.0,17.0,,true
630,2200.0,133.0,,true
631,3500.0,359.0,,true
632,5000.0,600.0,,true
633,500.0,154.0,,true
634,125.0,483.0,,true
635,40.0,410.0,,true
636,350.0,160.0,,true
637,500.0,196.0,,false
638,500.0,335.0,,false
639,3300.0,25.0,,false
640,3300.0,24.0,,false
641,3300.0,24.0,,false
642,60.0,232.0,,false
643,60.0,160.0,,false
644,60.0,193.0,,false
645,800.0,4.0,,false
646,60.0,103.0,,false
647,60.0,82.0,,false
648,60.0,90.0,,false
649,60.0,116.0,,false
650,60.0,105.0,,false
651,60.0,120.0,,false
652,60.0,110.0,,false
653,100.0,246.0,,false
654,100.0,239.0,,false
655,900.0,8.0,,false
656,1150.0,18.0,,false
657,1000.0,7.0,,false
658,1350.0,50.0,,true
659,500.0,60.0,,true
660,5000.0,16.0,,true
661,2200.0,137.0,,true
662,3500.0,247.0,,true
663,5000.0,600.0,,true
664,500.0,151.0,,true
665,125.0,495.0,,true
666,40.0,430.0,,true
667,350.0,156.0,,true
668,500.0,176.0,,false
669,500.0,467.0,,false
670,3300.0,23.0,,false
671,3300.0,24.0,,false
672,3300.0,24.0,,false
673,60.0,226.0,,false
674,60.0,245.0,,false
675,60.0,179.0,,false
676,60.0,152.0,,false
677,800.0,4.0,,false
678,60.0,103.0,,false
679,60.0,92.0,,false
680,60.0,115.0,,false
681,60.0,101.0,,false
682,60.0,94.0,,false
683,60.0,113.0,,false
684,60.0,92.0,,false
685,60.0,102.0,,false
686,100.0,223.0,,false
687,100.0,186.0,,false
688,900.0,10.0,,false
689,1150.0,14.0,,false
690,1000.0,6.0,,false
691,1350.0,50.0,,true
692,500.0,58.0,,true
693,5000.0,18.0,,true
694,2200.0,133.0,,true
695,3500.0,213.0,,true
696,5000.0,600.0,,true
697,500.0,145.0,,true
698,125.0,518.0,,true
699,40.0,444.0,,true
700,350.0,168.0,,true
701,500.0,190.0,,false
702,500.0,446.0,,false
703,3300.0,25.0,,false
704,3300.0,26.0,,false
705,3300.0,25.0,,false
706,60.0,174.0,,false
707,60.0,213.0,,false
708,60.0,194.0,,false
709,800.0,5.0,,false
710,60.0,85.0,,false
711,60.0,89.0,,false
712,60.0,99.0,,false
713,60.0,82.0,,false
714,60.0,83.0,,false
715,60.0,111.0,,false
716,100.0,192.0,,false
717,100.0,203.0,,false
718,900.0,7.0,,false
719,1150.0,17.0,,false
720,1000.0,8.0,,false
721,1350.0,49.0,,true
722,500.0,58.0,,true
723,5000.0,17.0,,true
724,2200.0,136.0,,true
725,3500.0,338.0,,true
726,5000.0,600.0,,true
727,500.0,155.0,,true
728,125.0,465.0,,true
729,40.0,402.0,,true
730,350.0,176.0,,true
731,500.0,183.0,,false
732,500.0,589.0,,false
733,3300.0,29.0,,false
734,3300.0,26.0,,false
735,3300.0,28.0,,false
736,60.0,227.0,,false
737,60.0,225.0,,false
738,60.0,160.0,,false
739,800.0,4.0,,false
740,60.0,85.0,,false
741,60.0,103.0,,false
742,60.0,106.0,,false
743,60.0,99.0,,false
744,60.0,88.0,,false
745,60.0,109.0,,false
746,60.0,94.0,,false
747,60.0,101.0,,false
748,60.0,112.0,,false
749,100.0,203.0,,false
750,100.0,230.0,,false
751,900.0,8.0,,false
752,1150.0,15.0,,false
753,1000.0,6.0,,false
754,1350.0,48.0,,true
755,500.0,56.0,,true
756,5000.0,20.0,,true
757,2200.0,140.0,,true
758,3500.0,230.0,,true
759,5000.0,600.0,,true
760,500.0,154.0,,true
761,125.0,498.0,,true
762,40.0,363.0,,true
763,350.0,171.0,,true
764,500.0,197.0,,false
765,500.0,532.0,,false
766,3300.0,21.0,,false
767,3300.0,22.0,,false
768,3300.0,22.0,,false
769,60.0,188.0,,false
770,60.0,224.0,,false
771,60.0,165.0,,false
772,800.0,5.0,,false
773,60.0,99.0,,false
774,60.0,96.0,,false
775,60.0,84.0,,false
776,60.0,119.0,,false
777,60.0,111.0,,false
778,60.0,104.0,,false
779,60.0,84.0,,false
780,60.0,112.0,,false
781,60.0,85.0,,false
782,100.0,213.0,,false
783,100.0,228.0,,false
784,900.0,10.0,,false
785,1150.0,15.0,,false
786,1000.0,5.0,,false
787,1350.0,48.0,,true
788,500.0,57.0,,true
789,5000.0,17.0,,true
790,2200.0,138.0,,true
791,3500.0,228.0,,true
792,5000.0,600.0,,true
793,500.0,142.0,,true
794,125.0,454.0,,true
795,40.0,385.0,,true
796,350.0,146.0,,true
797,500.0,195.0,,false
798,500.0,313.0,,false
799,3300.0,26.0,,false
800,3300.0,30.0,,false
801,3300.0,27.0,,false
802,60.0,228.0,,false
803,60.0,195.0,,false
804,60.0,212.0,,false
805,60.0,193.0,,false
806,800.0,4.0,,false
807,60.0,117.0,,false
808,60.0,119.0,,false
809,60.0,83.0,,false
810,60.0,111.0,,false
811,60.0,105.0,,false
812,60.0,94.0,,false
813,60.0,81.0,,false
814,100.0,224.0,,false
815,100.0,233.0,,false
816,900.0,7.0,,false
817,1150.0,16.0,,false
818,1000.0,8.0,,false
819,1350.0,50.0,,true
820,500.0,56.0,,true
821,5000.0,19.0,,true
822,2200.0,137.0,,true
823,3500.0,310.0,,true
824,5000.0,600.0,,true
825,500.0,145.0,,true
826,125.0,460.0,,true
827,40.0,440.0,,true
828,350.0,166.0,,true
829,500.0,178.0,,false
830,500.0,518.0,,false
831,3300.0,28.0,,false
832,3300.0,26.0,,false
833,3300.0,22.0,,false
834,60.0,245.0,,false
835,60.0,171.0,,false
836,60.0,169.0,,false
837,800.0,6.0,,false
838,60.0,83.0,,false
839,60.0,87.0,,false
840,60.0,109.0,,false
841,60.0,119.0,,false
842,60.0,112.0,,false
843,60.0,98.0,,false
844,60.0,100.0,,false
845,60.0,105.0,,false
846,60.0,81.0,,false
847,60.0,89.0,,false
848,100.0,243.0,,false
849,100.0,230.0,,false
850,900.0,10.0,,false
851,1150.0,18.0,,false
852,1000.0,5.0,,false
853,1350.0,47.0,,true
854,500.0,59.0,,true
855,5000.0,17.0,,true
856,2200.0,140.0,,true
857,3500.0,380.0,,true
858,5000.0,600.0,,true
859,500.0,148.0,,true
860,125.0,482.0,,true
861,40.0,353.0,,true
862,350.0,168.0,,true
863,500.0,186.0,,false
864,500.0,444.0,,false
865,3300.0,29.0,,false
866,3300.0,23.0,,false
867,3300.0,23.0,,false
868,60.0,232.0,,false
869,60.0,154.0,,false
870,60.0,208.0,,false
871,60.0,201.0,,false
872,800.0,5.0,,false
873,60.0,120.0,,false
874,60.0,101.0,,false
875,60.0,105.0,,false
876,60.0,99.0,,false
877,60.0,94.0,,false
878,60.0,91.0,,false
879,60.0,109.0,,false
880,60.0,107.0,,false
881,60.0,117.0,,false
882,100.0,196.0,,false
883,100.0,210.0,,false
884,900.0,8.0,,false
885,1150.0,16.0,,false
886,1000.0,8.0,,false
887,1350.0,46.0,,true
888,500.0,58.0,,true
889,5000.0,16.0,,true
890,2200.0,135.0,,true
891,3500.0,325.0,,true
892,5000.0,600.0,,true
893,500.0,141.0,,true
894,125.0,466.0,,true
895,40.0,439.0,,true
896,350.0,173.0,,true
897,500.0,178.0,,false
898,500.0,344.0,,false
899,3300.0,30.0,,false
900,3300.0,30.0,,false
901,3300.0,29.0,,false
902,60.0,154.0,,false
903,60.0,184.0,,false
904,60.0,235.0,,false
905,800.0,6.0,,false
906,60.0,104.0,,false
907,60.0,103.0,,false
908,60.0,95.0,,false
909,60.0,81.0,,false
910,60.0,87.0,,false
911,60.0,87.0,,false
912,60.0,88.0,,false
913,60.0,105.0,,false
914,100.0,210.0,,false
915,100.0,249.0,,false
916,900.0,9.0,,false
917,1150.0,13.0,,false
918,1000.0,5.0,,false
919,1350.0,49.0,,true
920,500.0,57.0,,true
921,5000.0,20.0,,true
922,2200.0,138.0,,true
923,3500.0,310.0,,true
924,5000.0,600.0,,true
925,500.0,150.0,,true
926,125.0,545.0,,true
927,40.0,419.0,,true
928,350.0,172.0,,true
929,500.0,181.0,,false
930,500.0,535.0,,false
931,3300.0,27.0,,false
932,3300.0,28.0,,false
933,3300.0,24.0,,false
934,60.0,172.0,,false
935,60.0,194.0,,false
936,60.0,247.0,,false
937,800.0,5.0,,false
938,60.0,114.0,,false
939,60.0,84.0,,false
940,60.0,106.0,,false
941,60.0,100.0,,false
942,60.0,113.0,,false
943,60.0,81.0,,false
944,60.0,113.0,,false
945,100.0,215.0,,false
946,100.0,220.0,,false
947,900.0,10.0,,false
948,1150.0,18.0,,false
949,1000.0,8.0,,false
950,1350.0,47.0,,true
951,500.0,57.0,,true
952,5000.0,18.0,,true
953,2200.0,139.0,,true
954,3500.0,306.0,,true
955,5000.0,600.0,,true
956,500.0,149.0,,true
957,125.0,451.0,,true
958,40.0,430.0,,true
959,350.0,150.0,,true
960,500.0,187.0,,false
961,500.0,327.0,,false
962,3300.0,25.0,,false
963,3300.0,21.0,,false
964,3300.0,21.0,,false
965,60.0,180.0,,false
966,60.0,249.0,,false
967,60.0,163.0,,false
968,800.0,4.0,,false
969,60.0,88.0,,false
970,60.0,104.0,,false
971,60.0,105.0,,false
972,60.0,90.0,,false
973,60.0,95.0,,false
974,60.0,110.0,,false
975,100.0,236.0,,false
976,100.0,235.0,,false
977,900.0,8.0,,false
978,1150.0,13.0,,false
979,1000.0,5.0,,false
980,1350.0,49.0,,true
981,500.0,59.0,,true
982,5000.0,17.0,,true
983,2200.0,135.0,,true
984,3500.0,357.0,,true
985,5000.0,600.0,,true
986,500.0,152.0,,true
987,125.0,513.0,,true
988,40.0,430.0,,true
989,350.0,176.0,,true
990,500.0,197.0,,false
991,500.0,332.0,,false
992,3300.0,24.0,,false
993,3300.0,25.0,,false
994,3300.0,30.0,,false
995,60.0,250.0,,false
996,60.0,248.0,,false
997,60.0,201.0,,false
998,800.0,5.0,,false
999,60.0,112.0,,false
1000,60.0,111.0,,false
1001,60.0,89.0,,false
1002,60.0,99.0,,false
1003,60.0,85.0,,false
1004,60.0,87.0,,false
1005,60.0,97.0,,false
1006,100.0,244.0,,false
1007,100.0,200.0,,false
1008,900.0,10.0,,false
1009,1150.0,15.0,,false
1010,1000.0,5.0,,false
1011,1350.0,49.0,,true
1012,500.0,59.0,,true
1013,5000.0,20.0,,true
1014,2200.0,136.0,,true
1015,3500.0,250.0,,true
1016,5000.0,600.0,,true
1017,500.0,145.0,,true
1018,125.0,545.0,,true
1019,40.0,414.0,,true
1020,350.0,156.0,,true
1021,500.0,200.0,,false
1022,500.0,406.0,,false
1023,3300.0,23.0,,false
1024,3300.0,21.0,,false
1025,3300.0,26.0,,false
1026,60.0,236.0,,false
1027,60.0,246.0,,false
1028,60.0,195.0,,false
1029,800.0,6.0,,false
1030,60.0,81.0,,false
1031,60.0,102.0,,false
1032,60.0,93.0,,false
1033,60.0,111.0,,false
1034,60.0,94.0,,false
1035,60.0,91.0,,false
1036,60.0,119.0,,false
1037,60.0,92.0,,false
1038,60.0,89.0,,false
1039,100.0,209.0,,false
1040,100.0,226.0,,false
1041,900.0,7.0,,false
1042,1150.0,17.0,,false
1043,1000.0,6.0,,false
1044,1350.0,49.0,,true
1045,500.0,57.0,,true
1046,5000.0,20.0,,true
1047,2200.0,136.0,,true
1048,3500.0,311.0,,true
1049,5000.0,600.0,,true
1050,500.0,144.0,,true
1051,125.0,522.0,,true
1052,40.0,408.0,,true
1053,350.0,162.0,,true
1054,500.0,182.0,,false
1055,500.0,378.0,,false
1056,3300.0,30.0,,false
1057,3300.0,21.0,,false
1058,3300.0,25.0,,false
1059,60.0,156.0,,false
1060,60.0,202.0,,false
1061,60.0,199.0,,false
1062,60.0,151.0,,false
1063,800.0,6.0,,false
1064,60.0,109.0,,false
1065,60.0,116.0,,false
1066,60.0,84.0,,false
1067,60.0,94.0,,false
1068,60.0,101.0,,false
1069,60.0,86.0,,false
1070,60.0,81.0,,false
1071,60.0,91.0,,false
1072,60.0,100.0,,false
1073,100.0,247.0,,false
1074,100.0,217.0,,false
1075,900.0,10.0,,false
1076,1150.0,17.0,,false
1077,1000.0,7.0,,false
1078,1350.0,47.0,,true
1079,500.0,56.0,,true
1080,5000.0,19.0,,true
1081,2200.0,134.0,,true
1082,3500.0,388.0,,true
1083,5000.0,600.0,,true
1084,500.0,156.0,,true
1085,125.0,524.0,,true
1086,40.0,354.0,,true
1087,350.0,162.0,,true
1088,500.0,183.0,,false
1089,500.0,510.0,,false
1090,3300.0,25.0,,false
1091,3300.0,25.0,,false
1092,3300.0,25.0,,false
1093,60.0,196.0,,false
1094,60.0,172.0,,false
1095,60.0,230.0,,false
1096,800.0,6.0,,false
1097,60.0,101.0,,false
1098,60.0,93.0,,false
1099,60.0,99.0,,false
1100,60.0,99.0,,false
1101,60.0,94.0,,false
1102,60.0,89.0,,false
1103,60.0,102.0,,false
1104,60.0,88.0,,false
1105,60.0,90.0,,false
1106,100.0,209.0,,false
1107,100.0,186.0,,false
1108,900.0,10.0,,false
1109,1150.0,14.0,,false
1110,1000.0,5.0,,false
1111,1350.0,49.0,,true
1112,500.0,57.0,,true
1113,5000.0,17.0,,true
1114,2200.0,131.0,,true
1115,3500.0,281.0,,true
1116,5000.0,600.0,,true
1117,500.0,157.0,,true
1118,125.0,481.0,,true
1119,40.0,452.0,,true
1120,350.0,162.0,,true
1121,500.0,197.0,,false
1122,500.0,577.0,,false
1123,3300.0,27.0,,false
1124,3300.0,26.0,,false
1125,3300.0,22.0,,false
1126,60.0,223.0,,false
1127,60.0,193.0,,false
1128,60.0,175.0,,false
1129,60.0,234.0,,false
1130,800.0,6.0,,false
1131,60.0,82.0,,false
1132,60.0,104.0,,false
1133,60.0,110.0,,false
1134,60.0,101.0,,false
1135,60.0,99.0,,false
1136,60.0,106.0,,false
1137,100.0,196.0,,false
1138,100.0,246.0,,false
1139,900.0,7.0,,false
1140,1150.0,15.0,,false
1141,1000.0,8.0,,false
1142,1350.0,50.0,,true
1143,500.0,57.0,,true
1144,5000.0,19.0,,true
1145,2200.0,133.0,,true
1146,3500.0,210.0,,true
1147,5000.0,600.0,,true
1148,500.0,145.0,,true
1149,125.0,548.0,,true
1150,40.0,450.0,,true
1151,350.0,141.0,,true
1152,500.0,183.0,,false
1153,500.0,369.0,,false
1154,3300.0,29.0,,false
1155,3300.0,27.0,,false
1156,3300.0,25.0,,false
1157,60.0,220.0,,false
1158,60.0,191.0,,false
1159,60.0,241.0,,false
1160,800.0,4.0,,false
1161,60.0,109.0,,false
1162,60.0,95.0,,false
1163,60.0,100.0,,false
1164,60.0,106.0,,false
1165,60.0,105.0,,false
1166,60.0,91.0,,false
1167,60.0,100.0,,false
1168,60.0,108.0,,false
1169,100.0,229.0,,false
1170,100.0,198.0,,false
1171,900.0,7.0,,false
1172,1150.0,18.0,,false
1173,1000.0,7.0,,false
1174,1350.0,50.0,,true
1175,500.0,56.0,,true
1176,5000.0,20.0,,true
1177,2200.0,136.0,,true
1178,3500.0,280.0,,true
1179,5000.0,600.0,,true
1180,500.0,145.0,,true
1181,125.0,481.0,,true
1182,40.0,416.0,,true
1183,350.0,155.0,,true
1184,500.0,193.0,,false
1185,500.0,471.0,,false
1186,3300.0,21.0,,false
1187,3300.0,21.0,,false
1188,3300.0,30.0,,false
1189,60.0,236.0,,false
1190,60.0,206.0,,false
1191,60.0,212.0,,false
1192,800.0,4.0,,false
1193,60.0,96.0,,false
1194,60.0,97.0,,false
1195,60.0,100.0,,false
1196,60.0,95.0,,false
1197,60.0,89.0,,false
1198,60.0,81.0,,false
1199,60.0,92.0,,false
1200,60.0,83.0,,false
1201,60.0,99.0,,false
1202,60.0,92.0,,false
1203,100.0,198.0,,false
1204,100.0,218.0,,false
1205,900.0,9.0,,false
1206,1150.0,15.0,,false
1207,1000.0,7.0,,false
1208,1350.0,50.0,,true
1209,500.0,60.0,,true
1210,5000.0,17.0,,true
1211,2200.0,138.0,,true
1212,3500.0,373.0,,true
1213,5000.0,600.0,,true
1214,500.0,147.0,,true
1215,125.0,530.0,,true
1216,40.0,358.0,,true
1217,350.0,163.0,,true
1218,500.0,184.0,,false
1219,500.0,373.0,,false
1220,3300.0,27.0,,false
1221,3300.0,29.0,,false
1222,3300.0,26.0,,false
1223,60.0,160.0,,false
1224,60.0,233.0,,false
1225,60.0,188.0,,false
1226,60.0,192.0,,false
1227,800.0,6.0,,false
1228,60.0,103.0,,false
1229,60.0,81.0,,false
1230,60.0,109.0,,false
1231,60.0,106.0,,false
1232,60.0,95.0,,false
1233,60.0,83.0,,false
1234,100.0,188.0,,false
1235,100.0,182.0,,false
1236,900.0,9.0,,false
1237,1150.0,18.0,,false
1238,1000.0,5.0,,false
1239,1350.0,47.0,,true
1240,500.0,58.0,,true
1241,5000.0,16.0,,true
1242,2200.0,131.0,,true
1243,3500.0,201.0,,true
1244,5000.0,600.0,,true
1245,500.0,145.0,,true
1246,125.0,469.0,,true
1247,40.0,456.0,,true
1248,350.0,170.0,,true
1249,500.0,198.0,,false
1250,500.0,560.0,,false
1251,3300.0,29.0,,false
1252,3300.0,23.0,,false
1253,3300.0,24.0,,false
1254,60.0,195.0,,false
1255,60.0,223.0,,false
1256,60.0,236.0,,false
1257,800.0,5.0,,false
1258,60.0,116.0,,false
1259,60.0,97.0,,false
1260,60.0,99.0,,false
1261,60.0,95.0,,false
1262,60.0,113.0,,false
1263,60.0,111.0,,false
1264,100.0,181.0,,false
1265,100.0,248.0,,false
1266,900.0,8.0,,false
1267,1150.0,14.0,,false
1268,1000.0,6.0,,false
1269,1350.0,46.0,,true
1270,500.0,59.0,,true
1271,5000.0,18.0,,true
1272,2200.0,137.0,,true
1273,3500.0,285.0,,true
1274,5000.0,600.0,,true
1275,500.0,153.0,,true
1276,125.0,517.0,,true
1277,40.0,390.0,,true
1278,350.0,171.0,,true
1279,500.0,187.0,,false
1280,500.0,360.0,,false
1281,3300.0,26.0,,false
1282,3300.0,29.0,,false
1283,3300.0,23.0,,false
1284,60.0,218.0,,false
1285,60.0,236.0,,false
1286,60.0,195.0,,false
1287,60.0,186.0,,false
1288,800.0,5.0,,false
1289,60.0,110.0,,false
1290,60.0,97.0,,false
1291,60.0,86.0,,false
1292,60.0,104.0,,false
1293,60.0,95.0,,false
1294,60.0,96.0,,false
1295,60.0,95.0,,false
1296,100.0,249.0,,false
1297,100.0,181.0,,false
1298,900.0,10.0,,false
1299,1150.0,16.0,,false
1300,1000.0,8.0,,false
1301,1350.0,50.0,,true
1302,500.0,57.0,,true
1303,5000.0,20.0,,true
1304,2200.0,140.0,,true
1305,3500.0,390.0,,true
1306,5000.0,600.0,,true
1307,500.0,145.0,,true
1308,125.0,503.0,,true
1309,40.0,387.0,,true
1310,350.0,171.0,,true
1311,500.0,171.0,,false
1312,500.0,347.0,,false
1313,3300.0,24.0,,false
1314,3300.0,30.0,,false
1315,3300.0,29.0,,false
1316,60.0,200.0,,false
1317,60.0,248.0,,false
1318,60.0,182.0,,false
1319,60.0,241.0,,false
1320,800.0,5.0,,false
1321,60.0,88.0,,false
1322,60.0,89.0,,false
1323,60.0,106.0,,false
1324,60.0,106.0,,false
1325,60.0,104.0,,false
1326,60.0,92.0,,false
1327,100.0,242.0,,false
1328,100.0,231.0,,false
1329,900.0,7.0,,false
1330,1150.0,17.0,,false
1331,1000.0,7.0,,false
1332,1350.0,46.0,,true
1333,500.0,59.0,,true
1334,5000.0,20.0,,true
1335,2200.0,133.0,,true
1336,3500.0,292.0,,true
1337,5000.0,600.0,,true
1338,500.0,149.0,,true
1339,125.0,528.0,,true
1340,40.0,371.0,,true
1341,350.0,180.0,,true
1342,500.0,184.0,,false
1343,500.0,555.0,,false
1344,3300.0,22.0,,false
1345,3300.0,25.0,,false
1346,3300.0,26.0,,false
1347,60.0,160.0,,false
1348,60.0,206.0,,false
1349,60.0,212.0,,false
1350,800.0,4.0,,false
1351,60.0,90.0,,false
1352,60.0,105.0,,false
1353,60.0,89.0,,false
1354,60.0,117.0,,false
1355,60.0,101.0,,false
1356,60.0,86.0,,false
1357,100.0,208.0,,false
1358,100.0,221.0,,false
1359,900.0,9.0,,false
1360,1150.0,17.0,,false
1361,1000.0,6.0,,false
1362,1350.0,48.0,,true
1363,500.0,60.0,,true
1364,5000.0,16.0,,true
1365,2200.0,138.0,,true
1366,3500.0,233.0,,true
1367,5000.0,600.0,,true
1368,500.0,149.0,,true
1369,125.0,530.0,,true
1370,40.0,440.0,,true
1371,350.0,143.0,,true
1372,500.0,171.0,,false
1373,500.0,433.0,,false
1374,3300.0,22.0,,false
1375,3300.0,26.0,,false
1376,3300.0,27.0,,false
1377,60.0,236.0,,false
1378,60.0,242.0,,false
1379,60.0,230.0,,false
1380,60.0,240.0,,false
1381,800.0,5.0,,false
1382,60.0,98.0,,false
1383,60.0,81.0,,false
1384,60.0,94.0,,false
1385,60.0,118.0,,false
1386,60.0,93.0,,false
1387,60.0,114.0,,false
1388,60.0,81.0,,false
1389,60.0,117.0,,false
1390,100.0,241.0,,false
1391,100.0,244.0,,false
1392,900.0,8.0,,false
1393,1150.0,15.0,,false
1394,1000.0,5.0,,false
1395,1350.0,50.0,,true
1396,500.0,59.0,,true
1397,5000.0,20.0,,true
1398,2200.0,134.0,,true
1399,3500.0,311.0,,true
1400,5000.0,600.0,,true
1401,500.0,142.0,,true
1402,125.0,540.0,,true
1403,40.0,359.0,,true
1404,350.0,149.0,,true
1405,500.0,177.0,,false
1406,500.0,461.0,,false
1407,3300.0,29.0,,false
1408,3300.0,29.0,,false
1409,3300.0,29.0,,false
1410,60.0,162.0,,false
1411,60.0,183.0,,false
1412,60.0,182.0,,false
1413,60.0,181.0,,false
1414,800.0,6.0,,false
1415,60.0,91.0,,false
1416,60.0,87.0,,false
1417,60.0,89.0,,false
1418,60.0,92.0,,false
1419,60.0,81.0,,false
1420,60.0,120.0,,false
1421,60.0,91.0,,false
1422,100.0,202.0,,false
1423,100.0,214.0,,false
1424,900.0,8.0,,false
1425,1150.0,16.0,,false
1426,1000.0,5.0,,false
1427,1350.0,46.0,,true
1428,500.0,59.0,,true
1429,5000.0,16.0,,true
1430,2200.0,136.0,,true
1431,3500.0,228.0,,true
1432,5000.0,600.0,,true
1433,500.0,141.0,,true
1434,125.0,474.0,,true
1435,40.0,405.0,,true
1436,350.0,154.0,,true
1437,500.0,178.0,,false
1438,500.0,565.0,,false
1439,3300.0,27.0,,false
1440,3300.0,27.0,,false
1441,3300.0,22.0,,false
1442,60.0,244.0,,false
1443,60.0,172.0,,false
1444,60.0,187.0,,false
1445,60.0,155.0,,false
1446,800.0,6.0,,false
1447,60.0,119.0,,false
1448,60.0,118.0,,false
1449,60.0,101.0,,false
1450,60.0,88.0,,false
1451,60.0,99.0,,false
1452,60.0,86.0,,false
1453,100.0,199.0,,false
1454,100.0,227.0,,false
1455,900.0,7.0,,false
1456,1150.0,16.0,,false
1457,1000.0,6.0,,false
1458,1350.0,49.0,,true
1459,500.0,58.0,,true
1460,5000.0,16.0,,true
1461,2200.0,134.0,,true
1462,3500.0,249.0,,true
1463,5000.0,600.0,,true
1464,500.0,157.0,,true
1465,125.0,537.0,,true
1466,40.0,449.0,,true
1467,350.0,166.0,,true
1468,500.0,174.0,,false
1469,500.0,587.0,,false
1470,3300.0,25.0,,false
1471,3300.0,30.0,,false
1472,3300.0,24.0,,false
1473,60.0,216.0,,false
1474,60.0,240.0,,false
1475,60.0,151.0,,false
1476,60.0,177.0,,false
1477,800.0,4.0,,false
1478,60.0,114.0,,false
1479,60.0,85.0,,false
1480,60.0,94.0,,false
1481,60.0,109.0,,false
1482,60.0,85.0,,false
1483,60.0,95.0,,false
1484,60.0,120.0,,false
1485,60.0,111.0,,false
1486,60.0,109.0,,false
1487,60.0,102.0,,false
1488,100.0,197.0,,false
1489,100.0,200.0,,false
1490,900.0,7.0,,false
1491,1150.0,15.0,,false
1492,1000.0,5.0,,false
1493,1350.0,46.0,,true
1494,500.0,56.0,,true
1495,5000.0,19.0,,true
1496,2200.0,137.0,,true
1497,3500.0,239.0,,true
1498,5000.0,600.0,,true
1499,500.0,148.0,,true
1500,125.0,526.0,,true
1501,40.0,440.0,,true
1502,350.0,167.0,,true
1503,500.0,192.0,,false
1504,500.0,322.0,,false
1505,3300.0,29.0,,false
1506,3300.0,28.0,,false
1507,3300.0,26.0,,false
1508,60.0,173.0,,false
1509,60.0,184.0,,false
1510,60.0,184.0,,false
1511,800.0,6.0,,false
1512,60.0,88.0,,false
1513,60.0,101.0,,false
1514,60.0,116.0,,false
1515,60.0,109.0,,false
1516,60.0,120.0,,false
1517,60.0,102.0,,false
1518,60.0,94.0,,false
1519,60.0,82.0,,false
1520,60.0,103.0,,false
1521,100.0,243.0,,false
1522,100.0,229.0,,false
1523,900.0,9.0,,false
1524,1150.0,13.0,,false
1525,1000.0,7.0,,false
1526,1350.0,49.0,,true
1527,500.0,58.0,,true
1528,5000.0,20.0,,true
1529,2200.0,131.0,,true
1530,3500.0,394.0,,true
1531,5000.0,600.0,,true
1532,500.0,160.0,,true
1533,125.0,458.0,,true
1534,40.0,381.0,,true
1535,350.0,178.0,,true
1536,500.0,181.0,,false
1537,500.0,361.0,,false
1538,3300.0,25.0,,false
1539,3300.0,21.0,,false
1540,3300.0,22.0,,false
1541,60.0,175.0,,false
1542,60.0,198.0,,false
1543,60.0,230.0,,false
1544,800.0,6.0,,false
1545,60.0,97.0,,false
1546,60.0,108.0,,false
1547,60.0,99.0,,false
1548,60.0,110.0,,false
1549,60.0,100.0,,false
1550,60.0,94.0,,false
1551,60.0,107.0,,false
1552,100.0,220.0,,false
1553,100.0,203.0,,false
1554,900.0,9.0,,false
1555,1150.0,13.0,,false
1556,1000.0,5.0,,false
1557,1350.0,46.0,,true
1558,500.0,60.0,,true
1559,5000.0,16.0,,true
1560,2200.0,131.0,,true
1561,3500.0,221.0,,true
1562,5000.0,600.0,,true
1563,500.0,147.0,,true
1564,125.0,514.0,,true
1565,40.0,443.0,,true
1566,350.0,161.0,,true
1567,500.0,171.0,,false
1568,500.0,314.0,,false
1569,3300.0,28.0,,false
1570,3300.0,22.0,,false
1571,3300.0,26.0,,false
1572,60.0,203.0,,false
1573,60.0,218.0,,false
1574,60.0,233.0,,false
1575,60.0,177.0,,false
1576,800.0,6.0,,false
1577,60.0,106.0,,false
1578,60.0,112.0,,false
1579,60.0,87.0,,false
1580,60.0,107.0,,false
1581,60.0,110.0,,false
1582,60.0,111.0,,false
1583,100.0,186.0,,false
1584,100.0,181.0,,false
1585,900.0,8.0,,false
1586,1150.0,16.0,,false
1587,1000.0,8.0,,false
1588,1350.0,48.0,,true
1589,500.0,60.0,,true
1590,5000.0,18.0,,true
1591,2200.0,134.0,,true
1592,3500.0,314.0,,true
1593,5000.0,600.0,,true
1594,500.0,158.0,,true
1595,125.0,462.0,,true
1596,40.0,456.0,,true
1597,350.0,141.0,,true
1598,500.0,180.0,,false
1599,500.0,337.0,,false
1600,3300.0,24.0,,false
1601,3300.0,24.0,,false
1602,3300.0,24.0,,false
1603,60.0,188.0,,false
1604,60.0,205.0,,false
1605,60.0,237.0,,false
1606,800.0,4.0,,false
1607,60.0,93.0,,false
1608,60.0,99.0,,false
1609,60.0,111.0,,false
1610,60.0,108.0,,false
1611,60.0,116.0,,false
1612,60.0,104.0,,false
1613,60.0,104.0,,false
1614,60.0,95.0,,false
1615,60.0,117.0,,false
1616,100.0,235.0,,false
1617,100.0,240.0,,false
1618,900.0,8.0,,false
1619,1150.0,17.0,,false
1620,1000.0,6.0,,false
