Reference,height,width,stripwidth,preemptable
1,1350.0,47.0,720,true
2,500.0,56.0,,true
3,5000.0,18.0,,true
4,2200.0,137.0,,true
5,3500.0,242.0,,true
6,5000.0,600.0,,true
7,500.0,148.0,,true
8,125.0,484.0,,true
9,40.0,358.0,,true
10,350.0,161.0,,true
11,500.0,191.0,,false
12,500.0,408.0,,false
13,3300.0,24.0,,false
14,3300.0,29.0,,false
15,3300.0,30.0,,false
16,60.0,183.0,,false
17,60.0,244.0,,false
18,60.0,157.0,,false
19,60.0,161.0,,false
20,800.0,6.0,,false
21,60.0,105.0,,false
22,60.0,104.0,,false
23,60.0,111.0,,false
24,60.0,110.0,,false
25,60.0,89.0,,false
26,60.0,95.0,,false
27,60.0,91.0,,false
28,60.0,91.0,,false
29,100.0,240.0,,false
30,100.0,234.0,,false
31,900.0,8.0,,false
32,1150.0,18.0,,false
33,1000.0,6.0,,false
34,1350.0,48.0,,true
35,500.0,57.0,,true
36,5000.0,16.0,,true
37,2200.0,131.0,,true
38,3500.0,268.0,,true
39,5000.0,600.0,,true
40,500.0,158.0,,true
41,125.0,468.0,,true
42,40.0,388.0,,true
43,350.0,157.0,,true
44,500.0,197.0,,false
45,500.0,313.0,,false
46,3300.0,30.0,,false
47,3300.0,29.0,,false
48,3300.0,27.0,,false
49,60.0,159.0,,false
50,60.0,189.0,,false
51,60.0,180.0,,false
52,800.0,5.0,,false
53,60.0,90.0,,false
54,60.0,117.0,,false
55,60.0,102.0,,false
56,60.0,104.0,,false
57,60.0,113.0,,false
58,60.0,102.0,,false
59,60.0,91.0,,false
60,60.0,93.0,,false
61,100.0,222.0,,false
62,100.0,217.0,,false
63,900.0,9.0,,false
64,1150.0,13.0,,false
65,1000.0,5.0,,false
66,1350.0,48.0,,true
67,500.0,57.0,,true
68,5000.0,17.0,,true
69,2200.0,137.0,,true
70,3500.0,204.0,,true
71,5000.0,600.0,,true
72,500.0,155.0,,true
73,125.0,452.0,,true
74,40.0,433.0,,true
75,350.0,152.0,,true
76,500.0,186.0,,false
77,500.0,450.0,,false
78,3300.0,22.0,,false
79,3300.0,27.0,,false
80,3300.0,22.0,,false
81,60.0,181.0,,false
82,60.0,240.0,,false
83,60.0,225.0,,false
84,60.0,238.0,,false
85,800.0,4.0,,false
86,60.0,85.0,,false
87,60.0,115.0,,false
88,60.0,118.0,,false
89,60.0,81.0,,false
90,60.0,116.0,,false
91,60.0,91.0,,false
92,60.0,115.0,,false
93,60.0,109.0,,false
94,60.0,112.0,,false
95,60.0,95.0,,false
96,100.0,190.0,,false
97,100.0,200.0,,false
98,900.0,7.0,,false
99,1150.0,15.0,,false
100,1000.0,8.0,,false
101,1350.0,49.0,,true
102,500.0,57.0,,true
103,5000.0,20.0,,true
104,2200.0,140.0,,true
105,3500.0,381.0,,true
106,5000.0,600.0,,true
107,500.0,150.0,,true
108,125.0,541.0,,true
109,40.0,397.0,,true
110,350.0,149.0,,true
111,500.0,178.0,,false
112,500.0,377.0,,false
113,3300.0,26.0,,false
114,3300.0,23.0,,false
115,3300.0,24.0,,false
116,60.0,227.0,,false
117,60.0,162.0,,false
118,60.0,225.0,,false
119,60.0,235.0,,false
120,800.0,6.0,,false
121,60.0,103.0,,false
122,60.0,107.0,,false
123,60.0,93.0,,false
124,60.0,85.0,,false
125,60.0,110.0,,false
126,60.0,119.0,,false
127,60.0,86.0,,false
128,60.0,116.0,,false
129,60.0,109.0,,false
130,100.0,193.0,,false
131,100.0,185.0,,false
132,900.0,10.0,,false
133,1150.0,14.0,,false
134,1000.0,8.0,,false
135,1350.0,49.0,,true
136,500.0,60.0,,true
137,5000.0,17.0,,true
138,2200.0,136.0,,true
139,3500.0,218.0,,true
140,5000.0,600.0,,true
141,500.0,154.0,,true
142,125.0,517.0,,true
143,40.0,441.0,,true
144,350.0,162.0,,true
145,500.0,192.0,,false
146,500.0,470.0,,false
147,3300.0,21.0,,false
148,3300.0,28.0,,false
149,3300.0,21.0,,false
150,60.0,158.0,,false
151,60.0,208.0,,false
152,60.0,213.0,,false
153,60.0,169.0,,false
154,800.0,5.0,,false
155,60.0,120.0,,false
156,60.0,106.0,,false
157,60.0,109.0,,false
158,60.0,95.0,,false
159,60.0,102.0,,false
160,60.0,108.0,,false
161,60.0,111.0,,false
162,60.0,103.0,,false
163,60.0,81.0,,false
164,100.0,196.0,,false
165,100.0,197.0,,false
166,900.0,10.0,,false
167,1150.0,15.0,,false
168,1000.0,6.0,,false
169,1350.0,49.0,,true
170,500.0,58.0,,true
171,5000.0,17.0,,true
172,2200.0,132.0,,true
173,3500.0,396.0,,true
174,5000.0,600.0,,true
175,500.0,160.0,,true
176,125.0,502.0,,true
177,40.0,360.0,,true
178,350.0,178.0,,true
179,500.0,172.0,,false
180,500.0,461.0,,false
181,3300.0,30.0,,false
182,3300.0,23.0,,false
183,3300.0,23.0,,false
184,60.0,210.0,,false
185,60.0,198.0,,false
186,60.0,243.0,,false
187,800.0,5.0,,false
188,60.0,96.0,,false
189,60.0,94.0,,false
190,60.0,119.0,,false
191,60.0,115.0,,false
192,60.0,86.0,,false
193,60.0,90.0,,false
194,60.0,82.0,,false
195,60.0,98.0,,false
196,100.0,226.0,,false
197,100.0,198.0,,false
198,900.0,8.0,,false
199,1150.0,14.0,,false
200,1000.0,5.0,,false
201,1350.0,46.0,,true
202,500.0,60.0,,true
203,5000.0,16.0,,true
204,2200.0,134.0,,true
205,3500.0,389.0,,true
206,5000.0,600.0,,true
207,500.0,154.0,,true
208,125.0,459.0,,true
209,40.0,454.0,,true
210,350.0,165.0,,true
211,500.0,178.0,,false
212,500.0,424.0,,false
213,3300.0,22.0,,false
214,3300.0,28.0,,false
215,3300.0,27.0,,false
216,60.0,245.0,,false
217,60.0,218.0,,false
218,60.0,183.0,,false
219,800.0,5.0,,false
220,60.0,109.0,,false
221,60.0,92.0,,false
222,60.0,96.0,,false
223,60.0,112.0,,false
224,60.0,110.0,,false
225,60.0,110.0,,false
226,60.0,95.0,,false
227,60.0,115.0,,false
228,60.0,109.0,,false
229,100.0,214.0,,false
230,100.0,218.0,,false
231,900.0,7.0,,false
232,1150.0,16.0,,false
233,1000.0,5.0,,false
234,1350.0,48.0,,true
235,500.0,57.0,,true
236,5000.0,19.0,,true
237,2200.0,136.0,,true
238,3500.0,215.0,,true
239,5000.0,600.0,,true
240,500.0,144.0,,true
241,125.0,533.0,,true
242,40.0,383.0,,true
243,350.0,158.0,,true
244,500.0,193.0,,false
245,500.0,523.0,,false
246,3300.0,22.0,,false
247,3300.0,28.0,,false
248,3300.0,27.0,,false
249,60.0,156.0,,false
250,60.0,169.0,,false
251,60.0,224.0,,false
252,800.0,4.0,,false
253,60.0,88.0,,false
254,60.0,82.0,,false
255,60.0,91.0,,false
256,60.0,98.0,,false
257,60.0,106.0,,false
258,60.0,103.0,,false
259,60.0,84.0,,false
260,60.0,89.0,,false
261,60.0,94.0,,false
262,60.0,118.0,,false
263,100.0,226.0,,false
264,100.0,198.0,,false
265,900.0,10.0,,false
266,1150.0,17.0,,false
267,1000.0,7.0,,false
268,1350.0,48.0,,true
269,500.0,59.0,,true
270,5000.0,16.0,,true
271,2200.0,131.0,,true
272,3500.0,293.0,,true
273,5000.0,600.0,,true
274,500.0,148.0,,true
275,125.0,519.0,,true
276,40.0,423.0,,true
277,350.0,144.0,,true
278,500.0,181.0,,false
279,500.0,373.0,,false
280,3300.0,22.0,,false
281,3300.0,29.0,,false
282,3300.0,21.0,,false
283,60.0,203.0,,false
284,60.0,220.0,,false
285,60.0,241.0,,false
286,800.0,4.0,,false
287,60.0,102.0,,false
288,60.0,118.0,,false
289,60.0,98.0,,false
290,60.0,111.0,,false
291,60.0,112.0,,false
292,60.0,98.0,,false
293,100.0,196.0,,false
294,100.0,229.0,,false
295,900.0,9.0,,false
296,1150.0,13.0,,false
297,1000.0,7.0,,false
298,1350.0,46.0,,true
299,500.0,59.0,,true
300,5000.0,18.0,,true
301,2200.0,138.0,,true
302,3500.0,223.0,,true
303,5000.0,600.0,,true
304,500.0,153.0,,true
305,125.0,530.0,,true
306,40.0,397.0,,true
307,350.0,172.0,,true
308,500.0,199.0,,false
309,500.0,542.0,,false
310,3300.0,26.0,,false
311,3300.0,28.0,,false
312,3300.0,21.0,,false
313,60.0,242.0,,false
314,60.0,202.0,,false
315,60.0,191.0,,false
316,60.0,182.0,,false
317,800.0,4.0,,false
318,60.0,94.0,,false
319,60.0,98.0,,false
320,60.0,103.0,,false
321,60.0,107.0,,false
322,60.0,87.0,,false
323,60.0,95.0,,false
324,60.0,85.0,,false
325,100.0,248.0,,false
326,100.0,196.0,,false
327,900.0,7.0,,false
328,1150.0,13.0,,false
329,1000.0,5.0,,false
330,1350.0,46.0,,true
331,500.0,56.0,,true
332,5000.0,18.0,,true
333,2200.0,140.0,,true
334,3500.0,256.0,,true
335,5000.0,600.0,,true
336,500.0,150.0,,true
337,125.0,547.0,,true
338,40.0,432.0,,true
339,350.0,168.0,,true
340,500.0,197.0,,false
341,500.0,432.0,,false
342,3300.0,24.0,,false
343,3300.0,26.0,,false
344,3300.0,27.0,,false
345,60.0,174.0,,false
346,60.0,244.0,,false
347,60.0,244.0,,false
348,60.0,153.0,,false
349,800.0,5.0,,false
350,60.0,117.0,,false
351,60.0,89.0,,false
352,60.0,83.0,,false
353,60.0,115.0,,false
354,60.0,118.0,,false
355,60.0,81.0,,false
356,60.0,97.0,,false
357,100.0,218.0,,false
358,100.0,220.0,,false
359,900.0,7.0,,false
360,1150.0,16.0,,false
361,1000.0,8.0,,false
362,1350.0,46.0,,true
363,500.0,59.0,,true
364,5000.0,17.0,,true
365,2200.0,136.0,,true
366,3500.0,318.0,,true
367,5000.0,600.0,,true
368,500.0,153.0,,true
369,125.0,477.0,,true
370,40.0,373.0,,true
371,350.0,169.0,,true
372,500.0,172.0,,false
373,500.0,395.0,,false
374,3300.0,24.0,,false
375,3300.0,24.0,,false
376,3300.0,27.0,,false
377,60.0,213.0,,false
378,60.0,194.0,,false
379,60.0,161.0,,false
380,60.0,220.0,,false
381,800.0,4.0,,false
382,60.0,95.0,,false
383,60.0,104.0,,false
384,60.0,81.0,,false
385,60.0,118.0,,false
386,60.0,88.0,,false
387,60.0,92.0,,false
388,100.0,194.0,,false
389,100.0,183.0,,false
390,900.0,7.0,,false
391,1150.0,13.0,,false
392,1000.0,8.0,,false
393,1350.0,47.0,,true
394,500.0,57.0,,true
395,5000.0,17.0,,true
396,2200.0,131.0,,true
397,3500.0,311.0,,true
398,5000.0,600.0,,true
399,500.0,151.0,,true
400,125.0,485.0,,true
401,40.0,359.0,,true
402,350.0,169.0,,true
403,500.0,198.0,,false
404,500.0,376.0,,false
405,3300.0,22.0,,false
406,3300.0,27.0,,false
407,3300.0,21.0,,false
408,60.0,173.0,,false
409,60.0,187.0,,false
410,60.0,234.0,,false
411,60.0,230.0,,false
412,800.0,4.0,,false
413,60.0,89.0,,false
414,60.0,83.0,,false
415,60.0,103.0,,false
416,60.0,83.0,,false
417,60.0,97.0,,false
418,60.0,85.0,,false
419,60.0,89.0,,false
420,60.0,97.0,,false
421,100.0,190.0,,false
422,100.0,214.0,,false
423,900.0,8.0,,false
424,1150.0,18.0,,false
425,1000.0,6.0,,false
426,1350.0,48.0,,true
427,500.0,56.0,,true
428,5000.0,16.0,,true
429,2200.0,139.0,,true
430,3500.0,316.0,,true
431,5000.0,600.0,,true
432,500.0,145.0,,true
433,125.0,519.0,,true
434,40.0,457.0,,true
435,350.0,153.0,,true
436,500.0,199.0,,false
437,500.0,577.0,,false
438,3300.0,21.0,,false
439,3300.0,25.0,,false
440,3300.0,28.0,,false
441,60.0,174.0,,false
442,60.0,165.0,,false
443,60.0,164.0,,false
444,60.0,162.0,,false
445,800.0,5.0,,false
446,60.0,118.0,,false
447,60.0,110.0,,false
448,60.0,117.0,,false
449,60.0,117.0,,false
450,60.0,115.0,,false
451,60.0,99.0,,false
452,60.0,101.0,,false
453,100.0,232.0,,false
454,100.0,204.0,,false
455,900.0,10.0,,false
456,1150.0,18.0,,false
457,1000.0,7.0,,false
458,1350.0,47.0,,true
459,500.0,58.0,,true
460,5000.0,20.0,,true
461,2200.0,134.0,,true
462,3500.0,229.0,,true
463,5000.0,600.0,,true
464,500.0,158.0,,true
465,125.0,534.0,,true
466,40.0,431.0,,true
467,350.0,154.0,,true
468,500.0,178.0,,false
469,500.0,473.0,,false
470,3300.0,30.0,,false
471,3300.0,25.0,,false
472,3300.0,28.0,,false
473,60.0,179.0,,false
474,60.0,174.0,,false
475,60.0,219.0,,false
476,60.0,173.0,,false
477,800.0,6.0,,false
478,60.0,85.0,,false
479,60.0,97.0,,false
480,60.0,117.0,,false
481,60.0,90.0,,false
482,60.0,109.0,,false
483,60.0,83.0,,false
484,60.0,90.0,,false
485,100.0,231.0,,false
486,100.0,233.0,,false
487,900.0,7.0,,false
488,1150.0,16.0,,false
489,1000.0,8.0,,false
490,1350.0,47.0,,true
491,500.0,58.0,,true
492,5000.0,19.0,,true
493,2200.0,140.0,,true
494,3500.0,202.0,,true
495,5000.0,600.0,,true
496,500.0,141.0,,true
497,125.0,521.0,,true
498,40.0,449.0,,true
499,350.0,149.0,,true
500,500.0,199.0,,false
501,500.0,412.0,,false
502,3300.0,28.0,,false
503,3300.0,29.0,,false
504,3300.0,24.0,,false
505,60.0,217.0,,false
506,60.0,223.0,,false
507,60.0,226.0,,false
508,800.0,4.0,,false
509,60.0,103.0,,false
510,60.0,84.0,,false
511,60.0,115.0,,false
512,60.0,100.0,,false
513,60.0,96.0,,false
514,60.0,90.0,,false
515,60.0,100.0,,false
516,60.0,117.0,,false
517,60.0,110.0,,false
518,60.0,96.0,,false
519,100.0,226.0,,false
520,100.0,197.0,,false
521,900.0,10.0,,false
522,1150.0,14.0,,false
523,1000.0,7.0,,false
524,1350.0,49.0,,true
525,500.0,56.0,,true
526,5000.0,19.0,,true
527,2200.0,139.0,,true
528,3500.0,370.0,,true
529,5000.0,600.0,,true
530,500.0,142.0,,true
531,125.0,472.0,,true
532,40.0,433.0,,true
533,350.0,174.0,,true
534,500.0,175.0,,false
535,500.0,569.0,,false
536,3300.0,30.0,,false
537,3300.0,30.0,,false
538,3300.0,29.0,,false
539,60.0,163.0,,false
540,60.0,239.0,,false
541,60.0,217.0,,false
542,800.0,5.0,,false
543,60.0,113.0,,false
544,60.0,114.0,,false
545,60.0,103.0,,false
546,60.0,106.0,,false
547,60.0,85.0,,false
548,60.0,84.0,,false
549,60.0,91.0,,false
550,60.0,112.0,,false
551,60.0,81.0,,false
552,100.0,202.0,,false
553,100.0,225.0,,false
554,900.0,8.0,,false
555,1150.0,16.0,,false
556,1000.0,8.0,,false
557,1350.0,48.0,,true
558,500.0,57.0,,true
559,5000.0,17.0,,true
560,2200.0,136.0,,true
561,3500.0,280.0,,true
562,5000.0,600.0,,true
563,500.0,147.0,,true
564,125.0,477.0,,true
565,40.0,442.0,,true
566,350.0,157.0,,true
567,500.0,199.0,,false
568,500.0,516.0,,false
569,3300.0,28.0,,false
570,3300.0,21.0,,false
571,3300.0,26.0,,false
572,60.0,201.0,,false
573,60.0,173.0,,false
574,60.0,244.0,,false
575,60.0,229.0,,false
576,800.0,6.0,,false
577,60.0,84.0,,false
578,60.0,117.0,,false
579,60.0,93.0,,false
580,60.0,112.0,,false
581,60.0,83.0,,false
582,60.0,97.0,,false
583,100.0,219.0,,false
584,100.0,243.0,,false
585,900.0,9.0,,false
586,1150.0,16.0,,false
587,1000.0,7.0,,false
588,1350.0,46.0,,true
589,500.0,57.0,,true
590,5000.0,16.0,,true
591,2200.0,137.0,,true
592,3500.0,216.0,,true
593,5000.0,600.0,,true
594,500.0,158.0,,true
595,125.0,517.0,,true
596,40.0,409.0,,true
597,350.0,161.0,,true
598,500.0,194.0,,false
599,500.0,410.0,,false
600,3300.0,23.0,,false
601,3300.0,22.0,,false
602,3300.0,29.0,,false
603,60.0,178.0,,false
604,60.0,194.0,,false
605,60.0,242.0,,false
606,60.0,209.0,,false
607,800.0,5.0,,false
608,60.0,103.0,,false
609,60.0,101.0,,false
610,60.0,88.0,,false
611,60.0,110.0,,false
612,60.0,120.0,,false
613,60.0,116.0,,false
614,60.0,92.0,,false
615,60.0,103.0,,false
616,60.0,120.0,,false
617,100.0,240.0,,false
618,100.0,193.0,,false
619,900.0,7.0,,false
620,1150.0,13.0,,false
621,1000.0,6.0,,false
622,1350.0,50.0,,true
623,500.0,57.0,,true
624,5000.0,19.0,,true
625,2200.0,138.0,,true
626,3500.0,257.0,,true
627,5000.0,600.0,,true
628,500.0,156.0,,true
629,125.0,506.0,,true
630,40.0,456.0,,true
631,350.0,180.0,,true
632,500.0,184.0,,false
633,500.0,502.0,,false
634,3300.0,26.0,,false
635,3300.0,28.0,,false
636,3300.0,27.0,,false
637,60.0,216.0,,false
638,60.0,191.0,,false
639,60.0,163.0,,false
640,60.0,205.0,,false
641,800.0,6.0,,false
642,60.0,111.0,,false
643,60.0,109.0,,false
644,60.0,94.0,,false
645,60.0,100.0,,false
646,60.0,113.0,,false
647,60.0,87.0,,false
648,100.0,235.0,,false
649,100.0,226.0,,false
650,900.0,7.0,,false
651,1150.0,13.0,,false
652,1000.0,8.0,,false
653,1350.0,49.0,,true
654,500.0,59.0,,true
655,5000.0,18.0,,true
656,2200.0,135.0,,true
657,3500.0,330.0,,true
658,5000.0,600.0,,true
659,500.0,160.0,,true
660,125.0,541.0,,true
661,40.0,437.0,,true
662,350.0,142.0,,true
663,500.0,184.0,,false
664,500.0,556.0,,false
665,3300.0,24.0,,false
666,3300.0,30.0,,false
667,3300.0,23.0,,false
668,60.0,176.0,,false
669,60.0,199.0,,false
670,60.0,219.0,,false
671,800.0,4.0,,false
672,60.0,117.0,,false
673,60.0,106.0,,false
674,60.0,88.0,,false
675,60.0,110.0,,false
676,60.0,110.0,,false
677,60.0,100.0,,false
678,60.0,99.0,,false
679,60.0,86.0,,false
680,60.0,86.0,,false
681,100.0,242.0,,false
682,100.0,250.0,,false
683,900.0,8.0,,false
684,1150.0,15.0,,false
685,1000.0,5.0,,false
686,1350.0,50.0,,true
687,500.0,57.0,,true
688,5000.0,17.0,,true
689,2200.0,136.0,,true
690,3500.0,216.0,,true
691,5000.0,600.0,,true
692,500.0,151.0,,true
693,125.0,535.0,,true
694,40.0,455.0,,true
695,350.0,168.0,,true
696,500.0,177.0,,false
697,500.0,390.0,,false
698,3300.0,29.0,,false
699,3300.0,26.0,,false
700,3300.0,27.0,,false
701,60.0,199.0,,false
702,60.0,231.0,,false
703,60.0,191.0,,false
704,60.0,158.0,,false
705,800.0,4.0,,false
706,60.0,81.0,,false
707,60.0,107.0,,false
708,60.0,91.0,,false
709,60.0,100.0,,false
710,60.0,101.0,,false
711,60.0,103.0,,false
712,60.0,112.0,,false
713,60.0,94.0,,false
714,60.0,105.0,,false
715,60.0,119.0,,false
716,100.0,243.0,,false
717,100.0,183.0,,false
718,900.0,10.0,,false
719,1150.0,16.0,,false
720,1000.0,5.0,,false
721,1350.0,49.0,,true
722,500.0,58.0,,true
723,5000.0,16.0,,true
724,2200.0,139.0,,true
725,3500.0,372.0,,true
726,5000.0,600.0,,true
727,500.0,143.0,,true
728,125.0,519.0,,true
729,40.0,431.0,,true
730,350.0,159.0,,true
731,500.0,200.0,,false
732,500.0,477.0,,false
733,3300.0,26.0,,false
734,3300.0,21.0,,false
735,3300.0,24.0,,false
736,60.0,165.0,,false
737,60.0,220.0,,false
738,60.0,186.0,,false
739,800.0,6.0,,false
740,60.0,96.0,,false
741,60.0,89.0,,false
742,60.0,106.0,,false
743,60.0,112.0,,false
744,60.0,120.0,,false
745,60.0,93.0,,false
746,100.0,213.0,,false
747,100.0,222.0,,false
748,900.0,7.0,,false
749,1150.0,18.0,,false
750,1000.0,7.0,,false
751,1350.0,50.0,,true
752,500.0,59.0,,true
753,5000.0,17.0,,true
754,2200.0,131.0,,true
755,3500.0,336.0,,true
756,5000.0,600.0,,true
757,500.0,143.0,,true
758,125.0,474.0,,true
759,40.0,415.0,,true
760,350.0,153.0,,true
761,500.0,190.0,,false
762,500.0,507.0,,false
763,3300.0,27.0,,false
764,3300.0,30.0,,false
765,3300.0,23.0,,false
766,60.0,178.0,,false
767,60.0,207.0,,false
768,60.0,240.0,,false
769,800.0,4.0,,false
770,60.0,120.0,,false
771,60.0,114.0,,false
772,60.0,117.0,,false
773,60.0,88.0,,false
774,60.0,111.0,,false
775,60.0,116.0,,false
776,100.0,184.0,,false
777,100.0,207.0,,false
778,900.0,8.0,,false
779,1150.0,14.0,,false
780,1000.0,7.0,,false
781,1350.0,48.0,,true
782,500.0,56.0,,true
783,5000.0,18.0,,true
784,2200.0,134.0,,true
785,3500.0,376.0,,true
786,5000.0,600.0,,true
787,500.0,142.0,,true
788,125.0,499.0,,true
789,40.0,427.0,,true
790,350.0,142.0,,true
791,500.0,191.0,,false
792,500.0,429.0,,false
793,3300.0,29.0,,false
794,3300.0,23.0,,false
795,3300.0,28.0,,false
796,60.0,247.0,,false
797,60.0,215.0,,false
798,60.0,243.0,,false
799,800.0,4.0,,false
800,60.0,94.0,,false
801,60.0,104.0,,false
802,60.0,118.0,,false
803,60.0,119.0,,false
804,60.0,110.0,,false
805,60.0,110.0,,false
806,100.0,191.0,,false
807,100.0,191.0,,false
808,900.0,7.0,,false
809,1150.0,15.0,,false
810,1000.0,7.0,,false
811,1350.0,48.0,,true
812,500.0,56.0,,true
813,5000.0,18.0,,true
814,2200.0,135.0,,true
815,3500.0,215.0,,true
816,5000.0,600.0,,true
817,500.0,148.0,,true
818,125.0,507.0,,true
819,40.0,371.0,,true
820,350.0,149.0,,true
821,500.0,177.0,,false
822,500.0,582.0,,false
823,3300.0,30.0,,false
824,3300.0,21.0,,false
825,3300.0,22.0,,false
826,60.0,208.0,,false
827,60.0,179.0,,false
828,60.0,223.0,,false
829,60.0,203.0,,false
830,800.0,6.0,,false
831,60.0,111.0,,false
832,60.0,106.0,,false
833,60.0,101.0,,false
834,60.0,105.0,,false
835,60.0,90.0,,false
836,60.0,105.0,,false
837,60.0,98.0,,false
838,60.0,113.0,,false
839,60.0,88.0,,false
840,60.0,102.0,,false
841,100.0,183.0,,false
842,100.0,229.0,,false
843,900.0,7.0,,false
844,1150.0,13.0,,false
845,1000.0,8.0,,false
846,1350.0,49.0,,true
847,500.0,58.0,,true
848,5000.0,16.0,,true
849,2200.0,139.0,,true
850,3500.0,372.0,,true
851,5000.0,600.0,,true
852,500.0,147.0,,true
853,125.0,505.0,,true
854,40.0,392.0,,true
855,350.0,153.0,,true
856,500.0,175.0,,false
857,500.0,539.0,,false
858,3300.0,30.0,,false
859,3300.0,28.0,,false
860,3300.0,24.0,,false
861,60.0,212.0,,false
862,60.0,163.0,,false
863,60.0,249.0,,false
864,800.0,5.0,,false
865,60.0,107.0,,false
866,60.0,112.0,,false
867,60.0,93.0,,false
868,60.0,88.0,,false
869,60.0,98.0,,false
870,60.0,82.0,,false
871,60.0,105.0,,false
872,60.0,89.0,,false
873,60.0,95.0,,false
874,60.0,88.0,,false
875,100.0,232.0,,false
876,100.0,221.0,,false
877,900.0,7.0,,false
878,1150.0,15.0,,false
879,1000.0,7.0,,false
880,1350.0,46.0,,true
881,500.0,56.0,,true
882,5000.0,16.0,,true
883,2200.0,140.0,,true
884,3500.0,321.0,,true
885,5000.0,600.0,,true
886,500.0,146.0,,true
887,125.0,498.0,,true
888,40.0,363.0,,true
889,350.0,169.0,,true
890,500.0,192.0,,false
891,500.0,540.0,,false
892,3300.0,21.0,,false
893,3300.0,22.0,,false
894,3300.0,29.0,,false
895,60.0,161.0,,false
896,60.0,232.0,,false
897,60.0,166.0,,false
898,800.0,6.0,,false
899,60.0,97.0,,false
900,60.0,93.0,,false
901,60.0,110.0,,false
902,60.0,81.0,,false
903,60.0,104.0,,false
904,60.0,120.0,,false
905,60.0,97.0,,false
906,60.0,96.0,,false
907,60.0,87.0,,false
908,60.0,114.0,,false
909,100.0,190.0,,false
910,100.0,198.0,,false
911,900.0,9.0,,false
912,1150.0,17.0,,false
913,1000.0,7.0,,false
914,1350.0,49.0,,true
915,500.0,57.0,,true
916,5000.0,16.0,,true
917,2200.0,137.0,,true
918,3500.0,296.0,,true
919,5000.0,600.0,,true
920,500.0,141.0,,true
921,125.0,495.0,,true
922,40.0,440.0,,true
923,350.0,163.0,,true
924,500.0,175.0,,false
925,500.0,544.0,,false
926,3300.0,25.0,,false
927,3300.0,29.0,,false
928,3300.0,21.0,,false
929,60.0,231.0,,false
930,60.0,170.0,,false
931,60.0,222.0,,false
932,800.0,4.0,,false
933,60.0,97.0,,false
934,60.0,92.0,,false
935,60.0,116.0,,false
936,60.0,101.0,,false
937,60.0,114.0,,false
938,60.0,102.0,,false
939,60.0,93.0,,false
940,60.0,102.0,,false
941,100.0,211.0,,false
942,100.0,221.0,,false
943,900.0,9.0,,false
944,1150.0,14.0,,false
945,1000.0,7.0,,false
946,1350.0,46.0,,true
947,500.0,58.0,,true
948,5000.0,19.0,,true
949,2200.0,132.0,,true
950,3500.0,274.0,,true
951,5000.0,600.0,,true
952,500.0,153.0,,true
953,125.0,525.0,,true
954,40.0,362.0,,true
955,350.0,145.0,,true
956,500.0,178.0,,false
957,500.0,460.0,,false
958,3300.0,27.0,,false
959,3300.0,29.0,,false
960,3300.0,27.0,,false
961,60.0,157.0,,false
962,60.0,201.0,,false
963,60.0,161.0,,false
964,60.0,200.0,,false
965,800.0,4.0,,false
966,60.0,90.0,,false
967,60.0,106.0,,false
968,60.0,95.0,,false
969,60.0,82.0,,false
970,60.0,91.0,,false
971,60.0,98.0,,false
972,60.0,112.0,,false
973,60.0,116.0,,false
974,60.0,120.0,,false
975,100.0,208.0,,false
976,100.0,219.0,,false
977,900.0,8.0,,false
978,1150.0,13.0,,false
979,1000.0,6.0,,false
980,1350.0,47.0,,true
981,500.0,60.0,,true
982,5000.0,20.0,,true
983,2200.0,132.0,,true
984,3500.0,248.0,,true
985,5000.0,600.0,,true
986,500.0,151.0,,true
987,125.0,460.0,,true
988,40.0,354.0,,true
989,350.0,163.0,,true
990,500.0,196.0,,false
991,500.0,499.0,,false
992,3300.0,24.0,,false
993,3300.0,30.0,,false
994,3300.0,22.0,,false
995,60.0,188.0,,false
996,60.0,167.0,,false
997,60.0,166.0,,false
998,60.0,158.0,,false
999,800.0,4.0,,false
1000,60.0,92.0,,false
1001,60.0,110.0,,false
1002,60.0,96.0,,false
1003,60.0,97.0,,false
1004,60.0,90.0,,false
1005,60.0,83.0,,false
1006,60.0,97.0,,false
1007,60.0,112.0,,false
1008,60.0,117.0,,false
1009,60.0,103.0,,false
1010,100.0,190.0,,false
1011,100.0,196.0,,false
1012,900.0,8.0,,false
1013,1150.0,13.0,,false
1014,1000.0,5.0,,false
1015,1350.0,46.0,,true
1016,500.0,56.0,,true
1017,5000.0,16.0,,true
1018,2200.0,133.0,,true
1019,3500.0,226.0,,true
1020,5000.0,600.0,,true
1021,500.0,159.0,,true
1022,125.0,473.0,,true
1023,40.0,358.0,,true
1024,350.0,163.0,,true
1025,500.0,197.0,,false
1026,500.0,342.0,,false
1027,3300.0,25.0,,false
1028,3300.0,30.0,,false
1029,3300.0,24.0,,false
1030,60.0,204.0,,false
1031,60.0,153.0,,false
1032,60.0,231.0,,false
1033,60.0,197.0,,false
1034,800.0,4.0,,false
1035,60.0,89.0,,false
1036,60.0,99.0,,false
1037,60.0,92.0,,false
1038,60.0,93.0,,false
1039,60.0,113.0,,false
1040,60.0,115.0,,false
1041,100.0,215.0,,false
1042,100.0,198.0,,false
1043,900.0,7.0,,false
1044,1150.0,17.0,,false
1045,1000.0,5.0,,false
1046,1350.0,49.0,,true
1047,500.0,59.0,,true
1048,5000.0,19.0,,true
1049,2200.0,138.0,,true
1050,3500.0,225.0,,true
1051,5000.0,600.0,,true
1052,500.0,153.0,,true
1053,125.0,539.0,,true
1054,40.0,450.0,,true
1055,350.0,144.0,,true
1056,500.0,184.0,,false
1057,500.0,382.0,,false
1058,3300.0,28.0,,false
1059,3300.0,27.0,,false
1060,3300.0,25.0,,false
1061,60.0,237.0,,false
1062,60.0,196.0,,false
1063,60.0,220.0,,false
1064,60.0,235.0,,false
1065,800.0,4.0,,false
1066,60.0,104.0,,false
1067,60.0,118.0,,false
1068,60.0,111.0,,false
1069,60.0,119.0,,false
1070,60.0,92.0,,false
1071,60.0,96.0,,false
1072,60.0,105.0,,false
1073,100.0,231.0,,false
1074,100.0,202.0,,false
1075,900.0,7.0,,false
1076,1150.0,18.0,,false
1077,1000.0,6.0,,false
1078,1350.0,46.0,,true
1079,500.0,57.0,,true
1080,5000.0,16.0,,true
1081,2200.0,136.0,,true
1082,3500.0,385.0,,true
1083,5000.0,600.0,,true
1084,500.0,154.0,,true
1085,125.0,540.0,,true
1086,40.0,393.0,,true
1087,350.0,142.0,,true
1088,500.0,172.0,,false
1089,500.0,564.0,,false
1090,3300.0,30.0,,false
1091,3300.0,28.0,,false
1092,3300.0,25.0,,false
1093,60.0,211.0,,false
1094,60.0,186.0,,false
1095,60.0,217.0,,false
1096,60.0,250.0,,false
1097,800.0,5.0,,false
1098,60.0,110.0,,false
1099,60.0,92.0,,false
1100,60.0,106.0,,false
1101,60.0,92.0,,false
1102,60.0,100.0,,false
1103,60.0,102.0,,false
1104,60.0,94.0,,false
1105,100.0,193.0,,false
1106,100.0,246.0,,false
1107,900.0,9.0,,false
1108,1150.0,15.0,,false
1109,1000.0,5.0,,false
1110,1350.0,49.0,,true
1111,500.0,60.0,,true
1112,5000.0,19.0,,true
1113,2200.0,139.0,,true
1114,3500.0,360.0,,true
1115,5000.0,600.0,,true
1116,500.0,160.0,,true
1117,125.0,524.0,,true
1118,40.0,355.0,,true
1119,350.0,177.0,,true
1120,500.0,199.0,,false
1121,500.0,419.0,,false
1122,3300.0,30.0,,false
1123,3300.0,21.0,,false
1124,3300.0,22.0,,false
1125,60.0,225.0,,false
1126,60.0,229.0,,false
1127,60.0,205.0,,false
1128,60.0,204.0,,false
1129,800.0,5.0,,false
1130,60.0,111.0,,false
1131,60.0,115.0,,false
1132,60.0,83.0,,false
1133,60.0,104.0,,false
1134,60.0,102.0,,false
1135,60.0,105.0,,false
1136,60.0,112.0,,false
1137,60.0,87.0,,false
1138,100.0,187.0,,false
1139,100.0,191.0,,false
1140,900.0,10.0,,false
1141,1150.0,14.0,,false
1142,1000.0,6.0,,false
1143,1350.0,48.0,,true
1144,500.0,60.0,,true
1145,5000.0,18.0,,true
1146,2200.0,131.0,,true
1147,3500.0,382.0,,true
1148,5000.0,600.0,,true
1149,500.0,146.0,,true
1150,125.0,470.0,,true
1151,40.0,376.0,,true
1152,350.0,148.0,,true
1153,500.0,183.0,,false
1154,500.0,440.0,,false
1155,3300.0,29.0,,false
1156,3300.0,25.0,,false
1157,3300.0,22.0,,false
1158,60.0,155.0,,false
1159,60.0,222.0,,false
1160,60.0,230.0,,false
1161,800.0,5.0,,false
1162,60.0,107.0,,false
1163,60.0,81.0,,false
1164,60.0,103.0,,false
1165,60.0,109.0,,false
1166,60.0,108.0,,false
1167,60.0,105.0,,false
1168,60.0,87.0,,false
1169,100.0,249.0,,false
1170,100.0,198.0,,false
1171,900.0,8.0,,false
1172,1150.0,16.0,,false
1173,1000.0,8.0,,false
1174,1350.0,47.0,,true
1175,500.0,58.0,,true
1176,5000.0,20.0,,true
1177,2200.0,137.0,,true
1178,3500.0,400.0,,true
1179,5000.0,600.0,,true
1180,500.0,143.0,,true
1181,125.0,537.0,,true
1182,40.0,412.0,,true
1183,350.0,163.0,,true
1184,500.0,184.0,,false
1185,500.0,455.0,,false
1186,3300.0,21.0,,false
1187,3300.0,28.0,,false
1188,3300.0,26.0,,false
1189,60.0,185.0,,false
1190,60.0,174.0,,false
1191,60.0,212.0,,false
1192,800.0,6.0,,false
1193,60.0,111.0,,false
1194,60.0,105.0,,false
1195,60.0,113.0,,false
1196,60.0,101.0,,false
1197,60.0,81.0,,false
1198,60.0,116.0,,false
1199,60.0,96.0,,false
1200,60.0,115.0,,false
1201,60.0,116.0,,false
1202,100.0,248.0,,false
1203,100.0,248.0,,false
1204,900.0,9.0,,false
1205,1150.0,14.0,,false
1206,1000.0,7.0,,false
1207,1350.0,50.0,,true
1208,500.0,59.0,,true
1209,5000.0,16.0,,true
1210,2200.0,133.0,,true
1211,3500.0,224.0,,true
1212,5000.0,600.0,,true
1213,500.0,152.0,,true
1214,125.0,509.0,,true
1215,40.0,354.0,,true
1216,350.0,172.0,,true
1217,500.0,198.0,,false
1218,500.0,580.0,,false
1219,3300.0,22.0,,false
1220,3300.0,28.0,,false
1221,3300.0,22.0,,false
1222,60.0,185.0,,false
1223,60.0,173.0,,false
1224,60.0,241.0,,false
1225,60.0,219.0,,false
1226,800.0,5.0,,false
1227,60.0,86.0,,false
1228,60.0,119.0,,false
1229,60.0,104.0,,false
1230,60.0,120.0,,false
1231,60.0,95.0,,false
1232,60.0,90.0,,false
1233,100.0,242.0,,false
1234,100.0,212.0,,false
1235,900.0,8.0,,false
1236,1150.0,14.0,,false
1237,1000.0,7.0,,false
1238,1350.0,48.0,,true
1239,500.0,56.0,,true
1240,5000.0,18.0,,true
1241,2200.0,131.0,,true
1242,3500.0,256.0,,true
1243,5000.0,600.0,,true
1244,500.0,147.0,,true
1245,125.0,541.0,,true
1246,40.0,380.0,,true
1247,350.0,152.0,,true
1248,500.0,178.0,,false
1249,500.0,505.0,,false
1250,3300.0,29.0,,false
1251,3300.0,29.0,,false
1252,3300.0,28.0,,false
1253,60.0,176.0,,false
1254,60.0,181.0,,false
1255,60.0,236.0,,false
1256,60.0,184.0,,false
1257,800.0,4.0,,false
1258,60.0,93.0,,false
1259,60.0,116.0,,false
1260,60.0,108.0,,false
1261,60.0,119.0,,false
1262,60.0,84.0,,false
1263,60.0,84.0,,false
1264,100.0,239.0,,false
1265,100.0,191.0,,false
1266,900.0,7.0,,false
1267,1150.0,17.0,,false
1268,1000.0,6.0,,false
1269,1350.0,49.0,,true
1270,500.0,59.0,,true
1271,5000.0,20.0,,true
1272,2200.0,137.0,,true
1273,3500.0,333.0,,true
1274,5000.0,600.0,,true
1275,500.0,148.0,,true
1276,125.0,451.0,,true
1277,40.0,435.0,,true
1278,350.0,147.0,,true
1279,500.0,174.0,,false
1280,500.0,507.0,,false
1281,3300.0,26.0,,false
1282,3300.0,22.0,,false
1283,3300.0,28.0,,false
1284,60.0,174.0,,false
1285,60.0,178.0,,false
1286,60.0,197.0,,false
1287,60.0,194.0,,false
1288,800.0,5.0,,false
1289,60.0,109.0,,false
1290,60.0,90.0,,false
1291,60.0,101.0,,false
1292,60.0,117.0,,false
1293,60.0,113.0,,false
1294,60.0,97.0,,false
1295,100.0,226.0,,false
1296,100.0,208.0,,false
1297,900.0,7.0,,false
1298,1150.0,15.0,,false
1299,1000.0,7.0,,false
1300,1350.0,50.0,,true
1301,500.0,58.0,,true
1302,5000.0,18.0,,true
1303,2200.0,139.0,,true
1304,3500.0,257.0,,true
1305,5000.0,600.0,,true
1306,500.0,141.0,,true
1307,125.0,533.0,,true
1308,40.0,429.0,,true
1309,350.0,145.0,,true
1310,500.0,178.0,,false
1311,500.0,543.0,,false
1312,3300.0,26.0,,false
1313,3300.0,22.0,,false
1314,3300.0,26.0,,false
1315,60.0,194.0,,false
1316,60.0,237.0,,false
1317,60.0,221.0,,false
1318,60.0,211.0,,false
1319,800.0,4.0,,false
1320,60.0,95.0,,false
1321,60.0,109.0,,false
1322,60.0,101.0,,false
1323,60.0,83.0,,false
1324,60.0,105.0,,false
1325,60.0,81.0,,false
1326,100.0,237.0,,false
1327,100.0,217.0,,false
1328,900.0,10.0,,false
1329,1150.0,15.0,,false
1330,1000.0,5.0,,false
1331,1350.0,46.0,,true
1332,500.0,59.0,,true
1333,5000.0,18.0,,true
1334,2200.0,134.0,,true
1335,3500.0,388.0,,true
1336,5000.0,600.0,,true
1337,500.0,141.0,,true
1338,125.0,526.0,,true
1339,40.0,379.0,,true
1340,350.0,147.0,,true
1341,500.0,176.0,,false
1342,500.0,499.0,,false
1343,3300.0,29.0,,false
1344,3300.0,21.0,,false
1345,3300.0,29.0,,false
1346,60.0,223.0,,false
1347,60.0,236.0,,false
1348,60.0,193.0,,false
1349,800.0,5.0,,false
1350,60.0,95.0,,false
1351,60.0,120.0,,false
1352,60.0,93.0,,false
1353,60.0,108.0,,false
1354,60.0,118.0,,false
1355,60.0,103.0,,false
1356,60.0,118.0,,false
1357,60.0,119.0,,false
1358,60.0,119.0,,false
1359,100.0,236.0,,false
1360,100.0,244.0,,false
1361,900.0,9.0,,false
1362,1150.0,15.0,,false
1363,1000.0,7.0,,false
1364,1350.0,50.0,,true
1365,500.0,59.0,,true
1366,5000.0,17.0,,true
1367,2200.0,133.0,,true
1368,3500.0,360.0,,true
1369,5000.0,600.0,,true
1370,500.0,157.0,,true
1371,125.0,484.0,,true
1372,40.0,370.0,,true
1373,350.0,154.0,,true
1374,500.0,174.0,,false
1375,500.0,412.0,,false
1376,3300.0,22.0,,false
1377,3300.0,26.0,,false
1378,3300.0,27.0,,false
1379,60.0,162.0,,false
1380,60.0,229.0,,false
1381,60.0,202.0,,false
1382,60.0,169.0,,false
1383,800.0,5.0,,false
1384,60.0,84.0,,false
1385,60.0,101.0,,false
1386,60.0,114.0,,false
1387,60.0,87.0,,false
1388,60.0,118.0,,false
1389,60.0,118.0,,false
1390,60.0,91.0,,false
1391,100.0,248.0,,false
1392,100.0,241.0,,false
1393,900.0,7.0,,false
1394,1150.0,15.0,,false
1395,1000.0,6.0,,false
1396,1350.0,48.0,,true
1397,500.0,57.0,,true
1398,5000.0,20.0,,true
1399,2200.0,135.0,,true
1400,3500.0,383.0,,true
1401,5000.0,600.0,,true
1402,500.0,147.0,,true
1403,125.0,480.0,,true
1404,40.0,409.0,,true
1405,350.0,158.0,,true
1406,500.0,186.0,,false
1407,500.0,489.0,,false
1408,3300.0,25.0,,false
1409,3300.0,29.0,,false
1410,3300.0,30.0,,false
1411,60.0,220.0,,false
1412,60.0,184.0,,false
1413,60.0,169.0,,false
1414,800.0,4.0,,false
1415,60.0,106.0,,false
1416,60.0,105.0,,false
1417,60.0,108.0,,false
1418,60.0,100.0,,false
1419,60.0,101.0,,false
1420,60.0,88.0,,false
1421,100.0,213.0,,false
1422,100.0,197.0,,false
1423,900.0,10.0,,false
1424,1150.0,17.0,,false
1425,1000.0,5.0,,false
1426,1350.0,48.0,,true
1427,500.0,59.0,,true
1428,5000.0,17.0,,true
1429,2200.0,132.0,,true
1430,3500.0,244.0,,true
1431,5000.0,600.0,,true
1432,500.0,151.0,,true
1433,125.0,530.0,,true
1434,40.0,411.0,,true
1435,350.0,178.0,,true
1436,500.0,185.0,,false
1437,500.0,314.0,,false
1438,3300.0,27.0,,false
1439,3300.0,28.0,,false
1440,3300.0,26.0,,false
1441,60.0,240.0,,false
1442,60.0,195.0,,false
1443,60.0,152.0,,false
1444,800.0,5.0,,false
1445,60.0,108.0,,false
1446,60.0,99.0,,false
1447,60.0,98.0,,false
1448,60.0,83.0,,false
1449,60.0,92.0,,false
1450,60.0,92.0,,false
1451,60.0,114.0,,false
1452,100.0,211.0,,false
1453,100.0,215.0,,false
1454,900.0,7.0,,false
1455,1150.0,17.0,,false
1456,1000.0,5.0,,false
1457,1350.0,48.0,,true
1458,500.0,58.0,,true
1459,5000.0,20.0,,true
1460,2200.0,140.0,,true
1461,3500.0,377.0,,true
1462,5000.0,600.0,,true
1463,500.0,141.0,,true
1464,125.0,540.0,,true
1465,40.0,443.0,,true
1466,350.0,159.0,,true
1467,500.0,194.0,,false
1468,500.0,309.0,,false
1469,3300.0,22.0,,false
1470,3300.0,30.0,,false
1471,3300.0,23.0,,false
1472,60.0,152.0,,false
1473,60.0,161.0,,false
1474,60.0,174.0,,false
1475,800.0,4.0,,false
1476,60.0,97.0,,false
1477,60.0,99.0,,false
1478,60.0,92.0,,false
1479,60.0,96.0,,false
1480,60.0,102.0,,false
1481,60.0,108.0,,false
1482,60.0,104.0,,false
1483,60.0,88.0,,false
1484,100.0,243.0,,false
1485,100.0,243.0,,false
1486,900.0,7.0,,false
1487,1150.0,15.0,,false
1488,1000.0,5.0,,false
1489,1350.0,49.0,,true
1490,500.0,60.0,,true
1491,5000.0,17.0,,true
1492,2200.0,135.0,,true
1493,3500.0,327.0,,true
1494,5000.0,600.0,,true
1495,500.0,144.0,,true
1496,125.0,491.0,,true
1497,40.0,452.0,,true
1498,350.0,153.0,,true
1499,500.0,191.0,,false
1500,500.0,547.0,,false
1501,3300.0,26.0,,false
1502,3300.0,25.0,,false
1503,3300.0,26.0,,false
1504,60.0,243.0,,false
1505,60.0,232.0,,false
1506,60.0,228.0,,false
1507,60.0,201.0,,false
1508,800.0,5.0,,false
1509,60.0,106.0,,false
1510,60.0,119.0,,false
1511,60.0,88.0,,false
1512,60.0,90.0,,false
1513,60.0,82.0,,false
1514,60.0,114.0,,false
1515,60.0,104.0,,false
1516,100.0,184.0,,false
1517,100.0,245.0,,false
1518,900.0,10.0,,false
1519,1150.0,13.0,,false
1520,1000.0,5.0,,false
1521,1350.0,50.0,,true
1522,500.0,58.0,,true
1523,5000.0,16.0,,true
1524,2200.0,140.0,,true
1525,3500.0,221.0,,true
1526,5000.0,600.0,,true
1527,500.0,144.0,,true
1528,125.0,467.0,,true
1529,40.0,450.0,,true
1530,350.0,167.0,,true
1531,500.0,190.0,,false
1532,500.0,527.0,,false
1533,3300.0,24.0,,false
1534,3300.0,22.0,,false
1535,3300.0,26.0,,false
1536,60.0,164.0,,false
1537,60.0,187.0,,false
1538,60.0,155.0,,false
1539,60.0,238.0,,false
1540,800.0,4.0,,false
1541,60.0,95.0,,false
1542,60.0,91.0,,false
1543,60.0,118.0,,false
1544,60.0,92.0,,false
1545,60.0,91.0,,false
1546,60.0,107.0,,false
1547,60.0,114.0,,false
1548,60.0,112.0,,false
1549,60.0,110.0,,false
1550,100.0,241.0,,false
1551,100.0,247.0,,false
1552,900.0,10.0,,false
1553,1150.0,13.0,,false
1554,1000.0,7.0,,false
1555,1350.0,50.0,,true
1556,500.0,58.0,,true
1557,5000.0,17.0,,true
1558,2200.0,136.0,,true
1559,3500.0,272.0,,true
1560,5000.0,600.0,,true
1561,500.0,153.0,,true
1562,125.0,473.0,,true
1563,40.0,417.0,,true
1564,350.0,159.0,,true
1565,500.0,184.0,,false
1566,500.0,471.0,,false
1567,3300.0,25.0,,false
1568,3300.0,21.0,,false
1569,3300.0,28.0,,false
1570,60.0,239.0,,false
1571,60.0,192.0,,false
1572,60.0,197.0,,false
1573,60.0,193.0,,false
1574,800.0,4.0,,false
1575,60.0,92.0,,false
1576,60.0,97.0,,false
1577,60.0,102.0,,false
1578,60.0,109.0,,false
1579,60.0,109.0,,false
1580,60.0,112.0,,false
1581,60.0,100.0,,false
1582,60.0,89.0,,false
1583,60.0,120.0,,false
1584,100.0,229.0,,false
1585,100.0,207.0,,false
1586,900.0,7.0,,false
1587,1150.0,17.0,,false
1588,1000.0,6.0,,false
1589,1350.0,49.0,,true
1590,500.0,57.0,,true
1591,5000.0,17.0,,true
1592,2200.0,136.0,,true
1593,3500.0,343.0,,true
1594,5000.0,600.0,,true
1595,500.0,152.0,,true
1596,125.0,522.0,,true
1597,40.0,400.0,,true
1598,350.0,168.0,,true
1599,500.0,180.0,,false
1600,500.0,446.0,,false
1601,3300.0,22.0,,false
1602,3300.0,25.0,,false
1603,3300.0,25.0,,false
1604,60.0,207.0,,false
1605,60.0,234.0,,false
1606,60.0,236.0,,false
1607,60.0,179.0,,false
1608,800.0,4.0,,false
1609,60.0,103.0,,false
1610,60.0,93.0,,false
1611,60.0,102.0,,false
1612,60.0,85.0,,false
1613,60.0,111.0,,false
1614,60.0,86.0,,false
1615,100.0,187.0,,false
1616,100.0,230.0,,false
1617,900.0,7.0,,false
1618,1150.0,13.0,,false
1619,1000.0,5.0,,false
