Reference,height,width,stripwidth,preemptable
1,1350.0,48.0,720,true
2,500.0,58.0,,true
3,5000.0,20.0,,true
4,2200.0,132.0,,true
5,3500.0,396.0,,true
6,5000.0,600.0,,true
7,500.0,156.0,,true
8,125.0,466.0,,true
9,40.0,380.0,,true
10,350.0,171.0,,true
11,500.0,184.0,,false
12,500.0,427.0,,false
13,3300.0,25.0,,false
14,3300.0,26.0,,false
15,3300.0,26.0,,false
16,60.0,218.0,,false
17,60.0,216.0,,false
18,60.0,184.0,,false
19,800.0,6.0,,false
20,60.0,82.0,,false
21,60.0,95.0,,false
22,60.0,85.0,,false
23,60.0,109.0,,false
24,60.0,120.0,,false
25,60.0,88.0,,false
26,60.0,99.0,,false
27,60.0,105.0,,false
28,60.0,106.0,,false
29,60.0,119.0,,false
30,100.0,190.0,,false
31,100.0,206.0,,false
32,900.0,10.0,,false
33,1150.0,16.0,,false
34,1000.0,8.0,,false
35,1350.0,49.0,,true
36,500.0,56.0,,true
37,5000.0,16.0,,true
38,2200.0,133.0,,true
39,3500.0,320.0,,true
40,5000.0,600.0,,true
41,500.0,144.0,,true
42,125.0,518.0,,true
43,40.0,402.0,,true
44,350.0,151.0,,true
45,500.0,175.0,,false
46,500.0,466.0,,false
47,3300.0,23.0,,false
48,3300.0,21.0,,false
49,3300.0,30.0,,false
50,60.0,176.0,,false
51,60.0,184.0,,false
52,60.0,203.0,,false
53,800.0,4.0,,false
54,60.0,102.0,,false
55,60.0,117.0,,false
56,60.0,114.0,,false
57,60.0,89.0,,false
58,60.0,81.0,,false
59,60.0,102.0,,false
60,60.0,108.0,,false
61,60.0,119.0,,false
62,60.0,99.0,,false
63,60.0,99.0,,false
64,100.0,189.0,,false
65,100.0,213.0,,false
66,900.0,8.0,,false
67,1150.0,18.0,,false
68,1000.0,6.0,,false
69,1350.0,46.0,,true
70,500.0,58.0,,true
71,5000.0,18.0,,true
72,2200.0,139.0,,true
73,3500.0,271.0,,true
74,5000.0,600.0,,true
75,500.0,160.0,,true
76,125.0,467.0,,true
77,40.0,379.0,,true
78,350.0,144.0,,true
79,500.0,177.0,,false
80,500.0,310.0,,false
81,3300.0,25.0,,false
82,3300.0,28.0,,false
83,3300.0,26.0,,false
84,60.0,216.0,,false
85,60.0,175.0,,false
86,60.0,172.0,,false
87,60.0,204.0,,false
88,800.0,5.0,,false
89,60.0,110.0,,false
90,60.0,90.0,,false
91,60.0,107.0,,false
92,60.0,81.0,,false
93,60.0,116.0,,false
94,60.0,84.0,,false
95,60.0,113.0,,false
96,100.0,226.0,,false
97,100.0,185.0,,false
98,900.0,7.0,,false
99,1150.0,17.0,,false
100,1000.0,6.0,,false
101,1350.0,49.0,,true
102,500.0,59.0,,true
103,5000.0,17.0,,true
104,2200.0,136.0,,true
105,3500.0,270.0,,true
106,5000.0,600.0,,true
107,500.0,150.0,,true
108,125.0,465.0,,true
109,40.0,405.0,,true
110,350.0,172.0,,true
111,500.0,197.0,,false
112,500.0,483.0,,false
113,3300.0,24.0,,false
114,3300.0,28.0,,false
115,3300.0,29.0,,false
116,60.0,175.0,,false
117,60.0,174.0,,false
118,60.0,185.0,,false
119,60.0,206.0,,false
120,800.0,6.0,,false
121,60.0,95.0,,false
122,60.0,104.0,,false
123,60.0,84.0,,false
124,60.0,106.0,,false
125,60.0,89.0,,false
126,60.0,97.0,,false
127,60.0,114.0,,false
128,100.0,231.0,,false
129,100.0,220.0,,false
130,900.0,8.0,,false
131,1150.0,13.0,,false
132,1000.0,7.0,,false
133,1350.0,49.0,,true
134,500.0,59.0,,true
135,5000.0,18.0,,true
136,2200.0,140.0,,true
137,3500.0,296.0,,true
138,5000.0,600.0,,true
139,500.0,154.0,,true
140,125.0,511.0,,true
141,40.0,351.0,,true
142,350.0,147.0,,true
143,500.0,176.0,,false
144,500.0,432.0,,false
145,3300.0,26.0,,false
146,3300.0,27.0,,false
147,3300.0,26.0,,false
148,60.0,204.0,,false
149,60.0,162.0,,false
150,60.0,169.0,,false
151,60.0,223.0,,false
152,800.0,4.0,,false
153,60.0,85.0,,false
154,60.0,119.0,,false
155,60.0,98.0,,false
156,60.0,109.0,,false
157,60.0,97.0,,false
158,60.0,99.0,,false
159,60.0,105.0,,false
160,100.0,183.0,,false
161,100.0,236.0,,false
162,900.0,9.0,,false
163,1150.0,18.0,,false
164,1000.0,7.0,,false
165,1350.0,48.0,,true
166,500.0,60.0,,true
167,5000.0,18.0,,true
168,2200.0,131.0,,true
169,3500.0,235.0,,true
170,5000.0,600.0,,true
171,500.0,153.0,,true
172,125.0,504.0,,true
173,40.0,434.0,,true
174,350.0,150.0,,true
175,500.0,200.0,,false
176,500.0,453.0,,false
177,3300.0,25.0,,false
178,3300.0,28.0,,false
179,3300.0,24.0,,false
180,60.0,173.0,,false
181,60.0,161.0,,false
182,60.0,185.0,,false
183,800.0,6.0,,false
184,60.0,116.0,,false
185,60.0,119.0,,false
186,60.0,93.0,,false
187,60.0,105.0,,false
188,60.0,94.0,,false
189,60.0,97.0,,false
190,100.0,192.0,,false
191,100.0,241.0,,false
192,900.0,9.0,,false
193,1150.0,16.0,,false
194,1000.0,7.0,,false
195,1350.0,47.0,,true
196,500.0,56.0,,true
197,5000.0,20.0,,true
198,2200.0,132.0,,true
199,3500.0,237.0,,true
200,5000.0,600.0,,true
201,500.0,151.0,,true
202,125.0,495.0,,true
203,40.0,398.0,,true
204,350.0,178.0,,true
205,500.0,198.0,,false
206,500.0,535.0,,false
207,3300.0,21.0,,false
208,3300.0,28.0,,false
209,3300.0,25.0,,false
210,60.0,234.0,,false
211,60.0,242.0,,false
212,60.0,212.0,,false
213,800.0,4.0,,false
214,60.0,106.0,,false
215,60.0,95.0,,false
216,60.0,106.0,,false
217,60.0,81.0,,false
218,60.0,104.0,,false
219,60.0,87.0,,false
220,60.0,86.0,,false
221,60.0,118.0,,false
222,60.0,109.0,,false
223,100.0,199.0,,false
224,100.0,199.0,,false
225,900.0,9.0,,false
226,1150.0,14.0,,false
227,1000.0,8.0,,false
228,1350.0,46.0,,true
229,500.0,60.0,,true
230,5000.0,16.0,,true
231,2200.0,133.0,,true
232,3500.0,278.0,,true
233,5000.0,600.0,,true
234,500.0,151.0,,true
235,125.0,496.0,,true
236,40.0,365.0,,true
237,350.0,164.0,,true
238,500.0,174.0,,false
239,500.0,435.0,,false
240,3300.0,26.0,,false
241,3300.0,29.0,,false
242,3300.0,25.0,,false
243,60.0,190.0,,false
244,60.0,235.0,,false
245,60.0,170.0,,false
246,60.0,245.0,,false
247,800.0,4.0,,false
248,60.0,114.0,,false
249,60.0,105.0,,false
250,60.0,102.0,,false
251,60.0,91.0,,false
252,60.0,93.0,,false
253,60.0,117.0,,false
254,60.0,84.0,,false
255,60.0,87.0,,false
256,60.0,117.0,,false
257,100.0,248.0,,false
258,100.0,211.0,,false
259,900.0,9.0,,false
260,1150.0,16.0,,false
261,1000.0,6.0,,false
262,1350.0,50.0,,true
263,500.0,57.0,,true
264,5000.0,20.0,,true
265,2200.0,131.0,,true
266,3500.0,355.0,,true
267,5000.0,600.0,,true
268,500.0,155.0,,true
269,125.0,457.0,,true
270,40.0,352.0,,true
271,350.0,152.0,,true
272,500.0,190.0,,false
273,500.0,439.0,,false
274,3300.0,30.0,,false
275,3300.0,25.0,,false
276,3300.0,23.0,,false
277,60.0,223.0,,false
278,60.0,161.0,,false
279,60.0,182.0,,false
280,60.0,244.0,,false
281,800.0,4.0,,false
282,60.0,81.0,,false
283,60.0,100.0,,false
284,60.0,120.0,,false
285,60.0,96.0,,false
286,60.0,92.0,,false
287,60.0,94.0,,false
288,60.0,83.0,,false
289,60.0,114.0,,false
290,60.0,104.0,,false
291,60.0,117.0,,false
292,100.0,194.0,,false
293,100.0,182.0,,false
294,900.0,10.0,,false
295,1150.0,16.0,,false
296,1000.0,5.0,,false
297,1350.0,50.0,,true
298,500.0,56.0,,true
299,5000.0,18.0,,true
300,2200.0,135.0,,true
301,3500.0,283.0,,true
302,5000.0,600.0,,true
303,500.0,149.0,,true
304,125.0,497.0,,true
305,40.0,435.0,,true
306,350.0,164.0,,true
307,500.0,176.0,,false
308,500.0,390.0,,false
309,3300.0,21.0,,false
310,3300.0,30.0,,false
311,3300.0,24.0,,false
312,60.0,227.0,,false
313,60.0,169.0,,false
314,60.0,186.0,,false
315,60.0,208.0,,false
316,800.0,4.0,,false
317,60.0,107.0,,false
318,60.0,119.0,,false
319,60.0,89.0,,false
320,60.0,116.0,,false
321,60.0,103.0,,false
322,60.0,86.0,,false
323,60.0,100.0,,false
324,60.0,113.0,,false
325,100.0,192.0,,false
326,100.0,198.0,,false
327,900.0,10.0,,false
328,1150.0,15.0,,false
329,1000.0,7.0,,false
330,1350.0,46.0,,true
331,500.0,60.0,,true
332,5000.0,18.0,,true
333,2200.0,134.0,,true
334,3500.0,301.0,,true
335,5000.0,600.0,,true
336,500.0,148.0,,true
337,125.0,544.0,,true
338,40.0,448.0,,true
339,350.0,142.0,,true
340,500.0,177.0,,false
341,500.0,519.0,,false
342,3300.0,29.0,,false
343,3300.0,29.0,,false
344,3300.0,29.0,,false
345,60.0,244.0,,false
346,60.0,187.0,,false
347,60.0,248.0,,false
348,800.0,6.0,,false
349,60.0,86.0,,false
350,60.0,117.0,,false
351,60.0,115.0,,false
352,60.0,120.0,,false
353,60.0,95.0,,false
354,60.0,120.0,,false
355,100.0,245.0,,false
356,100.0,205.0,,false
357,900.0,10.0,,false
358,1150.0,15.0,,false
359,1000.0,8.0,,false
360,1350.0,50.0,,true
361,500.0,59.0,,true
362,5000.0,18.0,,true
363,2200.0,134.0,,true
364,3500.0,249.0,,true
365,5000.0,600.0,,true
366,500.0,152.0,,true
367,125.0,461.0,,true
368,40.0,379.0,,true
369,350.0,144.0,,true
370,500.0,178.0,,false
371,500.0,551.0,,false
372,3300.0,24.0,,false
373,3300.0,25.0,,false
374,3300.0,23.0,,false
375,60.0,215.0,,false
376,60.0,174.0,,false
377,60.0,238.0,,false
378,60.0,221.0,,false
379,800.0,5.0,,false
380,60.0,102.0,,false
381,60.0,104.0,,false
382,60.0,90.0,,false
383,60.0,103.0,,false
384,60.0,104.0,,false
385,60.0,111.0,,false
386,60.0,107.0,,false
387,60.0,118.0,,false
388,60.0,108.0,,false
389,60.0,105.0,,false
390,100.0,240.0,,false
391,100.0,189.0,,false
392,900.0,10.0,,false
393,1150.0,14.0,,false
394,1000.0,7.0,,false
395,1350.0,48.0,,true
396,500.0,58.0,,true
397,5000.0,18.0,,true
398,2200.0,131.0,,true
399,3500.0,225.0,,true
400,5000.0,600.0,,true
401,500.0,148.0,,true
402,125.0,497.0,,true
403,40.0,380.0,,true
404,350.0,167.0,,true
405,500.0,196.0,,false
406,500.0,435.0,,false
407,3300.0,26.0,,false
408,3300.0,25.0,,false
409,3300.0,27.0,,false
410,60.0,226.0,,false
411,60.0,155.0,,false
412,60.0,162.0,,false
413,60.0,187.0,,false
414,800.0,6.0,,false
415,60.0,111.0,,false
416,60.0,83.0,,false
417,60.0,111.0,,false
418,60.0,88.0,,false
419,60.0,82.0,,false
420,60.0,119.0,,false
421,100.0,231.0,,false
422,100.0,233.0,,false
423,900.0,10.0,,false
424,1150.0,13.0,,false
425,1000.0,7.0,,false
426,1350.0,48.0,,true
427,500.0,60.0,,true
428,5000.0,18.0,,true
429,2200.0,133.0,,true
430,3500.0,280.0,,true
431,5000.0,600.0,,true
432,500.0,153.0,,true
433,125.0,488.0,,true
434,40.0,450.0,,true
435,350.0,142.0,,true
436,500.0,176.0,,false
437,500.0,314.0,,false
438,3300.0,30.0,,false
439,3300.0,30.0,,false
440,3300.0,23.0,,false
441,60.0,189.0,,false
442,60.0,186.0,,false
443,60.0,153.0,,false
444,800.0,4.0,,false
445,60.0,87.0,,false
446,60.0,99.0,,false
447,60.0,105.0,,false
448,60.0,81.0,,false
449,60.0,109.0,,false
450,60.0,88.0,,false
451,60.0,112.0,,false
452,100.0,249.0,,false
453,100.0,244.0,,false
454,900.0,10.0,,false
455,1150.0,16.0,,false
456,1000.0,5.0,,false
457,1350.0,50.0,,true
458,500.0,60.0,,true
459,5000.0,16.0,,true
460,2200.0,138.0,,true
461,3500.0,218.0,,true
462,5000.0,600.0,,true
463,500.0,143.0,,true
464,125.0,529.0,,true
465,40.0,415.0,,true
466,350.0,180.0,,true
467,500.0,175.0,,false
468,500.0,409.0,,false
469,3300.0,24.0,,false
470,3300.0,21.0,,false
471,3300.0,25.0,,false
472,60.0,187.0,,false
473,60.0,204.0,,false
474,60.0,165.0,,false
475,60.0,166.0,,false
476,800.0,5.0,,false
477,60.0,106.0,,false
478,60.0,104.0,,false
479,60.0,100.0,,false
480,60.0,113.0,,false
481,60.0,90.0,,false
482,60.0,115.0,,false
483,60.0,104.0,,false
484,60.0,112.0,,false
485,100.0,231.0,,false
486,100.0,224.0,,false
487,900.0,7.0,,false
488,1150.0,15.0,,false
489,1000.0,8.0,,false
490,1350.0,50.0,,true
491,500.0,58.0,,true
492,5000.0,17.0,,true
493,2200.0,134.0,,true
494,3500.0,316.0,,true
495,5000.0,600.0,,true
496,500.0,151.0,,true
497,125.0,475.0,,true
498,40.0,435.0,,true
499,350.0,175.0,,true
500,500.0,175.0,,false
501,500.0,442.0,,false
502,3300.0,21.0,,false
503,3300.0,23.0,,false
504,3300.0,22.0,,false
505,60.0,178.0,,false
506,60.0,193.0,,false
507,60.0,205.0,,false
508,60.0,241.0,,false
509,800.0,6.0,,false
510,60.0,97.0,,false
511,60.0,85.0,,false
512,60.0,92.0,,false
513,60.0,112.0,,false
514,60.0,107.0,,false
515,60.0,91.0,,false
516,60.0,104.0,,false
517,60.0,90.0,,false
518,60.0,88.0,,false
519,60.0,82.0,,false
520,100.0,206.0,,false
521,100.0,188.0,,false
522,900.0,8.0,,false
523,1150.0,15.0,,false
524,1000.0,7.0,,false
525,1350.0,48.0,,true
526,500.0,57.0,,true
527,5000.0,19.0,,true
528,2200.0,135.0,,true
529,3500.0,201.0,,true
530,5000.0,600.0,,true
531,500.0,154.0,,true
532,125.0,462.0,,true
533,40.0,431.0,,true
534,350.0,172.0,,true
535,500.0,180.0,,false
536,500.0,381.0,,false
537,3300.0,21.0,,false
538,3300.0,24.0,,false
539,3300.0,30.0,,false
540,60.0,167.0,,false
541,60.0,224.0,,false
542,60.0,182.0,,false
543,60.0,225.0,,false
544,800.0,5.0,,false
545,60.0,83.0,,false
546,60.0,101.0,,false
547,60.0,87.0,,false
548,60.0,83.0,,false
549,60.0,118.0,,false
550,60.0,93.0,,false
551,60.0,83.0,,false
552,60.0,92.0,,false
553,60.0,120.0,,false
554,100.0,189.0,,false
555,100.0,204.0,,false
556,900.0,10.0,,false
557,1150.0,16.0,,false
558,1000.0,8.0,,false
559,1350.0,46.0,,true
560,500.0,59.0,,true
561,5000.0,18.0,,true
562,2200.0,132.0,,true
563,3500.0,219.0,,true
564,5000.0,600.0,,true
565,500.0,143.0,,true
566,125.0,479.0,,true
567,40.0,459.0,,true
568,350.0,168.0,,true
569,500.0,183.0,,false
570,500.0,443.0,,false
571,3300.0,28.0,,false
572,3300.0,30.0,,false
573,3300.0,26.0,,false
574,60.0,164.0,,false
575,60.0,212.0,,false
576,60.0,210.0,,false
577,60.0,238.0,,false
578,800.0,6.0,,false
579,60.0,117.0,,false
580,60.0,95.0,,false
581,60.0,89.0,,false
582,60.0,91.0,,false
583,60.0,88.0,,false
584,60.0,112.0,,false
585,60.0,111.0,,false
586,60.0,116.0,,false
587,100.0,209.0,,false
588,100.0,215.0,,false
589,900.0,10.0,,false
590,1150.0,13.0,,false
591,1000.0,6.0,,false
592,1350.0,50.0,,true
593,500.0,60.0,,true
594,5000.0,18.0,,true
595,2200.0,135.0,,true
596,3500.0,383.0,,true
597,5000.0,600.0,,true
598,500.0,143.0,,true
599,125.0,531.0,,true
600,40.0,379.0,,true
601,350.0,142.0,,true
602,500.0,174.0,,false
603,500.0,494.0,,false
604,3300.0,23.0,,false
605,3300.0,26.0,,false
606,3300.0,25.0,,false
607,60.0,250.0,,false
608,60.0,249.0,,false
609,60.0,210.0,,false
610,800.0,6.0,,false
611,60.0,103.0,,false
612,60.0,89.0,,false
613,60.0,103.0,,false
614,60.0,108.0,,false
615,60.0,114.0,,false
616,60.0,97.0,,false
617,100.0,220.0,,false
618,100.0,248.0,,false
619,900.0,7.0,,false
620,1150.0,17.0,,false
621,1000.0,8.0,,false
622,1350.0,50.0,,true
623,500.0,56.0,,true
624,5000.0,20.0,,true
625,2200.0,137.0,,true
626,3500.0,352.0,,true
627,5000.0,600.0,,true
628,500.0,150.0,,true
629,125.0,479.0,,true
630,40.0,358.0,,true
631,350.0,160.0,,true
632,500.0,179.0,,false
633,500.0,452.0,,false
634,3300.0,23.0,,false
635,3300.0,27.0,,false
636,3300.0,27.0,,false
637,60.0,224.0,,false
638,60.0,166.0,,false
639,60.0,204.0,,false
640,60.0,219.0,,false
641,800.0,5.0,,false
642,60.0,88.0,,false
643,60.0,115.0,,false
644,60.0,99.0,,false
645,60.0,114.0,,false
646,60.0,92.0,,false
647,60.0,99.0,,false
648,60.0,82.0,,false
649,60.0,88.0,,false
650,60.0,87.0,,false
651,100.0,189.0,,false
652,100.0,240.0,,false
653,900.0,7.0,,false
654,1150.0,16.0,,false
655,1000.0,7.0,,false
656,1350.0,49.0,,true
657,500.0,60.0,,true
658,5000.0,16.0,,true
659,2200.0,132.0,,true
660,3500.0,338.0,,true
661,5000.0,600.0,,true
662,500.0,145.0,,true
663,125.0,472.0,,true
664,40.0,433.0,,true
665,350.0,174.0,,true
666,500.0,178.0,,false
667,500.0,303.0,,false
668,3300.0,25.0,,false
669,3300.0,27.0,,false
670,3300.0,25.0,,false
671,60.0,208.0,,false
672,60.0,213.0,,false
673,60.0,165.0,,false
674,60.0,187.0,,false
675,800.0,6.0,,false
676,60.0,98.0,,false
677,60.0,116.0,,false
678,60.0,96.0,,false
679,60.0,84.0,,false
680,60.0,104.0,,false
681,60.0,116.0,,false
682,60.0,115.0,,false
683,60.0,104.0,,false
684,60.0,101.0,,false
685,60.0,81.0,,false
686,100.0,228.0,,false
687,100.0,237.0,,false
688,900.0,8.0,,false
689,1150.0,16.0,,false
690,1000.0,7.0,,false
691,1350.0,50.0,,true
692,500.0,59.0,,true
693,5000.0,18.0,,true
694,2200.0,138.0,,true
695,3500.0,207.0,,true
696,5000.0,600.0,,true
697,500.0,158.0,,true
698,125.0,489.0,,true
699,40.0,457.0,,true
700,350.0,171.0,,true
701,500.0,179.0,,false
702,500.0,541.0,,false
703,3300.0,27.0,,false
704,3300.0,26.0,,false
705,3300.0,23.0,,false
706,60.0,224.0,,false
707,60.0,232.0,,false
708,60.0,211.0,,false
709,60.0,177.0,,false
710,800.0,5.0,,false
711,60.0,96.0,,false
712,60.0,81.0,,false
713,60.0,110.0,,false
714,60.0,111.0,,false
715,60.0,81.0,,false
716,60.0,109.0,,false
717,100.0,247.0,,false
718,100.0,197.0,,false
719,900.0,7.0,,false
720,1150.0,15.0,,false
721,1000.0,8.0,,false
722,1350.0,50.0,,true
723,500.0,57.0,,true
724,5000.0,16.0,,true
725,2200.0,133.0,,true
726,3500.0,325.0,,true
727,5000.0,600.0,,true
728,500.0,147.0,,true
729,125.0,543.0,,true
730,40.0,380.0,,true
731,350.0,153.0,,true
732,500.0,189.0,,false
733,500.0,581.0,,false
734,3300.0,24.0,,false
735,3300.0,29.0,,false
736,3300.0,26.0,,false
737,60.0,242.0,,false
738,60.0,227.0,,false
739,60.0,236.0,,false
740,800.0,6.0,,false
741,60.0,113.0,,false
742,60.0,119.0,,false
743,60.0,113.0,,false
744,60.0,104.0,,false
745,60.0,87.0,,false
746,60.0,111.0,,false
747,60.0,99.0,,false
748,100.0,213.0,,false
749,100.0,186.0,,false
750,900.0,8.0,,false
751,1150.0,16.0,,false
752,1000.0,7.0,,false
753,1350.0,46.0,,true
754,500.0,60.0,,true
755,5000.0,19.0,,true
756,2200.0,140.0,,true
757,3500.0,335.0,,true
758,5000.0,600.0,,true
759,500.0,147.0,,true
760,125.0,490.0,,true
761,40.0,400.0,,true
762,350.0,150.0,,true
763,500.0,188.0,,false
764,500.0,354.0,,false
765,3300.0,28.0,,false
766,3300.0,30.0,,false
767,3300.0,28.0,,false
768,60.0,202.0,,false
769,60.0,197.0,,false
770,60.0,165.0,,false
771,60.0,230.0,,false
772,800.0,4.0,,false
773,60.0,101.0,,false
774,60.0,103.0,,false
775,60.0,81.0,,false
776,60.0,87.0,,false
777,60.0,97.0,,false
778,60.0,85.0,,false
779,60.0,118.0,,false
780,100.0,247.0,,false
781,100.0,203.0,,false
782,900.0,10.0,,false
783,1150.0,13.0,,false
784,1000.0,8.0,,false
785,1350.0,49.0,,true
786,500.0,59.0,,true
787,5000.0,16.0,,true
788,2200.0,133.0,,true
789,3500.0,362.0,,true
790,5000.0,600.0,,true
791,500.0,143.0,,true
792,125.0,492.0,,true
793,40.0,440.0,,true
794,350.0,144.0,,true
795,500.0,188.0,,false
796,500.0,316.0,,false
797,3300.0,30.0,,false
798,3300.0,26.0,,false
799,3300.0,25.0,,false
800,60.0,162.0,,false
801,60.0,199.0,,false
802,60.0,178.0,,false
803,800.0,5.0,,false
804,60.0,118.0,,false
805,60.0,107.0,,false
806,60.0,88.0,,false
807,60.0,81.0,,false
808,60.0,85.0,,false
809,60.0,84.0,,false
810,60.0,99.0,,false
811,60.0,118.0,,false
812,60.0,115.0,,false
813,100.0,247.0,,false
814,100.0,197.0,,false
815,900.0,10.0,,false
816,1150.0,17.0,,false
817,1000.0,5.0,,false
818,1350.0,47.0,,true
819,500.0,57.0,,true
820,5000.0,18.0,,true
821,2200.0,132.0,,true
822,3500.0,316.0,,true
823,5000.0,600.0,,true
824,500.0,159.0,,true
825,125.0,461.0,,true
826,40.0,353.0,,true
827,350.0,180.0,,true
828,500.0,184.0,,false
829,500.0,484.0,,false
830,3300.0,25.0,,false
831,3300.0,24.0,,false
832,3300.0,22.0,,false
833,60.0,187.0,,false
834,60.0,158.0,,false
835,60.0,231.0,,false
836,60.0,211.0,,false
837,800.0,5.0,,false
838,60.0,118.0,,false
839,60.0,86.0,,false
840,60.0,109.0,,false
841,60.0,100.0,,false
842,60.0,90.0,,false
843,60.0,87.0,,false
844,60.0,95.0,,false
845,100.0,193.0,,false
846,100.0,204.0,,false
847,900.0,9.0,,false
848,1150.0,15.0,,false
849,1000.0,8.0,,false
850,1350.0,48.0,,true
851,500.0,56.0,,true
852,5000.0,19.0,,true
853,2200.0,134.0,,true
854,3500.0,263.0,,true
855,5000.0,600.0,,true
856,500.0,157.0,,true
857,125.0,525.0,,true
858,40.0,398.0,,true
859,350.0,166.0,,true
860,500.0,180.0,,false
861,500.0,451.0,,false
862,3300.0,23.0,,false
863,3300.0,22.0,,false
864,3300.0,25.0,,false
865,60.0,202.0,,false
866,60.0,187.0,,false
867,60.0,197.0,,false
868,800.0,6.0,,false
869,60.0,115.0,,false
870,60.0,120.0,,false
871,60.0,109.0,,false
872,60.0,111.0,,false
873,60.0,120.0,,false
874,60.0,113.0,,false
875,60.0,97.0,,false
876,60.0,107.0,,false
877,60.0,116.0,,false
878,60.0,85.0,,false
879,100.0,193.0,,false
880,100.0,188.0,,false
881,900.0,8.0,,false
882,1150.0,14.0,,false
883,1000.0,7.0,,false
884,1350.0,50.0,,true
885,500.0,58.0,,true
886,5000.0,20.0,,true
887,2200.0,138.0,,true
888,3500.0,298.0,,true
889,5000.0,600.0,,true
890,500.0,156.0,,true
891,125.0,505.0,,true
892,40.0,454.0,,true
893,350.0,155.0,,true
894,500.0,181.0,,false
895,500.0,594.0,,false
896,3300.0,28.0,,false
897,3300.0,29.0,,false
898,3300.0,30.0,,false
899,60.0,195.0,,false
900,60.0,212.0,,false
901,60.0,217.0,,false
902,60.0,247.0,,false
903,800.0,4.0,,false
904,60.0,99.0,,false
905,60.0,87.0,,false
906,60.0,85.0,,false
907,60.0,87.0,,false
908,60.0,94.0,,false
909,60.0,102.0,,false
910,60.0,113.0,,false
911,60.0,103.0,,false
912,60.0,110.0,,false
913,100.0,210.0,,false
914,100.0,198.0,,false
915,900.0,10.0,,false
916,1150.0,14.0,,false
917,1000.0,5.0,,false
918,1350.0,47.0,,true
919,500.0,60.0,,true
920,5000.0,19.0,,true
921,2200.0,140.0,,true
922,3500.0,229.0,,true
923,5000.0,600.0,,true
924,500.0,151.0,,true
925,125.0,510.0,,true
926,40.0,408.0,,true
927,350.0,155.0,,true
928,500.0,197.0,,false
929,500.0,394.0,,false
930,3300.0,26.0,,false
931,3300.0,25.0,,false
932,3300.0,26.0,,false
933,60.0,226.0,,false
934,60.0,244.0,,false
935,60.0,250.0,,false
936,60.0,153.0,,false
937,800.0,4.0,,false
938,60.0,117.0,,false
939,60.0,105.0,,false
940,60.0,117.0,,false
941,60.0,81.0,,false
942,60.0,111.0,,false
943,60.0,84.0,,false
944,60.0,90.0,,false
945,60.0,119.0,,false
946,60.0,89.0,,false
947,60.0,108.0,,false
948,100.0,197.0,,false
949,100.0,225.0,,false
950,900.0,8.0,,false
951,1150.0,15.0,,false
952,1000.0,8.0,,false
953,1350.0,49.0,,true
954,500.0,56.0,,true
955,5000.0,17.0,,true
956,2200.0,131.0,,true
957,3500.0,278.0,,true
958,5000.0,600.0,,true
959,500.0,154.0,,true
960,125.0,484.0,,true
961,40.0,395.0,,true
962,350.0,169.0,,true
963,500.0,172.0,,false
964,500.0,490.0,,false
965,3300.0,26.0,,false
966,3300.0,30.0,,false
967,3300.0,23.0,,false
968,60.0,170.0,,false
969,60.0,157.0,,false
970,60.0,181.0,,false
971,60.0,221.0,,false
972,800.0,5.0,,false
973,60.0,109.0,,false
974,60.0,103.0,,false
975,60.0,101.0,,false
976,60.0,96.0,,false
977,60.0,91.0,,false
978,60.0,86.0,,false
979,60.0,84.0,,false
980,100.0,194.0,,false
981,100.0,210.0,,false
982,900.0,10.0,,false
983,1150.0,15.0,,false
984,1000.0,5.0,,false
985,1350.0,50.0,,true
986,500.0,59.0,,true
987,5000.0,16.0,,true
988,2200.0,137.0,,true
989,3500.0,314.0,,true
990,5000.0,600.0,,true
991,500.0,159.0,,true
992,125.0,549.0,,true
993,40.0,380.0,,true
994,350.0,168.0,,true
995,500.0,198.0,,false
996,500.0,492.0,,false
997,3300.0,24.0,,false
998,3300.0,25.0,,false
999,3300.0,27.0,,false
1000,60.0,242.0,,false
1001,60.0,229.0,,false
1002,60.0,170.0,,false
1003,800.0,4.0,,false
1004,60.0,103.0,,false
1005,60.0,94.0,,false
1006,60.0,120.0,,false
1007,60.0,94.0,,false
1008,60.0,88.0,,false
1009,60.0,102.0,,false
1010,60.0,111.0,,false
1011,60.0,114.0,,false
1012,60.0,109.0,,false
1013,100.0,222.0,,false
1014,100.0,235.0,,false
1015,900.0,8.0,,false
1016,1150.0,18.0,,false
1017,1000.0,6.0,,false
1018,1350.0,46.0,,true
1019,500.0,56.0,,true
1020,5000.0,19.0,,true
1021,2200.0,134.0,,true
1022,3500.0,296.0,,true
1023,5000.0,600.0,,true
1024,500.0,146.0,,true
1025,125.0,528.0,,true
1026,40.0,414.0,,true
1027,350.0,148.0,,true
1028,500.0,199.0,,false
1029,500.0,516.0,,false
1030,3300.0,25.0,,false
1031,3300.0,26.0,,false
1032,3300.0,21.0,,false
1033,60.0,176.0,,false
1034,60.0,167.0,,false
1035,60.0,186.0,,false
1036,60.0,201.0,,false
1037,800.0,5.0,,false
1038,60.0,110.0,,false
1039,60.0,91.0,,false
1040,60.0,107.0,,false
1041,60.0,116.0,,false
1042,60.0,105.0,,false
1043,60.0,112.0,,false
1044,60.0,101.0,,false
1045,100.0,194.0,,false
1046,100.0,207.0,,false
1047,900.0,10.0,,false
1048,1150.0,18.0,,false
1049,1000.0,7.0,,false
1050,1350.0,49.0,,true
1051,500.0,59.0,,true
1052,5000.0,17.0,,true
1053,2200.0,134.0,,true
1054,3500.0,286.0,,true
1055,5000.0,600.0,,true
1056,500.0,143.0,,true
1057,125.0,507.0,,true
1058,40.0,381.0,,true
1059,350.0,177.0,,true
1060,500.0,173.0,,false
1061,500.0,494.0,,false
1062,3300.0,22.0,,false
1063,3300.0,24.0,,false
1064,3300.0,25.0,,false
1065,60.0,248.0,,false
1066,60.0,209.0,,false
1067,60.0,155.0,,false
1068,800.0,5.0,,false
1069,60.0,88.0,,false
1070,60.0,119.0,,false
1071,60.0,110.0,,false
1072,60.0,102.0,,false
1073,60.0,114.0,,false
1074,60.0,82.0,,false
1075,60.0,114.0,,false
1076,60.0,88.0,,false
1077,60.0,83.0,,false
1078,60.0,94.0,,false
1079,100.0,200.0,,false
1080,100.0,196.0,,false
1081,900.0,10.0,,false
1082,1150.0,16.0,,false
1083,1000.0,7.0,,false
1084,1350.0,47.0,,true
1085,500.0,56.0,,true
1086,5000.0,17.0,,true
1087,2200.0,139.0,,true
1088,3500.0,292.0,,true
1089,5000.0,600.0,,true
1090,500.0,143.0,,true
1091,125.0,508.0,,true
1092,40.0,403.0,,true
1093,350.0,176.0,,true
1094,500.0,195.0,,false
1095,500.0,421.0,,false
1096,3300.0,25.0,,false
1097,3300.0,24.0,,false
1098,3300.0,25.0,,false
1099,60.0,166.0,,false
1100,60.0,160.0,,false
1101,60.0,193.0,,false
1102,800.0,6.0,,false
1103,60.0,83.0,,false
1104,60.0,89.0,,false
1105,60.0,112.0,,false
1106,60.0,110.0,,false
1107,60.0,111.0,,false
1108,60.0,85.0,,false
1109,60.0,115.0,,false
1110,60.0,93.0,,false
1111,100.0,231.0,,false
1112,100.0,208.0,,false
1113,900.0,8.0,,false
1114,1150.0,18.0,,false
1115,1000.0,7.0,,false
1116,1350.0,50.0,,true
1117,500.0,59.0,,true
1118,5000.0,19.0,,true
1119,2200.0,134.0,,true
1120,3500.0,238.0,,true
1121,5000.0,600.0,,true
1122,500.0,158.0,,true
1123,125.0,522.0,,true
1124,40.0,443.0,,true
1125,350.0,173.0,,true
1126,500.0,200.0,,false
1127,500.0,311.0,,false
1128,3300.0,29.0,,false
1129,3300.0,30.0,,false
1130,3300.0,23.0,,false
1131,60.0,229.0,,false
1132,60.0,165.0,,false
1133,60.0,238.0,,false
1134,60.0,218.0,,false
1135,800.0,5.0,,false
1136,60.0,116.0,,false
1137,60.0,90.0,,false
1138,60.0,97.0,,false
1139,60.0,120.0,,false
1140,60.0,101.0,,false
1141,60.0,86.0,,false
1142,60.0,109.0,,false
1143,60.0,110.0,,false
1144,100.0,187.0,,false
1145,100.0,248.0,,false
1146,900.0,7.0,,false
1147,1150.0,15.0,,false
1148,1000.0,8.0,,false
1149,1350.0,46.0,,true
1150,500.0,56.0,,true
1151,5000.0,18.0,,true
1152,2200.0,134.0,,true
1153,3500.0,312.0,,true
1154,5000.0,600.0,,true
1155,500.0,141.0,,true
1156,125.0,529.0,,true
1157,40.0,427.0,,true
1158,350.0,165.0,,true
1159,500.0,179.0,,false
1160,500.0,490.0,,false
1161,3300.0,28.0,,false
1162,3300.0,27.0,,false
1163,3300.0,22.0,,false
1164,60.0,167.0,,false
1165,60.0,156.0,,false
1166,60.0,166.0,,false
1167,800.0,6.0,,false
1168,60.0,85.0,,false
1169,60.0,88.0,,false
1170,60.0,85.0,,false
1171,60.0,86.0,,false
1172,60.0,113.0,,false
1173,60.0,107.0,,false
1174,60.0,92.0,,false
1175,60.0,94.0,,false
1176,100.0,192.0,,false
1177,100.0,214.0,,false
1178,900.0,9.0,,false
1179,1150.0,17.0,,false
1180,1000.0,7.0,,false
1181,1350.0,48.0,,true
1182,500.0,59.0,,true
1183,5000.0,18.0,,true
1184,2200.0,138.0,,true
1185,3500.0,389.0,,true
1186,5000.0,600.0,,true
1187,500.0,143.0,,true
1188,125.0,481.0,,true
1189,40.0,352.0,,true
1190,350.0,172.0,,true
1191,500.0,171.0,,false
1192,500.0,365.0,,false
1193,3300.0,28.0,,false
1194,3300.0,24.0,,false
1195,3300.0,29.0,,false
1196,60.0,247.0,,false
1197,60.0,155.0,,false
1198,60.0,196.0,,false
1199,60.0,225.0,,false
1200,800.0,5.0,,false
1201,60.0,110.0,,false
1202,60.0,87.0,,false
1203,60.0,115.0,,false
1204,60.0,100.0,,false
1205,60.0,89.0,,false
1206,60.0,110.0,,false
1207,60.0,93.0,,false
1208,100.0,198.0,,false
1209,100.0,214.0,,false
1210,900.0,10.0,,false
1211,1150.0,13.0,,false
1212,1000.0,7.0,,false
1213,1350.0,49.0,,true
1214,500.0,57.0,,true
1215,5000.0,18.0,,true
1216,2200.0,132.0,,true
1217,3500.0,205.0,,true
1218,5000.0,600.0,,true
1219,500.0,151.0,,true
1220,125.0,464.0,,true
1221,40.0,405.0,,true
1222,350.0,174.0,,true
1223,500.0,186.0,,false
1224,500.0,552.0,,false
1225,3300.0,30.0,,false
1226,3300.0,27.0,,false
1227,3300.0,21.0,,false
1228,60.0,247.0,,false
1229,60.0,183.0,,false
1230,60.0,173.0,,false
1231,800.0,4.0,,false
1232,60.0,86.0,,false
1233,60.0,107.0,,false
1234,60.0,100.0,,false
1235,60.0,86.0,,false
1236,60.0,92.0,,false
1237,60.0,118.0,,false
1238,60.0,88.0,,false
1239,100.0,233.0,,false
1240,100.0,186.0,,false
1241,900.0,7.0,,false
1242,1150.0,14.0,,false
1243,1000.0,6.0,,false
1244,1350.0,48.0,,true
1245,500.0,57.0,,true
1246,5000.0,17.0,,true
1247,2200.0,139.0,,true
1248,3500.0,275.0,,true
1249,5000.0,600.0,,true
1250,500.0,152.0,,true
1251,125.0,548.0,,true
1252,40.0,427.0,,true
1253,350.0,167.0,,true
1254,500.0,198.0,,false
1255,500.0,576.0,,false
1256,3300.0,26.0,,false
1257,3300.0,22.0,,false
1258,3300.0,27.0,,false
1259,60.0,190.0,,false
1260,60.0,241.0,,false
1261,60.0,226.0,,false
1262,800.0,5.0,,false
1263,60.0,109.0,,false
1264,60.0,102.0,,false
1265,60.0,104.0,,false
1266,60.0,117.0,,false
1267,60.0,113.0,,false
1268,60.0,110.0,,false
1269,60.0,90.0,,false
1270,60.0,104.0,,false
1271,60.0,92.0,,false
1272,60.0,90.0,,false
1273,100.0,227.0,,false
1274,100.0,189.0,,false
1275,900.0,9.0,,false
1276,1150.0,18.0,,false
1277,1000.0,5.0,,false
1278,1350.0,48.0,,true
1279,500.0,58.0,,true
1280,5000.0,16.0,,true
1281,2200.0,133.0,,true
1282,3500.0,351.0,,true
1283,5000.0,600.0,,true
1284,500.0,154.0,,true
1285,125.0,544.0,,true
1286,40.0,453.0,,true
1287,350.0,153.0,,true
1288,500.0,187.0,,false
1289,500.0,561.0,,false
1290,3300.0,21.0,,false
1291,3300.0,25.0,,false
1292,3300.0,23.0,,false
1293,60.0,226.0,,false
1294,60.0,223.0,,false
1295,60.0,248.0,,false
1296,800.0,5.0,,false
1297,60.0,113.0,,false
1298,60.0,83.0,,false
1299,60.0,85.0,,false
1300,60.0,84.0,,false
1301,60.0,119.0,,false
1302,60.0,108.0,,false
1303,60.0,81.0,,false
1304,60.0,106.0,,false
1305,60.0,103.0,,false
1306,60.0,99.0,,false
1307,100.0,205.0,,false
1308,100.0,206.0,,false
1309,900.0,10.0,,false
1310,1150.0,13.0,,false
1311,1000.0,8.0,,false
1312,1350.0,48.0,,true
1313,500.0,58.0,,true
1314,5000.0,20.0,,true
1315,2200.0,140.0,,true
1316,3500.0,285.0,,true
1317,5000.0,600.0,,true
1318,500.0,159.0,,true
1319,125.0,490.0,,true
1320,40.0,381.0,,true
1321,350.0,149.0,,true
1322,500.0,185.0,,false
1323,500.0,469.0,,false
1324,3300.0,26.0,,false
1325,3300.0,25.0,,false
1326,3300.0,28.0,,false
1327,60.0,230.0,,false
1328,60.0,202.0,,false
1329,60.0,153.0,,false
1330,800.0,6.0,,false
1331,60.0,84.0,,false
1332,60.0,113.0,,false
1333,60.0,89.0,,false
1334,60.0,118.0,,false
1335,60.0,83.0,,false
1336,60.0,106.0,,false
1337,60.0,102.0,,false
1338,60.0,116.0,,false
1339,60.0,97.0,,false
1340,100.0,235.0,,false
1341,100.0,228.0,,false
1342,900.0,8.0,,false
1343,1150.0,17.0,,false
1344,1000.0,8.0,,false
1345,1350.0,48.0,,true
1346,500.0,57.0,,true
1347,5000.0,20.0,,true
1348,2200.0,131.0,,true
1349,3500.0,229.0,,true
1350,5000.0,600.0,,true
1351,500.0,155.0,,true
1352,125.0,536.0,,true
1353,40.0,420.0,,true
1354,350.0,153.0,,true
1355,500.0,178.0,,false
1356,500.0,355.0,,false
1357,3300.0,21.0,,false
1358,3300.0,23.0,,false
1359,3300.0,28.0,,false
1360,60.0,223.0,,false
1361,60.0,172.0,,false
1362,60.0,153.0,,false
1363,800.0,4.0,,false
1364,60.0,95.0,,false
1365,60.0,89.0,,false
1366,60.0,99.0,,false
1367,60.0,97.0,,false
1368,60.0,107.0,,false
1369,60.0,98.0,,false
1370,100.0,250.0,,false
1371,100.0,194.0,,false
1372,900.0,9.0,,false
1373,1150.0,17.0,,false
1374,1000.0,8.0,,false
1375,1350.0,46.0,,true
1376,500.0,57.0,,true
1377,5000.0,17.0,,true
1378,2200.0,131.0,,true
1379,3500.0,258.0,,true
1380,5000.0,600.0,,true
1381,500.0,145.0,,true
1382,125.0,531.0,,true
1383,40.0,364.0,,true
1384,350.0,149.0,,true
1385,500.0,192.0,,false
1386,500.0,462.0,,false
1387,3300.0,21.0,,false
1388,3300.0,22.0,,false
1389,3300.0,22.0,,false
1390,60.0,231.0,,false
1391,60.0,193.0,,false
1392,60.0,230.0,,false
1393,800.0,5.0,,false
1394,60.0,99.0,,false
1395,60.0,87.0,,false
1396,60.0,113.0,,false
1397,60.0,109.0,,false
1398,60.0,102.0,,false
1399,60.0,114.0,,false
1400,60.0,94.0,,false
1401,60.0,103.0,,false
1402,100.0,243.0,,false
1403,100.0,233.0,,false
1404,900.0,9.0,,false
1405,1150.0,17.0,,false
1406,1000.0,5.0,,false
1407,1350.0,50.0,,true
1408,500.0,56.0,,true
1409,5000.0,17.0,,true
1410,2200.0,131.0,,true
1411,3500.0,293.0,,true
1412,5000.0,600.0,,true
1413,500.0,153.0,,true
1414,125.0,452.0,,true
1415,40.0,386.0,,true
1416,350.0,143.0,,true
1417,500.0,184.0,,false
1418,500.0,578.0,,false
1419,3300.0,28.0,,false
1420,3300.0,22.0,,false
1421,3300.0,25.0,,false
1422,60.0,226.0,,false
1423,60.0,198.0,,false
1424,60.0,245.0,,false
1425,800.0,5.0,,false
1426,60.0,82.0,,false
1427,60.0,113.0,,false
1428,60.0,99.0,,false
1429,60.0,99.0,,false
1430,60.0,85.0,,false
1431,60.0,98.0,,false
1432,100.0,186.0,,false
1433,100.0,223.0,,false
1434,900.0,8.0,,false
1435,1150.0,16.0,,false
1436,1000.0,8.0,,false
1437,1350.0,46.0,,true
1438,500.0,60.0,,true
1439,5000.0,19.0,,true
1440,2200.0,132.0,,true
1441,3500.0,313.0,,true
1442,5000.0,600.0,,true
1443,500.0,149.0,,true
1444,125.0,526.0,,true
1445,40.0,408.0,,true
1446,350.0,169.0,,true
1447,500.0,176.0,,false
1448,500.0,482.0,,false
1449,3300.0,22.0,,false
1450,3300.0,22.0,,false
1451,3300.0,29.0,,false
1452,60.0,198.0,,false
1453,60.0,219.0,,false
1454,60.0,242.0,,false
1455,800.0,5.0,,false
1456,60.0,92.0,,false
1457,60.0,108.0,,false
1458,60.0,85.0,,false
1459,60.0,101.0,,false
1460,60.0,108.0,,false
1461,60.0,90.0,,false
1462,100.0,236.0,,false
1463,100.0,242.0,,false
1464,900.0,8.0,,false
1465,1150.0,15.0,,false
1466,1000.0,5.0,,false
1467,1350.0,48.0,,true
1468,500.0,58.0,,true
1469,5000.0,16.0,,true
1470,2200.0,131.0,,true
1471,3500.0,220.0,,true
1472,5000.0,600.0,,true
1473,500.0,155.0,,true
1474,125.0,535.0,,true
1475,40.0,406.0,,true
1476,350.0,147.0,,true
1477,500.0,187.0,,false
1478,500.0,441.0,,false
1479,3300.0,23.0,,false
1480,3300.0,24.0,,false
1481,3300.0,22.0,,false
1482,60.0,157.0,,false
1483,60.0,221.0,,false
1484,60.0,162.0,,false
1485,60.0,189.0,,false
1486,800.0,5.0,,false
1487,60.0,81.0,,false
1488,60.0,90.0,,false
1489,60.0,90.0,,false
1490,60.0,92.0,,false
1491,60.0,83.0,,false
1492,60.0,81.0,,false
1493,60.0,94.0,,false
1494,60.0,84.0,,false
1495,60.0,86.0,,false
1496,60.0,91.0,,false
1497,100.0,217.0,,false
1498,100.0,227.0,,false
1499,900.0,8.0,,false
1500,1150.0,18.0,,false
1501,1000.0,8.0,,false
1502,1350.0,48.0,,true
1503,500.0,56.0,,true
1504,5000.0,19.0,,true
1505,2200.0,132.0,,true
1506,3500.0,298.0,,true
1507,5000.0,600.0,,true
1508,500.0,147.0,,true
1509,125.0,479.0,,true
1510,40.0,357.0,,true
1511,350.0,178.0,,true
1512,500.0,175.0,,false
1513,500.0,497.0,,false
1514,3300.0,21.0,,false
1515,3300.0,25.0,,false
1516,3300.0,27.0,,false
1517,60.0,223.0,,false
1518,60.0,216.0,,false
1519,60.0,170.0,,false
1520,60.0,204.0,,false
1521,800.0,6.0,,false
1522,60.0,85.0,,false
1523,60.0,94.0,,false
1524,60.0,106.0,,false
1525,60.0,83.0,,false
1526,60.0,83.0,,false
1527,60.0,101.0,,false
1528,60.0,109.0,,false
1529,60.0,99.0,,false
1530,100.0,248.0,,false
1531,100.0,242.0,,false
1532,900.0,9.0,,false
1533,1150.0,14.0,,false
1534,1000.0,5.0,,false
1535,1350.0,48.0,,true
1536,500.0,58.0,,true
1537,5000.0,16.0,,true
1538,2200.0,131.0,,true
1539,3500.0,378.0,,true
1540,5000.0,600.0,,true
1541,500.0,142.0,,true
1542,125.0,477.0,,true
1543,40.0,446.0,,true
1544,350.0,180.0,,true
1545,500.0,192.0,,false
1546,500.0,377.0,,false
1547,3300.0,22.0,,false
1548,3300.0,26.0,,false
1549,3300.0,28.0,,false
1550,60.0,161.0,,false
1551,60.0,201.0,,false
1552,60.0,229.0,,false
1553,800.0,4.0,,false
1554,60.0,107.0,,false
1555,60.0,115.0,,false
1556,60.0,114.0,,false
1557,60.0,83.0,,false
1558,60.0,98.0,,false
1559,60.0,95.0,,false
1560,60.0,83.0,,false
1561,60.0,91.0,,false
1562,60.0,103.0,,false
1563,100.0,196.0,,false
1564,100.0,237.0,,false
1565,900.0,10.0,,false
1566,1150.0,13.0,,false
1567,1000.0,7.0,,false
1568,1350.0,50.0,,true
1569,500.0,58.0,,true
1570,5000.0,19.0,,true
1571,2200.0,134.0,,true
1572,3500.0,354.0,,true
1573,5000.0,600.0,,true
1574,500.0,149.0,,true
1575,125.0,522.0,,true
1576,40.0,377.0,,true
1577,350.0,142.0,,true
1578,500.0,176.0,,false
1579,500.0,523.0,,false
1580,3300.0,28.0,,false
1581,3300.0,23.0,,false
1582,3300.0,23.0,,false
1583,60.0,165.0,,false
1584,60.0,158.0,,false
1585,60.0,211.0,,false
1586,60.0,182.0,,false
1587,800.0,6.0,,false
1588,60.0,81.0,,false
1589,60.0,108.0,,false
1590,60.0,116.0,,false
1591,60.0,83.0,,false
1592,60.0,106.0,,false
1593,60.0,99.0,,false
1594,60.0,115.0,,false
1595,100.0,215.0,,false
1596,100.0,224.0,,false
1597,900.0,7.0,,false
1598,1150.0,13.0,,false
1599,1000.0,7.0,,false
1600,1350.0,47.0,,true
1601,500.0,59.0,,true
1602,5000.0,16.0,,true
1603,2200.0,131.0,,true
1604,3500.0,256.0,,true
1605,5000.0,600.0,,true
1606,500.0,141.0,,true
1607,125.0,548.0,,true
1608,40.0,356.0,,true
1609,350.0,163.0,,true
1610,500.0,173.0,,false
1611,500.0,506.0,,false
1612,3300.0,26.0,,false
1613,3300.0,27.0,,false
1614,3300.0,24.0,,false
1615,60.0,189.0,,false
1616,60.0,233.0,,false
1617,60.0,151.0,,false
1618,800.0,5.0,,false
1619,60.0,110.0,,false
1620,60.0,113.0,,false
1621,60.0,93.0,,false
1622,60.0,109.0,,false
1623,60.0,111.0,,false
1624,60.0,82.0,,false
1625,100.0,235.0,,false
1626,100.0,227.0,,false
1627,900.0,9.0,,false
1628,1150.0,13.0,,false
1629,1000.0,6.0,,false
