Reference,height,width,stripwidth,preemptable
1,1350.0,48.0,720,true
2,500.0,56.0,,true
3,5000.0,16.0,,true
4,2200.0,135.0,,true
5,3500.0,252.0,,true
6,5000.0,600.0,,true
7,500.0,159.0,,true
8,125.0,482.0,,true
9,40.0,405.0,,true
10,350.0,167.0,,true
11,500.0,181.0,,false
12,500.0,493.0,,false
13,3300.0,26.0,,false
14,3300.0,23.0,,false
15,3300.0,28.0,,false
16,60.0,176.0,,false
17,60.0,164.0,,false
18,60.0,165.0,,false
19,800.0,6.0,,false
20,60.0,114.0,,false
21,60.0,98.0,,false
22,60.0,88.0,,false
23,60.0,96.0,,false
24,60.0,107.0,,false
25,60.0,83.0,,false
26,100.0,231.0,,false
27,100.0,181.0,,false
28,900.0,10.0,,false
29,1150.0,18.0,,false
30,1000.0,5.0,,false
31,1350.0,49.0,,true
32,500.0,58.0,,true
33,5000.0,19.0,,true
34,2200.0,131.0,,true
35,3500.0,326.0,,true
36,5000.0,600.0,,true
37,500.0,142.0,,true
38,125.0,510.0,,true
39,40.0,456.0,,true
40,350.0,162.0,,true
41,500.0,182.0,,false
42,500.0,312.0,,false
43,3300.0,28.0,,false
44,3300.0,22.0,,false
45,3300.0,21.0,,false
46,60.0,218.0,,false
47,60.0,246.0,,false
48,60.0,171.0,,false
49,800.0,5.0,,false
50,60.0,100.0,,false
51,60.0,92.0,,false
52,60.0,103.0,,false
53,60.0,105.0,,false
54,60.0,105.0,,false
55,60.0,101.0,,false
56,60.0,99.0,,false
57,60.0,117.0,,false
58,60.0,84.0,,false
59,100.0,218.0,,false
60,100.0,216.0,,false
61,900.0,10.0,,false
62,1150.0,16.0,,false
63,1000.0,7.0,,false
64,1350.0,47.0,,true
65,500.0,56.0,,true
66,5000.0,18.0,,true
67,2200.0,136.0,,true
68,3500.0,255.0,,true
69,5000.0,600.0,,true
70,500.0,142.0,,true
71,125.0,514.0,,true
72,40.0,415.0,,true
73,350.0,147.0,,true
74,500.0,185.0,,false
75,500.0,532.0,,false
76,3300.0,25.0,,false
77,3300.0,28.0,,false
78,3300.0,30.0,,false
79,60.0,195.0,,false
80,60.0,176.0,,false
81,60.0,240.0,,false
82,800.0,5.0,,false
83,60.0,90.0,,false
84,60.0,92.0,,false
85,60.0,104.0,,false
86,60.0,100.0,,false
87,60.0,99.0,,false
88,60.0,99.0,,false
89,60.0,111.0,,false
90,100.0,196.0,,false
91,100.0,186.0,,false
92,900.0,9.0,,false
93,1150.0,17.0,,false
94,1000.0,8.0,,false
95,1350.0,50.0,,true
96,500.0,58.0,,true
97,5000.0,20.0,,true
98,2200.0,133.0,,true
99,3500.0,329.0,,true
100,5000.0,600.0,,true
101,500.0,153.0,,true
102,125.0,541.0,,true
103,40.0,445.0,,true
104,350.0,162.0,,true
105,500.0,196.0,,false
106,500.0,410.0,,false
107,3300.0,24.0,,false
108,3300.0,26.0,,false
109,3300.0,26.0,,false
110,60.0,157.0,,false
111,60.0,211.0,,false
112,60.0,218.0,,false
113,60.0,177.0,,false
114,800.0,6.0,,false
115,60.0,105.0,,false
116,60.0,85.0,,false
117,60.0,93.0,,false
118,60.0,108.0,,false
119,60.0,83.0,,false
120,60.0,101.0,,false
121,60.0,113.0,,false
122,60.0,106.0,,false
123,100.0,215.0,,false
124,100.0,234.0,,false
125,900.0,9.0,,false
126,1150.0,14.0,,false
127,1000.0,8.0,,false
128,1350.0,49.0,,true
129,500.0,60.0,,true
130,5000.0,17.0,,true
131,2200.0,133.0,,true
132,3500.0,235.0,,true
133,5000.0,600.0,,true
134,500.0,144.0,,true
135,125.0,509.0,,true
136,40.0,423.0,,true
137,350.0,148.0,,true
138,500.0,182.0,,false
139,500.0,358.0,,false
140,3300.0,28.0,,false
141,3300.0,26.0,,false
142,3300.0,30.0,,false
143,60.0,199.0,,false
144,60.0,171.0,,false
145,60.0,244.0,,false
146,800.0,6.0,,false
147,60.0,89.0,,false
148,60.0,85.0,,false
149,60.0,99.0,,false
150,60.0,118.0,,false
151,60.0,96.0,,false
152,60.0,100.0,,false
153,100.0,239.0,,false
154,100.0,186.0,,false
155,900.0,9.0,,false
156,1150.0,17.0,,false
157,1000.0,6.0,,false
158,1350.0,47.0,,true
159,500.0,60.0,,true
160,5000.0,20.0,,true
161,2200.0,139.0,,true
162,3500.0,254.0,,true
163,5000.0,600.0,,true
164,500.0,156.0,,true
165,125.0,483.0,,true
166,40.0,400.0,,true
167,350.0,146.0,,true
168,500.0,180.0,,false
169,500.0,440.0,,false
170,3300.0,29.0,,false
171,3300.0,29.0,,false
172,3300.0,26.0,,false
173,60.0,172.0,,false
174,60.0,230.0,,false
175,60.0,169.0,,false
176,60.0,176.0,,false
177,800.0,5.0,,false
178,60.0,95.0,,false
179,60.0,88.0,,false
180,60.0,83.0,,false
181,60.0,89.0,,false
182,60.0,94.0,,false
183,60.0,86.0,,false
184,60.0,104.0,,false
185,60.0,100.0,,false
186,60.0,111.0,,false
187,60.0,91.0,,false
188,100.0,224.0,,false
189,100.0,181.0,,false
190,900.0,7.0,,false
191,1150.0,13.0,,false
192,1000.0,8.0,,false
193,1350.0,46.0,,true
194,500.0,57.0,,true
195,5000.0,16.0,,true
196,2200.0,131.0,,true
197,3500.0,386.0,,true
198,5000.0,600.0,,true
199,500.0,159.0,,true
200,125.0,462.0,,true
201,40.0,439.0,,true
202,350.0,157.0,,true
203,500.0,188.0,,false
204,500.0,393.0,,false
205,3300.0,28.0,,false
206,3300.0,29.0,,false
207,3300.0,29.0,,false
208,60.0,184.0,,false
209,60.0,157.0,,false
210,60.0,169.0,,false
211,60.0,240.0,,false
212,800.0,4.0,,false
213,60.0,120.0,,false
214,60.0,89.0,,false
215,60.0,119.0,,false
216,60.0,84.0,,false
217,60.0,119.0,,false
218,60.0,88.0,,false
219,60.0,100.0,,false
220,60.0,90.0,,false
221,100.0,236.0,,false
222,100.0,226.0,,false
223,900.0,9.0,,false
224,1150.0,15.0,,false
225,1000.0,5.0,,false
226,1350.0,48.0,,true
227,500.0,56.0,,true
228,5000.0,16.0,,true
229,2200.0,132.0,,true
230,3500.0,266.0,,true
231,5000.0,600.0,,true
232,500.0,146.0,,true
233,125.0,459.0,,true
234,40.0,420.0,,true
235,350.0,158.0,,true
236,500.0,173.0,,false
237,500.0,425.0,,false
238,3300.0,24.0,,false
239,3300.0,21.0,,false
240,3300.0,28.0,,false
241,60.0,205.0,,false
242,60.0,161.0,,false
243,60.0,241.0,,false
244,800.0,6.0,,false
245,60.0,86.0,,false
246,60.0,90.0,,false
247,60.0,98.0,,false
248,60.0,93.0,,false
249,60.0,85.0,,false
250,60.0,90.0,,false
251,60.0,95.0,,false
252,60.0,98.0,,false
253,60.0,104.0,,false
254,60.0,114.0,,false
255,100.0,217.0,,false
256,100.0,244.0,,false
257,900.0,9.0,,false
258,1150.0,14.0,,false
259,1000.0,5.0,,false
260,1350.0,48.0,,true
261,500.0,56.0,,true
262,5000.0,19.0,,true
263,2200.0,131.0,,true
264,3500.0,395.0,,true
265,5000.0,600.0,,true
266,500.0,147.0,,true
267,125.0,528.0,,true
268,40.0,427.0,,true
269,350.0,145.0,,true
270,500.0,189.0,,false
271,500.0,405.0,,false
272,3300.0,21.0,,false
273,3300.0,24.0,,false
274,3300.0,25.0,,false
275,60.0,215.0,,false
276,60.0,184.0,,false
277,60.0,152.0,,false
278,60.0,203.0,,false
279,800.0,4.0,,false
280,60.0,104.0,,false
281,60.0,103.0,,false
282,60.0,92.0,,false
283,60.0,116.0,,false
284,60.0,97.0,,false
285,60.0,81.0,,false
286,60.0,107.0,,false
287,100.0,248.0,,false
288,100.0,226.0,,false
289,900.0,9.0,,false
290,1150.0,17.0,,false
291,1000.0,5.0,,false
292,1350.0,49.0,,true
293,500.0,58.0,,true
294,5000.0,18.0,,true
295,2200.0,136.0,,true
296,3500.0,347.0,,true
297,5000.0,600.0,,true
298,500.0,159.0,,true
299,125.0,475.0,,true
300,40.0,415.0,,true
301,350.0,147.0,,true
302,500.0,175.0,,false
303,500.0,392.0,,false
304,3300.0,25.0,,false
305,3300.0,24.0,,false
306,3300.0,23.0,,false
307,60.0,168.0,,false
308,60.0,219.0,,false
309,60.0,181.0,,false
310,60.0,161.0,,false
311,800.0,6.0,,false
312,60.0,108.0,,false
313,60.0,100.0,,false
314,60.0,91.0,,false
315,60.0,94.0,,false
316,60.0,101.0,,false
317,60.0,112.0,,false
318,60.0,115.0,,false
319,60.0,108.0,,false
320,60.0,81.0,,false
321,60.0,105.0,,false
322,100.0,210.0,,false
323,100.0,189.0,,false
324,900.0,8.0,,false
325,1150.0,17.0,,false
326,1000.0,6.0,,false
327,1350.0,49.0,,true
328,500.0,60.0,,true
329,5000.0,18.0,,true
330,2200.0,131.0,,true
331,3500.0,379.0,,true
332,5000.0,600.0,,true
333,500.0,146.0,,true
334,125.0,501.0,,true
335,40.0,434.0,,true
336,350.0,173.0,,true
337,500.0,198.0,,false
338,500.0,546.0,,false
339,3300.0,28.0,,false
340,3300.0,28.0,,false
341,3300.0,21.0,,false
342,60.0,192.0,,false
343,60.0,224.0,,false
344,60.0,225.0,,false
345,800.0,4.0,,false
346,60.0,112.0,,false
347,60.0,97.0,,false
348,60.0,91.0,,false
349,60.0,107.0,,false
350,60.0,96.0,,false
351,60.0,120.0,,false
352,60.0,104.0,,false
353,60.0,119.0,,false
354,100.0,204.0,,false
355,100.0,213.0,,false
356,900.0,9.0,,false
357,1150.0,18.0,,false
358,1000.0,7.0,,false
359,1350.0,48.0,,true
360,500.0,56.0,,true
361,5000.0,18.0,,true
362,2200.0,134.0,,true
363,3500.0,240.0,,true
364,5000.0,600.0,,true
365,500.0,158.0,,true
366,125.0,546.0,,true
367,40.0,440.0,,true
368,350.0,142.0,,true
369,500.0,174.0,,false
370,500.0,465.0,,false
371,3300.0,23.0,,false
372,3300.0,22.0,,false
373,3300.0,24.0,,false
374,60.0,235.0,,false
375,60.0,191.0,,false
376,60.0,204.0,,false
377,60.0,230.0,,false
378,800.0,4.0,,false
379,60.0,98.0,,false
380,60.0,109.0,,false
381,60.0,86.0,,false
382,60.0,87.0,,false
383,60.0,99.0,,false
384,60.0,83.0,,false
385,100.0,250.0,,false
386,100.0,218.0,,false
387,900.0,8.0,,false
388,1150.0,14.0,,false
389,1000.0,6.0,,false
390,1350.0,48.0,,true
391,500.0,60.0,,true
392,5000.0,18.0,,true
393,2200.0,135.0,,true
394,3500.0,317.0,,true
395,5000.0,600.0,,true
396,500.0,160.0,,true
397,125.0,517.0,,true
398,40.0,351.0,,true
399,350.0,155.0,,true
400,500.0,198.0,,false
401,500.0,407.0,,false
402,3300.0,26.0,,false
403,3300.0,28.0,,false
404,3300.0,25.0,,false
405,60.0,214.0,,false
406,60.0,233.0,,false
407,60.0,207.0,,false
408,800.0,4.0,,false
409,60.0,87.0,,false
410,60.0,105.0,,false
411,60.0,89.0,,false
412,60.0,110.0,,false
413,60.0,86.0,,false
414,60.0,95.0,,false
415,60.0,118.0,,false
416,60.0,97.0,,false
417,60.0,81.0,,false
418,100.0,241.0,,false
419,100.0,241.0,,false
420,900.0,10.0,,false
421,1150.0,17.0,,false
422,1000.0,8.0,,false
423,1350.0,47.0,,true
424,500.0,58.0,,true
425,5000.0,17.0,,true
426,2200.0,140.0,,true
427,3500.0,308.0,,true
428,5000.0,600.0,,true
429,500.0,160.0,,true
430,125.0,503.0,,true
431,40.0,353.0,,true
432,350.0,174.0,,true
433,500.0,172.0,,false
434,500.0,526.0,,false
435,3300.0,30.0,,false
436,3300.0,28.0,,false
437,3300.0,21.0,,false
438,60.0,180.0,,false
439,60.0,160.0,,false
440,60.0,167.0,,false
441,800.0,5.0,,false
442,60.0,100.0,,false
443,60.0,84.0,,false
444,60.0,110.0,,false
445,60.0,90.0,,false
446,60.0,112.0,,false
447,60.0,83.0,,false
448,60.0,82.0,,false
449,60.0,87.0,,false
450,60.0,118.0,,false
451,60.0,86.0,,false
452,100.0,203.0,,false
453,100.0,239.0,,false
454,900.0,10.0,,false
455,1150.0,15.0,,false
456,1000.0,6.0,,false
457,1350.0,49.0,,true
458,500.0,56.0,,true
459,5000.0,16.0,,true
460,2200.0,136.0,,true
461,3500.0,396.0,,true
462,5000.0,600.0,,true
463,500.0,160.0,,true
464,125.0,479.0,,true
465,40.0,404.0,,true
466,350.0,143.0,,true
467,500.0,171.0,,false
468,500.0,387.0,,false
469,3300.0,30.0,,false
470,3300.0,30.0,,false
471,3300.0,24.0,,false
472,60.0,174.0,,false
473,60.0,234.0,,false
474,60.0,153.0,,false
475,60.0,230.0,,false
476,800.0,4.0,,false
477,60.0,95.0,,false
478,60.0,82.0,,false
479,60.0,108.0,,false
480,60.0,110.0,,false
481,60.0,113.0,,false
482,60.0,105.0,,false
483,60.0,96.0,,false
484,60.0,89.0,,false
485,60.0,102.0,,false
486,60.0,118.0,,false
487,100.0,241.0,,false
488,100.0,184.0,,false
489,900.0,9.0,,false
490,1150.0,18.0,,false
491,1000.0,8.0,,false
492,1350.0,47.0,,true
493,500.0,57.0,,true
494,5000.0,17.0,,true
495,2200.0,131.0,,true
496,3500.0,370.0,,true
497,5000.0,600.0,,true
498,500.0,146.0,,true
499,125.0,470.0,,true
500,40.0,352.0,,true
501,350.0,147.0,,true
502,500.0,186.0,,false
503,500.0,505.0,,false
504,3300.0,30.0,,false
505,3300.0,28.0,,false
506,3300.0,28.0,,false
507,60.0,187.0,,false
508,60.0,181.0,,false
509,60.0,240.0,,false
510,800.0,5.0,,false
511,60.0,105.0,,false
512,60.0,115.0,,false
513,60.0,96.0,,false
514,60.0,86.0,,false
515,60.0,88.0,,false
516,60.0,110.0,,false
517,60.0,88.0,,false
518,100.0,192.0,,false
519,100.0,234.0,,false
520,900.0,7.0,,false
521,1150.0,14.0,,false
522,1000.0,6.0,,false
523,1350.0,50.0,,true
524,500.0,60.0,,true
525,5000.0,16.0,,true
526,2200.0,135.0,,true
527,3500.0,388.0,,true
528,5000.0,600.0,,true
529,500.0,141.0,,true
530,125.0,488.0,,true
531,40.0,391.0,,true
532,350.0,155.0,,true
533,500.0,172.0,,false
534,500.0,478.0,,false
535,3300.0,30.0,,false
536,3300.0,25.0,,false
537,3300.0,21.0,,false
538,60.0,166.0,,false
539,60.0,207.0,,false
540,60.0,186.0,,false
541,800.0,5.0,,false
542,60.0,91.0,,false
543,60.0,104.0,,false
544,60.0,105.0,,false
545,60.0,85.0,,false
546,60.0,83.0,,false
547,60.0,102.0,,false
548,60.0,112.0,,false
549,60.0,115.0,,false
550,60.0,93.0,,false
551,60.0,115.0,,false
552,100.0,192.0,,false
553,100.0,210.0,,false
554,900.0,8.0,,false
555,1150.0,17.0,,false
556,1000.0,8.0,,false
557,1350.0,49.0,,true
558,500.0,56.0,,true
559,5000.0,20.0,,true
560,2200.0,137.0,,true
561,3500.0,355.0,,true
562,5000.0,600.0,,true
563,500.0,148.0,,true
564,125.0,546.0,,true
565,40.0,387.0,,true
566,350.0,157.0,,true
567,500.0,184.0,,false
568,500.0,332.0,,false
569,3300.0,28.0,,false
570,3300.0,25.0,,false
571,3300.0,25.0,,false
572,60.0,152.0,,false
573,60.0,206.0,,false
574,60.0,215.0,,false
575,800.0,6.0,,false
576,60.0,103.0,,false
577,60.0,109.0,,false
578,60.0,85.0,,false
579,60.0,86.0,,false
580,60.0,100.0,,false
581,60.0,106.0,,false
582,60.0,98.0,,false
583,60.0,120.0,,false
584,60.0,101.0,,false
585,100.0,237.0,,false
586,100.0,210.0,,false
587,900.0,10.0,,false
588,1150.0,13.0,,false
589,1000.0,6.0,,false
590,1350.0,49.0,,true
591,500.0,59.0,,true
592,5000.0,19.0,,true
593,2200.0,138.0,,true
594,3500.0,375.0,,true
595,5000.0,600.0,,true
596,500.0,158.0,,true
597,125.0,505.0,,true
598,40.0,410.0,,true
599,350.0,166.0,,true
600,500.0,188.0,,false
601,500.0,324.0,,false
602,3300.0,27.0,,false
603,3300.0,25.0,,false
604,3300.0,22.0,,false
605,60.0,195.0,,false
606,60.0,245.0,,false
607,60.0,204.0,,false
608,800.0,5.0,,false
609,60.0,119.0,,false
610,60.0,100.0,,false
611,60.0,102.0,,false
612,60.0,86.0,,false
613,60.0,100.0,,false
614,60.0,107.0,,false
615,60.0,109.0,,false
616,60.0,89.0,,false
617,60.0,112.0,,false
618,100.0,242.0,,false
619,100.0,212.0,,false
620,900.0,10.0,,false
621,1150.0,13.0,,false
622,1000.0,8.0,,false
623,1350.0,49.0,,true
624,500.0,59.0,,true
625,5000.0,20.0,,true
626,2200.0,137.0,,true
627,3500.0,216.0,,true
628,5000.0,600.0,,true
629,500.0,145.0,,true
630,125.0,532.0,,true
631,40.0,445.0,,true
632,350.0,159.0,,true
633,500.0,192.0,,false
634,500.0,412.0,,false
635,3300.0,23.0,,false
636,3300.0,30.0,,false
637,3300.0,25.0,,false
638,60.0,157.0,,false
639,60.0,158.0,,false
640,60.0,188.0,,false
641,800.0,4.0,,false
642,60.0,103.0,,false
643,60.0,98.0,,false
644,60.0,117.0,,false
645,60.0,107.0,,false
646,60.0,99.0,,false
647,60.0,81.0,,false
648,100.0,185.0,,false
649,100.0,209.0,,false
650,900.0,7.0,,false
651,1150.0,14.0,,false
652,1000.0,6.0,,false
653,1350.0,49.0,,true
654,500.0,60.0,,true
655,5000.0,19.0,,true
656,2200.0,132.0,,true
657,3500.0,375.0,,true
658,5000.0,600.0,,true
659,500.0,153.0,,true
660,125.0,524.0,,true
661,40.0,405.0,,true
662,350.0,152.0,,true
663,500.0,198.0,,false
664,500.0,472.0,,false
665,3300.0,26.0,,false
666,3300.0,21.0,,false
667,3300.0,30.0,,false
668,60.0,228.0,,false
669,60.0,217.0,,false
670,60.0,165.0,,false
671,60.0,160.0,,false
672,800.0,5.0,,false
673,60.0,102.0,,false
674,60.0,101.0,,false
675,60.0,109.0,,false
676,60.0,103.0,,false
677,60.0,86.0,,false
678,60.0,105.0,,false
679,60.0,83.0,,false
680,100.0,199.0,,false
681,100.0,187.0,,false
682,900.0,9.0,,false
683,1150.0,14.0,,false
684,1000.0,7.0,,false
685,1350.0,46.0,,true
686,500.0,56.0,,true
687,5000.0,17.0,,true
688,2200.0,137.0,,true
689,3500.0,357.0,,true
690,5000.0,600.0,,true
691,500.0,158.0,,true
692,125.0,478.0,,true
693,40.0,365.0,,true
694,350.0,144.0,,true
695,500.0,194.0,,false
696,500.0,492.0,,false
697,3300.0,26.0,,false
698,3300.0,27.0,,false
699,3300.0,23.0,,false
700,60.0,208.0,,false
701,60.0,160.0,,false
702,60.0,163.0,,false
703,60.0,171.0,,false
704,800.0,5.0,,false
705,60.0,89.0,,false
706,60.0,85.0,,false
707,60.0,116.0,,false
708,60.0,89.0,,false
709,60.0,110.0,,false
710,60.0,81.0,,false
711,100.0,212.0,,false
712,100.0,230.0,,false
713,900.0,7.0,,false
714,1150.0,13.0,,false
715,1000.0,8.0,,false
716,1350.0,46.0,,true
717,500.0,59.0,,true
718,5000.0,17.0,,true
719,2200.0,131.0,,true
720,3500.0,319.0,,true
721,5000.0,600.0,,true
722,500.0,144.0,,true
723,125.0,523.0,,true
724,40.0,439.0,,true
725,350.0,155.0,,true
726,500.0,193.0,,false
727,500.0,582.0,,false
728,3300.0,28.0,,false
729,3300.0,26.0,,false
730,3300.0,29.0,,false
731,60.0,213.0,,false
732,60.0,181.0,,false
733,60.0,179.0,,false
734,800.0,4.0,,false
735,60.0,96.0,,false
736,60.0,90.0,,false
737,60.0,101.0,,false
738,60.0,114.0,,false
739,60.0,89.0,,false
740,60.0,111.0,,false
741,60.0,119.0,,false
742,100.0,210.0,,false
743,100.0,198.0,,false
744,900.0,8.0,,false
745,1150.0,13.0,,false
746,1000.0,6.0,,false
747,1350.0,49.0,,true
748,500.0,59.0,,true
749,5000.0,18.0,,true
750,2200.0,132.0,,true
751,3500.0,336.0,,true
752,5000.0,600.0,,true
753,500.0,142.0,,true
754,125.0,534.0,,true
755,40.0,383.0,,true
756,350.0,166.0,,true
757,500.0,173.0,,false
758,500.0,504.0,,false
759,3300.0,21.0,,false
760,3300.0,27.0,,false
761,3300.0,30.0,,false
762,60.0,234.0,,false
763,60.0,193.0,,false
764,60.0,186.0,,false
765,60.0,159.0,,false
766,800.0,5.0,,false
767,60.0,103.0,,false
768,60.0,119.0,,false
769,60.0,119.0,,false
770,60.0,120.0,,false
771,60.0,91.0,,false
772,60.0,94.0,,false
773,60.0,81.0,,false
774,60.0,114.0,,false
775,100.0,227.0,,false
776,100.0,220.0,,false
777,900.0,8.0,,false
778,1150.0,18.0,,false
779,1000.0,8.0,,false
780,1350.0,46.0,,true
781,500.0,56.0,,true
782,5000.0,20.0,,true
783,2200.0,140.0,,true
784,3500.0,259.0,,true
785,5000.0,600.0,,true
786,500.0,157.0,,true
787,125.0,462.0,,true
788,40.0,381.0,,true
789,350.0,156.0,,true
790,500.0,188.0,,false
791,500.0,349.0,,false
792,3300.0,26.0,,false
793,3300.0,27.0,,false
794,3300.0,28.0,,false
795,60.0,217.0,,false
796,60.0,202.0,,false
797,60.0,219.0,,false
798,60.0,213.0,,false
799,800.0,6.0,,false
800,60.0,93.0,,false
801,60.0,87.0,,false
802,60.0,86.0,,false
803,60.0,89.0,,false
804,60.0,91.0,,false
805,60.0,88.0,,false
806,100.0,217.0,,false
807,100.0,248.0,,false
808,900.0,10.0,,false
809,1150.0,16.0,,false
810,1000.0,8.0,,false
811,1350.0,49.0,,true
812,500.0,57.0,,true
813,5000.0,19.0,,true
814,2200.0,140.0,,true
815,3500.0,299.0,,true
816,5000.0,600.0,,true
817,500.0,147.0,,true
818,125.0,466.0,,true
819,40.0,402.0,,true
820,350.0,148.0,,true
821,500.0,173.0,,false
822,500.0,557.0,,false
823,3300.0,30.0,,false
824,3300.0,22.0,,false
825,3300.0,29.0,,false
826,60.0,237.0,,false
827,60.0,163.0,,false
828,60.0,159.0,,false
829,60.0,191.0,,false
830,800.0,6.0,,false
831,60.0,88.0,,false
832,60.0,94.0,,false
833,60.0,89.0,,false
834,60.0,95.0,,false
835,60.0,114.0,,false
836,60.0,119.0,,false
837,60.0,103.0,,false
838,60.0,103.0,,false
839,100.0,206.0,,false
840,100.0,184.0,,false
841,900.0,8.0,,false
842,1150.0,15.0,,false
843,1000.0,8.0,,false
844,1350.0,46.0,,true
845,500.0,56.0,,true
846,5000.0,19.0,,true
847,2200.0,131.0,,true
848,3500.0,234.0,,true
849,5000.0,600.0,,true
850,500.0,145.0,,true
851,125.0,510.0,,true
852,40.0,431.0,,true
853,350.0,141.0,,true
854,500.0,172.0,,false
855,500.0,516.0,,false
856,3300.0,22.0,,false
857,3300.0,21.0,,false
858,3300.0,24.0,,false
859,60.0,168.0,,false
860,60.0,210.0,,false
861,60.0,242.0,,false
862,60.0,215.0,,false
863,800.0,5.0,,false
864,60.0,84.0,,false
865,60.0,110.0,,false
866,60.0,81.0,,false
867,60.0,93.0,,false
868,60.0,118.0,,false
869,60.0,88.0,,false
870,60.0,81.0,,false
871,100.0,229.0,,false
872,100.0,249.0,,false
873,900.0,8.0,,false
874,1150.0,15.0,,false
875,1000.0,7.0,,false
876,1350.0,48.0,,true
877,500.0,58.0,,true
878,5000.0,20.0,,true
879,2200.0,134.0,,true
880,3500.0,332.0,,true
881,5000.0,600.0,,true
882,500.0,147.0,,true
883,125.0,550.0,,true
884,40.0,415.0,,true
885,350.0,173.0,,true
886,500.0,196.0,,false
887,500.0,493.0,,false
888,3300.0,25.0,,false
889,3300.0,28.0,,false
890,3300.0,26.0,,false
891,60.0,190.0,,false
892,60.0,154.0,,false
893,60.0,238.0,,false
894,60.0,230.0,,false
895,800.0,4.0,,false
896,60.0,91.0,,false
897,60.0,117.0,,false
898,60.0,106.0,,false
899,60.0,100.0,,false
900,60.0,102.0,,false
901,60.0,108.0,,false
902,60.0,117.0,,false
903,60.0,112.0,,false
904,60.0,98.0,,false
905,100.0,227.0,,false
906,100.0,232.0,,false
907,900.0,9.0,,false
908,1150.0,16.0,,false
909,1000.0,7.0,,false
910,1350.0,47.0,,true
911,500.0,60.0,,true
912,5000.0,18.0,,true
913,2200.0,137.0,,true
914,3500.0,396.0,,true
915,5000.0,600.0,,true
916,500.0,143.0,,true
917,125.0,483.0,,true
918,40.0,396.0,,true
919,350.0,156.0,,true
920,500.0,171.0,,false
921,500.0,389.0,,false
922,3300.0,29.0,,false
923,3300.0,23.0,,false
924,3300.0,30.0,,false
925,60.0,160.0,,false
926,60.0,202.0,,false
927,60.0,208.0,,false
928,60.0,199.0,,false
929,800.0,4.0,,false
930,60.0,92.0,,false
931,60.0,116.0,,false
932,60.0,94.0,,false
933,60.0,89.0,,false
934,60.0,84.0,,false
935,60.0,93.0,,false
936,60.0,90.0,,false
937,60.0,94.0,,false
938,60.0,113.0,,false
939,100.0,188.0,,false
940,100.0,229.0,,false
941,900.0,7.0,,false
942,1150.0,15.0,,false
943,1000.0,8.0,,false
944,1350.0,47.0,,true
945,500.0,58.0,,true
946,5000.0,18.0,,true
947,2200.0,139.0,,true
948,3500.0,286.0,,true
949,5000.0,600.0,,true
950,500.0,160.0,,true
951,125.0,502.0,,true
952,40.0,397.0,,true
953,350.0,145.0,,true
954,500.0,175.0,,false
955,500.0,426.0,,false
956,3300.0,27.0,,false
957,3300.0,22.0,,false
958,3300.0,24.0,,false
959,60.0,194.0,,false
960,60.0,221.0,,false
961,60.0,165.0,,false
962,800.0,4.0,,false
963,60.0,111.0,,false
964,60.0,99.0,,false
965,60.0,115.0,,false
966,60.0,107.0,,false
967,60.0,109.0,,false
968,60.0,115.0,,false
969,60.0,118.0,,false
970,60.0,92.0,,false
971,100.0,245.0,,false
972,100.0,224.0,,false
973,900.0,10.0,,false
974,1150.0,16.0,,false
975,1000.0,6.0,,false
976,1350.0,47.0,,true
977,500.0,59.0,,true
978,5000.0,16.0,,true
979,2200.0,136.0,,true
980,3500.0,392.0,,true
981,5000.0,600.0,,true
982,500.0,142.0,,true
983,125.0,515.0,,true
984,40.0,389.0,,true
985,350.0,170.0,,true
986,500.0,200.0,,false
987,500.0,376.0,,false
988,3300.0,28.0,,false
989,3300.0,26.0,,false
990,3300.0,23.0,,false
991,60.0,181.0,,false
992,60.0,207.0,,false
993,60.0,197.0,,false
994,60.0,228.0,,false
995,800.0,6.0,,false
996,60.0,101.0,,false
997,60.0,88.0,,false
998,60.0,119.0,,false
999,60.0,95.0,,false
1000,60.0,117.0,,false
1001,60.0,108.0,,false
1002,60.0,102.0,,false
1003,60.0,111.0,,false
1004,100.0,183.0,,false
1005,100.0,183.0,,false
1006,900.0,8.0,,false
1007,1150.0,18.0,,false
1008,1000.0,8.0,,false
1009,1350.0,49.0,,true
1010,500.0,57.0,,true
1011,5000.0,17.0,,true
1012,2200.0,136.0,,true
1013,3500.0,392.0,,true
1014,5000.0,600.0,,true
1015,500.0,157.0,,true
1016,125.0,494.0,,true
1017,40.0,406.0,,true
1018,350.0,179.0,,true
1019,500.0,179.0,,false
1020,500.0,521.0,,false
1021,3300.0,29.0,,false
1022,3300.0,26.0,,false
1023,3300.0,27.0,,false
1024,60.0,177.0,,false
1025,60.0,165.0,,false
1026,60.0,208.0,,false
1027,60.0,153.0,,false
1028,800.0,4.0,,false
1029,60.0,115.0,,false
1030,60.0,110.0,,false
1031,60.0,112.0,,false
1032,60.0,119.0,,false
1033,60.0,98.0,,false
1034,60.0,108.0,,false
1035,60.0,91.0,,false
1036,60.0,111.0,,false
1037,60.0,102.0,,false
1038,100.0,244.0,,false
1039,100.0,240.0,,false
1040,900.0,7.0,,false
1041,1150.0,15.0,,false
1042,1000.0,8.0,,false
1043,1350.0,50.0,,true
1044,500.0,56.0,,true
1045,5000.0,17.0,,true
1046,2200.0,139.0,,true
1047,3500.0,233.0,,true
1048,5000.0,600.0,,true
1049,500.0,155.0,,true
1050,125.0,460.0,,true
1051,40.0,354.0,,true
1052,350.0,169.0,,true
1053,500.0,183.0,,false
1054,500.0,302.0,,false
1055,3300.0,27.0,,false
1056,3300.0,26.0,,false
1057,3300.0,23.0,,false
1058,60.0,198.0,,false
1059,60.0,153.0,,false
1060,60.0,200.0,,false
1061,800.0,5.0,,false
1062,60.0,96.0,,false
1063,60.0,102.0,,false
1064,60.0,116.0,,false
1065,60.0,90.0,,false
1066,60.0,115.0,,false
1067,60.0,89.0,,false
1068,60.0,85.0,,false
1069,60.0,86.0,,false
1070,60.0,113.0,,false
1071,60.0,97.0,,false
1072,100.0,245.0,,false
1073,100.0,244.0,,false
1074,900.0,8.0,,false
1075,1150.0,13.0,,false
1076,1000.0,7.0,,false
1077,1350.0,50.0,,true
1078,500.0,57.0,,true
1079,5000.0,17.0,,true
1080,2200.0,131.0,,true
1081,3500.0,320.0,,true
1082,5000.0,600.0,,true
1083,500.0,150.0,,true
1084,125.0,508.0,,true
1085,40.0,439.0,,true
1086,350.0,142.0,,true
1087,500.0,175.0,,false
1088,500.0,404.0,,false
1089,3300.0,29.0,,false
1090,3300.0,28.0,,false
1091,3300.0,22.0,,false
1092,60.0,168.0,,false
1093,60.0,198.0,,false
1094,60.0,167.0,,false
1095,800.0,6.0,,false
1096,60.0,106.0,,false
1097,60.0,98.0,,false
1098,60.0,114.0,,false
1099,60.0,111.0,,false
1100,60.0,87.0,,false
1101,60.0,105.0,,false
1102,60.0,99.0,,false
1103,60.0,81.0,,false
1104,60.0,84.0,,false
1105,60.0,86.0,,false
1106,100.0,183.0,,false
1107,100.0,185.0,,false
1108,900.0,7.0,,false
1109,1150.0,13.0,,false
1110,1000.0,5.0,,false
1111,1350.0,48.0,,true
1112,500.0,60.0,,true
1113,5000.0,18.0,,true
1114,2200.0,140.0,,true
1115,3500.0,292.0,,true
1116,5000.0,600.0,,true
1117,500.0,152.0,,true
1118,125.0,545.0,,true
1119,40.0,398.0,,true
1120,350.0,155.0,,true
1121,500.0,172.0,,false
1122,500.0,382.0,,false
1123,3300.0,22.0,,false
1124,3300.0,21.0,,false
1125,3300.0,28.0,,false
1126,60.0,241.0,,false
1127,60.0,176.0,,false
1128,60.0,229.0,,false
1129,60.0,199.0,,false
1130,800.0,4.0,,false
1131,60.0,106.0,,false
1132,60.0,83.0,,false
1133,60.0,108.0,,false
1134,60.0,117.0,,false
1135,60.0,101.0,,false
1136,60.0,93.0,,false
1137,60.0,86.0,,false
1138,100.0,186.0,,false
1139,100.0,214.0,,false
1140,900.0,8.0,,false
1141,1150.0,13.0,,false
1142,1000.0,7.0,,false
1143,1350.0,48.0,,true
1144,500.0,57.0,,true
1145,5000.0,16.0,,true
1146,2200.0,137.0,,true
1147,3500.0,287.0,,true
1148,5000.0,600.0,,true
1149,500.0,142.0,,true
1150,125.0,457.0,,true
1151,40.0,388.0,,true
1152,350.0,170.0,,true
1153,500.0,177.0,,false
1154,500.0,445.0,,false
1155,3300.0,24.0,,false
1156,3300.0,26.0,,false
1157,3300.0,21.0,,false
1158,60.0,155.0,,false
1159,60.0,249.0,,false
1160,60.0,188.0,,false
1161,60.0,173.0,,false
1162,800.0,4.0,,false
1163,60.0,90.0,,false
1164,60.0,91.0,,false
1165,60.0,101.0,,false
1166,60.0,118.0,,false
1167,60.0,109.0,,false
1168,60.0,90.0,,false
1169,60.0,101.0,,false
1170,60.0,86.0,,false
1171,60.0,98.0,,false
1172,60.0,90.0,,false
1173,100.0,238.0,,false
1174,100.0,206.0,,false
1175,900.0,10.0,,false
1176,1150.0,13.0,,false
1177,1000.0,7.0,,false
1178,1350.0,48.0,,true
1179,500.0,58.0,,true
1180,5000.0,20.0,,true
1181,2200.0,134.0,,true
1182,3500.0,361.0,,true
1183,5000.0,600.0,,true
1184,500.0,147.0,,true
1185,125.0,528.0,,true
1186,40.0,390.0,,true
1187,350.0,172.0,,true
1188,500.0,197.0,,false
1189,500.0,484.0,,false
1190,3300.0,29.0,,false
1191,3300.0,26.0,,false
1192,3300.0,28.0,,false
1193,60.0,216.0,,false
1194,60.0,232.0,,false
1195,60.0,237.0,,false
1196,800.0,6.0,,false
1197,60.0,117.0,,false
1198,60.0,102.0,,false
1199,60.0,83.0,,false
1200,60.0,117.0,,false
1201,60.0,89.0,,false
1202,60.0,88.0,,false
1203,60.0,109.0,,false
1204,60.0,106.0,,false
1205,60.0,106.0,,false
1206,60.0,87.0,,false
1207,100.0,190.0,,false
1208,100.0,190.0,,false
1209,900.0,9.0,,false
1210,1150.0,13.0,,false
1211,1000.0,7.0,,false
1212,1350.0,47.0,,true
1213,500.0,60.0,,true
1214,5000.0,19.0,,true
1215,2200.0,134.0,,true
1216,3500.0,205.0,,true
1217,5000.0,600.0,,true
1218,500.0,145.0,,true
1219,125.0,516.0,,true
1220,40.0,354.0,,true
1221,350.0,162.0,,true
1222,500.0,173.0,,false
1223,500.0,553.0,,false
1224,3300.0,26.0,,false
1225,3300.0,28.0,,false
1226,3300.0,28.0,,false
1227,60.0,238.0,,false
1228,60.0,190.0,,false
1229,60.0,236.0,,false
1230,60.0,225.0,,false
1231,800.0,5.0,,false
1232,60.0,101.0,,false
1233,60.0,86.0,,false
1234,60.0,117.0,,false
1235,60.0,98.0,,false
1236,60.0,106.0,,false
1237,60.0,106.0,,false
1238,60.0,81.0,,false
1239,60.0,91.0,,false
1240,100.0,198.0,,false
1241,100.0,239.0,,false
1242,900.0,7.0,,false
1243,1150.0,18.0,,false
1244,1000.0,7.0,,false
1245,1350.0,50.0,,true
1246,500.0,57.0,,true
1247,5000.0,20.0,,true
1248,2200.0,139.0,,true
1249,3500.0,331.0,,true
1250,5000.0,600.0,,true
1251,500.0,153.0,,true
1252,125.0,507.0,,true
1253,40.0,451.0,,true
1254,350.0,141.0,,true
1255,500.0,171.0,,false
1256,500.0,551.0,,false
1257,3300.0,22.0,,false
1258,3300.0,27.0,,false
1259,3300.0,29.0,,false
1260,60.0,170.0,,false
1261,60.0,169.0,,false
1262,60.0,207.0,,false
1263,60.0,200.0,,false
1264,800.0,6.0,,false
1265,60.0,100.0,,false
1266,60.0,98.0,,false
1267,60.0,115.0,,false
1268,60.0,84.0,,false
1269,60.0,82.0,,false
1270,60.0,119.0,,false
1271,60.0,100.0,,false
1272,60.0,98.0,,false
1273,60.0,118.0,,false
1274,100.0,244.0,,false
1275,100.0,223.0,,false
1276,900.0,8.0,,false
1277,1150.0,17.0,,false
1278,1000.0,5.0,,false
1279,1350.0,47.0,,true
1280,500.0,57.0,,true
1281,5000.0,20.0,,true
1282,2200.0,137.0,,true
1283,3500.0,341.0,,true
1284,5000.0,600.0,,true
1285,500.0,150.0,,true
1286,125.0,459.0,,true
1287,40.0,447.0,,true
1288,350.0,178.0,,true
1289,500.0,195.0,,false
1290,500.0,522.0,,false
1291,3300.0,28.0,,false
1292,3300.0,23.0,,false
1293,3300.0,29.0,,false
1294,60.0,199.0,,false
1295,60.0,184.0,,false
1296,60.0,210.0,,false
1297,800.0,4.0,,false
1298,60.0,90.0,,false
1299,60.0,85.0,,false
1300,60.0,97.0,,false
1301,60.0,103.0,,false
1302,60.0,108.0,,false
1303,60.0,93.0,,false
1304,60.0,112.0,,false
1305,100.0,199.0,,false
1306,100.0,202.0,,false
1307,900.0,9.0,,false
1308,1150.0,16.0,,false
1309,1000.0,8.0,,false
1310,1350.0,50.0,,true
1311,500.0,57.0,,true
1312,5000.0,16.0,,true
1313,2200.0,137.0,,true
1314,3500.0,333.0,,true
1315,5000.0,600.0,,true
1316,500.0,142.0,,true
1317,125.0,529.0,,true
1318,40.0,447.0,,true
1319,350.0,151.0,,true
1320,500.0,199.0,,false
1321,500.0,334.0,,false
1322,3300.0,22.0,,false
1323,3300.0,21.0,,false
1324,3300.0,26.0,,false
1325,60.0,241.0,,false
1326,60.0,160.0,,false
1327,60.0,158.0,,false
1328,60.0,191.0,,false
1329,800.0,4.0,,false
1330,60.0,116.0,,false
1331,60.0,112.0,,false
1332,60.0,96.0,,false
1333,60.0,104.0,,false
1334,60.0,109.0,,false
1335,60.0,89.0,,false
1336,60.0,90.0,,false
1337,60.0,96.0,,false
1338,100.0,194.0,,false
1339,100.0,220.0,,false
1340,900.0,10.0,,false
1341,1150.0,18.0,,false
1342,1000.0,5.0,,false
1343,1350.0,46.0,,true
1344,500.0,59.0,,true
1345,5000.0,19.0,,true
1346,2200.0,139.0,,true
1347,3500.0,375.0,,true
1348,5000.0,600.0,,true
1349,500.0,142.0,,true
1350,125.0,513.0,,true
1351,40.0,389.0,,true
1352,350.0,146.0,,true
1353,500.0,188.0,,false
1354,500.0,359.0,,false
1355,3300.0,21.0,,false
1356,3300.0,21.0,,false
1357,3300.0,21.0,,false
1358,60.0,164.0,,false
1359,60.0,162.0,,false
1360,60.0,163.0,,false
1361,800.0,4.0,,false
1362,60.0,117.0,,false
1363,60.0,82.0,,false
1364,60.0,105.0,,false
1365,60.0,91.0,,false
1366,60.0,86.0,,false
1367,60.0,114.0,,false
1368,100.0,221.0,,false
1369,100.0,222.0,,false
1370,900.0,10.0,,false
1371,1150.0,14.0,,false
1372,1000.0,6.0,,false
1373,1350.0,47.0,,true
1374,500.0,56.0,,true
1375,5000.0,19.0,,true
1376,2200.0,136.0,,true
1377,3500.0,397.0,,true
1378,5000.0,600.0,,true
1379,500.0,159.0,,true
1380,125.0,462.0,,true
1381,40.0,409.0,,true
1382,350.0,156.0,,true
1383,500.0,200.0,,false
1384,500.0,460.0,,false
1385,3300.0,27.0,,false
1386,3300.0,21.0,,false
1387,3300.0,21.0,,false
1388,60.0,159.0,,false
1389,60.0,197.0,,false
1390,60.0,243.0,,false
1391,60.0,162.0,,false
1392,800.0,6.0,,false
1393,60.0,111.0,,false
1394,60.0,106.0,,false
1395,60.0,102.0,,false
1396,60.0,120.0,,false
1397,60.0,100.0,,false
1398,60.0,102.0,,false
1399,60.0,108.0,,false
1400,60.0,113.0,,false
1401,60.0,91.0,,false
1402,100.0,182.0,,false
1403,100.0,218.0,,false
1404,900.0,10.0,,false
1405,1150.0,13.0,,false
1406,1000.0,5.0,,false
1407,1350.0,50.0,,true
1408,500.0,58.0,,true
1409,5000.0,19.0,,true
1410,2200.0,136.0,,true
1411,3500.0,358.0,,true
1412,5000.0,600.0,,true
1413,500.0,153.0,,true
1414,125.0,546.0,,true
1415,40.0,379.0,,true
1416,350.0,147.0,,true
1417,500.0,190.0,,false
1418,500.0,443.0,,false
1419,3300.0,27.0,,false
1420,3300.0,26.0,,false
1421,3300.0,26.0,,false
1422,60.0,206.0,,false
1423,60.0,167.0,,false
1424,60.0,232.0,,false
1425,800.0,5.0,,false
1426,60.0,90.0,,false
1427,60.0,88.0,,false
1428,60.0,103.0,,false
1429,60.0,108.0,,false
1430,60.0,115.0,,false
1431,60.0,109.0,,false
1432,100.0,183.0,,false
1433,100.0,238.0,,false
1434,900.0,9.0,,false
1435,1150.0,16.0,,false
1436,1000.0,8.0,,false
1437,1350.0,47.0,,true
1438,500.0,56.0,,true
1439,5000.0,17.0,,true
1440,2200.0,136.0,,true
1441,3500.0,228.0,,true
1442,5000.0,600.0,,true
1443,500.0,141.0,,true
1444,125.0,495.0,,true
1445,40.0,395.0,,true
1446,350.0,166.0,,true
1447,500.0,174.0,,false
1448,500.0,357.0,,false
1449,3300.0,24.0,,false
1450,3300.0,23.0,,false
1451,3300.0,23.0,,false
1452,60.0,197.0,,false
1453,60.0,177.0,,false
1454,60.0,204.0,,false
1455,60.0,234.0,,false
1456,800.0,4.0,,false
1457,60.0,111.0,,false
1458,60.0,111.0,,false
1459,60.0,89.0,,false
1460,60.0,95.0,,false
1461,60.0,94.0,,false
1462,60.0,118.0,,false
1463,60.0,120.0,,false
1464,100.0,250.0,,false
1465,100.0,193.0,,false
1466,900.0,9.0,,false
1467,1150.0,13.0,,false
1468,1000.0,6.0,,false
1469,1350.0,46.0,,true
1470,500.0,59.0,,true
1471,5000.0,20.0,,true
1472,2200.0,135.0,,true
1473,3500.0,249.0,,true
1474,5000.0,600.0,,true
1475,500.0,142.0,,true
1476,125.0,516.0,,true
1477,40.0,424.0,,true
1478,350.0,146.0,,true
1479,500.0,183.0,,false
1480,500.0,432.0,,false
1481,3300.0,30.0,,false
1482,3300.0,23.0,,false
1483,3300.0,24.0,,false
1484,60.0,220.0,,false
1485,60.0,207.0,,false
1486,60.0,176.0,,false
1487,800.0,5.0,,false
1488,60.0,81.0,,false
1489,60.0,89.0,,false
1490,60.0,91.0,,false
1491,60.0,103.0,,false
1492,60.0,100.0,,false
1493,60.0,86.0,,false
1494,60.0,116.0,,false
1495,60.0,82.0,,false
1496,60.0,99.0,,false
1497,100.0,248.0,,false
1498,100.0,246.0,,false
1499,900.0,8.0,,false
1500,1150.0,13.0,,false
1501,1000.0,5.0,,false
1502,1350.0,49.0,,true
1503,500.0,60.0,,true
1504,5000.0,17.0,,true
1505,2200.0,134.0,,true
1506,3500.0,383.0,,true
1507,5000.0,600.0,,true
1508,500.0,145.0,,true
1509,125.0,514.0,,true
1510,40.0,404.0,,true
1511,350.0,162.0,,true
1512,500.0,186.0,,false
1513,500.0,306.0,,false
1514,3300.0,30.0,,false
1515,3300.0,21.0,,false
1516,3300.0,27.0,,false
1517,60.0,195.0,,false
1518,60.0,237.0,,false
1519,60.0,170.0,,false
1520,60.0,225.0,,false
1521,800.0,5.0,,false
1522,60.0,98.0,,false
1523,60.0,86.0,,false
1524,60.0,94.0,,false
1525,60.0,108.0,,false
1526,60.0,101.0,,false
1527,60.0,88.0,,false
1528,100.0,188.0,,false
1529,100.0,227.0,,false
1530,900.0,9.0,,false
1531,1150.0,13.0,,false
1532,1000.0,7.0,,false
1533,1350.0,47.0,,true
1534,500.0,59.0,,true
1535,5000.0,16.0,,true
1536,2200.0,132.0,,true
1537,3500.0,333.0,,true
1538,5000.0,600.0,,true
1539,500.0,148.0,,true
1540,125.0,465.0,,true
1541,40.0,382.0,,true
1542,350.0,156.0,,true
1543,500.0,190.0,,false
1544,500.0,460.0,,false
1545,3300.0,25.0,,false
1546,3300.0,26.0,,false
1547,3300.0,30.0,,false
1548,60.0,169.0,,false
1549,60.0,233.0,,false
1550,60.0,169.0,,false
1551,60.0,236.0,,false
1552,800.0,6.0,,false
1553,60.0,116.0,,false
1554,60.0,99.0,,false
1555,60.0,114.0,,false
1556,60.0,112.0,,false
1557,60.0,109.0,,false
1558,60.0,113.0,,false
1559,60.0,88.0,,false
1560,100.0,196.0,,false
1561,100.0,181.0,,false
1562,900.0,8.0,,false
1563,1150.0,15.0,,false
1564,1000.0,8.0,,false
1565,1350.0,50.0,,true
1566,500.0,60.0,,true
1567,5000.0,20.0,,true
1568,2200.0,138.0,,true
1569,3500.0,341.0,,true
1570,5000.0,600.0,,true
1571,500.0,154.0,,true
1572,125.0,550.0,,true
1573,40.0,373.0,,true
1574,350.0,172.0,,true
1575,500.0,180.0,,false
1576,500.0,469.0,,false
1577,3300.0,29.0,,false
1578,3300.0,27.0,,false
1579,3300.0,27.0,,false
1580,60.0,168.0,,false
1581,60.0,182.0,,false
1582,60.0,220.0,,false
1583,800.0,5.0,,false
1584,60.0,117.0,,false
1585,60.0,117.0,,false
1586,60.0,94.0,,false
1587,60.0,97.0,,false
1588,60.0,95.0,,false
1589,60.0,96.0,,false
1590,100.0,205.0,,false
1591,100.0,181.0,,false
1592,900.0,8.0,,false
1593,1150.0,13.0,,false
1594,1000.0,8.0,,false
1595,1350.0,48.0,,true
1596,500.0,57.0,,true
1597,5000.0,20.0,,true
1598,2200.0,134.0,,true
1599,3500.0,299.0,,true
1600,5000.0,600.0,,true
1601,500.0,152.0,,true
1602,125.0,466.0,,true
1603,40.0,417.0,,true
1604,350.0,162.0,,true
1605,500.0,187.0,,false
1606,500.0,600.0,,false
1607,3300.0,30.0,,false
1608,3300.0,23.0,,false
1609,3300.0,30.0,,false
1610,60.0,250.0,,false
1611,60.0,179.0,,false
1612,60.0,205.0,,false
1613,800.0,5.0,,false
1614,60.0,115.0,,false
1615,60.0,99.0,,false
1616,60.0,97.0,,false
1617,60.0,117.0,,false
1618,60.0,119.0,,false
1619,60.0,83.0,,false
1620,60.0,108.0,,false
1621,60.0,97.0,,false
1622,60.0,90.0,,false
1623,100.0,197.0,,false
1624,100.0,196.0,,false
1625,900.0,10.0,,false
1626,1150.0,15.0,,false
1627,1000.0,7.0,,false
