Reference,height,width,stripwidth,preemptable
1,1350.0,50.0,720,true
2,500.0,60.0,,true
3,5000.0,20.0,,true
4,2200.0,139.0,,true
5,3500.0,387.0,,true
6,5000.0,600.0,,true
7,500.0,155.0,,true
8,125.0,528.0,,true
9,40.0,437.0,,true
10,350.0,149.0,,true
11,500.0,193.0,,false
12,500.0,302.0,,false
13,3300.0,25.0,,false
14,3300.0,29.0,,false
15,3300.0,27.0,,false
16,60.0,236.0,,false
17,60.0,172.0,,false
18,60.0,157.0,,false
19,60.0,188.0,,false
20,800.0,4.0,,false
21,60.0,114.0,,false
22,60.0,94.0,,false
23,60.0,92.0,,false
24,60.0,99.0,,false
25,60.0,90.0,,false
26,60.0,86.0,,false
27,60.0,81.0,,false
28,100.0,218.0,,false
29,100.0,189.0,,false
30,900.0,9.0,,false
31,1150.0,18.0,,false
32,1000.0,6.0,,false
33,1350.0,47.0,,true
34,500.0,60.0,,true
35,5000.0,20.0,,true
36,2200.0,137.0,,true
37,3500.0,394.0,,true
38,5000.0,600.0,,true
39,500.0,150.0,,true
40,125.0,474.0,,true
41,40.0,400.0,,true
42,350.0,165.0,,true
43,500.0,175.0,,false
44,500.0,572.0,,false
45,3300.0,21.0,,false
46,3300.0,30.0,,false
47,3300.0,23.0,,false
48,60.0,225.0,,false
49,60.0,212.0,,false
50,60.0,180.0,,false
51,60.0,193.0,,false
52,800.0,5.0,,false
53,60.0,101.0,,false
54,60.0,88.0,,false
55,60.0,84.0,,false
56,60.0,82.0,,false
57,60.0,103.0,,false
58,60.0,100.0,,false
59,60.0,86.0,,false
60,100.0,196.0,,false
61,100.0,219.0,,false
62,900.0,8.0,,false
63,1150.0,14.0,,false
64,1000.0,6.0,,false
65,1350.0,47.0,,true
66,500.0,59.0,,true
67,5000.0,16.0,,true
68,2200.0,140.0,,true
69,3500.0,276.0,,true
70,5000.0,600.0,,true
71,500.0,143.0,,true
72,125.0,483.0,,true
73,40.0,359.0,,true
74,350.0,145.0,,true
75,500.0,192.0,,false
76,500.0,324.0,,false
77,3300.0,24.0,,false
78,3300.0,21.0,,false
79,3300.0,25.0,,false
80,60.0,234.0,,false
81,60.0,151.0,,false
82,60.0,206.0,,false
83,60.0,200.0,,false
84,800.0,5.0,,false
85,60.0,90.0,,false
86,60.0,85.0,,false
87,60.0,92.0,,false
88,60.0,97.0,,false
89,60.0,100.0,,false
90,60.0,82.0,,false
91,60.0,94.0,,false
92,60.0,92.0,,false
93,60.0,112.0,,false
94,100.0,201.0,,false
95,100.0,250.0,,false
96,900.0,10.0,,false
97,1150.0,17.0,,false
98,1000.0,8.0,,false
99,1350.0,48.0,,true
100,500.0,57.0,,true
101,5000.0,19.0,,true
102,2200.0,131.0,,true
103,3500.0,357.0,,true
104,5000.0,600.0,,true
105,500.0,156.0,,true
106,125.0,479.0,,true
107,40.0,361.0,,true
108,350.0,151.0,,true
109,500.0,185.0,,false
110,500.0,584.0,,false
111,3300.0,29.0,,false
112,3300.0,21.0,,false
113,3300.0,30.0,,false
114,60.0,180.0,,false
115,60.0,205.0,,false
116,60.0,177.0,,false
117,800.0,5.0,,false
118,60.0,116.0,,false
119,60.0,102.0,,false
120,60.0,82.0,,false
121,60.0,112.0,,false
122,60.0,91.0,,false
123,60.0,113.0,,false
124,60.0,116.0,,false
125,100.0,186.0,,false
126,100.0,212.0,,false
127,900.0,7.0,,false
128,1150.0,14.0,,false
129,1000.0,5.0,,false
130,1350.0,47.0,,true
131,500.0,58.0,,true
132,5000.0,17.0,,true
133,2200.0,139.0,,true
134,3500.0,357.0,,true
135,5000.0,600.0,,true
136,500.0,149.0,,true
137,125.0,489.0,,true
138,40.0,412.0,,true
139,350.0,143.0,,true
140,500.0,184.0,,false
141,500.0,401.0,,false
142,3300.0,26.0,,false
143,3300.0,30.0,,false
144,3300.0,27.0,,false
145,60.0,198.0,,false
146,60.0,228.0,,false
147,60.0,220.0,,false
148,800.0,6.0,,false
149,60.0,101.0,,false
150,60.0,84.0,,false
151,60.0,118.0,,false
152,60.0,105.0,,false
153,60.0,103.0,,false
154,60.0,82.0,,false
155,60.0,98.0,,false
156,60.0,93.0,,false
157,100.0,222.0,,false
158,100.0,221.0,,false
159,900.0,9.0,,false
160,1150.0,13.0,,false
161,1000.0,6.0,,false
162,1350.0,48.0,,true
163,500.0,58.0,,true
164,5000.0,18.0,,true
165,2200.0,132.0,,true
166,3500.0,331.0,,true
167,5000.0,600.0,,true
168,500.0,146.0,,true
169,125.0,528.0,,true
170,40.0,431.0,,true
171,350.0,157.0,,true
172,500.0,177.0,,false
173,500.0,451.0,,false
174,3300.0,23.0,,false
175,3300.0,29.0,,false
176,3300.0,27.0,,false
177,60.0,211.0,,false
178,60.0,226.0,,false
179,60.0,152.0,,false
180,60.0,232.0,,false
181,800.0,5.0,,false
182,60.0,95.0,,false
183,60.0,109.0,,false
184,60.0,107.0,,false
185,60.0,94.0,,false
186,60.0,81.0,,false
187,60.0,106.0,,false
188,60.0,96.0,,false
189,100.0,194.0,,false
190,100.0,235.0,,false
191,900.0,9.0,,false
192,1150.0,13.0,,false
193,1000.0,7.0,,false
194,1350.0,47.0,,true
195,500.0,56.0,,true
196,5000.0,17.0,,true
197,2200.0,139.0,,true
198,3500.0,340.0,,true
199,5000.0,600.0,,true
200,500.0,156.0,,true
201,125.0,518.0,,true
202,40.0,364.0,,true
203,350.0,169.0,,true
204,500.0,188.0,,false
205,500.0,320.0,,false
206,3300.0,25.0,,false
207,3300.0,22.0,,false
208,3300.0,22.0,,false
209,60.0,152.0,,false
210,60.0,189.0,,false
211,60.0,193.0,,false
212,800.0,5.0,,false
213,60.0,86.0,,false
214,60.0,113.0,,false
215,60.0,115.0,,false
216,60.0,96.0,,false
217,60.0,96.0,,false
218,60.0,108.0,,false
219,60.0,100.0,,false
220,100.0,221.0,,false
221,100.0,239.0,,false
222,900.0,7.0,,false
223,1150.0,15.0,,false
224,1000.0,7.0,,false
225,1350.0,47.0,,true
226,500.0,60.0,,true
227,5000.0,19.0,,true
228,2200.0,140.0,,true
229,3500.0,231.0,,true
230,5000.0,600.0,,true
231,500.0,147.0,,true
232,125.0,490.0,,true
233,40.0,358.0,,true
234,350.0,154.0,,true
235,500.0,181.0,,false
236,500.0,475.0,,false
237,3300.0,22.0,,false
238,3300.0,25.0,,false
239,3300.0,24.0,,false
240,60.0,200.0,,false
241,60.0,200.0,,false
242,60.0,218.0,,false
243,800.0,6.0,,false
244,60.0,106.0,,false
245,60.0,97.0,,false
246,60.0,98.0,,false
247,60.0,83.0,,false
248,60.0,109.0,,false
249,60.0,116.0,,false
250,60.0,89.0,,false
251,100.0,224.0,,false
252,100.0,210.0,,false
253,900.0,8.0,,false
254,1150.0,13.0,,false
255,1000.0,6.0,,false
256,1350.0,46.0,,true
257,500.0,58.0,,true
258,5000.0,20.0,,true
259,2200.0,131.0,,true
260,3500.0,202.0,,true
261,5000.0,600.0,,true
262,500.0,147.0,,true
263,125.0,541.0,,true
264,40.0,414.0,,true
265,350.0,175.0,,true
266,500.0,172.0,,false
267,500.0,538.0,,false
268,3300.0,25.0,,false
269,3300.0,21.0,,false
270,3300.0,26.0,,false
271,60.0,188.0,,false
272,60.0,164.0,,false
273,60.0,171.0,,false
274,60.0,236.0,,false
275,800.0,6.0,,false
276,60.0,91.0,,false
277,60.0,100.0,,false
278,60.0,109.0,,false
279,60.0,92.0,,false
280,60.0,103.0,,false
281,60.0,94.0,,false
282,60.0,117.0,,false
283,100.0,245.0,,false
284,100.0,236.0,,false
285,900.0,7.0,,false
286,1150.0,13.0,,false
287,1000.0,7.0,,false
288,1350.0,48.0,,true
289,500.0,57.0,,true
290,5000.0,19.0,,true
291,2200.0,135.0,,true
292,3500.0,203.0,,true
293,5000.0,600.0,,true
294,500.0,147.0,,true
295,125.0,493.0,,true
296,40.0,442.0,,true
297,350.0,177.0,,true
298,500.0,198.0,,false
299,500.0,366.0,,false
300,3300.0,27.0,,false
301,3300.0,22.0,,false
302,3300.0,21.0,,false
303,60.0,189.0,,false
304,60.0,181.0,,false
305,60.0,198.0,,false
306,60.0,210.0,,false
307,800.0,6.0,,false
308,60.0,119.0,,false
309,60.0,95.0,,false
310,60.0,110.0,,false
311,60.0,87.0,,false
312,60.0,88.0,,false
313,60.0,98.0,,false
314,60.0,99.0,,false
315,60.0,94.0,,false
316,100.0,237.0,,false
317,100.0,245.0,,false
318,900.0,7.0,,false
319,1150.0,18.0,,false
320,1000.0,7.0,,false
321,1350.0,47.0,,true
322,500.0,60.0,,true
323,5000.0,20.0,,true
324,2200.0,140.0,,true
325,3500.0,205.0,,true
326,5000.0,600.0,,true
327,500.0,145.0,,true
328,125.0,472.0,,true
329,40.0,380.0,,true
330,350.0,160.0,,true
331,500.0,188.0,,false
332,500.0,333.0,,false
333,3300.0,27.0,,false
334,3300.0,27.0,,false
335,3300.0,27.0,,false
336,60.0,213.0,,false
337,60.0,248.0,,false
338,60.0,175.0,,false
339,60.0,227.0,,false
340,800.0,6.0,,false
341,60.0,105.0,,false
342,60.0,86.0,,false
343,60.0,98.0,,false
344,60.0,107.0,,false
345,60.0,96.0,,false
346,60.0,86.0,,false
347,100.0,184.0,,false
348,100.0,212.0,,false
349,900.0,10.0,,false
350,1150.0,16.0,,false
351,1000.0,8.0,,false
352,1350.0,49.0,,true
353,500.0,58.0,,true
354,5000.0,18.0,,true
355,2200.0,137.0,,true
356,3500.0,236.0,,true
357,5000.0,600.0,,true
358,500.0,159.0,,true
359,125.0,515.0,,true
360,40.0,454.0,,true
361,350.0,161.0,,true
362,500.0,186.0,,false
363,500.0,417.0,,false
364,3300.0,28.0,,false
365,3300.0,26.0,,false
366,3300.0,28.0,,false
367,60.0,174.0,,false
368,60.0,230.0,,false
369,60.0,167.0,,false
370,800.0,4.0,,false
371,60.0,115.0,,false
372,60.0,86.0,,false
373,60.0,93.0,,false
374,60.0,110.0,,false
375,60.0,84.0,,false
376,60.0,101.0,,false
377,60.0,84.0,,false
378,60.0,105.0,,false
379,60.0,109.0,,false
380,100.0,191.0,,false
381,100.0,209.0,,false
382,900.0,8.0,,false
383,1150.0,13.0,,false
384,1000.0,7.0,,false
385,1350.0,50.0,,true
386,500.0,58.0,,true
387,5000.0,17.0,,true
388,2200.0,137.0,,true
389,3500.0,351.0,,true
390,5000.0,600.0,,true
391,500.0,144.0,,true
392,125.0,538.0,,true
393,40.0,376.0,,true
394,350.0,173.0,,true
395,500.0,200.0,,false
396,500.0,545.0,,false
397,3300.0,29.0,,false
398,3300.0,27.0,,false
399,3300.0,24.0,,false
400,60.0,195.0,,false
401,60.0,248.0,,false
402,60.0,160.0,,false
403,800.0,5.0,,false
404,60.0,93.0,,false
405,60.0,93.0,,false
406,60.0,93.0,,false
407,60.0,100.0,,false
408,60.0,85.0,,false
409,60.0,119.0,,false
410,100.0,186.0,,false
411,100.0,223.0,,false
412,900.0,7.0,,false
413,1150.0,18.0,,false
414,1000.0,7.0,,false
415,1350.0,47.0,,true
416,500.0,59.0,,true
417,5000.0,19.0,,true
418,2200.0,140.0,,true
419,3500.0,383.0,,true
420,5000.0,600.0,,true
421,500.0,146.0,,true
422,125.0,504.0,,true
423,40.0,419.0,,true
424,350.0,154.0,,true
425,500.0,178.0,,false
426,500.0,561.0,,false
427,3300.0,30.0,,false
428,3300.0,30.0,,false
429,3300.0,23.0,,false
430,60.0,214.0,,false
431,60.0,174.0,,false
432,60.0,192.0,,false
433,60.0,192.0,,false
434,800.0,6.0,,false
435,60.0,87.0,,false
436,60.0,100.0,,false
437,60.0,84.0,,false
438,60.0,93.0,,false
439,60.0,94.0,,false
440,60.0,90.0,,false
441,100.0,199.0,,false
442,100.0,198.0,,false
443,900.0,8.0,,false
444,1150.0,13.0,,false
445,1000.0,7.0,,false
446,1350.0,46.0,,true
447,500.0,59.0,,true
448,5000.0,17.0,,true
449,2200.0,136.0,,true
450,3500.0,395.0,,true
451,5000.0,600.0,,true
452,500.0,142.0,,true
453,125.0,468.0,,true
454,40.0,354.0,,true
455,350.0,154.0,,true
456,500.0,185.0,,false
457,500.0,496.0,,false
458,3300.0,27.0,,false
459,3300.0,24.0,,false
460,3300.0,22.0,,false
461,60.0,228.0,,false
462,60.0,224.0,,false
463,60.0,194.0,,false
464,60.0,169.0,,false
465,800.0,6.0,,false
466,60.0,95.0,,false
467,60.0,106.0,,false
468,60.0,96.0,,false
469,60.0,106.0,,false
470,60.0,88.0,,false
471,60.0,82.0,,false
472,60.0,88.0,,false
473,60.0,88.0,,false
474,60.0,118.0,,false
475,60.0,108.0,,false
476,100.0,244.0,,false
477,100.0,240.0,,false
478,900.0,7.0,,false
479,1150.0,14.0,,false
480,1000.0,7.0,,false
481,1350.0,46.0,,true
482,500.0,59.0,,true
483,5000.0,17.0,,true
484,2200.0,134.0,,true
485,3500.0,311.0,,true
486,5000.0,600.0,,true
487,500.0,159.0,,true
488,125.0,458.0,,true
489,40.0,367.0,,true
490,350.0,152.0,,true
491,500.0,185.0,,false
492,500.0,597.0,,false
493,3300.0,22.0,,false
494,3300.0,24.0,,false
495,3300.0,27.0,,false
496,60.0,220.0,,false
497,60.0,161.0,,false
498,60.0,232.0,,false
499,60.0,245.0,,false
500,800.0,4.0,,false
501,60.0,87.0,,false
502,60.0,84.0,,false
503,60.0,116.0,,false
504,60.0,93.0,,false
505,60.0,100.0,,false
506,60.0,85.0,,false
507,60.0,95.0,,false
508,60.0,118.0,,false
509,60.0,110.0,,false
510,100.0,188.0,,false
511,100.0,196.0,,false
512,900.0,9.0,,false
513,1150.0,14.0,,false
514,1000.0,6.0,,false
515,1350.0,47.0,,true
516,500.0,60.0,,true
517,5000.0,19.0,,true
518,2200.0,134.0,,true
519,3500.0,227.0,,true
520,5000.0,600.0,,true
521,500.0,141.0,,true
522,125.0,480.0,,true
523,40.0,385.0,,true
524,350.0,170.0,,true
525,500.0,172.0,,false
526,500.0,301.0,,false
527,3300.0,26.0,,false
528,3300.0,25.0,,false
529,3300.0,27.0,,false
530,60.0,172.0,,false
531,60.0,216.0,,false
532,60.0,159.0,,false
533,60.0,171.0,,false
534,800.0,6.0,,false
535,60.0,114.0,,false
536,60.0,87.0,,false
537,60.0,99.0,,false
538,60.0,98.0,,false
539,60.0,107.0,,false
540,60.0,95.0,,false
541,100.0,250.0,,false
542,100.0,194.0,,false
543,900.0,10.0,,false
544,1150.0,14.0,,false
545,1000.0,7.0,,false
546,1350.0,50.0,,true
547,500.0,59.0,,true
548,5000.0,19.0,,true
549,2200.0,140.0,,true
550,3500.0,229.0,,true
551,5000.0,600.0,,true
552,500.0,153.0,,true
553,125.0,483.0,,true
554,40.0,444.0,,true
555,350.0,146.0,,true
556,500.0,193.0,,false
557,500.0,524.0,,false
558,3300.0,25.0,,false
559,3300.0,30.0,,false
560,3300.0,21.0,,false
561,60.0,197.0,,false
562,60.0,218.0,,false
563,60.0,242.0,,false
564,60.0,245.0,,false
565,800.0,4.0,,false
566,60.0,92.0,,false
567,60.0,97.0,,false
568,60.0,82.0,,false
569,60.0,92.0,,false
570,60.0,90.0,,false
571,60.0,120.0,,false
572,60.0,85.0,,false
573,60.0,108.0,,false
574,60.0,101.0,,false
575,100.0,220.0,,false
576,100.0,216.0,,false
577,900.0,8.0,,false
578,1150.0,13.0,,false
579,1000.0,7.0,,false
580,1350.0,49.0,,true
581,500.0,57.0,,true
582,5000.0,17.0,,true
583,2200.0,140.0,,true
584,3500.0,299.0,,true
585,5000.0,600.0,,true
586,500.0,160.0,,true
587,125.0,515.0,,true
588,40.0,440.0,,true
589,350.0,143.0,,true
590,500.0,191.0,,false
591,500.0,311.0,,false
592,3300.0,25.0,,false
593,3300.0,21.0,,false
594,3300.0,23.0,,false
595,60.0,222.0,,false
596,60.0,166.0,,false
597,60.0,228.0,,false
598,800.0,5.0,,false
599,60.0,104.0,,false
600,60.0,93.0,,false
601,60.0,118.0,,false
602,60.0,111.0,,false
603,60.0,96.0,,false
604,60.0,107.0,,false
605,60.0,95.0,,false
606,60.0,109.0,,false
607,100.0,188.0,,false
608,100.0,182.0,,false
609,900.0,7.0,,false
610,1150.0,18.0,,false
611,1000.0,8.0,,false
612,1350.0,49.0,,true
613,500.0,59.0,,true
614,5000.0,18.0,,true
615,2200.0,132.0,,true
616,3500.0,270.0,,true
617,5000.0,600.0,,true
618,500.0,148.0,,true
619,125.0,549.0,,true
620,40.0,426.0,,true
621,350.0,172.0,,true
622,500.0,177.0,,false
623,500.0,348.0,,false
624,3300.0,30.0,,false
625,3300.0,26.0,,false
626,3300.0,26.0,,false
627,60.0,237.0,,false
628,60.0,183.0,,false
629,60.0,206.0,,false
630,800.0,5.0,,false
631,60.0,81.0,,false
632,60.0,104.0,,false
633,60.0,116.0,,false
634,60.0,107.0,,false
635,60.0,106.0,,false
636,60.0,91.0,,false
637,60.0,114.0,,false
638,100.0,225.0,,false
639,100.0,227.0,,false
640,900.0,10.0,,false
641,1150.0,15.0,,false
642,1000.0,6.0,,false
643,1350.0,46.0,,true
644,500.0,60.0,,true
645,5000.0,17.0,,true
646,2200.0,131.0,,true
647,3500.0,363.0,,true
648,5000.0,600.0,,true
649,500.0,158.0,,true
650,125.0,530.0,,true
651,40.0,359.0,,true
652,350.0,165.0,,true
653,500.0,186.0,,false
654,500.0,309.0,,false
655,3300.0,26.0,,false
656,3300.0,25.0,,false
657,3300.0,26.0,,false
658,60.0,176.0,,false
659,60.0,232.0,,false
660,60.0,218.0,,false
661,800.0,5.0,,false
662,60.0,115.0,,false
663,60.0,84.0,,false
664,60.0,102.0,,false
665,60.0,100.0,,false
666,60.0,117.0,,false
667,60.0,88.0,,false
668,60.0,112.0,,false
669,100.0,207.0,,false
670,100.0,245.0,,false
671,900.0,7.0,,false
672,1150.0,16.0,,false
673,1000.0,8.0,,false
674,1350.0,46.0,,true
675,500.0,56.0,,true
676,5000.0,20.0,,true
677,2200.0,139.0,,true
678,3500.0,344.0,,true
679,5000.0,600.0,,true
680,500.0,149.0,,true
681,125.0,472.0,,true
682,40.0,395.0,,true
683,350.0,146.0,,true
684,500.0,196.0,,false
685,500.0,465.0,,false
686,3300.0,25.0,,false
687,3300.0,22.0,,false
688,3300.0,21.0,,false
689,60.0,188.0,,false
690,60.0,228.0,,false
691,60.0,237.0,,false
692,60.0,170.0,,false
693,800.0,4.0,,false
694,60.0,120.0,,false
695,60.0,89.0,,false
696,60.0,101.0,,false
697,60.0,104.0,,false
698,60.0,99.0,,false
699,60.0,84.0,,false
700,100.0,196.0,,false
701,100.0,204.0,,false
702,900.0,9.0,,false
703,1150.0,16.0,,false
704,1000.0,5.0,,false
705,1350.0,46.0,,true
706,500.0,60.0,,true
707,5000.0,16.0,,true
708,2200.0,136.0,,true
709,3500.0,346.0,,true
710,5000.0,600.0,,true
711,500.0,153.0,,true
712,125.0,481.0,,true
713,40.0,367.0,,true
714,350.0,163.0,,true
715,500.0,185.0,,false
716,500.0,552.0,,false
717,3300.0,29.0,,false
718,3300.0,21.0,,false
719,3300.0,24.0,,false
720,60.0,178.0,,false
721,60.0,232.0,,false
722,60.0,177.0,,false
723,800.0,4.0,,false
724,60.0,81.0,,false
725,60.0,97.0,,false
726,60.0,104.0,,false
727,60.0,83.0,,false
728,60.0,97.0,,false
729,60.0,109.0,,false
730,60.0,98.0,,false
731,100.0,234.0,,false
732,100.0,238.0,,false
733,900.0,10.0,,false
734,1150.0,15.0,,false
735,1000.0,5.0,,false
736,1350.0,47.0,,true
737,500.0,60.0,,true
738,5000.0,20.0,,true
739,2200.0,135.0,,true
740,3500.0,387.0,,true
741,5000.0,600.0,,true
742,500.0,159.0,,true
743,125.0,529.0,,true
744,40.0,363.0,,true
745,350.0,164.0,,true
746,500.0,181.0,,false
747,500.0,565.0,,false
748,3300.0,26.0,,false
749,3300.0,24.0,,false
750,3300.0,27.0,,false
751,60.0,172.0,,false
752,60.0,227.0,,false
753,60.0,165.0,,false
754,800.0,4.0,,false
755,60.0,81.0,,false
756,60.0,102.0,,false
757,60.0,97.0,,false
758,60.0,115.0,,false
759,60.0,97.0,,false
760,60.0,117.0,,false
761,100.0,210.0,,false
762,100.0,239.0,,false
763,900.0,8.0,,false
764,1150.0,17.0,,false
765,1000.0,6.0,,false
766,1350.0,50.0,,true
767,500.0,60.0,,true
768,5000.0,16.0,,true
769,2200.0,131.0,,true
770,3500.0,208.0,,true
771,5000.0,600.0,,true
772,500.0,160.0,,true
773,125.0,548.0,,true
774,40.0,359.0,,true
775,350.0,162.0,,true
776,500.0,188.0,,false
777,500.0,355.0,,false
778,3300.0,22.0,,false
779,3300.0,30.0,,false
780,3300.0,26.0,,false
781,60.0,153.0,,false
782,60.0,222.0,,false
783,60.0,244.0,,false
784,800.0,4.0,,false
785,60.0,88.0,,false
786,60.0,94.0,,false
787,60.0,99.0,,false
788,60.0,106.0,,false
789,60.0,85.0,,false
790,60.0,118.0,,false
791,60.0,120.0,,false
792,60.0,119.0,,false
793,100.0,245.0,,false
794,100.0,233.0,,false
795,900.0,8.0,,false
796,1150.0,16.0,,false
797,1000.0,7.0,,false
798,1350.0,48.0,,true
799,500.0,57.0,,true
800,5000.0,18.0,,true
801,2200.0,140.0,,true
802,3500.0,206.0,,true
803,5000.0,600.0,,true
804,500.0,147.0,,true
805,125.0,497.0,,true
806,40.0,405.0,,true
807,350.0,147.0,,true
808,500.0,184.0,,false
809,500.0,485.0,,false
810,3300.0,29.0,,false
811,3300.0,26.0,,false
812,3300.0,21.0,,false
813,60.0,171.0,,false
814,60.0,244.0,,false
815,60.0,237.0,,false
816,60.0,157.0,,false
817,800.0,6.0,,false
818,60.0,89.0,,false
819,60.0,94.0,,false
820,60.0,113.0,,false
821,60.0,87.0,,false
822,60.0,86.0,,false
823,60.0,100.0,,false
824,60.0,90.0,,false
825,60.0,115.0,,false
826,100.0,218.0,,false
827,100.0,221.0,,false
828,900.0,10.0,,false
829,1150.0,13.0,,false
830,1000.0,5.0,,false
831,1350.0,49.0,,true
832,500.0,58.0,,true
833,5000.0,16.0,,true
834,2200.0,135.0,,true
835,3500.0,387.0,,true
836,5000.0,600.0,,true
837,500.0,145.0,,true
838,125.0,491.0,,true
839,40.0,436.0,,true
840,350.0,148.0,,true
841,500.0,188.0,,false
842,500.0,474.0,,false
843,3300.0,29.0,,false
844,3300.0,21.0,,false
845,3300.0,30.0,,false
846,60.0,240.0,,false
847,60.0,152.0,,false
848,60.0,200.0,,false
849,800.0,6.0,,false
850,60.0,110.0,,false
851,60.0,111.0,,false
852,60.0,116.0,,false
853,60.0,97.0,,false
854,60.0,90.0,,false
855,60.0,113.0,,false
856,60.0,92.0,,false
857,60.0,84.0,,false
858,100.0,250.0,,false
859,100.0,222.0,,false
860,900.0,8.0,,false
861,1150.0,17.0,,false
862,1000.0,8.0,,false
863,1350.0,50.0,,true
864,500.0,57.0,,true
865,5000.0,17.0,,true
866,2200.0,139.0,,true
867,3500.0,234.0,,true
868,5000.0,600.0,,true
869,500.0,156.0,,true
870,125.0,482.0,,true
871,40.0,392.0,,true
872,350.0,156.0,,true
873,500.0,196.0,,false
874,500.0,594.0,,false
875,3300.0,23.0,,false
876,3300.0,25.0,,false
877,3300.0,28.0,,false
878,60.0,197.0,,false
879,60.0,156.0,,false
880,60.0,221.0,,false
881,800.0,4.0,,false
882,60.0,85.0,,false
883,60.0,113.0,,false
884,60.0,108.0,,false
885,60.0,92.0,,false
886,60.0,116.0,,false
887,60.0,82.0,,false
888,60.0,106.0,,false
889,60.0,119.0,,false
890,60.0,95.0,,false
891,60.0,106.0,,false
892,100.0,222.0,,false
893,100.0,210.0,,false
894,900.0,8.0,,false
895,1150.0,13.0,,false
896,1000.0,6.0,,false
897,1350.0,49.0,,true
898,500.0,60.0,,true
899,5000.0,20.0,,true
900,2200.0,139.0,,true
901,3500.0,278.0,,true
902,5000.0,600.0,,true
903,500.0,158.0,,true
904,125.0,482.0,,true
905,40.0,353.0,,true
906,350.0,166.0,,true
907,500.0,192.0,,false
908,500.0,458.0,,false
909,3300.0,24.0,,false
910,3300.0,30.0,,false
911,3300.0,28.0,,false
912,60.0,195.0,,false
913,60.0,237.0,,false
914,60.0,236.0,,false
915,60.0,186.0,,false
916,800.0,5.0,,false
917,60.0,103.0,,false
918,60.0,100.0,,false
919,60.0,82.0,,false
920,60.0,97.0,,false
921,60.0,88.0,,false
922,60.0,109.0,,false
923,60.0,81.0,,false
924,100.0,238.0,,false
925,100.0,193.0,,false
926,900.0,9.0,,false
927,1150.0,15.0,,false
928,1000.0,5.0,,false
929,1350.0,50.0,,true
930,500.0,57.0,,true
931,5000.0,18.0,,true
932,2200.0,135.0,,true
933,3500.0,322.0,,true
934,5000.0,600.0,,true
935,500.0,149.0,,true
936,125.0,548.0,,true
937,40.0,404.0,,true
938,350.0,175.0,,true
939,500.0,173.0,,false
940,500.0,582.0,,false
941,3300.0,30.0,,false
942,3300.0,22.0,,false
943,3300.0,22.0,,false
944,60.0,181.0,,false
945,60.0,191.0,,false
946,60.0,211.0,,false
947,60.0,234.0,,false
948,800.0,5.0,,false
949,60.0,90.0,,false
950,60.0,107.0,,false
951,60.0,95.0,,false
952,60.0,86.0,,false
953,60.0,114.0,,false
954,60.0,87.0,,false
955,60.0,119.0,,false
956,60.0,102.0,,false
957,60.0,93.0,,false
958,60.0,112.0,,false
959,100.0,204.0,,false
960,100.0,217.0,,false
961,900.0,8.0,,false
962,1150.0,14.0,,false
963,1000.0,6.0,,false
964,1350.0,49.0,,true
965,500.0,57.0,,true
966,5000.0,20.0,,true
967,2200.0,132.0,,true
968,3500.0,213.0,,true
969,5000.0,600.0,,true
970,500.0,141.0,,true
971,125.0,504.0,,true
972,40.0,456.0,,true
973,350.0,148.0,,true
974,500.0,179.0,,false
975,500.0,459.0,,false
976,3300.0,29.0,,false
977,3300.0,22.0,,false
978,3300.0,26.0,,false
979,60.0,217.0,,false
980,60.0,161.0,,false
981,60.0,238.0,,false
982,800.0,6.0,,false
983,60.0,118.0,,false
984,60.0,108.0,,false
985,60.0,94.0,,false
986,60.0,89.0,,false
987,60.0,111.0,,false
988,60.0,82.0,,false
989,60.0,114.0,,false
990,100.0,204.0,,false
991,100.0,220.0,,false
992,900.0,7.0,,false
993,1150.0,18.0,,false
994,1000.0,7.0,,false
995,1350.0,46.0,,true
996,500.0,59.0,,true
997,5000.0,19.0,,true
998,2200.0,135.0,,true
999,3500.0,244.0,,true
1000,5000.0,600.0,,true
1001,500.0,156.0,,true
1002,125.0,459.0,,true
1003,40.0,353.0,,true
1004,350.0,151.0,,true
1005,500.0,194.0,,false
1006,500.0,539.0,,false
1007,3300.0,30.0,,false
1008,3300.0,22.0,,false
1009,3300.0,24.0,,false
1010,60.0,198.0,,false
1011,60.0,206.0,,false
1012,60.0,201.0,,false
1013,60.0,184.0,,false
1014,800.0,6.0,,false
1015,60.0,113.0,,false
1016,60.0,91.0,,false
1017,60.0,120.0,,false
1018,60.0,99.0,,false
1019,60.0,108.0,,false
1020,60.0,119.0,,false
1021,60.0,114.0,,false
1022,60.0,85.0,,false
1023,100.0,182.0,,false
1024,100.0,229.0,,false
1025,900.0,10.0,,false
1026,1150.0,15.0,,false
1027,1000.0,7.0,,false
1028,1350.0,48.0,,true
1029,500.0,58.0,,true
1030,5000.0,17.0,,true
1031,2200.0,138.0,,true
1032,3500.0,203.0,,true
1033,5000.0,600.0,,true
1034,500.0,157.0,,true
1035,125.0,452.0,,true
1036,40.0,433.0,,true
1037,350.0,150.0,,true
1038,500.0,188.0,,false
1039,500.0,530.0,,false
1040,3300.0,30.0,,false
1041,3300.0,24.0,,false
1042,3300.0,21.0,,false
1043,60.0,237.0,,false
1044,60.0,156.0,,false
1045,60.0,204.0,,false
1046,60.0,194.0,,false
1047,800.0,6.0,,false
1048,60.0,108.0,,false
1049,60.0,82.0,,false
1050,60.0,88.0,,false
1051,60.0,82.0,,false
1052,60.0,106.0,,false
1053,60.0,115.0,,false
1054,60.0,108.0,,false
1055,100.0,218.0,,false
1056,100.0,243.0,,false
1057,900.0,8.0,,false
1058,1150.0,16.0,,false
1059,1000.0,8.0,,false
1060,1350.0,48.0,,true
1061,500.0,60.0,,true
1062,5000.0,18.0,,true
1063,2200.0,136.0,,true
1064,3500.0,333.0,,true
1065,5000.0,600.0,,true
1066,500.0,160.0,,true
1067,125.0,480.0,,true
1068,40.0,366.0,,true
1069,350.0,147.0,,true
1070,500.0,175.0,,false
1071,500.0,457.0,,false
1072,3300.0,29.0,,false
1073,3300.0,27.0,,false
1074,3300.0,23.0,,false
1075,60.0,245.0,,false
1076,60.0,234.0,,false
1077,60.0,171.0,,false
1078,800.0,4.0,,false
1079,60.0,103.0,,false
1080,60.0,109.0,,false
1081,60.0,87.0,,false
1082,60.0,114.0,,false
1083,60.0,99.0,,false
1084,60.0,91.0,,false
1085,60.0,83.0,,false
1086,60.0,113.0,,false
1087,60.0,93.0,,false
1088,100.0,196.0,,false
1089,100.0,186.0,,false
1090,900.0,9.0,,false
1091,1150.0,16.0,,false
1092,1000.0,7.0,,false
1093,1350.0,50.0,,true
1094,500.0,56.0,,true
1095,5000.0,20.0,,true
1096,2200.0,132.0,,true
1097,3500.0,375.0,,true
1098,5000.0,600.0,,true
1099,500.0,160.0,,true
1100,125.0,496.0,,true
1101,40.0,420.0,,true
1102,350.0,143.0,,true
1103,500.0,180.0,,false
1104,500.0,312.0,,false
1105,3300.0,26.0,,false
1106,3300.0,28.0,,false
1107,3300.0,21.0,,false
1108,60.0,214.0,,false
1109,60.0,230.0,,false
1110,60.0,238.0,,false
1111,60.0,162.0,,false
1112,800.0,6.0,,false
1113,60.0,95.0,,false
1114,60.0,103.0,,false
1115,60.0,84.0,,false
1116,60.0,81.0,,false
1117,60.0,109.0,,false
1118,60.0,119.0,,false
1119,60.0,91.0,,false
1120,100.0,231.0,,false
1121,100.0,214.0,,false
1122,900.0,10.0,,false
1123,1150.0,14.0,,false
1124,1000.0,5.0,,false
1125,1350.0,50.0,,true
1126,500.0,57.0,,true
1127,5000.0,20.0,,true
1128,2200.0,137.0,,true
1129,3500.0,209.0,,true
1130,5000.0,600.0,,true
1131,500.0,154.0,,true
1132,125.0,474.0,,true
1133,40.0,441.0,,true
1134,350.0,160.0,,true
1135,500.0,186.0,,false
1136,500.0,493.0,,false
1137,3300.0,28.0,,false
1138,3300.0,21.0,,false
1139,3300.0,28.0,,false
1140,60.0,205.0,,false
1141,60.0,228.0,,false
1142,60.0,225.0,,false
1143,800.0,4.0,,false
1144,60.0,116.0,,false
1145,60.0,103.0,,false
1146,60.0,100.0,,false
1147,60.0,102.0,,false
1148,60.0,84.0,,false
1149,60.0,109.0,,false
1150,60.0,101.0,,false
1151,60.0,107.0,,false
1152,60.0,118.0,,false
1153,60.0,111.0,,false
1154,100.0,237.0,,false
1155,100.0,228.0,,false
1156,900.0,8.0,,false
1157,1150.0,16.0,,false
1158,1000.0,5.0,,false
1159,1350.0,49.0,,true
1160,500.0,59.0,,true
1161,5000.0,18.0,,true
1162,2200.0,140.0,,true
1163,3500.0,394.0,,true
1164,5000.0,600.0,,true
1165,500.0,154.0,,true
1166,125.0,503.0,,true
1167,40.0,378.0,,true
1168,350.0,164.0,,true
1169,500.0,197.0,,false
1170,500.0,360.0,,false
1171,3300.0,29.0,,false
1172,3300.0,26.0,,false
1173,3300.0,22.0,,false
1174,60.0,209.0,,false
1175,60.0,226.0,,false
1176,60.0,197.0,,false
1177,60.0,199.0,,false
1178,800.0,4.0,,false
1179,60.0,118.0,,false
1180,60.0,110.0,,false
1181,60.0,95.0,,false
1182,60.0,115.0,,false
1183,60.0,108.0,,false
1184,60.0,89.0,,false
1185,60.0,114.0,,false
1186,60.0,111.0,,false
1187,100.0,218.0,,false
1188,100.0,187.0,,false
1189,900.0,8.0,,false
1190,1150.0,18.0,,false
1191,1000.0,6.0,,false
1192,1350.0,50.0,,true
1193,500.0,56.0,,true
1194,5000.0,20.0,,true
1195,2200.0,139.0,,true
1196,3500.0,352.0,,true
1197,5000.0,600.0,,true
1198,500.0,149.0,,true
1199,125.0,490.0,,true
1200,40.0,383.0,,true
1201,350.0,156.0,,true
1202,500.0,186.0,,false
1203,500.0,530.0,,false
1204,3300.0,27.0,,false
1205,3300.0,23.0,,false
1206,3300.0,29.0,,false
1207,60.0,249.0,,false
1208,60.0,152.0,,false
1209,60.0,205.0,,false
1210,60.0,226.0,,false
1211,800.0,4.0,,false
1212,60.0,104.0,,false
1213,60.0,91.0,,false
1214,60.0,118.0,,false
1215,60.0,102.0,,false
1216,60.0,103.0,,false
1217,60.0,88.0,,false
1218,60.0,86.0,,false
1219,100.0,184.0,,false
1220,100.0,239.0,,false
1221,900.0,8.0,,false
1222,1150.0,15.0,,false
1223,1000.0,6.0,,false
1224,1350.0,48.0,,true
1225,500.0,59.0,,true
1226,5000.0,17.0,,true
1227,2200.0,132.0,,true
1228,3500.0,393.0,,true
1229,5000.0,600.0,,true
1230,500.0,145.0,,true
1231,125.0,547.0,,true
1232,40.0,390.0,,true
1233,350.0,150.0,,true
1234,500.0,193.0,,false
1235,500.0,315.0,,false
1236,3300.0,29.0,,false
1237,3300.0,25.0,,false
1238,3300.0,22.0,,false
1239,60.0,209.0,,false
1240,60.0,242.0,,false
1241,60.0,201.0,,false
1242,60.0,233.0,,false
1243,800.0,6.0,,false
1244,60.0,95.0,,false
1245,60.0,88.0,,false
1246,60.0,115.0,,false
1247,60.0,92.0,,false
1248,60.0,87.0,,false
1249,60.0,96.0,,false
1250,60.0,97.0,,false
1251,100.0,245.0,,false
1252,100.0,228.0,,false
1253,900.0,9.0,,false
1254,1150.0,13.0,,false
1255,1000.0,5.0,,false
1256,1350.0,50.0,,true
1257,500.0,60.0,,true
1258,5000.0,16.0,,true
1259,2200.0,137.0,,true
1260,3500.0,245.0,,true
1261,5000.0,600.0,,true
1262,500.0,156.0,,true
1263,125.0,530.0,,true
1264,40.0,362.0,,true
1265,350.0,165.0,,true
1266,500.0,177.0,,false
1267,500.0,532.0,,false
1268,3300.0,22.0,,false
1269,3300.0,25.0,,false
1270,3300.0,23.0,,false
1271,60.0,197.0,,false
1272,60.0,170.0,,false
1273,60.0,214.0,,false
1274,60.0,226.0,,false
1275,800.0,5.0,,false
1276,60.0,98.0,,false
1277,60.0,97.0,,false
1278,60.0,110.0,,false
1279,60.0,109.0,,false
1280,60.0,97.0,,false
1281,60.0,112.0,,false
1282,100.0,185.0,,false
1283,100.0,240.0,,false
1284,900.0,7.0,,false
1285,1150.0,13.0,,false
1286,1000.0,7.0,,false
1287,1350.0,46.0,,true
1288,500.0,59.0,,true
1289,5000.0,16.0,,true
1290,2200.0,135.0,,true
1291,3500.0,324.0,,true
1292,5000.0,600.0,,true
1293,500.0,144.0,,true
1294,125.0,471.0,,true
1295,40.0,373.0,,true
1296,350.0,155.0,,true
1297,500.0,183.0,,false
1298,500.0,487.0,,false
1299,3300.0,25.0,,false
1300,3300.0,27.0,,false
1301,3300.0,28.0,,false
1302,60.0,243.0,,false
1303,60.0,213.0,,false
1304,60.0,153.0,,false
1305,60.0,153.0,,false
1306,800.0,6.0,,false
1307,60.0,96.0,,false
1308,60.0,105.0,,false
1309,60.0,114.0,,false
1310,60.0,112.0,,false
1311,60.0,89.0,,false
1312,60.0,103.0,,false
1313,60.0,81.0,,false
1314,100.0,210.0,,false
1315,100.0,218.0,,false
1316,900.0,7.0,,false
1317,1150.0,18.0,,false
1318,1000.0,6.0,,false
1319,1350.0,49.0,,true
1320,500.0,58.0,,true
1321,5000.0,18.0,,true
1322,2200.0,139.0,,true
1323,3500.0,348.0,,true
1324,5000.0,600.0,,true
1325,500.0,156.0,,true
1326,125.0,508.0,,true
1327,40.0,369.0,,true
1328,350.0,146.0,,true
1329,500.0,200.0,,false
1330,500.0,578.0,,false
1331,3300.0,24.0,,false
1332,3300.0,26.0,,false
1333,3300.0,25.0,,false
1334,60.0,202.0,,false
1335,60.0,245.0,,false
1336,60.0,236.0,,false
1337,60.0,168.0,,false
1338,800.0,6.0,,false
1339,60.0,93.0,,false
1340,60.0,104.0,,false
1341,60.0,119.0,,false
1342,60.0,90.0,,false
1343,60.0,107.0,,false
1344,60.0,110.0,,false
1345,60.0,102.0,,false
1346,60.0,91.0,,false
1347,60.0,98.0,,false
1348,60.0,84.0,,false
1349,100.0,221.0,,false
1350,100.0,249.0,,false
1351,900.0,8.0,,false
1352,1150.0,13.0,,false
1353,1000.0,7.0,,false
1354,1350.0,50.0,,true
1355,500.0,57.0,,true
1356,5000.0,17.0,,true
1357,2200.0,133.0,,true
1358,3500.0,288.0,,true
1359,5000.0,600.0,,true
1360,500.0,155.0,,true
1361,125.0,487.0,,true
1362,40.0,398.0,,true
1363,350.0,169.0,,true
1364,500.0,185.0,,false
1365,500.0,598.0,,false
1366,3300.0,27.0,,false
1367,3300.0,26.0,,false
1368,3300.0,29.0,,false
1369,60.0,186.0,,false
1370,60.0,232.0,,false
1371,60.0,203.0,,false
1372,800.0,4.0,,false
1373,60.0,111.0,,false
1374,60.0,118.0,,false
1375,60.0,82.0,,false
1376,60.0,99.0,,false
1377,60.0,82.0,,false
1378,60.0,89.0,,false
1379,100.0,215.0,,false
1380,100.0,198.0,,false
1381,900.0,9.0,,false
1382,1150.0,17.0,,false
1383,1000.0,7.0,,false
1384,1350.0,48.0,,true
1385,500.0,60.0,,true
1386,5000.0,16.0,,true
1387,2200.0,137.0,,true
1388,3500.0,353.0,,true
1389,5000.0,600.0,,true
1390,500.0,156.0,,true
1391,125.0,471.0,,true
1392,40.0,415.0,,true
1393,350.0,153.0,,true
1394,500.0,197.0,,false
1395,500.0,367.0,,false
1396,3300.0,23.0,,false
1397,3300.0,21.0,,false
1398,3300.0,30.0,,false
1399,60.0,205.0,,false
1400,60.0,241.0,,false
1401,60.0,203.0,,false
1402,60.0,218.0,,false
1403,800.0,6.0,,false
1404,60.0,82.0,,false
1405,60.0,109.0,,false
1406,60.0,106.0,,false
1407,60.0,109.0,,false
1408,60.0,111.0,,false
1409,60.0,114.0,,false
1410,60.0,85.0,,false
1411,100.0,203.0,,false
1412,100.0,236.0,,false
1413,900.0,9.0,,false
1414,1150.0,15.0,,false
1415,1000.0,6.0,,false
1416,1350.0,46.0,,true
1417,500.0,60.0,,true
1418,5000.0,16.0,,true
1419,2200.0,136.0,,true
1420,3500.0,299.0,,true
1421,5000.0,600.0,,true
1422,500.0,152.0,,true
1423,125.0,515.0,,true
1424,40.0,407.0,,true
1425,350.0,170.0,,true
1426,500.0,177.0,,false
1427,500.0,562.0,,false
1428,3300.0,27.0,,false
1429,3300.0,24.0,,false
1430,3300.0,30.0,,false
1431,60.0,245.0,,false
1432,60.0,186.0,,false
1433,60.0,204.0,,false
1434,60.0,240.0,,false
1435,800.0,5.0,,false
1436,60.0,101.0,,false
1437,60.0,84.0,,false
1438,60.0,95.0,,false
1439,60.0,87.0,,false
1440,60.0,116.0,,false
1441,60.0,99.0,,false
1442,100.0,229.0,,false
1443,100.0,196.0,,false
1444,900.0,7.0,,false
1445,1150.0,14.0,,false
1446,1000.0,8.0,,false
1447,1350.0,47.0,,true
1448,500.0,56.0,,true
1449,5000.0,20.0,,true
1450,2200.0,131.0,,true
1451,3500.0,354.0,,true
1452,5000.0,600.0,,true
1453,500.0,148.0,,true
1454,125.0,507.0,,true
1455,40.0,383.0,,true
1456,350.0,141.0,,true
1457,500.0,195.0,,false
1458,500.0,337.0,,false
1459,3300.0,23.0,,false
1460,3300.0,22.0,,false
1461,3300.0,30.0,,false
1462,60.0,163.0,,false
1463,60.0,200.0,,false
1464,60.0,153.0,,false
1465,60.0,195.0,,false
1466,800.0,6.0,,false
1467,60.0,102.0,,false
1468,60.0,105.0,,false
1469,60.0,101.0,,false
1470,60.0,110.0,,false
1471,60.0,87.0,,false
1472,60.0,92.0,,false
1473,60.0,96.0,,false
1474,60.0,108.0,,false
1475,60.0,95.0,,false
1476,100.0,202.0,,false
1477,100.0,237.0,,false
1478,900.0,9.0,,false
1479,1150.0,16.0,,false
1480,1000.0,5.0,,false
1481,1350.0,46.0,,true
1482,500.0,59.0,,true
1483,5000.0,16.0,,true
1484,2200.0,136.0,,true
1485,3500.0,237.0,,true
1486,5000.0,600.0,,true
1487,500.0,141.0,,true
1488,125.0,457.0,,true
1489,40.0,355.0,,true
1490,350.0,172.0,,true
1491,500.0,194.0,,false
1492,500.0,479.0,,false
1493,3300.0,26.0,,false
1494,3300.0,26.0,,false
1495,3300.0,22.0,,false
1496,60.0,196.0,,false
1497,60.0,192.0,,false
1498,60.0,237.0,,false
1499,60.0,157.0,,false
1500,800.0,4.0,,false
1501,60.0,107.0,,false
1502,60.0,101.0,,false
1503,60.0,120.0,,false
1504,60.0,91.0,,false
1505,60.0,109.0,,false
1506,60.0,103.0,,false
1507,60.0,118.0,,false
1508,60.0,115.0,,false
1509,100.0,236.0,,false
1510,100.0,241.0,,false
1511,900.0,9.0,,false
1512,1150.0,18.0,,false
1513,1000.0,6.0,,false
1514,1350.0,49.0,,true
1515,500.0,60.0,,true
1516,5000.0,18.0,,true
1517,2200.0,135.0,,true
1518,3500.0,378.0,,true
1519,5000.0,600.0,,true
1520,500.0,159.0,,true
1521,125.0,495.0,,true
1522,40.0,441.0,,true
1523,350.0,164.0,,true
1524,500.0,175.0,,false
1525,500.0,523.0,,false
1526,3300.0,30.0,,false
1527,3300.0,29.0,,false
1528,3300.0,21.0,,false
1529,60.0,214.0,,false
1530,60.0,202.0,,false
1531,60.0,156.0,,false
1532,60.0,166.0,,false
1533,800.0,5.0,,false
1534,60.0,113.0,,false
1535,60.0,92.0,,false
1536,60.0,113.0,,false
1537,60.0,120.0,,false
1538,60.0,113.0,,false
1539,60.0,89.0,,false
1540,100.0,182.0,,false
1541,100.0,211.0,,false
1542,900.0,7.0,,false
1543,1150.0,16.0,,false
1544,1000.0,7.0,,false
1545,1350.0,46.0,,true
1546,500.0,58.0,,true
1547,5000.0,16.0,,true
1548,2200.0,138.0,,true
1549,3500.0,330.0,,true
1550,5000.0,600.0,,true
1551,500.0,154.0,,true
1552,125.0,495.0,,true
1553,40.0,352.0,,true
1554,350.0,172.0,,true
1555,500.0,178.0,,false
1556,500.0,551.0,,false
1557,3300.0,24.0,,false
1558,3300.0,23.0,,false
1559,3300.0,30.0,,false
1560,60.0,178.0,,false
1561,60.0,202.0,,false
1562,60.0,241.0,,false
1563,800.0,6.0,,false
1564,60.0,113.0,,false
1565,60.0,82.0,,false
1566,60.0,101.0,,false
1567,60.0,111.0,,false
1568,60.0,91.0,,false
1569,60.0,102.0,,false
1570,100.0,181.0,,false
1571,100.0,189.0,,false
1572,900.0,8.0,,false
1573,1150.0,13.0,,false
1574,1000.0,6.0,,false
1575,1350.0,48.0,,true
1576,500.0,56.0,,true
1577,5000.0,17.0,,true
1578,2200.0,136.0,,true
1579,3500.0,279.0,,true
1580,5000.0,600.0,,true
1581,500.0,142.0,,true
1582,125.0,546.0,,true
1583,40.0,365.0,,true
1584,350.0,171.0,,true
1585,500.0,191.0,,false
1586,500.0,576.0,,false
1587,3300.0,30.0,,false
1588,3300.0,22.0,,false
1589,3300.0,30.0,,false
1590,60.0,240.0,,false
1591,60.0,198.0,,false
1592,60.0,187.0,,false
1593,60.0,167.0,,false
1594,800.0,5.0,,false
1595,60.0,85.0,,false
1596,60.0,90.0,,false
1597,60.0,84.0,,false
1598,60.0,110.0,,false
1599,60.0,102.0,,false
1600,60.0,96.0,,false
1601,100.0,227.0,,false
1602,100.0,187.0,,false
1603,900.0,10.0,,false
1604,1150.0,14.0,,false
1605,1000.0,6.0,,false
