Reference,height,width,stripwidth,preemptable
1,1350.0,49.0,720,true
2,500.0,60.0,,true
3,5000.0,19.0,,true
4,2200.0,133.0,,true
5,3500.0,374.0,,true
6,5000.0,600.0,,true
7,500.0,154.0,,true
8,125.0,491.0,,true
9,40.0,452.0,,true
10,350.0,177.0,,true
11,500.0,194.0,,false
12,500.0,543.0,,false
13,3300.0,25.0,,false
14,3300.0,24.0,,false
15,3300.0,21.0,,false
16,60.0,154.0,,false
17,60.0,159.0,,false
18,60.0,167.0,,false
19,800.0,5.0,,false
20,60.0,119.0,,false
21,60.0,89.0,,false
22,60.0,100.0,,false
23,60.0,92.0,,false
24,60.0,102.0,,false
25,60.0,108.0,,false
26,60.0,90.0,,false
27,60.0,106.0,,false
28,60.0,98.0,,false
29,100.0,218.0,,false
30,100.0,220.0,,false
31,900.0,7.0,,false
32,1150.0,17.0,,false
33,1000.0,8.0,,false
34,1350.0,48.0,,true
35,500.0,59.0,,true
36,5000.0,17.0,,true
37,2200.0,133.0,,true
38,3500.0,330.0,,true
39,5000.0,600.0,,true
40,500.0,154.0,,true
41,125.0,523.0,,true
42,40.0,423.0,,true
43,350.0,179.0,,true
44,500.0,197.0,,false
45,500.0,551.0,,false
46,3300.0,30.0,,false
47,3300.0,25.0,,false
48,3300.0,30.0,,false
49,60.0,235.0,,false
50,60.0,238.0,,false
51,60.0,153.0,,false
52,800.0,6.0,,false
53,60.0,119.0,,false
54,60.0,96.0,,false
55,60.0,119.0,,false
56,60.0,84.0,,false
57,60.0,107.0,,false
58,60.0,87.0,,false
59,60.0,114.0,,false
60,60.0,81.0,,false
61,60.0,113.0,,false
62,60.0,89.0,,false
63,100.0,207.0,,false
64,100.0,235.0,,false
65,900.0,10.0,,false
66,1150.0,15.0,,false
67,1000.0,7.0,,false
68,1350.0,47.0,,true
69,500.0,59.0,,true
70,5000.0,16.0,,true
71,2200.0,137.0,,true
72,3500.0,211.0,,true
73,5000.0,600.0,,true
74,500.0,155.0,,true
75,125.0,548.0,,true
76,40.0,433.0,,true
77,350.0,149.0,,true
78,500.0,194.0,,false
79,500.0,528.0,,false
80,3300.0,23.0,,false
81,3300.0,28.0,,false
82,3300.0,26.0,,false
83,60.0,174.0,,false
84,60.0,184.0,,false
85,60.0,169.0,,false
86,60.0,227.0,,false
87,800.0,6.0,,false
88,60.0,85.0,,false
89,60.0,120.0,,false
90,60.0,93.0,,false
91,60.0,99.0,,false
92,60.0,108.0,,false
93,60.0,84.0,,false
94,100.0,212.0,,false
95,100.0,225.0,,false
96,900.0,7.0,,false
97,1150.0,17.0,,false
98,1000.0,7.0,,false
99,1350.0,48.0,,true
100,500.0,59.0,,true
101,5000.0,20.0,,true
102,2200.0,132.0,,true
103,3500.0,263.0,,true
104,5000.0,600.0,,true
105,500.0,151.0,,true
106,125.0,495.0,,true
107,40.0,383.0,,true
108,350.0,141.0,,true
109,500.0,197.0,,false
110,500.0,570.0,,false
111,3300.0,23.0,,false
112,3300.0,22.0,,false
113,3300.0,30.0,,false
114,60.0,245.0,,false
115,60.0,173.0,,false
116,60.0,171.0,,false
117,60.0,199.0,,false
118,800.0,5.0,,false
119,60.0,120.0,,false
120,60.0,92.0,,false
121,60.0,113.0,,false
122,60.0,110.0,,false
123,60.0,100.0,,false
124,60.0,97.0,,false
125,100.0,225.0,,false
126,100.0,192.0,,false
127,900.0,9.0,,false
128,1150.0,14.0,,false
129,1000.0,7.0,,false
130,1350.0,46.0,,true
131,500.0,56.0,,true
132,5000.0,20.0,,true
133,2200.0,135.0,,true
134,3500.0,349.0,,true
135,5000.0,600.0,,true
136,500.0,159.0,,true
137,125.0,522.0,,true
138,40.0,441.0,,true
139,350.0,157.0,,true
140,500.0,176.0,,false
141,500.0,592.0,,false
142,3300.0,30.0,,false
143,3300.0,28.0,,false
144,3300.0,27.0,,false
145,60.0,183.0,,false
146,60.0,232.0,,false
147,60.0,188.0,,false
148,800.0,6.0,,false
149,60.0,103.0,,false
150,60.0,93.0,,false
151,60.0,90.0,,false
152,60.0,100.0,,false
153,60.0,98.0,,false
154,60.0,86.0,,false
155,100.0,228.0,,false
156,100.0,201.0,,false
157,900.0,10.0,,false
158,1150.0,13.0,,false
159,1000.0,7.0,,false
160,1350.0,49.0,,true
161,500.0,56.0,,true
162,5000.0,17.0,,true
163,2200.0,133.0,,true
164,3500.0,233.0,,true
165,5000.0,600.0,,true
166,500.0,159.0,,true
167,125.0,478.0,,true
168,40.0,434.0,,true
169,350.0,154.0,,true
170,500.0,179.0,,false
171,500.0,351.0,,false
172,3300.0,26.0,,false
173,3300.0,22.0,,false
174,3300.0,29.0,,false
175,60.0,211.0,,false
176,60.0,200.0,,false
177,60.0,220.0,,false
178,60.0,242.0,,false
179,800.0,6.0,,false
180,60.0,91.0,,false
181,60.0,105.0,,false
182,60.0,88.0,,false
183,60.0,104.0,,false
184,60.0,117.0,,false
185,60.0,102.0,,false
186,60.0,92.0,,false
187,60.0,111.0,,false
188,60.0,91.0,,false
189,100.0,208.0,,false
190,100.0,222.0,,false
191,900.0,10.0,,false
192,1150.0,16.0,,false
193,1000.0,8.0,,false
194,1350.0,49.0,,true
195,500.0,58.0,,true
196,5000.0,18.0,,true
197,2200.0,131.0,,true
198,3500.0,355.0,,true
199,5000.0,600.0,,true
200,500.0,157.0,,true
201,125.0,512.0,,true
202,40.0,352.0,,true
203,350.0,177.0,,true
204,500.0,199.0,,false
205,500.0,490.0,,false
206,3300.0,26.0,,false
207,3300.0,24.0,,false
208,3300.0,28.0,,false
209,60.0,176.0,,false
210,60.0,209.0,,false
211,60.0,240.0,,false
212,800.0,6.0,,false
213,60.0,119.0,,false
214,60.0,82.0,,false
215,60.0,88.0,,false
216,60.0,105.0,,false
217,60.0,91.0,,false
218,60.0,102.0,,false
219,60.0,117.0,,false
220,100.0,200.0,,false
221,100.0,213.0,,false
222,900.0,10.0,,false
223,1150.0,18.0,,false
224,1000.0,5.0,,false
225,1350.0,49.0,,true
226,500.0,57.0,,true
227,5000.0,19.0,,true
228,2200.0,140.0,,true
229,3500.0,341.0,,true
230,5000.0,600.0,,true
231,500.0,158.0,,true
232,125.0,458.0,,true
233,40.0,414.0,,true
234,350.0,173.0,,true
235,500.0,186.0,,false
236,500.0,443.0,,false
237,3300.0,26.0,,false
238,3300.0,24.0,,false
239,3300.0,26.0,,false
240,60.0,217.0,,false
241,60.0,248.0,,false
242,60.0,224.0,,false
243,60.0,191.0,,false
244,800.0,4.0,,false
245,60.0,109.0,,false
246,60.0,108.0,,false
247,60.0,115.0,,false
248,60.0,90.0,,false
249,60.0,104.0,,false
250,60.0,102.0,,false
251,100.0,248.0,,false
252,100.0,234.0,,false
253,900.0,8.0,,false
254,1150.0,13.0,,false
255,1000.0,7.0,,false
256,1350.0,47.0,,true
257,500.0,60.0,,true
258,5000.0,16.0,,true
259,2200.0,133.0,,true
260,3500.0,233.0,,true
261,5000.0,600.0,,true
262,500.0,153.0,,true
263,125.0,451.0,,true
264,40.0,397.0,,true
265,350.0,149.0,,true
266,500.0,184.0,,false
267,500.0,540.0,,false
268,3300.0,22.0,,false
269,3300.0,29.0,,false
270,3300.0,27.0,,false
271,60.0,230.0,,false
272,60.0,175.0,,false
273,60.0,164.0,,false
274,800.0,6.0,,false
275,60.0,120.0,,false
276,60.0,110.0,,false
277,60.0,111.0,,false
278,60.0,119.0,,false
279,60.0,99.0,,false
280,60.0,94.0,,false
281,60.0,111.0,,false
282,100.0,202.0,,false
283,100.0,212.0,,false
284,900.0,7.0,,false
285,1150.0,17.0,,false
286,1000.0,7.0,,false
287,1350.0,47.0,,true
288,500.0,56.0,,true
289,5000.0,16.0,,true
290,2200.0,132.0,,true
291,3500.0,215.0,,true
292,5000.0,600.0,,true
293,500.0,151.0,,true
294,125.0,518.0,,true
295,40.0,418.0,,true
296,350.0,164.0,,true
297,500.0,193.0,,false
298,500.0,413.0,,false
299,3300.0,30.0,,false
300,3300.0,30.0,,false
301,3300.0,24.0,,false
302,60.0,211.0,,false
303,60.0,217.0,,false
304,60.0,230.0,,false
305,800.0,5.0,,false
306,60.0,95.0,,false
307,60.0,95.0,,false
308,60.0,116.0,,false
309,60.0,102.0,,false
310,60.0,104.0,,false
311,60.0,95.0,,false
312,100.0,203.0,,false
313,100.0,233.0,,false
314,900.0,10.0,,false
315,1150.0,15.0,,false
316,1000.0,6.0,,false
317,1350.0,49.0,,true
318,500.0,60.0,,true
319,5000.0,16.0,,true
320,2200.0,140.0,,true
321,3500.0,297.0,,true
322,5000.0,600.0,,true
323,500.0,143.0,,true
324,125.0,520.0,,true
325,40.0,401.0,,true
326,350.0,177.0,,true
327,500.0,190.0,,false
328,500.0,584.0,,false
329,3300.0,23.0,,false
330,3300.0,28.0,,false
331,3300.0,27.0,,false
332,60.0,216.0,,false
333,60.0,247.0,,false
334,60.0,225.0,,false
335,60.0,153.0,,false
336,800.0,6.0,,false
337,60.0,114.0,,false
338,60.0,91.0,,false
339,60.0,112.0,,false
340,60.0,95.0,,false
341,60.0,115.0,,false
342,60.0,88.0,,false
343,60.0,96.0,,false
344,60.0,105.0,,false
345,60.0,104.0,,false
346,60.0,116.0,,false
347,100.0,216.0,,false
348,100.0,198.0,,false
349,900.0,8.0,,false
350,1150.0,16.0,,false
351,1000.0,8.0,,false
352,1350.0,49.0,,true
353,500.0,60.0,,true
354,5000.0,20.0,,true
355,2200.0,135.0,,true
356,3500.0,216.0,,true
357,5000.0,600.0,,true
358,500.0,159.0,,true
359,125.0,549.0,,true
360,40.0,375.0,,true
361,350.0,143.0,,true
362,500.0,184.0,,false
363,500.0,508.0,,false
364,3300.0,27.0,,false
365,3300.0,23.0,,false
366,3300.0,21.0,,false
367,60.0,173.0,,false
368,60.0,188.0,,false
369,60.0,196.0,,false
370,60.0,201.0,,false
371,800.0,6.0,,false
372,60.0,93.0,,false
373,60.0,87.0,,false
374,60.0,114.0,,false
375,60.0,111.0,,false
376,60.0,109.0,,false
377,60.0,93.0,,false
378,60.0,113.0,,false
379,60.0,84.0,,false
380,100.0,238.0,,false
381,100.0,182.0,,false
382,900.0,9.0,,false
383,1150.0,15.0,,false
384,1000.0,8.0,,false
385,1350.0,46.0,,true
386,500.0,58.0,,true
387,5000.0,19.0,,true
388,2200.0,139.0,,true
389,3500.0,232.0,,true
390,5000.0,600.0,,true
391,500.0,152.0,,true
392,125.0,468.0,,true
393,40.0,446.0,,true
394,350.0,159.0,,true
395,500.0,181.0,,false
396,500.0,534.0,,false
397,3300.0,22.0,,false
398,3300.0,26.0,,false
399,3300.0,24.0,,false
400,60.0,207.0,,false
401,60.0,200.0,,false
402,60.0,182.0,,false
403,800.0,6.0,,false
404,60.0,112.0,,false
405,60.0,81.0,,false
406,60.0,118.0,,false
407,60.0,120.0,,false
408,60.0,102.0,,false
409,60.0,111.0,,false
410,60.0,96.0,,false
411,60.0,115.0,,false
412,100.0,220.0,,false
413,100.0,231.0,,false
414,900.0,10.0,,false
415,1150.0,14.0,,false
416,1000.0,8.0,,false
417,1350.0,50.0,,true
418,500.0,57.0,,true
419,5000.0,19.0,,true
420,2200.0,131.0,,true
421,3500.0,329.0,,true
422,5000.0,600.0,,true
423,500.0,143.0,,true
424,125.0,472.0,,true
425,40.0,375.0,,true
426,350.0,151.0,,true
427,500.0,198.0,,false
428,500.0,365.0,,false
429,3300.0,26.0,,false
430,3300.0,26.0,,false
431,3300.0,27.0,,false
432,60.0,177.0,,false
433,60.0,197.0,,false
434,60.0,233.0,,false
435,60.0,242.0,,false
436,800.0,6.0,,false
437,60.0,97.0,,false
438,60.0,95.0,,false
439,60.0,93.0,,false
440,60.0,98.0,,false
441,60.0,83.0,,false
442,60.0,120.0,,false
443,60.0,88.0,,false
444,100.0,228.0,,false
445,100.0,204.0,,false
446,900.0,9.0,,false
447,1150.0,13.0,,false
448,1000.0,7.0,,false
449,1350.0,47.0,,true
450,500.0,57.0,,true
451,5000.0,20.0,,true
452,2200.0,139.0,,true
453,3500.0,332.0,,true
454,5000.0,600.0,,true
455,500.0,144.0,,true
456,125.0,479.0,,true
457,40.0,366.0,,true
458,350.0,153.0,,true
459,500.0,176.0,,false
460,500.0,538.0,,false
461,3300.0,24.0,,false
462,3300.0,24.0,,false
463,3300.0,26.0,,false
464,60.0,241.0,,false
465,60.0,210.0,,false
466,60.0,210.0,,false
467,800.0,4.0,,false
468,60.0,103.0,,false
469,60.0,111.0,,false
470,60.0,89.0,,false
471,60.0,89.0,,false
472,60.0,90.0,,false
473,60.0,109.0,,false
474,60.0,98.0,,false
475,60.0,102.0,,false
476,60.0,99.0,,false
477,60.0,109.0,,false
478,100.0,212.0,,false
479,100.0,214.0,,false
480,900.0,9.0,,false
481,1150.0,15.0,,false
482,1000.0,6.0,,false
483,1350.0,50.0,,true
484,500.0,60.0,,true
485,5000.0,17.0,,true
486,2200.0,137.0,,true
487,3500.0,340.0,,true
488,5000.0,600.0,,true
489,500.0,142.0,,true
490,125.0,547.0,,true
491,40.0,378.0,,true
492,350.0,170.0,,true
493,500.0,173.0,,false
494,500.0,465.0,,false
495,3300.0,29.0,,false
496,3300.0,30.0,,false
497,3300.0,21.0,,false
498,60.0,235.0,,false
499,60.0,230.0,,false
500,60.0,215.0,,false
501,800.0,5.0,,false
502,60.0,113.0,,false
503,60.0,104.0,,false
504,60.0,99.0,,false
505,60.0,82.0,,false
506,60.0,113.0,,false
507,60.0,113.0,,false
508,60.0,105.0,,false
509,60.0,96.0,,false
510,100.0,200.0,,false
511,100.0,198.0,,false
512,900.0,9.0,,false
513,1150.0,16.0,,false
514,1000.0,8.0,,false
515,1350.0,47.0,,true
516,500.0,60.0,,true
517,5000.0,17.0,,true
518,2200.0,137.0,,true
519,3500.0,291.0,,true
520,5000.0,600.0,,true
521,500.0,157.0,,true
522,125.0,481.0,,true
523,40.0,428.0,,true
524,350.0,163.0,,true
525,500.0,195.0,,false
526,500.0,364.0,,false
527,3300.0,28.0,,false
528,3300.0,27.0,,false
529,3300.0,26.0,,false
530,60.0,155.0,,false
531,60.0,250.0,,false
532,60.0,204.0,,false
533,800.0,4.0,,false
534,60.0,109.0,,false
535,60.0,96.0,,false
536,60.0,120.0,,false
537,60.0,106.0,,false
538,60.0,83.0,,false
539,60.0,111.0,,false
540,60.0,86.0,,false
541,100.0,182.0,,false
542,100.0,234.0,,false
543,900.0,8.0,,false
544,1150.0,18.0,,false
545,1000.0,5.0,,false
546,1350.0,47.0,,true
547,500.0,59.0,,true
548,5000.0,16.0,,true
549,2200.0,140.0,,true
550,3500.0,285.0,,true
551,5000.0,600.0,,true
552,500.0,148.0,,true
553,125.0,483.0,,true
554,40.0,366.0,,true
555,350.0,173.0,,true
556,500.0,182.0,,false
557,500.0,367.0,,false
558,3300.0,21.0,,false
559,3300.0,28.0,,false
560,3300.0,30.0,,false
561,60.0,204.0,,false
562,60.0,153.0,,false
563,60.0,158.0,,false
564,60.0,241.0,,false
565,800.0,6.0,,false
566,60.0,81.0,,false
567,60.0,115.0,,false
568,60.0,81.0,,false
569,60.0,92.0,,false
570,60.0,112.0,,false
571,60.0,115.0,,false
572,60.0,113.0,,false
573,60.0,100.0,,false
574,60.0,105.0,,false
575,60.0,95.0,,false
576,100.0,219.0,,false
577,100.0,189.0,,false
578,900.0,9.0,,false
579,1150.0,18.0,,false
580,1000.0,5.0,,false
581,1350.0,48.0,,true
582,500.0,59.0,,true
583,5000.0,18.0,,true
584,2200.0,138.0,,true
585,3500.0,378.0,,true
586,5000.0,600.0,,true
587,500.0,143.0,,true
588,125.0,515.0,,true
589,40.0,372.0,,true
590,350.0,144.0,,true
591,500.0,173.0,,false
592,500.0,461.0,,false
593,3300.0,26.0,,false
594,3300.0,27.0,,false
595,3300.0,27.0,,false
596,60.0,221.0,,false
597,60.0,173.0,,false
598,60.0,180.0,,false
599,60.0,155.0,,false
600,800.0,5.0,,false
601,60.0,110.0,,false
602,60.0,96.0,,false
603,60.0,93.0,,false
604,60.0,104.0,,false
605,60.0,115.0,,false
606,60.0,94.0,,false
607,60.0,119.0,,false
608,60.0,105.0,,false
609,60.0,113.0,,false
610,100.0,201.0,,false
611,100.0,211.0,,false
612,900.0,9.0,,false
613,1150.0,14.0,,false
614,1000.0,5.0,,false
615,1350.0,48.0,,true
616,500.0,59.0,,true
617,5000.0,16.0,,true
618,2200.0,132.0,,true
619,3500.0,377.0,,true
620,5000.0,600.0,,true
621,500.0,143.0,,true
622,125.0,532.0,,true
623,40.0,372.0,,true
624,350.0,149.0,,true
625,500.0,189.0,,false
626,500.0,459.0,,false
627,3300.0,23.0,,false
628,3300.0,26.0,,false
629,3300.0,28.0,,false
630,60.0,210.0,,false
631,60.0,179.0,,false
632,60.0,167.0,,false
633,60.0,200.0,,false
634,800.0,4.0,,false
635,60.0,92.0,,false
636,60.0,114.0,,false
637,60.0,97.0,,false
638,60.0,85.0,,false
639,60.0,105.0,,false
640,60.0,81.0,,false
641,60.0,102.0,,false
642,100.0,219.0,,false
643,100.0,185.0,,false
644,900.0,10.0,,false
645,1150.0,16.0,,false
646,1000.0,7.0,,false
647,1350.0,46.0,,true
648,500.0,58.0,,true
649,5000.0,16.0,,true
650,2200.0,133.0,,true
651,3500.0,285.0,,true
652,5000.0,600.0,,true
653,500.0,158.0,,true
654,125.0,500.0,,true
655,40.0,434.0,,true
656,350.0,163.0,,true
657,500.0,197.0,,false
658,500.0,396.0,,false
659,3300.0,24.0,,false
660,3300.0,28.0,,false
661,3300.0,22.0,,false
662,60.0,208.0,,false
663,60.0,191.0,,false
664,60.0,222.0,,false
665,800.0,6.0,,false
666,60.0,100.0,,false
667,60.0,114.0,,false
668,60.0,100.0,,false
669,60.0,97.0,,false
670,60.0,101.0,,false
671,60.0,94.0,,false
672,100.0,208.0,,false
673,100.0,223.0,,false
674,900.0,8.0,,false
675,1150.0,13.0,,false
676,1000.0,8.0,,false
677,1350.0,47.0,,true
678,500.0,60.0,,true
679,5000.0,18.0,,true
680,2200.0,135.0,,true
681,3500.0,338.0,,true
682,5000.0,600.0,,true
683,500.0,154.0,,true
684,125.0,496.0,,true
685,40.0,422.0,,true
686,350.0,149.0,,true
687,500.0,197.0,,false
688,500.0,438.0,,false
689,3300.0,29.0,,false
690,3300.0,29.0,,false
691,3300.0,25.0,,false
692,60.0,227.0,,false
693,60.0,164.0,,false
694,60.0,197.0,,false
695,60.0,196.0,,false
696,800.0,6.0,,false
697,60.0,89.0,,false
698,60.0,90.0,,false
699,60.0,118.0,,false
700,60.0,109.0,,false
701,60.0,83.0,,false
702,60.0,101.0,,false
703,100.0,222.0,,false
704,100.0,215.0,,false
705,900.0,9.0,,false
706,1150.0,17.0,,false
707,1000.0,5.0,,false
708,1350.0,47.0,,true
709,500.0,60.0,,true
710,5000.0,19.0,,true
711,2200.0,137.0,,true
712,3500.0,231.0,,true
713,5000.0,600.0,,true
714,500.0,156.0,,true
715,125.0,486.0,,true
716,40.0,356.0,,true
717,350.0,153.0,,true
718,500.0,190.0,,false
719,500.0,371.0,,false
720,3300.0,24.0,,false
721,3300.0,22.0,,false
722,3300.0,23.0,,false
723,60.0,205.0,,false
724,60.0,176.0,,false
725,60.0,235.0,,false
726,60.0,217.0,,false
727,800.0,6.0,,false
728,60.0,91.0,,false
729,60.0,102.0,,false
730,60.0,108.0,,false
731,60.0,115.0,,false
732,60.0,97.0,,false
733,60.0,98.0,,false
734,60.0,84.0,,false
735,60.0,94.0,,false
736,100.0,189.0,,false
737,100.0,196.0,,false
738,900.0,8.0,,false
739,1150.0,15.0,,false
740,1000.0,5.0,,false
741,1350.0,47.0,,true
742,500.0,58.0,,true
743,5000.0,16.0,,true
744,2200.0,135.0,,true
745,3500.0,250.0,,true
746,5000.0,600.0,,true
747,500.0,146.0,,true
748,125.0,525.0,,true
749,40.0,453.0,,true
750,350.0,153.0,,true
751,500.0,173.0,,false
752,500.0,513.0,,false
753,3300.0,27.0,,false
754,3300.0,30.0,,false
755,3300.0,29.0,,false
756,60.0,235.0,,false
757,60.0,173.0,,false
758,60.0,218.0,,false
759,800.0,5.0,,false
760,60.0,92.0,,false
761,60.0,91.0,,false
762,60.0,82.0,,false
763,60.0,84.0,,false
764,60.0,107.0,,false
765,60.0,113.0,,false
766,60.0,105.0,,false
767,60.0,120.0,,false
768,100.0,216.0,,false
769,100.0,236.0,,false
770,900.0,9.0,,false
771,1150.0,18.0,,false
772,1000.0,5.0,,false
773,1350.0,46.0,,true
774,500.0,60.0,,true
775,5000.0,17.0,,true
776,2200.0,133.0,,true
777,3500.0,290.0,,true
778,5000.0,600.0,,true
779,500.0,142.0,,true
780,125.0,498.0,,true
781,40.0,397.0,,true
782,350.0,166.0,,true
783,500.0,184.0,,false
784,500.0,440.0,,false
785,3300.0,30.0,,false
786,3300.0,30.0,,false
787,3300.0,27.0,,false
788,60.0,231.0,,false
789,60.0,161.0,,false
790,60.0,196.0,,false
791,800.0,6.0,,false
792,60.0,106.0,,false
793,60.0,102.0,,false
794,60.0,110.0,,false
795,60.0,81.0,,false
796,60.0,115.0,,false
797,60.0,83.0,,false
798,60.0,83.0,,false
799,60.0,109.0,,false
800,60.0,102.0,,false
801,100.0,227.0,,false
802,100.0,245.0,,false
803,900.0,8.0,,false
804,1150.0,16.0,,false
805,1000.0,6.0,,false
806,1350.0,47.0,,true
807,500.0,59.0,,true
808,5000.0,16.0,,true
809,2200.0,133.0,,true
810,3500.0,305.0,,true
811,5000.0,600.0,,true
812,500.0,157.0,,true
813,125.0,520.0,,true
814,40.0,393.0,,true
815,350.0,180.0,,true
816,500.0,181.0,,false
817,500.0,560.0,,false
818,3300.0,28.0,,false
819,3300.0,30.0,,false
820,3300.0,22.0,,false
821,60.0,208.0,,false
822,60.0,155.0,,false
823,60.0,193.0,,false
824,800.0,4.0,,false
825,60.0,104.0,,false
826,60.0,93.0,,false
827,60.0,83.0,,false
828,60.0,90.0,,false
829,60.0,112.0,,false
830,60.0,111.0,,false
831,60.0,101.0,,false
832,60.0,112.0,,false
833,60.0,93.0,,false
834,100.0,227.0,,false
835,100.0,231.0,,false
836,900.0,8.0,,false
837,1150.0,15.0,,false
838,1000.0,6.0,,false
839,1350.0,49.0,,true
840,500.0,56.0,,true
841,5000.0,20.0,,true
842,2200.0,135.0,,true
843,3500.0,276.0,,true
844,5000.0,600.0,,true
845,500.0,158.0,,true
846,125.0,533.0,,true
847,40.0,374.0,,true
848,350.0,163.0,,true
849,500.0,186.0,,false
850,500.0,420.0,,false
851,3300.0,24.0,,false
852,3300.0,27.0,,false
853,3300.0,24.0,,false
854,60.0,186.0,,false
855,60.0,163.0,,false
856,60.0,224.0,,false
857,800.0,4.0,,false
858,60.0,87.0,,false
859,60.0,116.0,,false
860,60.0,104.0,,false
861,60.0,119.0,,false
862,60.0,89.0,,false
863,60.0,109.0,,false
864,60.0,99.0,,false
865,60.0,98.0,,false
866,60.0,115.0,,false
867,60.0,116.0,,false
868,100.0,219.0,,false
869,100.0,230.0,,false
870,900.0,9.0,,false
871,1150.0,13.0,,false
872,1000.0,7.0,,false
873,1350.0,47.0,,true
874,500.0,59.0,,true
875,5000.0,18.0,,true
876,2200.0,133.0,,true
877,3500.0,256.0,,true
878,5000.0,600.0,,true
879,500.0,143.0,,true
880,125.0,498.0,,true
881,40.0,440.0,,true
882,350.0,146.0,,true
883,500.0,198.0,,false
884,500.0,374.0,,false
885,3300.0,22.0,,false
886,3300.0,21.0,,false
887,3300.0,21.0,,false
888,60.0,217.0,,false
889,60.0,241.0,,false
890,60.0,220.0,,false
891,800.0,4.0,,false
892,60.0,120.0,,false
893,60.0,84.0,,false
894,60.0,93.0,,false
895,60.0,113.0,,false
896,60.0,99.0,,false
897,60.0,95.0,,false
898,60.0,93.0,,false
899,60.0,115.0,,false
900,60.0,97.0,,false
901,100.0,210.0,,false
902,100.0,233.0,,false
903,900.0,7.0,,false
904,1150.0,16.0,,false
905,1000.0,8.0,,false
906,1350.0,50.0,,true
907,500.0,56.0,,true
908,5000.0,18.0,,true
909,2200.0,140.0,,true
910,3500.0,289.0,,true
911,5000.0,600.0,,true
912,500.0,141.0,,true
913,125.0,473.0,,true
914,40.0,352.0,,true
915,350.0,148.0,,true
916,500.0,173.0,,false
917,500.0,375.0,,false
918,3300.0,26.0,,false
919,3300.0,28.0,,false
920,3300.0,28.0,,false
921,60.0,232.0,,false
922,60.0,245.0,,false
923,60.0,180.0,,false
924,60.0,245.0,,false
925,800.0,4.0,,false
926,60.0,117.0,,false
927,60.0,89.0,,false
928,60.0,90.0,,false
929,60.0,94.0,,false
930,60.0,84.0,,false
931,60.0,89.0,,false
932,60.0,113.0,,false
933,100.0,241.0,,false
934,100.0,215.0,,false
935,900.0,8.0,,false
936,1150.0,14.0,,false
937,1000.0,5.0,,false
938,1350.0,47.0,,true
939,500.0,56.0,,true
940,5000.0,17.0,,true
941,2200.0,138.0,,true
942,3500.0,283.0,,true
943,5000.0,600.0,,true
944,500.0,155.0,,true
945,125.0,479.0,,true
946,40.0,424.0,,true
947,350.0,144.0,,true
948,500.0,173.0,,false
949,500.0,551.0,,false
950,3300.0,29.0,,false
951,3300.0,22.0,,false
952,3300.0,29.0,,false
953,60.0,204.0,,false
954,60.0,204.0,,false
955,60.0,173.0,,false
956,800.0,5.0,,false
957,60.0,115.0,,false
958,60.0,100.0,,false
959,60.0,120.0,,false
960,60.0,91.0,,false
961,60.0,105.0,,false
962,60.0,103.0,,false
963,60.0,100.0,,false
964,60.0,91.0,,false
965,100.0,187.0,,false
966,100.0,247.0,,false
967,900.0,7.0,,false
968,1150.0,17.0,,false
969,1000.0,7.0,,false
970,1350.0,46.0,,true
971,500.0,58.0,,true
972,5000.0,16.0,,true
973,2200.0,134.0,,true
974,3500.0,366.0,,true
975,5000.0,600.0,,true
976,500.0,153.0,,true
977,125.0,480.0,,true
978,40.0,412.0,,true
979,350.0,155.0,,true
980,500.0,182.0,,false
981,500.0,342.0,,false
982,3300.0,29.0,,false
983,3300.0,28.0,,false
984,3300.0,22.0,,false
985,60.0,171.0,,false
986,60.0,240.0,,false
987,60.0,245.0,,false
988,800.0,5.0,,false
989,60.0,106.0,,false
990,60.0,103.0,,false
991,60.0,91.0,,false
992,60.0,86.0,,false
993,60.0,111.0,,false
994,60.0,100.0,,false
995,100.0,247.0,,false
996,100.0,214.0,,false
997,900.0,9.0,,false
998,1150.0,18.0,,false
999,1000.0,7.0,,false
1000,1350.0,50.0,,true
1001,500.0,59.0,,true
1002,5000.0,16.0,,true
1003,2200.0,131.0,,true
1004,3500.0,363.0,,true
1005,5000.0,600.0,,true
1006,500.0,154.0,,true
1007,125.0,489.0,,true
1008,40.0,456.0,,true
1009,350.0,146.0,,true
1010,500.0,200.0,,false
1011,500.0,364.0,,false
1012,3300.0,21.0,,false
1013,3300.0,27.0,,false
1014,3300.0,25.0,,false
1015,60.0,185.0,,false
1016,60.0,208.0,,false
1017,60.0,237.0,,false
1018,60.0,224.0,,false
1019,800.0,4.0,,false
1020,60.0,116.0,,false
1021,60.0,89.0,,false
1022,60.0,93.0,,false
1023,60.0,119.0,,false
1024,60.0,94.0,,false
1025,60.0,119.0,,false
1026,60.0,96.0,,false
1027,60.0,95.0,,false
1028,60.0,95.0,,false
1029,60.0,91.0,,false
1030,100.0,249.0,,false
1031,100.0,230.0,,false
1032,900.0,9.0,,false
1033,1150.0,17.0,,false
1034,1000.0,6.0,,false
1035,1350.0,47.0,,true
1036,500.0,58.0,,true
1037,5000.0,16.0,,true
1038,2200.0,133.0,,true
1039,3500.0,216.0,,true
1040,5000.0,600.0,,true
1041,500.0,160.0,,true
1042,125.0,513.0,,true
1043,40.0,366.0,,true
1044,350.0,179.0,,true
1045,500.0,183.0,,false
1046,500.0,448.0,,false
1047,3300.0,28.0,,false
1048,3300.0,28.0,,false
1049,3300.0,21.0,,false
1050,60.0,215.0,,false
1051,60.0,208.0,,false
1052,60.0,174.0,,false
1053,800.0,6.0,,false
1054,60.0,81.0,,false
1055,60.0,95.0,,false
1056,60.0,115.0,,false
1057,60.0,96.0,,false
1058,60.0,96.0,,false
1059,60.0,119.0,,false
1060,60.0,83.0,,false
1061,100.0,195.0,,false
1062,100.0,230.0,,false
1063,900.0,8.0,,false
1064,1150.0,13.0,,false
1065,1000.0,8.0,,false
1066,1350.0,46.0,,true
1067,500.0,59.0,,true
1068,5000.0,16.0,,true
1069,2200.0,140.0,,true
1070,3500.0,369.0,,true
1071,5000.0,600.0,,true
1072,500.0,142.0,,true
1073,125.0,490.0,,true
1074,40.0,414.0,,true
1075,350.0,161.0,,true
1076,500.0,189.0,,false
1077,500.0,407.0,,false
1078,3300.0,24.0,,false
1079,3300.0,25.0,,false
1080,3300.0,22.0,,false
1081,60.0,190.0,,false
1082,60.0,227.0,,false
1083,60.0,161.0,,false
1084,60.0,186.0,,false
1085,800.0,4.0,,false
1086,60.0,99.0,,false
1087,60.0,112.0,,false
1088,60.0,84.0,,false
1089,60.0,86.0,,false
1090,60.0,93.0,,false
1091,60.0,107.0,,false
1092,60.0,101.0,,false
1093,60.0,102.0,,false
1094,60.0,93.0,,false
1095,60.0,99.0,,false
1096,100.0,196.0,,false
1097,100.0,196.0,,false
1098,900.0,8.0,,false
1099,1150.0,14.0,,false
1100,1000.0,7.0,,false
1101,1350.0,47.0,,true
1102,500.0,56.0,,true
1103,5000.0,16.0,,true
1104,2200.0,140.0,,true
1105,3500.0,250.0,,true
1106,5000.0,600.0,,true
1107,500.0,141.0,,true
1108,125.0,516.0,,true
1109,40.0,457.0,,true
1110,350.0,160.0,,true
1111,500.0,174.0,,false
1112,500.0,577.0,,false
1113,3300.0,30.0,,false
1114,3300.0,21.0,,false
1115,3300.0,21.0,,false
1116,60.0,225.0,,false
1117,60.0,223.0,,false
1118,60.0,237.0,,false
1119,800.0,4.0,,false
1120,60.0,118.0,,false
1121,60.0,95.0,,false
1122,60.0,103.0,,false
1123,60.0,114.0,,false
1124,60.0,97.0,,false
1125,60.0,102.0,,false
1126,60.0,115.0,,false
1127,60.0,98.0,,false
1128,60.0,118.0,,false
1129,100.0,238.0,,false
1130,100.0,245.0,,false
1131,900.0,9.0,,false
1132,1150.0,15.0,,false
1133,1000.0,8.0,,false
1134,1350.0,46.0,,true
1135,500.0,58.0,,true
1136,5000.0,18.0,,true
1137,2200.0,134.0,,true
1138,3500.0,352.0,,true
1139,5000.0,600.0,,true
1140,500.0,143.0,,true
1141,125.0,472.0,,true
1142,40.0,391.0,,true
1143,350.0,146.0,,true
1144,500.0,171.0,,false
1145,500.0,462.0,,false
1146,3300.0,28.0,,false
1147,3300.0,21.0,,false
1148,3300.0,27.0,,false
1149,60.0,208.0,,false
1150,60.0,245.0,,false
1151,60.0,175.0,,false
1152,60.0,158.0,,false
1153,800.0,4.0,,false
1154,60.0,118.0,,false
1155,60.0,115.0,,false
1156,60.0,105.0,,false
1157,60.0,95.0,,false
1158,60.0,87.0,,false
1159,60.0,113.0,,false
1160,60.0,110.0,,false
1161,60.0,90.0,,false
1162,60.0,112.0,,false
1163,100.0,218.0,,false
1164,100.0,190.0,,false
1165,900.0,8.0,,false
1166,1150.0,13.0,,false
1167,1000.0,7.0,,false
1168,1350.0,47.0,,true
1169,500.0,60.0,,true
1170,5000.0,18.0,,true
1171,2200.0,133.0,,true
1172,3500.0,370.0,,true
1173,5000.0,600.0,,true
1174,500.0,142.0,,true
1175,125.0,461.0,,true
1176,40.0,459.0,,true
1177,350.0,175.0,,true
1178,500.0,173.0,,false
1179,500.0,413.0,,false
1180,3300.0,23.0,,false
1181,3300.0,27.0,,false
1182,3300.0,21.0,,false
1183,60.0,170.0,,false
1184,60.0,193.0,,false
1185,60.0,232.0,,false
1186,800.0,5.0,,false
1187,60.0,113.0,,false
1188,60.0,93.0,,false
1189,60.0,101.0,,false
1190,60.0,98.0,,false
1191,60.0,97.0,,false
1192,60.0,82.0,,false
1193,60.0,102.0,,false
1194,60.0,96.0,,false
1195,60.0,115.0,,false
1196,60.0,110.0,,false
1197,100.0,206.0,,false
1198,100.0,237.0,,false
1199,900.0,7.0,,false
1200,1150.0,17.0,,false
1201,1000.0,8.0,,false
1202,1350.0,46.0,,true
1203,500.0,57.0,,true
1204,5000.0,16.0,,true
1205,2200.0,134.0,,true
1206,3500.0,291.0,,true
1207,5000.0,600.0,,true
1208,500.0,146.0,,true
1209,125.0,466.0,,true
1210,40.0,455.0,,true
1211,350.0,164.0,,true
1212,500.0,197.0,,false
1213,500.0,488.0,,false
1214,3300.0,26.0,,false
1215,3300.0,24.0,,false
1216,3300.0,29.0,,false
1217,60.0,207.0,,false
1218,60.0,247.0,,false
1219,60.0,177.0,,false
1220,60.0,229.0,,false
1221,800.0,6.0,,false
1222,60.0,81.0,,false
1223,60.0,106.0,,false
1224,60.0,95.0,,false
1225,60.0,112.0,,false
1226,60.0,112.0,,false
1227,60.0,83.0,,false
1228,60.0,88.0,,false
1229,60.0,89.0,,false
1230,60.0,112.0,,false
1231,100.0,201.0,,false
1232,100.0,212.0,,false
1233,900.0,9.0,,false
1234,1150.0,14.0,,false
1235,1000.0,5.0,,false
1236,1350.0,47.0,,true
1237,500.0,59.0,,true
1238,5000.0,19.0,,true
1239,2200.0,138.0,,true
1240,3500.0,339.0,,true
1241,5000.0,600.0,,true
1242,500.0,147.0,,true
1243,125.0,521.0,,true
1244,40.0,363.0,,true
1245,350.0,148.0,,true
1246,500.0,197.0,,false
1247,500.0,563.0,,false
1248,3300.0,22.0,,false
1249,3300.0,23.0,,false
1250,3300.0,24.0,,false
1251,60.0,198.0,,false
1252,60.0,170.0,,false
1253,60.0,218.0,,false
1254,60.0,167.0,,false
1255,800.0,5.0,,false
1256,60.0,94.0,,false
1257,60.0,94.0,,false
1258,60.0,86.0,,false
1259,60.0,90.0,,false
1260,60.0,118.0,,false
1261,60.0,88.0,,false
1262,60.0,87.0,,false
1263,100.0,232.0,,false
1264,100.0,195.0,,false
1265,900.0,9.0,,false
1266,1150.0,13.0,,false
1267,1000.0,5.0,,false
1268,1350.0,47.0,,true
1269,500.0,57.0,,true
1270,5000.0,18.0,,true
1271,2200.0,135.0,,true
1272,3500.0,205.0,,true
1273,5000.0,600.0,,true
1274,500.0,144.0,,true
1275,125.0,529.0,,true
1276,40.0,454.0,,true
1277,350.0,174.0,,true
1278,500.0,200.0,,false
1279,500.0,495.0,,false
1280,3300.0,30.0,,false
1281,3300.0,28.0,,false
1282,3300.0,23.0,,false
1283,60.0,189.0,,false
1284,60.0,162.0,,false
1285,60.0,202.0,,false
1286,60.0,167.0,,false
1287,800.0,6.0,,false
1288,60.0,110.0,,false
1289,60.0,107.0,,false
1290,60.0,84.0,,false
1291,60.0,112.0,,false
1292,60.0,92.0,,false
1293,60.0,116.0,,false
1294,60.0,94.0,,false
1295,60.0,89.0,,false
1296,60.0,103.0,,false
1297,100.0,234.0,,false
1298,100.0,247.0,,false
1299,900.0,9.0,,false
1300,1150.0,15.0,,false
1301,1000.0,7.0,,false
1302,1350.0,48.0,,true
1303,500.0,57.0,,true
1304,5000.0,18.0,,true
1305,2200.0,138.0,,true
1306,3500.0,264.0,,true
1307,5000.0,600.0,,true
1308,500.0,148.0,,true
1309,125.0,517.0,,true
1310,40.0,399.0,,true
1311,350.0,177.0,,true
1312,500.0,194.0,,false
1313,500.0,533.0,,false
1314,3300.0,23.0,,false
1315,3300.0,27.0,,false
1316,3300.0,26.0,,false
1317,60.0,248.0,,false
1318,60.0,187.0,,false
1319,60.0,231.0,,false
1320,800.0,6.0,,false
1321,60.0,111.0,,false
1322,60.0,81.0,,false
1323,60.0,96.0,,false
1324,60.0,102.0,,false
1325,60.0,87.0,,false
1326,60.0,116.0,,false
1327,100.0,208.0,,false
1328,100.0,235.0,,false
1329,900.0,10.0,,false
1330,1150.0,16.0,,false
1331,1000.0,5.0,,false
1332,1350.0,46.0,,true
1333,500.0,59.0,,true
1334,5000.0,18.0,,true
1335,2200.0,138.0,,true
1336,3500.0,304.0,,true
1337,5000.0,600.0,,true
1338,500.0,150.0,,true
1339,125.0,460.0,,true
1340,40.0,429.0,,true
1341,350.0,149.0,,true
1342,500.0,171.0,,false
1343,500.0,475.0,,false
1344,3300.0,24.0,,false
1345,3300.0,23.0,,false
1346,3300.0,29.0,,false
1347,60.0,213.0,,false
1348,60.0,212.0,,false
1349,60.0,157.0,,false
1350,60.0,168.0,,false
1351,800.0,6.0,,false
1352,60.0,110.0,,false
1353,60.0,87.0,,false
1354,60.0,113.0,,false
1355,60.0,97.0,,false
1356,60.0,106.0,,false
1357,60.0,118.0,,false
1358,60.0,88.0,,false
1359,60.0,114.0,,false
1360,60.0,113.0,,false
1361,100.0,192.0,,false
1362,100.0,227.0,,false
1363,900.0,7.0,,false
1364,1150.0,17.0,,false
1365,1000.0,8.0,,false
1366,1350.0,47.0,,true
1367,500.0,56.0,,true
1368,5000.0,18.0,,true
1369,2200.0,140.0,,true
1370,3500.0,319.0,,true
1371,5000.0,600.0,,true
1372,500.0,148.0,,true
1373,125.0,519.0,,true
1374,40.0,364.0,,true
1375,350.0,178.0,,true
1376,500.0,196.0,,false
1377,500.0,356.0,,false
1378,3300.0,22.0,,false
1379,3300.0,27.0,,false
1380,3300.0,28.0,,false
1381,60.0,163.0,,false
1382,60.0,239.0,,false
1383,60.0,173.0,,false
1384,60.0,154.0,,false
1385,800.0,6.0,,false
1386,60.0,119.0,,false
1387,60.0,97.0,,false
1388,60.0,118.0,,false
1389,60.0,98.0,,false
1390,60.0,84.0,,false
1391,60.0,88.0,,false
1392,100.0,240.0,,false
1393,100.0,220.0,,false
1394,900.0,10.0,,false
1395,1150.0,18.0,,false
1396,1000.0,6.0,,false
1397,1350.0,48.0,,true
1398,500.0,59.0,,true
1399,5000.0,20.0,,true
1400,2200.0,133.0,,true
1401,3500.0,361.0,,true
1402,5000.0,600.0,,true
1403,500.0,147.0,,true
1404,125.0,537.0,,true
1405,40.0,384.0,,true
1406,350.0,147.0,,true
1407,500.0,199.0,,false
1408,500.0,476.0,,false
1409,3300.0,22.0,,false
1410,3300.0,25.0,,false
1411,3300.0,24.0,,false
1412,60.0,204.0,,false
1413,60.0,158.0,,false
1414,60.0,212.0,,false
1415,800.0,6.0,,false
1416,60.0,102.0,,false
1417,60.0,85.0,,false
1418,60.0,117.0,,false
1419,60.0,96.0,,false
1420,60.0,91.0,,false
1421,60.0,99.0,,false
1422,60.0,119.0,,false
1423,100.0,224.0,,false
1424,100.0,206.0,,false
1425,900.0,7.0,,false
1426,1150.0,15.0,,false
1427,1000.0,7.0,,false
1428,1350.0,48.0,,true
1429,500.0,59.0,,true
1430,5000.0,19.0,,true
1431,2200.0,133.0,,true
1432,3500.0,361.0,,true
1433,5000.0,600.0,,true
1434,500.0,159.0,,true
1435,125.0,544.0,,true
1436,40.0,442.0,,true
1437,350.0,174.0,,true
1438,500.0,197.0,,false
1439,500.0,547.0,,false
1440,3300.0,24.0,,false
1441,3300.0,24.0,,false
1442,3300.0,30.0,,false
1443,60.0,186.0,,false
1444,60.0,196.0,,false
1445,60.0,194.0,,false
1446,800.0,6.0,,false
1447,60.0,110.0,,false
1448,60.0,85.0,,false
1449,60.0,81.0,,false
1450,60.0,108.0,,false
1451,60.0,99.0,,false
1452,60.0,105.0,,false
1453,60.0,90.0,,false
1454,60.0,91.0,,false
1455,60.0,91.0,,false
1456,60.0,117.0,,false
1457,100.0,222.0,,false
1458,100.0,248.0,,false
1459,900.0,9.0,,false
1460,1150.0,15.0,,false
1461,1000.0,6.0,,false
1462,1350.0,50.0,,true
1463,500.0,56.0,,true
1464,5000.0,17.0,,true
1465,2200.0,138.0,,true
1466,3500.0,244.0,,true
1467,5000.0,600.0,,true
1468,500.0,142.0,,true
1469,125.0,522.0,,true
1470,40.0,457.0,,true
1471,350.0,177.0,,true
1472,500.0,185.0,,false
1473,500.0,326.0,,false
1474,3300.0,27.0,,false
1475,3300.0,24.0,,false
1476,3300.0,22.0,,false
1477,60.0,174.0,,false
1478,60.0,194.0,,false
1479,60.0,201.0,,false
1480,60.0,212.0,,false
1481,800.0,5.0,,false
1482,60.0,91.0,,false
1483,60.0,87.0,,false
1484,60.0,108.0,,false
1485,60.0,108.0,,false
1486,60.0,110.0,,false
1487,60.0,104.0,,false
1488,60.0,108.0,,false
1489,60.0,85.0,,false
1490,60.0,93.0,,false
1491,100.0,185.0,,false
1492,100.0,248.0,,false
1493,900.0,9.0,,false
1494,1150.0,14.0,,false
1495,1000.0,5.0,,false
1496,1350.0,47.0,,true
1497,500.0,56.0,,true
1498,5000.0,16.0,,true
1499,2200.0,132.0,,true
1500,3500.0,212.0,,true
1501,5000.0,600.0,,true
1502,500.0,147.0,,true
1503,125.0,513.0,,true
1504,40.0,384.0,,true
1505,350.0,154.0,,true
1506,500.0,192.0,,false
1507,500.0,518.0,,false
1508,3300.0,25.0,,false
1509,3300.0,30.0,,false
1510,3300.0,27.0,,false
1511,60.0,155.0,,false
1512,60.0,176.0,,false
1513,60.0,174.0,,false
1514,800.0,5.0,,false
1515,60.0,83.0,,false
1516,60.0,86.0,,false
1517,60.0,118.0,,false
1518,60.0,96.0,,false
1519,60.0,114.0,,false
1520,60.0,114.0,,false
1521,100.0,233.0,,false
1522,100.0,215.0,,false
1523,900.0,10.0,,false
1524,1150.0,18.0,,false
1525,1000.0,5.0,,false
1526,1350.0,49.0,,true
1527,500.0,59.0,,true
1528,5000.0,17.0,,true
1529,2200.0,136.0,,true
1530,3500.0,242.0,,true
1531,5000.0,600.0,,true
1532,500.0,147.0,,true
1533,125.0,534.0,,true
1534,40.0,401.0,,true
1535,350.0,143.0,,true
1536,500.0,175.0,,false
1537,500.0,319.0,,false
1538,3300.0,23.0,,false
1539,3300.0,27.0,,false
1540,3300.0,24.0,,false
1541,60.0,235.0,,false
1542,60.0,237.0,,false
1543,60.0,233.0,,false
1544,60.0,189.0,,false
1545,800.0,5.0,,false
1546,60.0,110.0,,false
1547,60.0,82.0,,false
1548,60.0,120.0,,false
1549,60.0,109.0,,false
1550,60.0,104.0,,false
1551,60.0,83.0,,false
1552,60.0,92.0,,false
1553,60.0,93.0,,false
1554,100.0,197.0,,false
1555,100.0,190.0,,false
1556,900.0,10.0,,false
1557,1150.0,18.0,,false
1558,1000.0,5.0,,false
1559,1350.0,49.0,,true
1560,500.0,58.0,,true
1561,5000.0,17.0,,true
1562,2200.0,136.0,,true
1563,3500.0,279.0,,true
1564,5000.0,600.0,,true
1565,500.0,159.0,,true
1566,125.0,527.0,,true
1567,40.0,454.0,,true
1568,350.0,160.0,,true
1569,500.0,191.0,,false
1570,500.0,591.0,,false
1571,3300.0,21.0,,false
1572,3300.0,24.0,,false
1573,3300.0,26.0,,false
1574,60.0,219.0,,false
1575,60.0,204.0,,false
1576,60.0,245.0,,false
1577,800.0,6.0,,false
1578,60.0,92.0,,false
1579,60.0,100.0,,false
1580,60.0,91.0,,false
1581,60.0,96.0,,false
1582,60.0,108.0,,false
1583,60.0,113.0,,false
1584,60.0,105.0,,false
1585,60.0,96.0,,false
1586,100.0,184.0,,false
1587,100.0,190.0,,false
1588,900.0,8.0,,false
1589,1150.0,17.0,,false
1590,1000.0,6.0,,false
1591,1350.0,49.0,,true
1592,500.0,57.0,,true
1593,5000.0,18.0,,true
1594,2200.0,138.0,,true
1595,3500.0,376.0,,true
1596,5000.0,600.0,,true
1597,500.0,145.0,,true
1598,125.0,504.0,,true
1599,40.0,391.0,,true
1600,350.0,166.0,,true
1601,500.0,182.0,,false
1602,500.0,593.0,,false
1603,3300.0,26.0,,false
1604,3300.0,25.0,,false
1605,3300.0,23.0,,false
1606,60.0,199.0,,false
1607,60.0,201.0,,false
1608,60.0,222.0,,false
1609,60.0,198.0,,false
1610,800.0,5.0,,false
1611,60.0,112.0,,false
1612,60.0,103.0,,false
1613,60.0,120.0,,false
1614,60.0,108.0,,false
1615,60.0,100.0,,false
1616,60.0,89.0,,false
1617,60.0,101.0,,false
1618,60.0,99.0,,false
1619,100.0,247.0,,false
1620,100.0,212.0,,false
1621,900.0,10.0,,false
1622,1150.0,15.0,,false
1623,1000.0,7.0,,false
