Reference,height,width,stripwidth,preemptable
1,1350.0,50.0,720,true
2,500.0,59.0,,true
3,5000.0,18.0,,true
4,2200.0,135.0,,true
5,3500.0,365.0,,true
6,5000.0,600.0,,true
7,500.0,151.0,,true
8,125.0,468.0,,true
9,40.0,457.0,,true
10,350.0,144.0,,true
11,500.0,182.0,,false
12,500.0,376.0,,false
13,3300.0,29.0,,false
14,3300.0,26.0,,false
15,3300.0,22.0,,false
16,60.0,229.0,,false
17,60.0,224.0,,false
18,60.0,175.0,,false
19,60.0,234.0,,false
20,800.0,4.0,,false
21,60.0,87.0,,false
22,60.0,115.0,,false
23,60.0,92.0,,false
24,60.0,95.0,,false
25,60.0,95.0,,false
26,60.0,107.0,,false
27,100.0,249.0,,false
28,100.0,202.0,,false
29,900.0,10.0,,false
30,1150.0,14.0,,false
31,1000.0,7.0,,false
32,1350.0,47.0,,true
33,500.0,56.0,,true
34,5000.0,17.0,,true
35,2200.0,136.0,,true
36,3500.0,242.0,,true
37,5000.0,600.0,,true
38,500.0,145.0,,true
39,125.0,515.0,,true
40,40.0,449.0,,true
41,350.0,148.0,,true
42,500.0,198.0,,false
43,500.0,452.0,,false
44,3300.0,29.0,,false
45,3300.0,29.0,,false
46,3300.0,24.0,,false
47,60.0,215.0,,false
48,60.0,204.0,,false
49,60.0,180.0,,false
50,800.0,4.0,,false
51,60.0,95.0,,false
52,60.0,112.0,,false
53,60.0,111.0,,false
54,60.0,88.0,,false
55,60.0,109.0,,false
56,60.0,119.0,,false
57,60.0,84.0,,false
58,60.0,89.0,,false
59,60.0,112.0,,false
60,60.0,113.0,,false
61,100.0,199.0,,false
62,100.0,244.0,,false
63,900.0,10.0,,false
64,1150.0,18.0,,false
65,1000.0,6.0,,false
66,1350.0,50.0,,true
67,500.0,58.0,,true
68,5000.0,18.0,,true
69,2200.0,135.0,,true
70,3500.0,301.0,,true
71,5000.0,600.0,,true
72,500.0,145.0,,true
73,125.0,469.0,,true
74,40.0,365.0,,true
75,350.0,149.0,,true
76,500.0,175.0,,false
77,500.0,425.0,,false
78,3300.0,26.0,,false
79,3300.0,29.0,,false
80,3300.0,23.0,,false
81,60.0,175.0,,false
82,60.0,226.0,,false
83,60.0,166.0,,false
84,60.0,244.0,,false
85,800.0,5.0,,false
86,60.0,120.0,,false
87,60.0,91.0,,false
88,60.0,94.0,,false
89,60.0,102.0,,false
90,60.0,88.0,,false
91,60.0,95.0,,false
92,60.0,92.0,,false
93,60.0,99.0,,false
94,60.0,94.0,,false
95,60.0,83.0,,false
96,100.0,242.0,,false
97,100.0,249.0,,false
98,900.0,9.0,,false
99,1150.0,15.0,,false
100,1000.0,5.0,,false
101,1350.0,46.0,,true
102,500.0,59.0,,true
103,5000.0,19.0,,true
104,2200.0,135.0,,true
105,3500.0,244.0,,true
106,5000.0,600.0,,true
107,500.0,156.0,,true
108,125.0,465.0,,true
109,40.0,393.0,,true
110,350.0,142.0,,true
111,500.0,174.0,,false
112,500.0,371.0,,false
113,3300.0,29.0,,false
114,3300.0,23.0,,false
115,3300.0,26.0,,false
116,60.0,159.0,,false
117,60.0,171.0,,false
118,60.0,155.0,,false
119,800.0,5.0,,false
120,60.0,85.0,,false
121,60.0,107.0,,false
122,60.0,83.0,,false
123,60.0,110.0,,false
124,60.0,113.0,,false
125,60.0,95.0,,false
126,60.0,106.0,,false
127,60.0,113.0,,false
128,60.0,108.0,,false
129,100.0,199.0,,false
130,100.0,194.0,,false
131,900.0,10.0,,false
132,1150.0,14.0,,false
133,1000.0,7.0,,false
134,1350.0,47.0,,true
135,500.0,58.0,,true
136,5000.0,19.0,,true
137,2200.0,134.0,,true
138,3500.0,224.0,,true
139,5000.0,600.0,,true
140,500.0,144.0,,true
141,125.0,513.0,,true
142,40.0,418.0,,true
143,350.0,171.0,,true
144,500.0,174.0,,false
145,500.0,374.0,,false
146,3300.0,26.0,,false
147,3300.0,28.0,,false
148,3300.0,30.0,,false
149,60.0,236.0,,false
150,60.0,224.0,,false
151,60.0,245.0,,false
152,800.0,6.0,,false
153,60.0,84.0,,false
154,60.0,94.0,,false
155,60.0,119.0,,false
156,60.0,103.0,,false
157,60.0,117.0,,false
158,60.0,83.0,,false
159,100.0,247.0,,false
160,100.0,191.0,,false
161,900.0,7.0,,false
162,1150.0,16.0,,false
163,1000.0,5.0,,false
164,1350.0,49.0,,true
165,500.0,59.0,,true
166,5000.0,18.0,,true
167,2200.0,138.0,,true
168,3500.0,369.0,,true
169,5000.0,600.0,,true
170,500.0,148.0,,true
171,125.0,452.0,,true
172,40.0,452.0,,true
173,350.0,167.0,,true
174,500.0,189.0,,false
175,500.0,499.0,,false
176,3300.0,24.0,,false
177,3300.0,22.0,,false
178,3300.0,23.0,,false
179,60.0,172.0,,false
180,60.0,247.0,,false
181,60.0,182.0,,false
182,60.0,173.0,,false
183,800.0,5.0,,false
184,60.0,90.0,,false
185,60.0,88.0,,false
186,60.0,110.0,,false
187,60.0,95.0,,false
188,60.0,102.0,,false
189,60.0,117.0,,false
190,60.0,89.0,,false
191,100.0,217.0,,false
192,100.0,204.0,,false
193,900.0,8.0,,false
194,1150.0,14.0,,false
195,1000.0,7.0,,false
196,1350.0,49.0,,true
197,500.0,60.0,,true
198,5000.0,19.0,,true
199,2200.0,137.0,,true
200,3500.0,245.0,,true
201,5000.0,600.0,,true
202,500.0,142.0,,true
203,125.0,510.0,,true
204,40.0,459.0,,true
205,350.0,179.0,,true
206,500.0,172.0,,false
207,500.0,314.0,,false
208,3300.0,30.0,,false
209,3300.0,21.0,,false
210,3300.0,30.0,,false
211,60.0,239.0,,false
212,60.0,163.0,,false
213,60.0,203.0,,false
214,800.0,5.0,,false
215,60.0,85.0,,false
216,60.0,107.0,,false
217,60.0,97.0,,false
218,60.0,105.0,,false
219,60.0,93.0,,false
220,60.0,117.0,,false
221,60.0,117.0,,false
222,100.0,191.0,,false
223,100.0,219.0,,false
224,900.0,9.0,,false
225,1150.0,17.0,,false
226,1000.0,6.0,,false
227,1350.0,47.0,,true
228,500.0,56.0,,true
229,5000.0,20.0,,true
230,2200.0,136.0,,true
231,3500.0,228.0,,true
232,5000.0,600.0,,true
233,500.0,156.0,,true
234,125.0,508.0,,true
235,40.0,413.0,,true
236,350.0,176.0,,true
237,500.0,200.0,,false
238,500.0,341.0,,false
239,3300.0,24.0,,false
240,3300.0,21.0,,false
241,3300.0,23.0,,false
242,60.0,219.0,,false
243,60.0,186.0,,false
244,60.0,174.0,,false
245,800.0,5.0,,false
246,60.0,81.0,,false
247,60.0,107.0,,false
248,60.0,115.0,,false
249,60.0,99.0,,false
250,60.0,113.0,,false
251,60.0,112.0,,false
252,100.0,219.0,,false
253,100.0,207.0,,false
254,900.0,10.0,,false
255,1150.0,16.0,,false
256,1000.0,5.0,,false
257,1350.0,49.0,,true
258,500.0,60.0,,true
259,5000.0,20.0,,true
260,2200.0,134.0,,true
261,3500.0,204.0,,true
262,5000.0,600.0,,true
263,500.0,144.0,,true
264,125.0,474.0,,true
265,40.0,386.0,,true
266,350.0,157.0,,true
267,500.0,193.0,,false
268,500.0,584.0,,false
269,3300.0,30.0,,false
270,3300.0,24.0,,false
271,3300.0,25.0,,false
272,60.0,222.0,,false
273,60.0,221.0,,false
274,60.0,218.0,,false
275,60.0,178.0,,false
276,800.0,4.0,,false
277,60.0,99.0,,false
278,60.0,93.0,,false
279,60.0,92.0,,false
280,60.0,92.0,,false
281,60.0,111.0,,false
282,60.0,119.0,,false
283,60.0,93.0,,false
284,60.0,100.0,,false
285,100.0,235.0,,false
286,100.0,192.0,,false
287,900.0,7.0,,false
288,1150.0,15.0,,false
289,1000.0,5.0,,false
290,1350.0,47.0,,true
291,500.0,56.0,,true
292,5000.0,20.0,,true
293,2200.0,134.0,,true
294,3500.0,383.0,,true
295,5000.0,600.0,,true
296,500.0,150.0,,true
297,125.0,500.0,,true
298,40.0,415.0,,true
299,350.0,151.0,,true
300,500.0,187.0,,false
301,500.0,473.0,,false
302,3300.0,25.0,,false
303,3300.0,27.0,,false
304,3300.0,29.0,,false
305,60.0,154.0,,false
306,60.0,173.0,,false
307,60.0,238.0,,false
308,60.0,225.0,,false
309,800.0,4.0,,false
310,60.0,93.0,,false
311,60.0,95.0,,false
312,60.0,84.0,,false
313,60.0,90.0,,false
314,60.0,94.0,,false
315,60.0,109.0,,false
316,60.0,89.0,,false
317,60.0,97.0,,false
318,60.0,108.0,,false
319,100.0,198.0,,false
320,100.0,182.0,,false
321,900.0,8.0,,false
322,1150.0,13.0,,false
323,1000.0,5.0,,false
324,1350.0,50.0,,true
325,500.0,58.0,,true
326,5000.0,19.0,,true
327,2200.0,138.0,,true
328,3500.0,298.0,,true
329,5000.0,600.0,,true
330,500.0,158.0,,true
331,125.0,509.0,,true
332,40.0,418.0,,true
333,350.0,152.0,,true
334,500.0,200.0,,false
335,500.0,555.0,,false
336,3300.0,23.0,,false
337,3300.0,24.0,,false
338,3300.0,28.0,,false
339,60.0,187.0,,false
340,60.0,162.0,,false
341,60.0,225.0,,false
342,60.0,170.0,,false
343,800.0,5.0,,false
344,60.0,104.0,,false
345,60.0,113.0,,false
346,60.0,111.0,,false
347,60.0,113.0,,false
348,60.0,89.0,,false
349,60.0,102.0,,false
350,100.0,203.0,,false
351,100.0,222.0,,false
352,900.0,7.0,,false
353,1150.0,17.0,,false
354,1000.0,5.0,,false
355,1350.0,48.0,,true
356,500.0,59.0,,true
357,5000.0,16.0,,true
358,2200.0,136.0,,true
359,3500.0,236.0,,true
360,5000.0,600.0,,true
361,500.0,148.0,,true
362,125.0,523.0,,true
363,40.0,363.0,,true
364,350.0,143.0,,true
365,500.0,188.0,,false
366,500.0,489.0,,false
367,3300.0,29.0,,false
368,3300.0,23.0,,false
369,3300.0,24.0,,false
370,60.0,173.0,,false
371,60.0,159.0,,false
372,60.0,241.0,,false
373,60.0,187.0,,false
374,800.0,5.0,,false
375,60.0,109.0,,false
376,60.0,83.0,,false
377,60.0,99.0,,false
378,60.0,104.0,,false
379,60.0,94.0,,false
380,60.0,90.0,,false
381,60.0,92.0,,false
382,60.0,119.0,,false
383,60.0,113.0,,false
384,60.0,101.0,,false
385,100.0,211.0,,false
386,100.0,229.0,,false
387,900.0,10.0,,false
388,1150.0,14.0,,false
389,1000.0,5.0,,false
390,1350.0,49.0,,true
391,500.0,58.0,,true
392,5000.0,19.0,,true
393,2200.0,131.0,,true
394,3500.0,392.0,,true
395,5000.0,600.0,,true
396,500.0,153.0,,true
397,125.0,483.0,,true
398,40.0,410.0,,true
399,350.0,163.0,,true
400,500.0,188.0,,false
401,500.0,327.0,,false
402,3300.0,21.0,,false
403,3300.0,30.0,,false
404,3300.0,24.0,,false
405,60.0,159.0,,false
406,60.0,176.0,,false
407,60.0,163.0,,false
408,800.0,4.0,,false
409,60.0,108.0,,false
410,60.0,114.0,,false
411,60.0,116.0,,false
412,60.0,103.0,,false
413,60.0,102.0,,false
414,60.0,120.0,,false
415,60.0,111.0,,false
416,60.0,109.0,,false
417,60.0,116.0,,false
418,100.0,227.0,,false
419,100.0,187.0,,false
420,900.0,8.0,,false
421,1150.0,16.0,,false
422,1000.0,7.0,,false
423,1350.0,48.0,,true
424,500.0,59.0,,true
425,5000.0,16.0,,true
426,2200.0,134.0,,true
427,3500.0,373.0,,true
428,5000.0,600.0,,true
429,500.0,151.0,,true
430,125.0,478.0,,true
431,40.0,456.0,,true
432,350.0,168.0,,true
433,500.0,176.0,,false
434,500.0,555.0,,false
435,3300.0,24.0,,false
436,3300.0,26.0,,false
437,3300.0,28.0,,false
438,60.0,192.0,,false
439,60.0,240.0,,false
440,60.0,198.0,,false
441,800.0,5.0,,false
442,60.0,82.0,,false
443,60.0,98.0,,false
444,60.0,106.0,,false
445,60.0,106.0,,false
446,60.0,85.0,,false
447,60.0,94.0,,false
448,100.0,235.0,,false
449,100.0,248.0,,false
450,900.0,10.0,,false
451,1150.0,15.0,,false
452,1000.0,8.0,,false
453,1350.0,47.0,,true
454,500.0,58.0,,true
455,5000.0,20.0,,true
456,2200.0,135.0,,true
457,3500.0,348.0,,true
458,5000.0,600.0,,true
459,500.0,152.0,,true
460,125.0,529.0,,true
461,40.0,414.0,,true
462,350.0,170.0,,true
463,500.0,197.0,,false
464,500.0,507.0,,false
465,3300.0,23.0,,false
466,3300.0,28.0,,false
467,3300.0,25.0,,false
468,60.0,216.0,,false
469,60.0,196.0,,false
470,60.0,229.0,,false
471,800.0,6.0,,false
472,60.0,91.0,,false
473,60.0,103.0,,false
474,60.0,102.0,,false
475,60.0,108.0,,false
476,60.0,92.0,,false
477,60.0,106.0,,false
478,60.0,103.0,,false
479,60.0,86.0,,false
480,100.0,239.0,,false
481,100.0,209.0,,false
482,900.0,8.0,,false
483,1150.0,13.0,,false
484,1000.0,6.0,,false
485,1350.0,47.0,,true
486,500.0,60.0,,true
487,5000.0,20.0,,true
488,2200.0,140.0,,true
489,3500.0,287.0,,true
490,5000.0,600.0,,true
491,500.0,150.0,,true
492,125.0,480.0,,true
493,40.0,427.0,,true
494,350.0,180.0,,true
495,500.0,196.0,,false
496,500.0,320.0,,false
497,3300.0,29.0,,false
498,3300.0,27.0,,false
499,3300.0,26.0,,false
500,60.0,213.0,,false
501,60.0,204.0,,false
502,60.0,182.0,,false
503,60.0,159.0,,false
504,800.0,5.0,,false
505,60.0,105.0,,false
506,60.0,106.0,,false
507,60.0,113.0,,false
508,60.0,104.0,,false
509,60.0,118.0,,false
510,60.0,112.0,,false
511,100.0,241.0,,false
512,100.0,249.0,,false
513,900.0,10.0,,false
514,1150.0,15.0,,false
515,1000.0,6.0,,false
516,1350.0,47.0,,true
517,500.0,59.0,,true
518,5000.0,18.0,,true
519,2200.0,139.0,,true
520,3500.0,284.0,,true
521,5000.0,600.0,,true
522,500.0,155.0,,true
523,125.0,505.0,,true
524,40.0,402.0,,true
525,350.0,154.0,,true
526,500.0,192.0,,false
527,500.0,314.0,,false
528,3300.0,27.0,,false
529,3300.0,27.0,,false
530,3300.0,23.0,,false
531,60.0,206.0,,false
532,60.0,201.0,,false
533,60.0,190.0,,false
534,60.0,166.0,,false
535,800.0,6.0,,false
536,60.0,103.0,,false
537,60.0,113.0,,false
538,60.0,83.0,,false
539,60.0,96.0,,false
540,60.0,89.0,,false
541,60.0,99.0,,false
542,60.0,86.0,,false
543,60.0,116.0,,false
544,60.0,116.0,,false
545,100.0,217.0,,false
546,100.0,208.0,,false
547,900.0,9.0,,false
548,1150.0,16.0,,false
549,1000.0,5.0,,false
550,1350.0,46.0,,true
551,500.0,56.0,,true
552,5000.0,17.0,,true
553,2200.0,134.0,,true
554,3500.0,207.0,,true
555,5000.0,600.0,,true
556,500.0,155.0,,true
557,125.0,530.0,,true
558,40.0,375.0,,true
559,350.0,178.0,,true
560,500.0,185.0,,false
561,500.0,501.0,,false
562,3300.0,26.0,,false
563,3300.0,22.0,,false
564,3300.0,21.0,,false
565,60.0,226.0,,false
566,60.0,164.0,,false
567,60.0,166.0,,false
568,60.0,232.0,,false
569,800.0,5.0,,false
570,60.0,90.0,,false
571,60.0,114.0,,false
572,60.0,85.0,,false
573,60.0,99.0,,false
574,60.0,111.0,,false
575,60.0,109.0,,false
576,60.0,112.0,,false
577,60.0,84.0,,false
578,100.0,208.0,,false
579,100.0,246.0,,false
580,900.0,9.0,,false
581,1150.0,15.0,,false
582,1000.0,8.0,,false
583,1350.0,50.0,,true
584,500.0,57.0,,true
585,5000.0,19.0,,true
586,2200.0,132.0,,true
587,3500.0,286.0,,true
588,5000.0,600.0,,true
589,500.0,148.0,,true
590,125.0,550.0,,true
591,40.0,372.0,,true
592,350.0,165.0,,true
593,500.0,179.0,,false
594,500.0,443.0,,false
595,3300.0,21.0,,false
596,3300.0,28.0,,false
597,3300.0,29.0,,false
598,60.0,204.0,,false
599,60.0,207.0,,false
600,60.0,203.0,,false
601,60.0,232.0,,false
602,800.0,4.0,,false
603,60.0,112.0,,false
604,60.0,115.0,,false
605,60.0,116.0,,false
606,60.0,114.0,,false
607,60.0,81.0,,false
608,60.0,104.0,,false
609,60.0,96.0,,false
610,100.0,205.0,,false
611,100.0,248.0,,false
612,900.0,8.0,,false
613,1150.0,15.0,,false
614,1000.0,8.0,,false
615,1350.0,46.0,,true
616,500.0,56.0,,true
617,5000.0,17.0,,true
618,2200.0,139.0,,true
619,3500.0,331.0,,true
620,5000.0,600.0,,true
621,500.0,160.0,,true
622,125.0,527.0,,true
623,40.0,360.0,,true
624,350.0,174.0,,true
625,500.0,194.0,,false
626,500.0,562.0,,false
627,3300.0,25.0,,false
628,3300.0,24.0,,false
629,3300.0,23.0,,false
630,60.0,168.0,,false
631,60.0,234.0,,false
632,60.0,178.0,,false
633,800.0,6.0,,false
634,60.0,112.0,,false
635,60.0,117.0,,false
636,60.0,115.0,,false
637,60.0,89.0,,false
638,60.0,93.0,,false
639,60.0,81.0,,false
640,60.0,102.0,,false
641,60.0,85.0,,false
642,60.0,120.0,,false
643,60.0,117.0,,false
644,100.0,247.0,,false
645,100.0,202.0,,false
646,900.0,7.0,,false
647,1150.0,13.0,,false
648,1000.0,6.0,,false
649,1350.0,46.0,,true
650,500.0,56.0,,true
651,5000.0,16.0,,true
652,2200.0,137.0,,true
653,3500.0,268.0,,true
654,5000.0,600.0,,true
655,500.0,148.0,,true
656,125.0,550.0,,true
657,40.0,443.0,,true
658,350.0,146.0,,true
659,500.0,172.0,,false
660,500.0,520.0,,false
661,3300.0,24.0,,false
662,3300.0,25.0,,false
663,3300.0,29.0,,false
664,60.0,187.0,,false
665,60.0,224.0,,false
666,60.0,161.0,,false
667,60.0,247.0,,false
668,800.0,4.0,,false
669,60.0,104.0,,false
670,60.0,90.0,,false
671,60.0,92.0,,false
672,60.0,89.0,,false
673,60.0,86.0,,false
674,60.0,105.0,,false
675,60.0,104.0,,false
676,60.0,104.0,,false
677,60.0,109.0,,false
678,100.0,199.0,,false
679,100.0,212.0,,false
680,900.0,9.0,,false
681,1150.0,16.0,,false
682,1000.0,8.0,,false
683,1350.0,47.0,,true
684,500.0,60.0,,true
685,5000.0,20.0,,true
686,2200.0,132.0,,true
687,3500.0,389.0,,true
688,5000.0,600.0,,true
689,500.0,150.0,,true
690,125.0,499.0,,true
691,40.0,365.0,,true
692,350.0,167.0,,true
693,500.0,182.0,,false
694,500.0,408.0,,false
695,3300.0,24.0,,false
696,3300.0,24.0,,false
697,3300.0,25.0,,false
698,60.0,164.0,,false
699,60.0,178.0,,false
700,60.0,171.0,,false
701,800.0,6.0,,false
702,60.0,99.0,,false
703,60.0,90.0,,false
704,60.0,112.0,,false
705,60.0,116.0,,false
706,60.0,88.0,,false
707,60.0,100.0,,false
708,60.0,120.0,,false
709,100.0,219.0,,false
710,100.0,183.0,,false
711,900.0,8.0,,false
712,1150.0,18.0,,false
713,1000.0,8.0,,false
714,1350.0,50.0,,true
715,500.0,60.0,,true
716,5000.0,19.0,,true
717,2200.0,140.0,,true
718,3500.0,222.0,,true
719,5000.0,600.0,,true
720,500.0,146.0,,true
721,125.0,544.0,,true
722,40.0,427.0,,true
723,350.0,141.0,,true
724,500.0,199.0,,false
725,500.0,383.0,,false
726,3300.0,21.0,,false
727,3300.0,25.0,,false
728,3300.0,25.0,,false
729,60.0,151.0,,false
730,60.0,169.0,,false
731,60.0,157.0,,false
732,60.0,208.0,,false
733,800.0,5.0,,false
734,60.0,100.0,,false
735,60.0,106.0,,false
736,60.0,119.0,,false
737,60.0,120.0,,false
738,60.0,115.0,,false
739,60.0,120.0,,false
740,60.0,98.0,,false
741,60.0,81.0,,false
742,100.0,202.0,,false
743,100.0,201.0,,false
744,900.0,8.0,,false
745,1150.0,14.0,,false
746,1000.0,8.0,,false
747,1350.0,49.0,,true
748,500.0,59.0,,true
749,5000.0,16.0,,true
750,2200.0,132.0,,true
751,3500.0,205.0,,true
752,5000.0,600.0,,true
753,500.0,151.0,,true
754,125.0,493.0,,true
755,40.0,448.0,,true
756,350.0,157.0,,true
757,500.0,183.0,,false
758,500.0,328.0,,false
759,3300.0,23.0,,false
760,3300.0,30.0,,false
761,3300.0,22.0,,false
762,60.0,179.0,,false
763,60.0,231.0,,false
764,60.0,240.0,,false
765,800.0,4.0,,false
766,60.0,112.0,,false
767,60.0,98.0,,false
768,60.0,114.0,,false
769,60.0,95.0,,false
770,60.0,109.0,,false
771,60.0,95.0,,false
772,60.0,106.0,,false
773,60.0,89.0,,false
774,60.0,118.0,,false
775,60.0,90.0,,false
776,100.0,181.0,,false
777,100.0,193.0,,false
778,900.0,10.0,,false
779,1150.0,16.0,,false
780,1000.0,8.0,,false
781,1350.0,49.0,,true
782,500.0,56.0,,true
783,5000.0,17.0,,true
784,2200.0,133.0,,true
785,3500.0,223.0,,true
786,5000.0,600.0,,true
787,500.0,145.0,,true
788,125.0,478.0,,true
789,40.0,364.0,,true
790,350.0,157.0,,true
791,500.0,187.0,,false
792,500.0,383.0,,false
793,3300.0,24.0,,false
794,3300.0,22.0,,false
795,3300.0,24.0,,false
796,60.0,204.0,,false
797,60.0,249.0,,false
798,60.0,203.0,,false
799,60.0,178.0,,false
800,800.0,6.0,,false
801,60.0,88.0,,false
802,60.0,110.0,,false
803,60.0,101.0,,false
804,60.0,86.0,,false
805,60.0,89.0,,false
806,60.0,112.0,,false
807,100.0,229.0,,false
808,100.0,185.0,,false
809,900.0,10.0,,false
810,1150.0,18.0,,false
811,1000.0,6.0,,false
812,1350.0,48.0,,true
813,500.0,59.0,,true
814,5000.0,16.0,,true
815,2200.0,136.0,,true
816,3500.0,265.0,,true
817,5000.0,600.0,,true
818,500.0,154.0,,true
819,125.0,518.0,,true
820,40.0,431.0,,true
821,350.0,152.0,,true
822,500.0,189.0,,false
823,500.0,533.0,,false
824,3300.0,30.0,,false
825,3300.0,24.0,,false
826,3300.0,23.0,,false
827,60.0,236.0,,false
828,60.0,238.0,,false
829,60.0,248.0,,false
830,800.0,4.0,,false
831,60.0,100.0,,false
832,60.0,93.0,,false
833,60.0,111.0,,false
834,60.0,117.0,,false
835,60.0,106.0,,false
836,60.0,87.0,,false
837,60.0,108.0,,false
838,60.0,86.0,,false
839,100.0,238.0,,false
840,100.0,207.0,,false
841,900.0,7.0,,false
842,1150.0,18.0,,false
843,1000.0,7.0,,false
844,1350.0,46.0,,true
845,500.0,58.0,,true
846,5000.0,20.0,,true
847,2200.0,135.0,,true
848,3500.0,319.0,,true
849,5000.0,600.0,,true
850,500.0,160.0,,true
851,125.0,518.0,,true
852,40.0,396.0,,true
853,350.0,173.0,,true
854,500.0,186.0,,false
855,500.0,464.0,,false
856,3300.0,23.0,,false
857,3300.0,29.0,,false
858,3300.0,29.0,,false
859,60.0,169.0,,false
860,60.0,210.0,,false
861,60.0,173.0,,false
862,60.0,153.0,,false
863,800.0,4.0,,false
864,60.0,96.0,,false
865,60.0,105.0,,false
866,60.0,103.0,,false
867,60.0,90.0,,false
868,60.0,105.0,,false
869,60.0,98.0,,false
870,100.0,212.0,,false
871,100.0,224.0,,false
872,900.0,10.0,,false
873,1150.0,13.0,,false
874,1000.0,5.0,,false
875,1350.0,50.0,,true
876,500.0,60.0,,true
877,5000.0,18.0,,true
878,2200.0,131.0,,true
879,3500.0,244.0,,true
880,5000.0,600.0,,true
881,500.0,159.0,,true
882,125.0,465.0,,true
883,40.0,420.0,,true
884,350.0,180.0,,true
885,500.0,180.0,,false
886,500.0,476.0,,false
887,3300.0,24.0,,false
888,3300.0,21.0,,false
889,3300.0,25.0,,false
890,60.0,216.0,,false
891,60.0,191.0,,false
892,60.0,246.0,,false
893,60.0,239.0,,false
894,800.0,6.0,,false
895,60.0,104.0,,false
896,60.0,108.0,,false
897,60.0,99.0,,false
898,60.0,111.0,,false
899,60.0,88.0,,false
900,60.0,88.0,,false
901,60.0,108.0,,false
902,60.0,98.0,,false
903,60.0,90.0,,false
904,60.0,119.0,,false
905,100.0,242.0,,false
906,100.0,223.0,,false
907,900.0,8.0,,false
908,1150.0,16.0,,false
909,1000.0,5.0,,false
910,1350.0,49.0,,true
911,500.0,60.0,,true
912,5000.0,18.0,,true
913,2200.0,136.0,,true
914,3500.0,203.0,,true
915,5000.0,600.0,,true
916,500.0,143.0,,true
917,125.0,545.0,,true
918,40.0,358.0,,true
919,350.0,143.0,,true
920,500.0,172.0,,false
921,500.0,485.0,,false
922,3300.0,22.0,,false
923,3300.0,23.0,,false
924,3300.0,25.0,,false
925,60.0,201.0,,false
926,60.0,235.0,,false
927,60.0,215.0,,false
928,60.0,185.0,,false
929,800.0,5.0,,false
930,60.0,108.0,,false
931,60.0,99.0,,false
932,60.0,101.0,,false
933,60.0,95.0,,false
934,60.0,93.0,,false
935,60.0,115.0,,false
936,60.0,95.0,,false
937,60.0,89.0,,false
938,100.0,236.0,,false
939,100.0,199.0,,false
940,900.0,7.0,,false
941,1150.0,13.0,,false
942,1000.0,6.0,,false
943,1350.0,47.0,,true
944,500.0,59.0,,true
945,5000.0,20.0,,true
946,2200.0,136.0,,true
947,3500.0,272.0,,true
948,5000.0,600.0,,true
949,500.0,151.0,,true
950,125.0,476.0,,true
951,40.0,365.0,,true
952,350.0,180.0,,true
953,500.0,175.0,,false
954,500.0,442.0,,false
955,3300.0,27.0,,false
956,3300.0,27.0,,false
957,3300.0,26.0,,false
958,60.0,177.0,,false
959,60.0,154.0,,false
960,60.0,246.0,,false
961,60.0,200.0,,false
962,800.0,5.0,,false
963,60.0,112.0,,false
964,60.0,110.0,,false
965,60.0,120.0,,false
966,60.0,115.0,,false
967,60.0,97.0,,false
968,60.0,111.0,,false
969,60.0,105.0,,false
970,60.0,116.0,,false
971,100.0,231.0,,false
972,100.0,204.0,,false
973,900.0,8.0,,false
974,1150.0,18.0,,false
975,1000.0,8.0,,false
976,1350.0,46.0,,true
977,500.0,60.0,,true
978,5000.0,20.0,,true
979,2200.0,136.0,,true
980,3500.0,357.0,,true
981,5000.0,600.0,,true
982,500.0,152.0,,true
983,125.0,465.0,,true
984,40.0,388.0,,true
985,350.0,142.0,,true
986,500.0,174.0,,false
987,500.0,413.0,,false
988,3300.0,23.0,,false
989,3300.0,22.0,,false
990,3300.0,21.0,,false
991,60.0,204.0,,false
992,60.0,181.0,,false
993,60.0,194.0,,false
994,800.0,4.0,,false
995,60.0,120.0,,false
996,60.0,104.0,,false
997,60.0,116.0,,false
998,60.0,113.0,,false
999,60.0,104.0,,false
1000,60.0,98.0,,false
1001,60.0,117.0,,false
1002,60.0,120.0,,false
1003,100.0,247.0,,false
1004,100.0,209.0,,false
1005,900.0,10.0,,false
1006,1150.0,15.0,,false
1007,1000.0,6.0,,false
1008,1350.0,49.0,,true
1009,500.0,60.0,,true
1010,5000.0,20.0,,true
1011,2200.0,134.0,,true
1012,3500.0,257.0,,true
1013,5000.0,600.0,,true
1014,500.0,148.0,,true
1015,125.0,547.0,,true
1016,40.0,445.0,,true
1017,350.0,156.0,,true
1018,500.0,196.0,,false
1019,500.0,378.0,,false
1020,3300.0,21.0,,false
1021,3300.0,25.0,,false
1022,3300.0,30.0,,false
1023,60.0,230.0,,false
1024,60.0,213.0,,false
1025,60.0,243.0,,false
1026,60.0,194.0,,false
1027,800.0,4.0,,false
1028,60.0,120.0,,false
1029,60.0,97.0,,false
1030,60.0,108.0,,false
1031,60.0,114.0,,false
1032,60.0,95.0,,false
1033,60.0,93.0,,false
1034,60.0,115.0,,false
1035,100.0,240.0,,false
1036,100.0,200.0,,false
1037,900.0,10.0,,false
1038,1150.0,14.0,,false
1039,1000.0,8.0,,false
1040,1350.0,49.0,,true
1041,500.0,57.0,,true
1042,5000.0,19.0,,true
1043,2200.0,136.0,,true
1044,3500.0,350.0,,true
1045,5000.0,600.0,,true
1046,500.0,156.0,,true
1047,125.0,504.0,,true
1048,40.0,409.0,,true
1049,350.0,160.0,,true
1050,500.0,191.0,,false
1051,500.0,335.0,,false
1052,3300.0,29.0,,false
1053,3300.0,27.0,,false
1054,3300.0,26.0,,false
1055,60.0,151.0,,false
1056,60.0,222.0,,false
1057,60.0,177.0,,false
1058,800.0,5.0,,false
1059,60.0,93.0,,false
1060,60.0,108.0,,false
1061,60.0,110.0,,false
1062,60.0,114.0,,false
1063,60.0,110.0,,false
1064,60.0,116.0,,false
1065,60.0,107.0,,false
1066,100.0,197.0,,false
1067,100.0,211.0,,false
1068,900.0,9.0,,false
1069,1150.0,13.0,,false
1070,1000.0,7.0,,false
1071,1350.0,46.0,,true
1072,500.0,56.0,,true
1073,5000.0,19.0,,true
1074,2200.0,131.0,,true
1075,3500.0,289.0,,true
1076,5000.0,600.0,,true
1077,500.0,151.0,,true
1078,125.0,550.0,,true
1079,40.0,369.0,,true
1080,350.0,158.0,,true
1081,500.0,189.0,,false
1082,500.0,557.0,,false
1083,3300.0,25.0,,false
1084,3300.0,25.0,,false
1085,3300.0,22.0,,false
1086,60.0,213.0,,false
1087,60.0,196.0,,false
1088,60.0,241.0,,false
1089,800.0,6.0,,false
1090,60.0,108.0,,false
1091,60.0,90.0,,false
1092,60.0,114.0,,false
1093,60.0,107.0,,false
1094,60.0,93.0,,false
1095,60.0,109.0,,false
1096,60.0,92.0,,false
1097,100.0,217.0,,false
1098,100.0,187.0,,false
1099,900.0,8.0,,false
1100,1150.0,17.0,,false
1101,1000.0,6.0,,false
1102,1350.0,49.0,,true
1103,500.0,59.0,,true
1104,5000.0,16.0,,true
1105,2200.0,137.0,,true
1106,3500.0,284.0,,true
1107,5000.0,600.0,,true
1108,500.0,157.0,,true
1109,125.0,464.0,,true
1110,40.0,414.0,,true
1111,350.0,163.0,,true
1112,500.0,172.0,,false
1113,500.0,470.0,,false
1114,3300.0,25.0,,false
1115,3300.0,24.0,,false
1116,3300.0,22.0,,false
1117,60.0,250.0,,false
1118,60.0,153.0,,false
1119,60.0,247.0,,false
1120,800.0,4.0,,false
1121,60.0,94.0,,false
1122,60.0,81.0,,false
1123,60.0,103.0,,false
1124,60.0,111.0,,false
1125,60.0,94.0,,false
1126,60.0,91.0,,false
1127,60.0,94.0,,false
1128,100.0,215.0,,false
1129,100.0,239.0,,false
1130,900.0,9.0,,false
1131,1150.0,15.0,,false
1132,1000.0,7.0,,false
1133,1350.0,46.0,,true
1134,500.0,59.0,,true
1135,5000.0,19.0,,true
1136,2200.0,140.0,,true
1137,3500.0,388.0,,true
1138,5000.0,600.0,,true
1139,500.0,147.0,,true
1140,125.0,469.0,,true
1141,40.0,366.0,,true
1142,350.0,178.0,,true
1143,500.0,179.0,,false
1144,500.0,512.0,,false
1145,3300.0,22.0,,false
1146,3300.0,22.0,,false
1147,3300.0,26.0,,false
1148,60.0,215.0,,false
1149,60.0,184.0,,false
1150,60.0,222.0,,false
1151,60.0,207.0,,false
1152,800.0,6.0,,false
1153,60.0,93.0,,false
1154,60.0,84.0,,false
1155,60.0,93.0,,false
1156,60.0,93.0,,false
1157,60.0,107.0,,false
1158,60.0,84.0,,false
1159,60.0,107.0,,false
1160,60.0,88.0,,false
1161,60.0,93.0,,false
1162,60.0,92.0,,false
1163,100.0,186.0,,false
1164,100.0,246.0,,false
1165,900.0,7.0,,false
1166,1150.0,15.0,,false
1167,1000.0,5.0,,false
1168,1350.0,47.0,,true
1169,500.0,56.0,,true
1170,5000.0,16.0,,true
1171,2200.0,137.0,,true
1172,3500.0,283.0,,true
1173,5000.0,600.0,,true
1174,500.0,149.0,,true
1175,125.0,518.0,,true
1176,40.0,409.0,,true
1177,350.0,148.0,,true
1178,500.0,184.0,,false
1179,500.0,527.0,,false
1180,3300.0,24.0,,false
1181,3300.0,23.0,,false
1182,3300.0,24.0,,false
1183,60.0,180.0,,false
1184,60.0,167.0,,false
1185,60.0,165.0,,false
1186,800.0,6.0,,false
1187,60.0,98.0,,false
1188,60.0,89.0,,false
1189,60.0,119.0,,false
1190,60.0,86.0,,false
1191,60.0,93.0,,false
1192,60.0,107.0,,false
1193,100.0,187.0,,false
1194,100.0,215.0,,false
1195,900.0,7.0,,false
1196,1150.0,17.0,,false
1197,1000.0,7.0,,false
1198,1350.0,46.0,,true
1199,500.0,57.0,,true
1200,5000.0,16.0,,true
1201,2200.0,133.0,,true
1202,3500.0,235.0,,true
1203,5000.0,600.0,,true
1204,500.0,141.0,,true
1205,125.0,511.0,,true
1206,40.0,400.0,,true
1207,350.0,162.0,,true
1208,500.0,185.0,,false
1209,500.0,496.0,,false
1210,3300.0,28.0,,false
1211,3300.0,25.0,,false
1212,3300.0,25.0,,false
1213,60.0,239.0,,false
1214,60.0,223.0,,false
1215,60.0,179.0,,false
1216,60.0,241.0,,false
1217,800.0,4.0,,false
1218,60.0,115.0,,false
1219,60.0,97.0,,false
1220,60.0,105.0,,false
1221,60.0,103.0,,false
1222,60.0,92.0,,false
1223,60.0,94.0,,false
1224,60.0,113.0,,false
1225,60.0,113.0,,false
1226,60.0,94.0,,false
1227,60.0,117.0,,false
1228,100.0,228.0,,false
1229,100.0,218.0,,false
1230,900.0,8.0,,false
1231,1150.0,14.0,,false
1232,1000.0,5.0,,false
1233,1350.0,46.0,,true
1234,500.0,59.0,,true
1235,5000.0,18.0,,true
1236,2200.0,133.0,,true
1237,3500.0,332.0,,true
1238,5000.0,600.0,,true
1239,500.0,153.0,,true
1240,125.0,470.0,,true
1241,40.0,437.0,,true
1242,350.0,145.0,,true
1243,500.0,196.0,,false
1244,500.0,329.0,,false
1245,3300.0,24.0,,false
1246,3300.0,22.0,,false
1247,3300.0,21.0,,false
1248,60.0,211.0,,false
1249,60.0,153.0,,false
1250,60.0,182.0,,false
1251,800.0,5.0,,false
1252,60.0,87.0,,false
1253,60.0,110.0,,false
1254,60.0,116.0,,false
1255,60.0,119.0,,false
1256,60.0,86.0,,false
1257,60.0,105.0,,false
1258,100.0,250.0,,false
1259,100.0,195.0,,false
1260,900.0,7.0,,false
1261,1150.0,17.0,,false
1262,1000.0,8.0,,false
1263,1350.0,50.0,,true
1264,500.0,56.0,,true
1265,5000.0,17.0,,true
1266,2200.0,136.0,,true
1267,3500.0,338.0,,true
1268,5000.0,600.0,,true
1269,500.0,150.0,,true
1270,125.0,472.0,,true
1271,40.0,445.0,,true
1272,350.0,172.0,,true
1273,500.0,191.0,,false
1274,500.0,594.0,,false
1275,3300.0,23.0,,false
1276,3300.0,21.0,,false
1277,3300.0,22.0,,false
1278,60.0,177.0,,false
1279,60.0,230.0,,false
1280,60.0,232.0,,false
1281,800.0,6.0,,false
1282,60.0,96.0,,false
1283,60.0,117.0,,false
1284,60.0,101.0,,false
1285,60.0,120.0,,false
1286,60.0,115.0,,false
1287,60.0,104.0,,false
1288,60.0,118.0,,false
1289,60.0,83.0,,false
1290,60.0,112.0,,false
1291,100.0,239.0,,false
1292,100.0,205.0,,false
1293,900.0,8.0,,false
1294,1150.0,17.0,,false
1295,1000.0,6.0,,false
1296,1350.0,48.0,,true
1297,500.0,60.0,,true
1298,5000.0,20.0,,true
1299,2200.0,132.0,,true
1300,3500.0,264.0,,true
1301,5000.0,600.0,,true
1302,500.0,157.0,,true
1303,125.0,532.0,,true
1304,40.0,372.0,,true
1305,350.0,180.0,,true
1306,500.0,199.0,,false
1307,500.0,458.0,,false
1308,3300.0,23.0,,false
1309,3300.0,24.0,,false
1310,3300.0,30.0,,false
1311,60.0,178.0,,false
1312,60.0,215.0,,false
1313,60.0,189.0,,false
1314,60.0,228.0,,false
1315,800.0,5.0,,false
1316,60.0,116.0,,false
1317,60.0,118.0,,false
1318,60.0,98.0,,false
1319,60.0,100.0,,false
1320,60.0,90.0,,false
1321,60.0,94.0,,false
1322,60.0,105.0,,false
1323,60.0,116.0,,false
1324,60.0,106.0,,false
1325,100.0,204.0,,false
1326,100.0,221.0,,false
1327,900.0,9.0,,false
1328,1150.0,16.0,,false
1329,1000.0,7.0,,false
1330,1350.0,46.0,,true
1331,500.0,56.0,,true
1332,5000.0,19.0,,true
1333,2200.0,136.0,,true
1334,3500.0,300.0,,true
1335,5000.0,600.0,,true
1336,500.0,144.0,,true
1337,125.0,453.0,,true
1338,40.0,403.0,,true
1339,350.0,156.0,,true
1340,500.0,173.0,,false
1341,500.0,516.0,,false
1342,3300.0,23.0,,false
1343,3300.0,25.0,,false
1344,3300.0,28.0,,false
1345,60.0,235.0,,false
1346,60.0,162.0,,false
1347,60.0,233.0,,false
1348,800.0,6.0,,false
1349,60.0,92.0,,false
1350,60.0,111.0,,false
1351,60.0,91.0,,false
1352,60.0,110.0,,false
1353,60.0,83.0,,false
1354,60.0,107.0,,false
1355,60.0,100.0,,false
1356,60.0,88.0,,false
1357,100.0,208.0,,false
1358,100.0,247.0,,false
1359,900.0,8.0,,false
1360,1150.0,18.0,,false
1361,1000.0,7.0,,false
1362,1350.0,46.0,,true
1363,500.0,59.0,,true
1364,5000.0,17.0,,true
1365,2200.0,138.0,,true
1366,3500.0,325.0,,true
1367,5000.0,600.0,,true
1368,500.0,156.0,,true
1369,125.0,511.0,,true
1370,40.0,356.0,,true
1371,350.0,148.0,,true
1372,500.0,175.0,,false
1373,500.0,574.0,,false
1374,3300.0,30.0,,false
1375,3300.0,28.0,,false
1376,3300.0,22.0,,false
1377,60.0,155.0,,false
1378,60.0,192.0,,false
1379,60.0,224.0,,false
1380,800.0,5.0,,false
1381,60.0,84.0,,false
1382,60.0,83.0,,false
1383,60.0,90.0,,false
1384,60.0,99.0,,false
1385,60.0,84.0,,false
1386,60.0,94.0,,false
1387,100.0,216.0,,false
1388,100.0,226.0,,false
1389,900.0,7.0,,false
1390,1150.0,14.0,,false
1391,1000.0,5.0,,false
1392,1350.0,47.0,,true
1393,500.0,56.0,,true
1394,5000.0,18.0,,true
1395,2200.0,134.0,,true
1396,3500.0,242.0,,true
1397,5000.0,600.0,,true
1398,500.0,141.0,,true
1399,125.0,530.0,,true
1400,40.0,382.0,,true
1401,350.0,141.0,,true
1402,500.0,184.0,,false
1403,500.0,424.0,,false
1404,3300.0,28.0,,false
1405,3300.0,22.0,,false
1406,3300.0,23.0,,false
1407,60.0,231.0,,false
1408,60.0,188.0,,false
1409,60.0,174.0,,false
1410,800.0,5.0,,false
1411,60.0,115.0,,false
1412,60.0,109.0,,false
1413,60.0,91.0,,false
1414,60.0,81.0,,false
1415,60.0,85.0,,false
1416,60.0,94.0,,false
1417,60.0,91.0,,false
1418,60.0,115.0,,false
1419,60.0,107.0,,false
1420,60.0,87.0,,false
1421,100.0,184.0,,false
1422,100.0,250.0,,false
1423,900.0,10.0,,false
1424,1150.0,14.0,,false
1425,1000.0,5.0,,false
1426,1350.0,46.0,,true
1427,500.0,56.0,,true
1428,5000.0,18.0,,true
1429,2200.0,133.0,,true
1430,3500.0,320.0,,true
1431,5000.0,600.0,,true
1432,500.0,152.0,,true
1433,125.0,493.0,,true
1434,40.0,407.0,,true
1435,350.0,158.0,,true
1436,500.0,197.0,,false
1437,500.0,455.0,,false
1438,3300.0,28.0,,false
1439,3300.0,27.0,,false
1440,3300.0,29.0,,false
1441,60.0,186.0,,false
1442,60.0,203.0,,false
1443,60.0,157.0,,false
1444,800.0,4.0,,false
1445,60.0,116.0,,false
1446,60.0,104.0,,false
1447,60.0,90.0,,false
1448,60.0,112.0,,false
1449,60.0,103.0,,false
1450,60.0,99.0,,false
1451,60.0,104.0,,false
1452,60.0,82.0,,false
1453,60.0,110.0,,false
1454,100.0,203.0,,false
1455,100.0,222.0,,false
1456,900.0,10.0,,false
1457,1150.0,15.0,,false
1458,1000.0,5.0,,false
1459,1350.0,47.0,,true
1460,500.0,57.0,,true
1461,5000.0,16.0,,true
1462,2200.0,137.0,,true
1463,3500.0,323.0,,true
1464,5000.0,600.0,,true
1465,500.0,152.0,,true
1466,125.0,469.0,,true
1467,40.0,405.0,,true
1468,350.0,166.0,,true
1469,500.0,189.0,,false
1470,500.0,522.0,,false
1471,3300.0,30.0,,false
1472,3300.0,27.0,,false
1473,3300.0,27.0,,false
1474,60.0,158.0,,false
1475,60.0,205.0,,false
1476,60.0,164.0,,false
1477,800.0,6.0,,false
1478,60.0,85.0,,false
1479,60.0,109.0,,false
1480,60.0,97.0,,false
1481,60.0,100.0,,false
1482,60.0,106.0,,false
1483,60.0,111.0,,false
1484,60.0,117.0,,false
1485,100.0,184.0,,false
1486,100.0,244.0,,false
1487,900.0,7.0,,false
1488,1150.0,18.0,,false
1489,1000.0,6.0,,false
1490,1350.0,47.0,,true
1491,500.0,57.0,,true
1492,5000.0,18.0,,true
1493,2200.0,133.0,,true
1494,3500.0,300.0,,true
1495,5000.0,600.0,,true
1496,500.0,143.0,,true
1497,125.0,502.0,,true
1498,40.0,439.0,,true
1499,350.0,157.0,,true
1500,500.0,176.0,,false
1501,500.0,368.0,,false
1502,3300.0,24.0,,false
1503,3300.0,29.0,,false
1504,3300.0,28.0,,false
1505,60.0,224.0,,false
1506,60.0,232.0,,false
1507,60.0,236.0,,false
1508,800.0,6.0,,false
1509,60.0,101.0,,false
1510,60.0,107.0,,false
1511,60.0,109.0,,false
1512,60.0,106.0,,false
1513,60.0,95.0,,false
1514,60.0,108.0,,false
1515,60.0,88.0,,false
1516,60.0,101.0,,false
1517,100.0,218.0,,false
1518,100.0,235.0,,false
1519,900.0,9.0,,false
1520,1150.0,17.0,,false
1521,1000.0,5.0,,false
1522,1350.0,47.0,,true
1523,500.0,58.0,,true
1524,5000.0,19.0,,true
1525,2200.0,137.0,,true
1526,3500.0,215.0,,true
1527,5000.0,600.0,,true
1528,500.0,152.0,,true
1529,125.0,514.0,,true
1530,40.0,375.0,,true
1531,350.0,154.0,,true
1532,500.0,188.0,,false
1533,500.0,393.0,,false
1534,3300.0,29.0,,false
1535,3300.0,21.0,,false
1536,3300.0,23.0,,false
1537,60.0,191.0,,false
1538,60.0,229.0,,false
1539,60.0,172.0,,false
1540,60.0,234.0,,false
1541,800.0,6.0,,false
1542,60.0,86.0,,false
1543,60.0,111.0,,false
1544,60.0,108.0,,false
1545,60.0,100.0,,false
1546,60.0,100.0,,false
1547,60.0,120.0,,false
1548,60.0,107.0,,false
1549,100.0,233.0,,false
1550,100.0,193.0,,false
1551,900.0,9.0,,false
1552,1150.0,14.0,,false
1553,1000.0,5.0,,false
1554,1350.0,47.0,,true
1555,500.0,59.0,,true
1556,5000.0,16.0,,true
1557,2200.0,140.0,,true
1558,3500.0,226.0,,true
1559,5000.0,600.0,,true
1560,500.0,145.0,,true
1561,125.0,468.0,,true
1562,40.0,354.0,,true
1563,350.0,159.0,,true
1564,500.0,192.0,,false
1565,500.0,320.0,,false
1566,3300.0,26.0,,false
1567,3300.0,21.0,,false
1568,3300.0,22.0,,false
1569,60.0,186.0,,false
1570,60.0,152.0,,false
1571,60.0,176.0,,false
1572,800.0,4.0,,false
1573,60.0,115.0,,false
1574,60.0,91.0,,false
1575,60.0,98.0,,false
1576,60.0,88.0,,false
1577,60.0,102.0,,false
1578,60.0,113.0,,false
1579,60.0,92.0,,false
1580,60.0,97.0,,false
1581,100.0,238.0,,false
1582,100.0,185.0,,false
1583,900.0,8.0,,false
1584,1150.0,18.0,,false
1585,1000.0,7.0,,false
1586,1350.0,50.0,,true
1587,500.0,60.0,,true
1588,5000.0,20.0,,true
1589,2200.0,135.0,,true
1590,3500.0,247.0,,true
1591,5000.0,600.0,,true
1592,500.0,141.0,,true
1593,125.0,481.0,,true
1594,40.0,394.0,,true
1595,350.0,148.0,,true
1596,500.0,196.0,,false
1597,500.0,347.0,,false
1598,3300.0,30.0,,false
1599,3300.0,23.0,,false
1600,3300.0,27.0,,false
1601,60.0,187.0,,false
1602,60.0,209.0,,false
1603,60.0,224.0,,false
1604,60.0,243.0,,false
1605,800.0,6.0,,false
1606,60.0,84.0,,false
1607,60.0,94.0,,false
1608,60.0,92.0,,false
1609,60.0,90.0,,false
1610,60.0,112.0,,false
1611,60.0,114.0,,false
1612,60.0,93.0,,false
1613,60.0,110.0,,false
1614,60.0,100.0,,false
1615,100.0,183.0,,false
1616,100.0,181.0,,false
1617,900.0,8.0,,false
1618,1150.0,15.0,,false
1619,1000.0,7.0,,false
