Reference,height,width,stripwidth,preemptable
1,1350.0,47.0,720,true
2,500.0,56.0,,true
3,5000.0,20.0,,true
4,2200.0,132.0,,true
5,3500.0,233.0,,true
6,5000.0,600.0,,true
7,500.0,147.0,,true
8,125.0,471.0,,true
9,40.0,406.0,,true
10,350.0,152.0,,true
11,500.0,183.0,,false
12,500.0,596.0,,false
13,3300.0,21.0,,false
14,3300.0,27.0,,false
15,3300.0,26.0,,false
16,60.0,186.0,,false
17,60.0,184.0,,false
18,60.0,163.0,,false
19,800.0,5.0,,false
20,60.0,88.0,,false
21,60.0,89.0,,false
22,60.0,87.0,,false
23,60.0,83.0,,false
24,60.0,95.0,,false
25,60.0,100.0,,false
26,60.0,91.0,,false
27,60.0,118.0,,false
28,100.0,248.0,,false
29,100.0,226.0,,false
30,900.0,7.0,,false
31,1150.0,17.0,,false
32,1000.0,5.0,,false
33,1350.0,48.0,,true
34,500.0,60.0,,true
35,5000.0,20.0,,true
36,2200.0,137.0,,true
37,3500.0,355.0,,true
38,5000.0,600.0,,true
39,500.0,153.0,,true
40,125.0,477.0,,true
41,40.0,405.0,,true
42,350.0,155.0,,true
43,500.0,198.0,,false
44,500.0,577.0,,false
45,3300.0,21.0,,false
46,3300.0,23.0,,false
47,3300.0,24.0,,false
48,60.0,225.0,,false
49,60.0,219.0,,false
50,60.0,229.0,,false
51,60.0,191.0,,false
52,800.0,6.0,,false
53,60.0,85.0,,false
54,60.0,106.0,,false
55,60.0,101.0,,false
56,60.0,105.0,,false
57,60.0,97.0,,false
58,60.0,86.0,,false
59,60.0,94.0,,false
60,60.0,97.0,,false
61,60.0,113.0,,false
62,60.0,117.0,,false
63,100.0,229.0,,false
64,100.0,235.0,,false
65,900.0,8.0,,false
66,1150.0,15.0,,false
67,1000.0,5.0,,false
68,1350.0,49.0,,true
69,500.0,56.0,,true
70,5000.0,17.0,,true
71,2200.0,132.0,,true
72,3500.0,205.0,,true
73,5000.0,600.0,,true
74,500.0,141.0,,true
75,125.0,458.0,,true
76,40.0,388.0,,true
77,350.0,169.0,,true
78,500.0,181.0,,false
79,500.0,313.0,,false
80,3300.0,29.0,,false
81,3300.0,24.0,,false
82,3300.0,21.0,,false
83,60.0,244.0,,false
84,60.0,185.0,,false
85,60.0,221.0,,false
86,800.0,6.0,,false
87,60.0,92.0,,false
88,60.0,118.0,,false
89,60.0,100.0,,false
90,60.0,83.0,,false
91,60.0,94.0,,false
92,60.0,88.0,,false
93,60.0,120.0,,false
94,60.0,86.0,,false
95,60.0,101.0,,false
96,60.0,98.0,,false
97,100.0,236.0,,false
98,100.0,215.0,,false
99,900.0,10.0,,false
100,1150.0,18.0,,false
101,1000.0,7.0,,false
102,1350.0,47.0,,true
103,500.0,58.0,,true
104,5000.0,19.0,,true
105,2200.0,136.0,,true
106,3500.0,377.0,,true
107,5000.0,600.0,,true
108,500.0,145.0,,true
109,125.0,495.0,,true
110,40.0,409.0,,true
111,350.0,167.0,,true
112,500.0,191.0,,false
113,500.0,449.0,,false
114,3300.0,21.0,,false
115,3300.0,21.0,,false
116,3300.0,25.0,,false
117,60.0,190.0,,false
118,60.0,166.0,,false
119,60.0,231.0,,false
120,800.0,5.0,,false
121,60.0,110.0,,false
122,60.0,112.0,,false
123,60.0,115.0,,false
124,60.0,109.0,,false
125,60.0,120.0,,false
126,60.0,119.0,,false
127,60.0,99.0,,false
128,60.0,107.0,,false
129,60.0,100.0,,false
130,100.0,204.0,,false
131,100.0,231.0,,false
132,900.0,9.0,,false
133,1150.0,14.0,,false
134,1000.0,7.0,,false
135,1350.0,49.0,,true
136,500.0,56.0,,true
137,5000.0,20.0,,true
138,2200.0,137.0,,true
139,3500.0,254.0,,true
140,5000.0,600.0,,true
141,500.0,143.0,,true
142,125.0,520.0,,true
143,40.0,407.0,,true
144,350.0,166.0,,true
145,500.0,172.0,,false
146,500.0,498.0,,false
147,3300.0,21.0,,false
148,3300.0,28.0,,false
149,3300.0,22.0,,false
150,60.0,244.0,,false
151,60.0,188.0,,false
152,60.0,218.0,,false
153,60.0,250.0,,false
154,800.0,4.0,,false
155,60.0,95.0,,false
156,60.0,106.0,,false
157,60.0,94.0,,false
158,60.0,106.0,,false
159,60.0,100.0,,false
160,60.0,116.0,,false
161,100.0,212.0,,false
162,100.0,184.0,,false
163,900.0,9.0,,false
164,1150.0,17.0,,false
165,1000.0,8.0,,false
166,1350.0,48.0,,true
167,500.0,58.0,,true
168,5000.0,20.0,,true
169,2200.0,134.0,,true
170,3500.0,236.0,,true
171,5000.0,600.0,,true
172,500.0,155.0,,true
173,125.0,546.0,,true
174,40.0,447.0,,true
175,350.0,150.0,,true
176,500.0,176.0,,false
177,500.0,322.0,,false
178,3300.0,23.0,,false
179,3300.0,28.0,,false
180,3300.0,29.0,,false
181,60.0,215.0,,false
182,60.0,235.0,,false
183,60.0,197.0,,false
184,60.0,241.0,,false
185,800.0,4.0,,false
186,60.0,93.0,,false
187,60.0,100.0,,false
188,60.0,107.0,,false
189,60.0,90.0,,false
190,60.0,103.0,,false
191,60.0,88.0,,false
192,60.0,100.0,,false
193,60.0,92.0,,false
194,100.0,242.0,,false
195,100.0,240.0,,false
196,900.0,7.0,,false
197,1150.0,16.0,,false
198,1000.0,7.0,,false
199,1350.0,47.0,,true
200,500.0,60.0,,true
201,5000.0,18.0,,true
202,2200.0,137.0,,true
203,3500.0,302.0,,true
204,5000.0,600.0,,true
205,500.0,150.0,,true
206,125.0,526.0,,true
207,40.0,376.0,,true
208,350.0,173.0,,true
209,500.0,172.0,,false
210,500.0,304.0,,false
211,3300.0,26.0,,false
212,3300.0,27.0,,false
213,3300.0,22.0,,false
214,60.0,247.0,,false
215,60.0,218.0,,false
216,60.0,245.0,,false
217,60.0,187.0,,false
218,800.0,4.0,,false
219,60.0,91.0,,false
220,60.0,83.0,,false
221,60.0,81.0,,false
222,60.0,105.0,,false
223,60.0,102.0,,false
224,60.0,82.0,,false
225,60.0,97.0,,false
226,60.0,81.0,,false
227,60.0,85.0,,false
228,100.0,223.0,,false
229,100.0,231.0,,false
230,900.0,8.0,,false
231,1150.0,18.0,,false
232,1000.0,5.0,,false
233,1350.0,46.0,,true
234,500.0,59.0,,true
235,5000.0,16.0,,true
236,2200.0,140.0,,true
237,3500.0,306.0,,true
238,5000.0,600.0,,true
239,500.0,158.0,,true
240,125.0,501.0,,true
241,40.0,446.0,,true
242,350.0,177.0,,true
243,500.0,176.0,,false
244,500.0,412.0,,false
245,3300.0,30.0,,false
246,3300.0,22.0,,false
247,3300.0,25.0,,false
248,60.0,170.0,,false
249,60.0,178.0,,false
250,60.0,172.0,,false
251,800.0,6.0,,false
252,60.0,83.0,,false
253,60.0,85.0,,false
254,60.0,85.0,,false
255,60.0,91.0,,false
256,60.0,102.0,,false
257,60.0,95.0,,false
258,100.0,209.0,,false
259,100.0,250.0,,false
260,900.0,9.0,,false
261,1150.0,15.0,,false
262,1000.0,6.0,,false
263,1350.0,50.0,,true
264,500.0,59.0,,true
265,5000.0,16.0,,true
266,2200.0,134.0,,true
267,3500.0,368.0,,true
268,5000.0,600.0,,true
269,500.0,156.0,,true
270,125.0,520.0,,true
271,40.0,363.0,,true
272,350.0,157.0,,true
273,500.0,183.0,,false
274,500.0,314.0,,false
275,3300.0,22.0,,false
276,3300.0,22.0,,false
277,3300.0,23.0,,false
278,60.0,246.0,,false
279,60.0,203.0,,false
280,60.0,241.0,,false
281,800.0,4.0,,false
282,60.0,89.0,,false
283,60.0,97.0,,false
284,60.0,98.0,,false
285,60.0,95.0,,false
286,60.0,108.0,,false
287,60.0,105.0,,false
288,60.0,117.0,,false
289,60.0,98.0,,false
290,60.0,115.0,,false
291,100.0,208.0,,false
292,100.0,186.0,,false
293,900.0,8.0,,false
294,1150.0,18.0,,false
295,1000.0,7.0,,false
296,1350.0,49.0,,true
297,500.0,56.0,,true
298,5000.0,17.0,,true
299,2200.0,131.0,,true
300,3500.0,389.0,,true
301,5000.0,600.0,,true
302,500.0,143.0,,true
303,125.0,478.0,,true
304,40.0,435.0,,true
305,350.0,155.0,,true
306,500.0,190.0,,false
307,500.0,350.0,,false
308,3300.0,27.0,,false
309,3300.0,23.0,,false
310,3300.0,29.0,,false
311,60.0,207.0,,false
312,60.0,217.0,,false
313,60.0,250.0,,false
314,800.0,4.0,,false
315,60.0,90.0,,false
316,60.0,103.0,,false
317,60.0,93.0,,false
318,60.0,107.0,,false
319,60.0,108.0,,false
320,60.0,93.0,,false
321,60.0,89.0,,false
322,60.0,113.0,,false
323,60.0,86.0,,false
324,100.0,215.0,,false
325,100.0,202.0,,false
326,900.0,8.0,,false
327,1150.0,13.0,,false
328,1000.0,5.0,,false
329,1350.0,47.0,,true
330,500.0,59.0,,true
331,5000.0,19.0,,true
332,2200.0,134.0,,true
333,3500.0,234.0,,true
334,5000.0,600.0,,true
335,500.0,159.0,,true
336,125.0,531.0,,true
337,40.0,381.0,,true
338,350.0,170.0,,true
339,500.0,190.0,,false
340,500.0,476.0,,false
341,3300.0,22.0,,false
342,3300.0,27.0,,false
343,3300.0,30.0,,false
344,60.0,197.0,,false
345,60.0,164.0,,false
346,60.0,228.0,,false
347,60.0,250.0,,false
348,800.0,4.0,,false
349,60.0,103.0,,false
350,60.0,118.0,,false
351,60.0,105.0,,false
352,60.0,92.0,,false
353,60.0,109.0,,false
354,60.0,87.0,,false
355,60.0,102.0,,false
356,60.0,86.0,,false
357,60.0,94.0,,false
358,100.0,221.0,,false
359,100.0,231.0,,false
360,900.0,8.0,,false
361,1150.0,15.0,,false
362,1000.0,5.0,,false
363,1350.0,50.0,,true
364,500.0,57.0,,true
365,5000.0,17.0,,true
366,2200.0,136.0,,true
367,3500.0,400.0,,true
368,5000.0,600.0,,true
369,500.0,151.0,,true
370,125.0,495.0,,true
371,40.0,404.0,,true
372,350.0,159.0,,true
373,500.0,182.0,,false
374,500.0,511.0,,false
375,3300.0,24.0,,false
376,3300.0,22.0,,false
377,3300.0,29.0,,false
378,60.0,211.0,,false
379,60.0,178.0,,false
380,60.0,151.0,,false
381,60.0,163.0,,false
382,800.0,5.0,,false
383,60.0,97.0,,false
384,60.0,98.0,,false
385,60.0,110.0,,false
386,60.0,91.0,,false
387,60.0,110.0,,false
388,60.0,86.0,,false
389,60.0,120.0,,false
390,60.0,91.0,,false
391,60.0,94.0,,false
392,100.0,219.0,,false
393,100.0,244.0,,false
394,900.0,9.0,,false
395,1150.0,16.0,,false
396,1000.0,7.0,,false
397,1350.0,50.0,,true
398,500.0,58.0,,true
399,5000.0,19.0,,true
400,2200.0,133.0,,true
401,3500.0,353.0,,true
402,5000.0,600.0,,true
403,500.0,150.0,,true
404,125.0,522.0,,true
405,40.0,359.0,,true
406,350.0,158.0,,true
407,500.0,182.0,,false
408,500.0,564.0,,false
409,3300.0,28.0,,false
410,3300.0,27.0,,false
411,3300.0,26.0,,false
412,60.0,156.0,,false
413,60.0,157.0,,false
414,60.0,237.0,,false
415,800.0,4.0,,false
416,60.0,96.0,,false
417,60.0,95.0,,false
418,60.0,113.0,,false
419,60.0,87.0,,false
420,60.0,100.0,,false
421,60.0,83.0,,false
422,100.0,243.0,,false
423,100.0,236.0,,false
424,900.0,8.0,,false
425,1150.0,16.0,,false
426,1000.0,8.0,,false
427,1350.0,46.0,,true
428,500.0,59.0,,true
429,5000.0,16.0,,true
430,2200.0,137.0,,true
431,3500.0,206.0,,true
432,5000.0,600.0,,true
433,500.0,144.0,,true
434,125.0,529.0,,true
435,40.0,387.0,,true
436,350.0,151.0,,true
437,500.0,190.0,,false
438,500.0,420.0,,false
439,3300.0,26.0,,false
440,3300.0,29.0,,false
441,3300.0,26.0,,false
442,60.0,200.0,,false
443,60.0,177.0,,false
444,60.0,218.0,,false
445,60.0,176.0,,false
446,800.0,6.0,,false
447,60.0,84.0,,false
448,60.0,117.0,,false
449,60.0,113.0,,false
450,60.0,82.0,,false
451,60.0,97.0,,false
452,60.0,84.0,,false
453,60.0,81.0,,false
454,100.0,192.0,,false
455,100.0,207.0,,false
456,900.0,10.0,,false
457,1150.0,17.0,,false
458,1000.0,7.0,,false
459,1350.0,47.0,,true
460,500.0,56.0,,true
461,5000.0,18.0,,true
462,2200.0,137.0,,true
463,3500.0,287.0,,true
464,5000.0,600.0,,true
465,500.0,149.0,,true
466,125.0,525.0,,true
467,40.0,420.0,,true
468,350.0,145.0,,true
469,500.0,178.0,,false
470,500.0,438.0,,false
471,3300.0,26.0,,false
472,3300.0,23.0,,false
473,3300.0,28.0,,false
474,60.0,178.0,,false
475,60.0,193.0,,false
476,60.0,220.0,,false
477,800.0,6.0,,false
478,60.0,115.0,,false
479,60.0,119.0,,false
480,60.0,120.0,,false
481,60.0,85.0,,false
482,60.0,98.0,,false
483,60.0,90.0,,false
484,60.0,107.0,,false
485,60.0,111.0,,false
486,60.0,106.0,,false
487,60.0,106.0,,false
488,100.0,205.0,,false
489,100.0,235.0,,false
490,900.0,9.0,,false
491,1150.0,17.0,,false
492,1000.0,7.0,,false
493,1350.0,50.0,,true
494,500.0,59.0,,true
495,5000.0,19.0,,true
496,2200.0,137.0,,true
497,3500.0,229.0,,true
498,5000.0,600.0,,true
499,500.0,158.0,,true
500,125.0,453.0,,true
501,40.0,352.0,,true
502,350.0,159.0,,true
503,500.0,181.0,,false
504,500.0,373.0,,false
505,3300.0,22.0,,false
506,3300.0,24.0,,false
507,3300.0,22.0,,false
508,60.0,239.0,,false
509,60.0,180.0,,false
510,60.0,220.0,,false
511,60.0,233.0,,false
512,800.0,5.0,,false
513,60.0,90.0,,false
514,60.0,109.0,,false
515,60.0,102.0,,false
516,60.0,93.0,,false
517,60.0,82.0,,false
518,60.0,118.0,,false
519,60.0,94.0,,false
520,60.0,101.0,,false
521,60.0,82.0,,false
522,100.0,220.0,,false
523,100.0,223.0,,false
524,900.0,7.0,,false
525,1150.0,16.0,,false
526,1000.0,6.0,,false
527,1350.0,46.0,,true
528,500.0,58.0,,true
529,5000.0,20.0,,true
530,2200.0,138.0,,true
531,3500.0,341.0,,true
532,5000.0,600.0,,true
533,500.0,153.0,,true
534,125.0,487.0,,true
535,40.0,436.0,,true
536,350.0,151.0,,true
537,500.0,181.0,,false
538,500.0,415.0,,false
539,3300.0,24.0,,false
540,3300.0,21.0,,false
541,3300.0,23.0,,false
542,60.0,187.0,,false
543,60.0,159.0,,false
544,60.0,182.0,,false
545,800.0,4.0,,false
546,60.0,93.0,,false
547,60.0,96.0,,false
548,60.0,120.0,,false
549,60.0,90.0,,false
550,60.0,83.0,,false
551,60.0,84.0,,false
552,60.0,95.0,,false
553,60.0,112.0,,false
554,100.0,191.0,,false
555,100.0,214.0,,false
556,900.0,10.0,,false
557,1150.0,18.0,,false
558,1000.0,5.0,,false
559,1350.0,46.0,,true
560,500.0,57.0,,true
561,5000.0,18.0,,true
562,2200.0,140.0,,true
563,3500.0,396.0,,true
564,5000.0,600.0,,true
565,500.0,148.0,,true
566,125.0,470.0,,true
567,40.0,406.0,,true
568,350.0,146.0,,true
569,500.0,178.0,,false
570,500.0,542.0,,false
571,3300.0,24.0,,false
572,3300.0,29.0,,false
573,3300.0,29.0,,false
574,60.0,194.0,,false
575,60.0,168.0,,false
576,60.0,186.0,,false
577,60.0,180.0,,false
578,800.0,6.0,,false
579,60.0,95.0,,false
580,60.0,100.0,,false
581,60.0,87.0,,false
582,60.0,84.0,,false
583,60.0,81.0,,false
584,60.0,104.0,,false
585,60.0,93.0,,false
586,60.0,106.0,,false
587,60.0,110.0,,false
588,100.0,200.0,,false
589,100.0,249.0,,false
590,900.0,9.0,,false
591,1150.0,18.0,,false
592,1000.0,7.0,,false
593,1350.0,46.0,,true
594,500.0,60.0,,true
595,5000.0,18.0,,true
596,2200.0,136.0,,true
597,3500.0,383.0,,true
598,5000.0,600.0,,true
599,500.0,156.0,,true
600,125.0,455.0,,true
601,40.0,443.0,,true
602,350.0,149.0,,true
603,500.0,190.0,,false
604,500.0,560.0,,false
605,3300.0,30.0,,false
606,3300.0,27.0,,false
607,3300.0,28.0,,false
608,60.0,241.0,,false
609,60.0,164.0,,false
610,60.0,177.0,,false
611,60.0,176.0,,false
612,800.0,5.0,,false
613,60.0,99.0,,false
614,60.0,84.0,,false
615,60.0,103.0,,false
616,60.0,90.0,,false
617,60.0,120.0,,false
618,60.0,112.0,,false
619,60.0,107.0,,false
620,100.0,196.0,,false
621,100.0,237.0,,false
622,900.0,8.0,,false
623,1150.0,14.0,,false
624,1000.0,7.0,,false
625,1350.0,46.0,,true
626,500.0,56.0,,true
627,5000.0,16.0,,true
628,2200.0,138.0,,true
629,3500.0,330.0,,true
630,5000.0,600.0,,true
631,500.0,154.0,,true
632,125.0,502.0,,true
633,40.0,431.0,,true
634,350.0,155.0,,true
635,500.0,192.0,,false
636,500.0,476.0,,false
637,3300.0,27.0,,false
638,3300.0,30.0,,false
639,3300.0,25.0,,false
640,60.0,159.0,,false
641,60.0,228.0,,false
642,60.0,214.0,,false
643,60.0,167.0,,false
644,800.0,4.0,,false
645,60.0,108.0,,false
646,60.0,91.0,,false
647,60.0,103.0,,false
648,60.0,103.0,,false
649,60.0,91.0,,false
650,60.0,93.0,,false
651,60.0,87.0,,false
652,60.0,90.0,,false
653,60.0,84.0,,false
654,60.0,88.0,,false
655,100.0,221.0,,false
656,100.0,207.0,,false
657,900.0,10.0,,false
658,1150.0,13.0,,false
659,1000.0,5.0,,false
660,1350.0,48.0,,true
661,500.0,57.0,,true
662,5000.0,16.0,,true
663,2200.0,138.0,,true
664,3500.0,254.0,,true
665,5000.0,600.0,,true
666,500.0,142.0,,true
667,125.0,504.0,,true
668,40.0,355.0,,true
669,350.0,177.0,,true
670,500.0,198.0,,false
671,500.0,538.0,,false
672,3300.0,26.0,,false
673,3300.0,29.0,,false
674,3300.0,27.0,,false
675,60.0,246.0,,false
676,60.0,198.0,,false
677,60.0,195.0,,false
678,60.0,164.0,,false
679,800.0,6.0,,false
680,60.0,91.0,,false
681,60.0,84.0,,false
682,60.0,89.0,,false
683,60.0,107.0,,false
684,60.0,102.0,,false
685,60.0,100.0,,false
686,60.0,88.0,,false
687,100.0,183.0,,false
688,100.0,233.0,,false
689,900.0,10.0,,false
690,1150.0,16.0,,false
691,1000.0,6.0,,false
692,1350.0,50.0,,true
693,500.0,56.0,,true
694,5000.0,20.0,,true
695,2200.0,134.0,,true
696,3500.0,352.0,,true
697,5000.0,600.0,,true
698,500.0,149.0,,true
699,125.0,491.0,,true
700,40.0,454.0,,true
701,350.0,146.0,,true
702,500.0,186.0,,false
703,500.0,515.0,,false
704,3300.0,30.0,,false
705,3300.0,21.0,,false
706,3300.0,27.0,,false
707,60.0,184.0,,false
708,60.0,250.0,,false
709,60.0,219.0,,false
710,800.0,6.0,,false
711,60.0,113.0,,false
712,60.0,84.0,,false
713,60.0,82.0,,false
714,60.0,85.0,,false
715,60.0,91.0,,false
716,60.0,106.0,,false
717,100.0,217.0,,false
718,100.0,222.0,,false
719,900.0,9.0,,false
720,1150.0,13.0,,false
721,1000.0,6.0,,false
722,1350.0,48.0,,true
723,500.0,59.0,,true
724,5000.0,19.0,,true
725,2200.0,140.0,,true
726,3500.0,305.0,,true
727,5000.0,600.0,,true
728,500.0,147.0,,true
729,125.0,519.0,,true
730,40.0,384.0,,true
731,350.0,145.0,,true
732,500.0,173.0,,false
733,500.0,511.0,,false
734,3300.0,21.0,,false
735,3300.0,22.0,,false
736,3300.0,26.0,,false
737,60.0,171.0,,false
738,60.0,172.0,,false
739,60.0,155.0,,false
740,800.0,5.0,,false
741,60.0,89.0,,false
742,60.0,114.0,,false
743,60.0,83.0,,false
744,60.0,84.0,,false
745,60.0,82.0,,false
746,60.0,81.0,,false
747,100.0,245.0,,false
748,100.0,186.0,,false
749,900.0,8.0,,false
750,1150.0,17.0,,false
751,1000.0,7.0,,false
752,1350.0,48.0,,true
753,500.0,57.0,,true
754,5000.0,17.0,,true
755,2200.0,137.0,,true
756,3500.0,238.0,,true
757,5000.0,600.0,,true
758,500.0,144.0,,true
759,125.0,517.0,,true
760,40.0,359.0,,true
761,350.0,152.0,,true
762,500.0,199.0,,false
763,500.0,593.0,,false
764,3300.0,25.0,,false
765,3300.0,26.0,,false
766,3300.0,29.0,,false
767,60.0,162.0,,false
768,60.0,238.0,,false
769,60.0,245.0,,false
770,60.0,152.0,,false
771,800.0,5.0,,false
772,60.0,96.0,,false
773,60.0,119.0,,false
774,60.0,101.0,,false
775,60.0,95.0,,false
776,60.0,110.0,,false
777,60.0,115.0,,false
778,60.0,81.0,,false
779,60.0,93.0,,false
780,60.0,96.0,,false
781,60.0,103.0,,false
782,100.0,189.0,,false
783,100.0,246.0,,false
784,900.0,7.0,,false
785,1150.0,18.0,,false
786,1000.0,6.0,,false
787,1350.0,50.0,,true
788,500.0,60.0,,true
789,5000.0,17.0,,true
790,2200.0,132.0,,true
791,3500.0,334.0,,true
792,5000.0,600.0,,true
793,500.0,156.0,,true
794,125.0,506.0,,true
795,40.0,410.0,,true
796,350.0,153.0,,true
797,500.0,189.0,,false
798,500.0,348.0,,false
799,3300.0,22.0,,false
800,3300.0,23.0,,false
801,3300.0,30.0,,false
802,60.0,151.0,,false
803,60.0,176.0,,false
804,60.0,197.0,,false
805,800.0,5.0,,false
806,60.0,99.0,,false
807,60.0,99.0,,false
808,60.0,106.0,,false
809,60.0,87.0,,false
810,60.0,94.0,,false
811,60.0,112.0,,false
812,100.0,228.0,,false
813,100.0,198.0,,false
814,900.0,10.0,,false
815,1150.0,15.0,,false
816,1000.0,8.0,,false
817,1350.0,46.0,,true
818,500.0,57.0,,true
819,5000.0,19.0,,true
820,2200.0,137.0,,true
821,3500.0,209.0,,true
822,5000.0,600.0,,true
823,500.0,145.0,,true
824,125.0,514.0,,true
825,40.0,421.0,,true
826,350.0,155.0,,true
827,500.0,198.0,,false
828,500.0,343.0,,false
829,3300.0,30.0,,false
830,3300.0,29.0,,false
831,3300.0,23.0,,false
832,60.0,224.0,,false
833,60.0,215.0,,false
834,60.0,201.0,,false
835,60.0,244.0,,false
836,800.0,6.0,,false
837,60.0,117.0,,false
838,60.0,106.0,,false
839,60.0,86.0,,false
840,60.0,108.0,,false
841,60.0,114.0,,false
842,60.0,91.0,,false
843,60.0,84.0,,false
844,60.0,90.0,,false
845,60.0,85.0,,false
846,100.0,238.0,,false
847,100.0,231.0,,false
848,900.0,9.0,,false
849,1150.0,17.0,,false
850,1000.0,6.0,,false
851,1350.0,48.0,,true
852,500.0,57.0,,true
853,5000.0,18.0,,true
854,2200.0,138.0,,true
855,3500.0,313.0,,true
856,5000.0,600.0,,true
857,500.0,149.0,,true
858,125.0,517.0,,true
859,40.0,443.0,,true
860,350.0,168.0,,true
861,500.0,184.0,,false
862,500.0,463.0,,false
863,3300.0,27.0,,false
864,3300.0,23.0,,false
865,3300.0,29.0,,false
866,60.0,243.0,,false
867,60.0,232.0,,false
868,60.0,155.0,,false
869,60.0,169.0,,false
870,800.0,4.0,,false
871,60.0,108.0,,false
872,60.0,110.0,,false
873,60.0,82.0,,false
874,60.0,92.0,,false
875,60.0,99.0,,false
876,60.0,115.0,,false
877,60.0,120.0,,false
878,100.0,181.0,,false
879,100.0,192.0,,false
880,900.0,10.0,,false
881,1150.0,18.0,,false
882,1000.0,6.0,,false
883,1350.0,48.0,,true
884,500.0,56.0,,true
885,5000.0,16.0,,true
886,2200.0,139.0,,true
887,3500.0,303.0,,true
888,5000.0,600.0,,true
889,500.0,145.0,,true
890,125.0,545.0,,true
891,40.0,445.0,,true
892,350.0,142.0,,true
893,500.0,177.0,,false
894,500.0,319.0,,false
895,3300.0,25.0,,false
896,3300.0,25.0,,false
897,3300.0,28.0,,false
898,60.0,250.0,,false
899,60.0,215.0,,false
900,60.0,231.0,,false
901,60.0,220.0,,false
902,800.0,4.0,,false
903,60.0,117.0,,false
904,60.0,81.0,,false
905,60.0,113.0,,false
906,60.0,114.0,,false
907,60.0,102.0,,false
908,60.0,86.0,,false
909,60.0,114.0,,false
910,60.0,105.0,,false
911,60.0,83.0,,false
912,100.0,234.0,,false
913,100.0,187.0,,false
914,900.0,9.0,,false
915,1150.0,15.0,,false
916,1000.0,7.0,,false
917,1350.0,50.0,,true
918,500.0,60.0,,true
919,5000.0,20.0,,true
920,2200.0,131.0,,true
921,3500.0,400.0,,true
922,5000.0,600.0,,true
923,500.0,157.0,,true
924,125.0,490.0,,true
925,40.0,371.0,,true
926,350.0,152.0,,true
927,500.0,177.0,,false
928,500.0,421.0,,false
929,3300.0,28.0,,false
930,3300.0,24.0,,false
931,3300.0,30.0,,false
932,60.0,153.0,,false
933,60.0,239.0,,false
934,60.0,203.0,,false
935,60.0,244.0,,false
936,800.0,5.0,,false
937,60.0,90.0,,false
938,60.0,112.0,,false
939,60.0,111.0,,false
940,60.0,84.0,,false
941,60.0,88.0,,false
942,60.0,98.0,,false
943,100.0,190.0,,false
944,100.0,250.0,,false
945,900.0,8.0,,false
946,1150.0,14.0,,false
947,1000.0,8.0,,false
948,1350.0,50.0,,true
949,500.0,57.0,,true
950,5000.0,19.0,,true
951,2200.0,138.0,,true
952,3500.0,266.0,,true
953,5000.0,600.0,,true
954,500.0,150.0,,true
955,125.0,480.0,,true
956,40.0,395.0,,true
957,350.0,179.0,,true
958,500.0,189.0,,false
959,500.0,463.0,,false
960,3300.0,22.0,,false
961,3300.0,21.0,,false
962,3300.0,23.0,,false
963,60.0,206.0,,false
964,60.0,225.0,,false
965,60.0,185.0,,false
966,800.0,6.0,,false
967,60.0,85.0,,false
968,60.0,101.0,,false
969,60.0,97.0,,false
970,60.0,115.0,,false
971,60.0,117.0,,false
972,60.0,112.0,,false
973,60.0,115.0,,false
974,60.0,118.0,,false
975,60.0,89.0,,false
976,100.0,181.0,,false
977,100.0,190.0,,false
978,900.0,9.0,,false
979,1150.0,14.0,,false
980,1000.0,8.0,,false
981,1350.0,50.0,,true
982,500.0,56.0,,true
983,5000.0,18.0,,true
984,2200.0,136.0,,true
985,3500.0,280.0,,true
986,5000.0,600.0,,true
987,500.0,144.0,,true
988,125.0,533.0,,true
989,40.0,444.0,,true
990,350.0,156.0,,true
991,500.0,173.0,,false
992,500.0,488.0,,false
993,3300.0,29.0,,false
994,3300.0,22.0,,false
995,3300.0,23.0,,false
996,60.0,158.0,,false
997,60.0,240.0,,false
998,60.0,187.0,,false
999,60.0,244.0,,false
1000,800.0,6.0,,false
1001,60.0,118.0,,false
1002,60.0,104.0,,false
1003,60.0,93.0,,false
1004,60.0,108.0,,false
1005,60.0,101.0,,false
1006,60.0,111.0,,false
1007,100.0,202.0,,false
1008,100.0,184.0,,false
1009,900.0,9.0,,false
1010,1150.0,16.0,,false
1011,1000.0,5.0,,false
1012,1350.0,50.0,,true
1013,500.0,58.0,,true
1014,5000.0,19.0,,true
1015,2200.0,131.0,,true
1016,3500.0,316.0,,true
1017,5000.0,600.0,,true
1018,500.0,147.0,,true
1019,125.0,476.0,,true
1020,40.0,414.0,,true
1021,350.0,168.0,,true
1022,500.0,176.0,,false
1023,500.0,505.0,,false
1024,3300.0,21.0,,false
1025,3300.0,27.0,,false
1026,3300.0,23.0,,false
1027,60.0,154.0,,false
1028,60.0,230.0,,false
1029,60.0,202.0,,false
1030,60.0,220.0,,false
1031,800.0,4.0,,false
1032,60.0,118.0,,false
1033,60.0,103.0,,false
1034,60.0,95.0,,false
1035,60.0,97.0,,false
1036,60.0,103.0,,false
1037,60.0,104.0,,false
1038,60.0,111.0,,false
1039,60.0,111.0,,false
1040,100.0,245.0,,false
1041,100.0,235.0,,false
1042,900.0,10.0,,false
1043,1150.0,17.0,,false
1044,1000.0,6.0,,false
1045,1350.0,50.0,,true
1046,500.0,56.0,,true
1047,5000.0,18.0,,true
1048,2200.0,139.0,,true
1049,3500.0,228.0,,true
1050,5000.0,600.0,,true
1051,500.0,147.0,,true
1052,125.0,545.0,,true
1053,40.0,454.0,,true
1054,350.0,149.0,,true
1055,500.0,183.0,,false
1056,500.0,393.0,,false
1057,3300.0,29.0,,false
1058,3300.0,26.0,,false
1059,3300.0,29.0,,false
1060,60.0,215.0,,false
1061,60.0,232.0,,false
1062,60.0,228.0,,false
1063,800.0,6.0,,false
1064,60.0,86.0,,false
1065,60.0,106.0,,false
1066,60.0,97.0,,false
1067,60.0,109.0,,false
1068,60.0,90.0,,false
1069,60.0,90.0,,false
1070,60.0,111.0,,false
1071,60.0,110.0,,false
1072,100.0,202.0,,false
1073,100.0,184.0,,false
1074,900.0,10.0,,false
1075,1150.0,13.0,,false
1076,1000.0,7.0,,false
1077,1350.0,50.0,,true
1078,500.0,58.0,,true
1079,5000.0,20.0,,true
1080,2200.0,138.0,,true
1081,3500.0,358.0,,true
1082,5000.0,600.0,,true
1083,500.0,154.0,,true
1084,125.0,540.0,,true
1085,40.0,359.0,,true
1086,350.0,149.0,,true
1087,500.0,186.0,,false
1088,500.0,510.0,,false
1089,3300.0,21.0,,false
1090,3300.0,30.0,,false
1091,3300.0,29.0,,false
1092,60.0,160.0,,false
1093,60.0,188.0,,false
1094,60.0,226.0,,false
1095,60.0,186.0,,false
1096,800.0,4.0,,false
1097,60.0,118.0,,false
1098,60.0,85.0,,false
1099,60.0,111.0,,false
1100,60.0,103.0,,false
1101,60.0,100.0,,false
1102,60.0,90.0,,false
1103,60.0,118.0,,false
1104,60.0,119.0,,false
1105,60.0,90.0,,false
1106,60.0,90.0,,false
1107,100.0,222.0,,false
1108,100.0,213.0,,false
1109,900.0,8.0,,false
1110,1150.0,16.0,,false
1111,1000.0,8.0,,false
1112,1350.0,49.0,,true
1113,500.0,56.0,,true
1114,5000.0,17.0,,true
1115,2200.0,140.0,,true
1116,3500.0,249.0,,true
1117,5000.0,600.0,,true
1118,500.0,152.0,,true
1119,125.0,486.0,,true
1120,40.0,450.0,,true
1121,350.0,160.0,,true
1122,500.0,184.0,,false
1123,500.0,351.0,,false
1124,3300.0,25.0,,false
1125,3300.0,23.0,,false
1126,3300.0,27.0,,false
1127,60.0,208.0,,false
1128,60.0,177.0,,false
1129,60.0,238.0,,false
1130,60.0,174.0,,false
1131,800.0,4.0,,false
1132,60.0,120.0,,false
1133,60.0,102.0,,false
1134,60.0,104.0,,false
1135,60.0,117.0,,false
1136,60.0,95.0,,false
1137,60.0,118.0,,false
1138,60.0,92.0,,false
1139,100.0,240.0,,false
1140,100.0,221.0,,false
1141,900.0,10.0,,false
1142,1150.0,15.0,,false
1143,1000.0,6.0,,false
1144,1350.0,46.0,,true
1145,500.0,59.0,,true
1146,5000.0,19.0,,true
1147,2200.0,131.0,,true
1148,3500.0,373.0,,true
1149,5000.0,600.0,,true
1150,500.0,141.0,,true
1151,125.0,466.0,,true
1152,40.0,420.0,,true
1153,350.0,170.0,,true
1154,500.0,189.0,,false
1155,500.0,340.0,,false
1156,3300.0,28.0,,false
1157,3300.0,28.0,,false
1158,3300.0,21.0,,false
1159,60.0,160.0,,false
1160,60.0,243.0,,false
1161,60.0,241.0,,false
1162,60.0,160.0,,false
1163,800.0,5.0,,false
1164,60.0,85.0,,false
1165,60.0,98.0,,false
1166,60.0,109.0,,false
1167,60.0,112.0,,false
1168,60.0,110.0,,false
1169,60.0,101.0,,false
1170,60.0,115.0,,false
1171,60.0,114.0,,false
1172,100.0,239.0,,false
1173,100.0,222.0,,false
1174,900.0,8.0,,false
1175,1150.0,15.0,,false
1176,1000.0,6.0,,false
1177,1350.0,48.0,,true
1178,500.0,58.0,,true
1179,5000.0,20.0,,true
1180,2200.0,138.0,,true
1181,3500.0,373.0,,true
1182,5000.0,600.0,,true
1183,500.0,158.0,,true
1184,125.0,490.0,,true
1185,40.0,391.0,,true
1186,350.0,147.0,,true
1187,500.0,184.0,,false
1188,500.0,586.0,,false
1189,3300.0,30.0,,false
1190,3300.0,30.0,,false
1191,3300.0,22.0,,false
1192,60.0,198.0,,false
1193,60.0,246.0,,false
1194,60.0,193.0,,false
1195,800.0,6.0,,false
1196,60.0,98.0,,false
1197,60.0,91.0,,false
1198,60.0,99.0,,false
1199,60.0,95.0,,false
1200,60.0,98.0,,false
1201,60.0,96.0,,false
1202,100.0,197.0,,false
1203,100.0,237.0,,false
1204,900.0,9.0,,false
1205,1150.0,15.0,,false
1206,1000.0,7.0,,false
1207,1350.0,46.0,,true
1208,500.0,56.0,,true
1209,5000.0,18.0,,true
1210,2200.0,137.0,,true
1211,3500.0,367.0,,true
1212,5000.0,600.0,,true
1213,500.0,153.0,,true
1214,125.0,525.0,,true
1215,40.0,397.0,,true
1216,350.0,141.0,,true
1217,500.0,192.0,,false
1218,500.0,311.0,,false
1219,3300.0,28.0,,false
1220,3300.0,22.0,,false
1221,3300.0,25.0,,false
1222,60.0,223.0,,false
1223,60.0,179.0,,false
1224,60.0,154.0,,false
1225,60.0,208.0,,false
1226,800.0,5.0,,false
1227,60.0,83.0,,false
1228,60.0,108.0,,false
1229,60.0,106.0,,false
1230,60.0,105.0,,false
1231,60.0,82.0,,false
1232,60.0,118.0,,false
1233,60.0,94.0,,false
1234,60.0,118.0,,false
1235,60.0,105.0,,false
1236,60.0,120.0,,false
1237,100.0,231.0,,false
1238,100.0,209.0,,false
1239,900.0,9.0,,false
1240,1150.0,16.0,,false
1241,1000.0,6.0,,false
1242,1350.0,46.0,,true
1243,500.0,57.0,,true
1244,5000.0,20.0,,true
1245,2200.0,140.0,,true
1246,3500.0,234.0,,true
1247,5000.0,600.0,,true
1248,500.0,148.0,,true
1249,125.0,521.0,,true
1250,40.0,387.0,,true
1251,350.0,169.0,,true
1252,500.0,179.0,,false
1253,500.0,583.0,,false
1254,3300.0,26.0,,false
1255,3300.0,27.0,,false
1256,3300.0,24.0,,false
1257,60.0,170.0,,false
1258,60.0,214.0,,false
1259,60.0,175.0,,false
1260,60.0,223.0,,false
1261,800.0,4.0,,false
1262,60.0,81.0,,false
1263,60.0,111.0,,false
1264,60.0,96.0,,false
1265,60.0,83.0,,false
1266,60.0,93.0,,false
1267,60.0,85.0,,false
1268,60.0,87.0,,false
1269,60.0,101.0,,false
1270,100.0,195.0,,false
1271,100.0,206.0,,false
1272,900.0,9.0,,false
1273,1150.0,13.0,,false
1274,1000.0,6.0,,false
1275,1350.0,50.0,,true
1276,500.0,56.0,,true
1277,5000.0,19.0,,true
1278,2200.0,134.0,,true
1279,3500.0,290.0,,true
1280,5000.0,600.0,,true
1281,500.0,150.0,,true
1282,125.0,453.0,,true
1283,40.0,434.0,,true
1284,350.0,170.0,,true
1285,500.0,187.0,,false
1286,500.0,402.0,,false
1287,3300.0,21.0,,false
1288,3300.0,27.0,,false
1289,3300.0,26.0,,false
1290,60.0,164.0,,false
1291,60.0,171.0,,false
1292,60.0,189.0,,false
1293,800.0,4.0,,false
1294,60.0,114.0,,false
1295,60.0,99.0,,false
1296,60.0,102.0,,false
1297,60.0,81.0,,false
1298,60.0,112.0,,false
1299,60.0,94.0,,false
1300,60.0,119.0,,false
1301,60.0,112.0,,false
1302,100.0,218.0,,false
1303,100.0,202.0,,false
1304,900.0,9.0,,false
1305,1150.0,16.0,,false
1306,1000.0,7.0,,false
1307,1350.0,50.0,,true
1308,500.0,56.0,,true
1309,5000.0,20.0,,true
1310,2200.0,139.0,,true
1311,3500.0,233.0,,true
1312,5000.0,600.0,,true
1313,500.0,143.0,,true
1314,125.0,528.0,,true
1315,40.0,378.0,,true
1316,350.0,157.0,,true
1317,500.0,198.0,,false
1318,500.0,458.0,,false
1319,3300.0,23.0,,false
1320,3300.0,27.0,,false
1321,3300.0,22.0,,false
1322,60.0,234.0,,false
1323,60.0,246.0,,false
1324,60.0,222.0,,false
1325,800.0,6.0,,false
1326,60.0,91.0,,false
1327,60.0,88.0,,false
1328,60.0,88.0,,false
1329,60.0,83.0,,false
1330,60.0,104.0,,false
1331,60.0,111.0,,false
1332,60.0,99.0,,false
1333,60.0,84.0,,false
1334,60.0,87.0,,false
1335,100.0,215.0,,false
1336,100.0,224.0,,false
1337,900.0,10.0,,false
1338,1150.0,16.0,,false
1339,1000.0,5.0,,false
1340,1350.0,48.0,,true
1341,500.0,56.0,,true
1342,5000.0,18.0,,true
1343,2200.0,132.0,,true
1344,3500.0,301.0,,true
1345,5000.0,600.0,,true
1346,500.0,153.0,,true
1347,125.0,495.0,,true
1348,40.0,399.0,,true
1349,350.0,154.0,,true
1350,500.0,193.0,,false
1351,500.0,534.0,,false
1352,3300.0,21.0,,false
1353,3300.0,28.0,,false
1354,3300.0,23.0,,false
1355,60.0,238.0,,false
1356,60.0,164.0,,false
1357,60.0,217.0,,false
1358,60.0,219.0,,false
1359,800.0,6.0,,false
1360,60.0,116.0,,false
1361,60.0,98.0,,false
1362,60.0,119.0,,false
1363,60.0,85.0,,false
1364,60.0,95.0,,false
1365,60.0,91.0,,false
1366,60.0,120.0,,false
1367,60.0,106.0,,false
1368,60.0,111.0,,false
1369,60.0,91.0,,false
1370,100.0,184.0,,false
1371,100.0,192.0,,false
1372,900.0,7.0,,false
1373,1150.0,14.0,,false
1374,1000.0,8.0,,false
1375,1350.0,49.0,,true
1376,500.0,57.0,,true
1377,5000.0,20.0,,true
1378,2200.0,139.0,,true
1379,3500.0,315.0,,true
1380,5000.0,600.0,,true
1381,500.0,158.0,,true
1382,125.0,503.0,,true
1383,40.0,421.0,,true
1384,350.0,159.0,,true
1385,500.0,191.0,,false
1386,500.0,350.0,,false
1387,3300.0,29.0,,false
1388,3300.0,26.0,,false
1389,3300.0,27.0,,false
1390,60.0,185.0,,false
1391,60.0,245.0,,false
1392,60.0,229.0,,false
1393,800.0,6.0,,false
1394,60.0,108.0,,false
1395,60.0,102.0,,false
1396,60.0,95.0,,false
1397,60.0,112.0,,false
1398,60.0,110.0,,false
1399,60.0,103.0,,false
1400,60.0,101.0,,false
1401,60.0,98.0,,false
1402,60.0,87.0,,false
1403,100.0,192.0,,false
1404,100.0,231.0,,false
1405,900.0,9.0,,false
1406,1150.0,15.0,,false
1407,1000.0,8.0,,false
1408,1350.0,50.0,,true
1409,500.0,59.0,,true
1410,5000.0,17.0,,true
1411,2200.0,138.0,,true
1412,3500.0,337.0,,true
1413,5000.0,600.0,,true
1414,500.0,147.0,,true
1415,125.0,485.0,,true
1416,40.0,417.0,,true
1417,350.0,141.0,,true
1418,500.0,177.0,,false
1419,500.0,409.0,,false
1420,3300.0,24.0,,false
1421,3300.0,24.0,,false
1422,3300.0,22.0,,false
1423,60.0,169.0,,false
1424,60.0,198.0,,false
1425,60.0,202.0,,false
1426,60.0,171.0,,false
1427,800.0,5.0,,false
1428,60.0,99.0,,false
1429,60.0,84.0,,false
1430,60.0,114.0,,false
1431,60.0,106.0,,false
1432,60.0,99.0,,false
1433,60.0,102.0,,false
1434,60.0,109.0,,false
1435,60.0,98.0,,false
1436,60.0,120.0,,false
1437,60.0,82.0,,false
1438,100.0,209.0,,false
1439,100.0,234.0,,false
1440,900.0,8.0,,false
1441,1150.0,14.0,,false
1442,1000.0,6.0,,false
1443,1350.0,49.0,,true
1444,500.0,56.0,,true
1445,5000.0,20.0,,true
1446,2200.0,135.0,,true
1447,3500.0,244.0,,true
1448,5000.0,600.0,,true
1449,500.0,160.0,,true
1450,125.0,454.0,,true
1451,40.0,360.0,,true
1452,350.0,173.0,,true
1453,500.0,196.0,,false
1454,500.0,349.0,,false
1455,3300.0,22.0,,false
1456,3300.0,25.0,,false
1457,3300.0,23.0,,false
1458,60.0,161.0,,false
1459,60.0,183.0,,false
1460,60.0,178.0,,false
1461,800.0,6.0,,false
1462,60.0,115.0,,false
1463,60.0,89.0,,false
1464,60.0,97.0,,false
1465,60.0,94.0,,false
1466,60.0,105.0,,false
1467,60.0,118.0,,false
1468,60.0,99.0,,false
1469,60.0,93.0,,false
1470,60.0,83.0,,false
1471,60.0,107.0,,false
1472,100.0,249.0,,false
1473,100.0,184.0,,false
1474,900.0,7.0,,false
1475,1150.0,17.0,,false
1476,1000.0,6.0,,false
1477,1350.0,49.0,,true
1478,500.0,59.0,,true
1479,5000.0,20.0,,true
1480,2200.0,132.0,,true
1481,3500.0,324.0,,true
1482,5000.0,600.0,,true
1483,500.0,156.0,,true
1484,125.0,460.0,,true
1485,40.0,407.0,,true
1486,350.0,149.0,,true
1487,500.0,192.0,,false
1488,500.0,578.0,,false
1489,3300.0,27.0,,false
1490,3300.0,30.0,,false
1491,3300.0,22.0,,false
1492,60.0,198.0,,false
1493,60.0,210.0,,false
1494,60.0,170.0,,false
1495,60.0,239.0,,false
1496,800.0,4.0,,false
1497,60.0,93.0,,false
1498,60.0,97.0,,false
1499,60.0,112.0,,false
1500,60.0,89.0,,false
1501,60.0,119.0,,false
1502,60.0,88.0,,false
1503,60.0,90.0,,false
1504,60.0,114.0,,false
1505,60.0,94.0,,false
1506,100.0,185.0,,false
1507,100.0,233.0,,false
1508,900.0,9.0,,false
1509,1150.0,15.0,,false
1510,1000.0,8.0,,false
1511,1350.0,47.0,,true
1512,500.0,60.0,,true
1513,5000.0,20.0,,true
1514,2200.0,136.0,,true
1515,3500.0,206.0,,true
1516,5000.0,600.0,,true
1517,500.0,145.0,,true
1518,125.0,470.0,,true
1519,40.0,458.0,,true
1520,350.0,169.0,,true
1521,500.0,184.0,,false
1522,500.0,488.0,,false
1523,3300.0,22.0,,false
1524,3300.0,28.0,,false
1525,3300.0,23.0,,false
1526,60.0,161.0,,false
1527,60.0,171.0,,false
1528,60.0,230.0,,false
1529,800.0,4.0,,false
1530,60.0,90.0,,false
1531,60.0,114.0,,false
1532,60.0,115.0,,false
1533,60.0,104.0,,false
1534,60.0,120.0,,false
1535,60.0,81.0,,false
1536,60.0,103.0,,false
1537,100.0,206.0,,false
1538,100.0,200.0,,false
1539,900.0,8.0,,false
1540,1150.0,14.0,,false
1541,1000.0,6.0,,false
1542,1350.0,46.0,,true
1543,500.0,58.0,,true
1544,5000.0,18.0,,true
1545,2200.0,134.0,,true
1546,3500.0,379.0,,true
1547,5000.0,600.0,,true
1548,500.0,143.0,,true
1549,125.0,510.0,,true
1550,40.0,410.0,,true
1551,350.0,159.0,,true
1552,500.0,181.0,,false
1553,500.0,487.0,,false
1554,3300.0,29.0,,false
1555,3300.0,21.0,,false
1556,3300.0,24.0,,false
1557,60.0,228.0,,false
1558,60.0,228.0,,false
1559,60.0,213.0,,false
1560,60.0,180.0,,false
1561,800.0,5.0,,false
1562,60.0,92.0,,false
1563,60.0,91.0,,false
1564,60.0,116.0,,false
1565,60.0,86.0,,false
1566,60.0,88.0,,false
1567,60.0,96.0,,false
1568,100.0,185.0,,false
1569,100.0,231.0,,false
1570,900.0,10.0,,false
1571,1150.0,13.0,,false
1572,1000.0,7.0,,false
1573,1350.0,46.0,,true
1574,500.0,58.0,,true
1575,5000.0,17.0,,true
1576,2200.0,135.0,,true
1577,3500.0,233.0,,true
1578,5000.0,600.0,,true
1579,500.0,142.0,,true
1580,125.0,452.0,,true
1581,40.0,430.0,,true
1582,350.0,180.0,,true
1583,500.0,172.0,,false
1584,500.0,581.0,,false
1585,3300.0,29.0,,false
1586,3300.0,28.0,,false
1587,3300.0,28.0,,false
1588,60.0,174.0,,false
1589,60.0,220.0,,false
1590,60.0,199.0,,false
1591,800.0,4.0,,false
1592,60.0,109.0,,false
1593,60.0,93.0,,false
1594,60.0,116.0,,false
1595,60.0,103.0,,false
1596,60.0,84.0,,false
1597,60.0,81.0,,false
1598,100.0,239.0,,false
1599,100.0,195.0,,false
1600,900.0,10.0,,false
1601,1150.0,15.0,,false
1602,1000.0,8.0,,false
1603,1350.0,47.0,,true
1604,500.0,56.0,,true
1605,5000.0,19.0,,true
1606,2200.0,134.0,,true
1607,3500.0,351.0,,true
1608,5000.0,600.0,,true
1609,500.0,153.0,,true
1610,125.0,544.0,,true
1611,40.0,403.0,,true
1612,350.0,173.0,,true
1613,500.0,197.0,,false
1614,500.0,418.0,,false
1615,3300.0,24.0,,false
1616,3300.0,25.0,,false
1617,3300.0,24.0,,false
1618,60.0,158.0,,false
1619,60.0,161.0,,false
1620,60.0,213.0,,false
1621,60.0,226.0,,false
1622,800.0,5.0,,false
1623,60.0,100.0,,false
1624,60.0,118.0,,false
1625,60.0,90.0,,false
1626,60.0,106.0,,false
1627,60.0,92.0,,false
1628,60.0,119.0,,false
1629,100.0,239.0,,false
1630,100.0,187.0,,false
1631,900.0,10.0,,false
1632,1150.0,17.0,,false
1633,1000.0,5.0,,false
