Reference,height,width,stripwidth,preemptable
1,1350.0,49.0,720,true
2,500.0,60.0,,true
3,5000.0,20.0,,true
4,2200.0,137.0,,true
5,3500.0,283.0,,true
6,5000.0,600.0,,true
7,500.0,146.0,,true
8,125.0,527.0,,true
9,40.0,457.0,,true
10,350.0,145.0,,true
11,500.0,186.0,,false
12,500.0,496.0,,false
13,3300.0,22.0,,false
14,3300.0,29.0,,false
15,3300.0,26.0,,false
16,60.0,194.0,,false
17,60.0,174.0,,false
18,60.0,207.0,,false
19,60.0,224.0,,false
20,800.0,5.0,,false
21,60.0,90.0,,false
22,60.0,116.0,,false
23,60.0,117.0,,false
24,60.0,99.0,,false
25,60.0,88.0,,false
26,60.0,105.0,,false
27,60.0,111.0,,false
28,100.0,236.0,,false
29,100.0,206.0,,false
30,900.0,9.0,,false
31,1150.0,13.0,,false
32,1000.0,6.0,,false
33,1350.0,49.0,,true
34,500.0,56.0,,true
35,5000.0,16.0,,true
36,2200.0,138.0,,true
37,3500.0,341.0,,true
38,5000.0,600.0,,true
39,500.0,146.0,,true
40,125.0,484.0,,true
41,40.0,437.0,,true
42,350.0,151.0,,true
43,500.0,174.0,,false
44,500.0,399.0,,false
45,3300.0,28.0,,false
46,3300.0,26.0,,false
47,3300.0,29.0,,false
48,60.0,203.0,,false
49,60.0,151.0,,false
50,60.0,218.0,,false
51,60.0,166.0,,false
52,800.0,4.0,,false
53,60.0,87.0,,false
54,60.0,89.0,,false
55,60.0,82.0,,false
56,60.0,102.0,,false
57,60.0,85.0,,false
58,60.0,92.0,,false
59,100.0,206.0,,false
60,100.0,194.0,,false
61,900.0,10.0,,false
62,1150.0,15.0,,false
63,1000.0,7.0,,false
64,1350.0,47.0,,true
65,500.0,57.0,,true
66,5000.0,20.0,,true
67,2200.0,134.0,,true
68,3500.0,334.0,,true
69,5000.0,600.0,,true
70,500.0,153.0,,true
71,125.0,539.0,,true
72,40.0,408.0,,true
73,350.0,158.0,,true
74,500.0,191.0,,false
75,500.0,536.0,,false
76,3300.0,26.0,,false
77,3300.0,25.0,,false
78,3300.0,25.0,,false
79,60.0,232.0,,false
80,60.0,157.0,,false
81,60.0,218.0,,false
82,800.0,4.0,,false
83,60.0,92.0,,false
84,60.0,106.0,,false
85,60.0,90.0,,false
86,60.0,110.0,,false
87,60.0,97.0,,false
88,60.0,87.0,,false
89,60.0,100.0,,false
90,60.0,98.0,,false
91,100.0,234.0,,false
92,100.0,197.0,,false
93,900.0,10.0,,false
94,1150.0,15.0,,false
95,1000.0,8.0,,false
96,1350.0,50.0,,true
97,500.0,60.0,,true
98,5000.0,17.0,,true
99,2200.0,131.0,,true
100,3500.0,246.0,,true
101,5000.0,600.0,,true
102,500.0,150.0,,true
103,125.0,531.0,,true
104,40.0,359.0,,true
105,350.0,147.0,,true
106,500.0,194.0,,false
107,500.0,435.0,,false
108,3300.0,23.0,,false
109,3300.0,30.0,,false
110,3300.0,25.0,,false
111,60.0,189.0,,false
112,60.0,162.0,,false
113,60.0,181.0,,false
114,60.0,177.0,,false
115,800.0,5.0,,false
116,60.0,93.0,,false
117,60.0,94.0,,false
118,60.0,100.0,,false
119,60.0,119.0,,false
120,60.0,91.0,,false
121,60.0,109.0,,false
122,100.0,191.0,,false
123,100.0,232.0,,false
124,900.0,9.0,,false
125,1150.0,15.0,,false
126,1000.0,7.0,,false
127,1350.0,50.0,,true
128,500.0,57.0,,true
129,5000.0,18.0,,true
130,2200.0,137.0,,true
131,3500.0,224.0,,true
132,5000.0,600.0,,true
133,500.0,143.0,,true
134,125.0,486.0,,true
135,40.0,372.0,,true
136,350.0,153.0,,true
137,500.0,199.0,,false
138,500.0,308.0,,false
139,3300.0,29.0,,false
140,3300.0,21.0,,false
141,3300.0,29.0,,false
142,60.0,239.0,,false
143,60.0,227.0,,false
144,60.0,212.0,,false
145,800.0,4.0,,false
146,60.0,118.0,,false
147,60.0,111.0,,false
148,60.0,91.0,,false
149,60.0,118.0,,false
150,60.0,92.0,,false
151,60.0,85.0,,false
152,60.0,108.0,,false
153,60.0,88.0,,false
154,100.0,225.0,,false
155,100.0,243.0,,false
156,900.0,8.0,,false
157,1150.0,16.0,,false
158,1000.0,7.0,,false
159,1350.0,49.0,,true
160,500.0,58.0,,true
161,5000.0,19.0,,true
162,2200.0,137.0,,true
163,3500.0,304.0,,true
164,5000.0,600.0,,true
165,500.0,145.0,,true
166,125.0,525.0,,true
167,40.0,398.0,,true
168,350.0,147.0,,true
169,500.0,184.0,,false
170,500.0,496.0,,false
171,3300.0,30.0,,false
172,3300.0,26.0,,false
173,3300.0,23.0,,false
174,60.0,201.0,,false
175,60.0,233.0,,false
176,60.0,245.0,,false
177,60.0,198.0,,false
178,800.0,5.0,,false
179,60.0,85.0,,false
180,60.0,83.0,,false
181,60.0,114.0,,false
182,60.0,118.0,,false
183,60.0,103.0,,false
184,60.0,110.0,,false
185,100.0,206.0,,false
186,100.0,220.0,,false
187,900.0,9.0,,false
188,1150.0,16.0,,false
189,1000.0,6.0,,false
190,1350.0,47.0,,true
191,500.0,56.0,,true
192,5000.0,18.0,,true
193,2200.0,133.0,,true
194,3500.0,235.0,,true
195,5000.0,600.0,,true
196,500.0,148.0,,true
197,125.0,530.0,,true
198,40.0,404.0,,true
199,350.0,162.0,,true
200,500.0,184.0,,false
201,500.0,394.0,,false
202,3300.0,28.0,,false
203,3300.0,24.0,,false
204,3300.0,26.0,,false
205,60.0,173.0,,false
206,60.0,229.0,,false
207,60.0,222.0,,false
208,60.0,169.0,,false
209,800.0,4.0,,false
210,60.0,117.0,,false
211,60.0,106.0,,false
212,60.0,108.0,,false
213,60.0,95.0,,false
214,60.0,86.0,,false
215,60.0,82.0,,false
216,60.0,103.0,,false
217,60.0,110.0,,false
218,60.0,89.0,,false
219,100.0,212.0,,false
220,100.0,231.0,,false
221,900.0,9.0,,false
222,1150.0,13.0,,false
223,1000.0,7.0,,false
224,1350.0,49.0,,true
225,500.0,60.0,,true
226,5000.0,19.0,,true
227,2200.0,134.0,,true
228,3500.0,361.0,,true
229,5000.0,600.0,,true
230,500.0,141.0,,true
231,125.0,470.0,,true
232,40.0,352.0,,true
233,350.0,148.0,,true
234,500.0,192.0,,false
235,500.0,441.0,,false
236,3300.0,27.0,,false
237,3300.0,22.0,,false
238,3300.0,21.0,,false
239,60.0,174.0,,false
240,60.0,185.0,,false
241,60.0,192.0,,false
242,800.0,5.0,,false
243,60.0,105.0,,false
244,60.0,112.0,,false
245,60.0,101.0,,false
246,60.0,106.0,,false
247,60.0,95.0,,false
248,60.0,95.0,,false
249,60.0,92.0,,false
250,60.0,99.0,,false
251,60.0,116.0,,false
252,100.0,189.0,,false
253,100.0,217.0,,false
254,900.0,8.0,,false
255,1150.0,17.0,,false
256,1000.0,6.0,,false
257,1350.0,47.0,,true
258,500.0,60.0,,true
259,5000.0,17.0,,true
260,2200.0,135.0,,true
261,3500.0,347.0,,true
262,5000.0,600.0,,true
263,500.0,144.0,,true
264,125.0,511.0,,true
265,40.0,415.0,,true
266,350.0,152.0,,true
267,500.0,174.0,,false
268,500.0,471.0,,false
269,3300.0,23.0,,false
270,3300.0,26.0,,false
271,3300.0,21.0,,false
272,60.0,193.0,,false
273,60.0,205.0,,false
274,60.0,247.0,,false
275,800.0,4.0,,false
276,60.0,105.0,,false
277,60.0,93.0,,false
278,60.0,84.0,,false
279,60.0,89.0,,false
280,60.0,103.0,,false
281,60.0,115.0,,false
282,60.0,94.0,,false
283,100.0,233.0,,false
284,100.0,208.0,,false
285,900.0,10.0,,false
286,1150.0,18.0,,false
287,1000.0,5.0,,false
288,1350.0,48.0,,true
289,500.0,60.0,,true
290,5000.0,17.0,,true
291,2200.0,136.0,,true
292,3500.0,223.0,,true
293,5000.0,600.0,,true
294,500.0,158.0,,true
295,125.0,547.0,,true
296,40.0,378.0,,true
297,350.0,143.0,,true
298,500.0,173.0,,false
299,500.0,368.0,,false
300,3300.0,22.0,,false
301,3300.0,29.0,,false
302,3300.0,29.0,,false
303,60.0,225.0,,false
304,60.0,194.0,,false
305,60.0,152.0,,false
306,800.0,6.0,,false
307,60.0,87.0,,false
308,60.0,100.0,,false
309,60.0,116.0,,false
310,60.0,91.0,,false
311,60.0,93.0,,false
312,60.0,106.0,,false
313,60.0,98.0,,false
314,60.0,114.0,,false
315,60.0,120.0,,false
316,60.0,97.0,,false
317,100.0,242.0,,false
318,100.0,225.0,,false
319,900.0,7.0,,false
320,1150.0,15.0,,false
321,1000.0,8.0,,false
322,1350.0,47.0,,true
323,500.0,57.0,,true
324,5000.0,16.0,,true
325,2200.0,139.0,,true
326,3500.0,231.0,,true
327,5000.0,600.0,,true
328,500.0,148.0,,true
329,125.0,509.0,,true
330,40.0,446.0,,true
331,350.0,177.0,,true
332,500.0,175.0,,false
333,500.0,463.0,,false
334,3300.0,30.0,,false
335,3300.0,22.0,,false
336,3300.0,28.0,,false
337,60.0,198.0,,false
338,60.0,165.0,,false
339,60.0,173.0,,false
340,800.0,5.0,,false
341,60.0,93.0,,false
342,60.0,92.0,,false
343,60.0,90.0,,false
344,60.0,103.0,,false
345,60.0,119.0,,false
346,60.0,110.0,,false
347,60.0,111.0,,false
348,60.0,117.0,,false
349,100.0,234.0,,false
350,100.0,216.0,,false
351,900.0,10.0,,false
352,1150.0,13.0,,false
353,1000.0,6.0,,false
354,1350.0,50.0,,true
355,500.0,56.0,,true
356,5000.0,18.0,,true
357,2200.0,137.0,,true
358,3500.0,310.0,,true
359,5000.0,600.0,,true
360,500.0,150.0,,true
361,125.0,528.0,,true
362,40.0,355.0,,true
363,350.0,171.0,,true
364,500.0,183.0,,false
365,500.0,541.0,,false
366,3300.0,25.0,,false
367,3300.0,28.0,,false
368,3300.0,29.0,,false
369,60.0,177.0,,false
370,60.0,218.0,,false
371,60.0,161.0,,false
372,800.0,5.0,,false
373,60.0,99.0,,false
374,60.0,81.0,,false
375,60.0,85.0,,false
376,60.0,100.0,,false
377,60.0,85.0,,false
378,60.0,117.0,,false
379,60.0,109.0,,false
380,60.0,119.0,,false
381,60.0,84.0,,false
382,100.0,248.0,,false
383,100.0,225.0,,false
384,900.0,10.0,,false
385,1150.0,15.0,,false
386,1000.0,6.0,,false
387,1350.0,47.0,,true
388,500.0,56.0,,true
389,5000.0,16.0,,true
390,2200.0,140.0,,true
391,3500.0,384.0,,true
392,5000.0,600.0,,true
393,500.0,156.0,,true
394,125.0,472.0,,true
395,40.0,424.0,,true
396,350.0,155.0,,true
397,500.0,176.0,,false
398,500.0,579.0,,false
399,3300.0,24.0,,false
400,3300.0,21.0,,false
401,3300.0,25.0,,false
402,60.0,231.0,,false
403,60.0,240.0,,false
404,60.0,183.0,,false
405,800.0,4.0,,false
406,60.0,84.0,,false
407,60.0,96.0,,false
408,60.0,100.0,,false
409,60.0,98.0,,false
410,60.0,96.0,,false
411,60.0,82.0,,false
412,60.0,96.0,,false
413,60.0,111.0,,false
414,60.0,90.0,,false
415,100.0,212.0,,false
416,100.0,194.0,,false
417,900.0,9.0,,false
418,1150.0,13.0,,false
419,1000.0,8.0,,false
420,1350.0,49.0,,true
421,500.0,56.0,,true
422,5000.0,17.0,,true
423,2200.0,139.0,,true
424,3500.0,351.0,,true
425,5000.0,600.0,,true
426,500.0,156.0,,true
427,125.0,522.0,,true
428,40.0,369.0,,true
429,350.0,162.0,,true
430,500.0,176.0,,false
431,500.0,579.0,,false
432,3300.0,24.0,,false
433,3300.0,25.0,,false
434,3300.0,24.0,,false
435,60.0,163.0,,false
436,60.0,189.0,,false
437,60.0,232.0,,false
438,800.0,4.0,,false
439,60.0,100.0,,false
440,60.0,98.0,,false
441,60.0,95.0,,false
442,60.0,107.0,,false
443,60.0,111.0,,false
444,60.0,83.0,,false
445,60.0,99.0,,false
446,60.0,93.0,,false
447,100.0,186.0,,false
448,100.0,224.0,,false
449,900.0,10.0,,false
450,1150.0,16.0,,false
451,1000.0,7.0,,false
452,1350.0,46.0,,true
453,500.0,60.0,,true
454,5000.0,20.0,,true
455,2200.0,139.0,,true
456,3500.0,208.0,,true
457,5000.0,600.0,,true
458,500.0,154.0,,true
459,125.0,489.0,,true
460,40.0,450.0,,true
461,350.0,174.0,,true
462,500.0,187.0,,false
463,500.0,528.0,,false
464,3300.0,25.0,,false
465,3300.0,27.0,,false
466,3300.0,24.0,,false
467,60.0,238.0,,false
468,60.0,232.0,,false
469,60.0,200.0,,false
470,800.0,5.0,,false
471,60.0,111.0,,false
472,60.0,84.0,,false
473,60.0,109.0,,false
474,60.0,111.0,,false
475,60.0,110.0,,false
476,60.0,96.0,,false
477,60.0,98.0,,false
478,60.0,109.0,,false
479,100.0,185.0,,false
480,100.0,232.0,,false
481,900.0,9.0,,false
482,1150.0,13.0,,false
483,1000.0,6.0,,false
484,1350.0,50.0,,true
485,500.0,56.0,,true
486,5000.0,17.0,,true
487,2200.0,134.0,,true
488,3500.0,283.0,,true
489,5000.0,600.0,,true
490,500.0,150.0,,true
491,125.0,523.0,,true
492,40.0,413.0,,true
493,350.0,179.0,,true
494,500.0,189.0,,false
495,500.0,310.0,,false
496,3300.0,25.0,,false
497,3300.0,21.0,,false
498,3300.0,30.0,,false
499,60.0,194.0,,false
500,60.0,235.0,,false
501,60.0,213.0,,false
502,800.0,4.0,,false
503,60.0,92.0,,false
504,60.0,117.0,,false
505,60.0,90.0,,false
506,60.0,110.0,,false
507,60.0,91.0,,false
508,60.0,119.0,,false
509,60.0,90.0,,false
510,60.0,85.0,,false
511,60.0,119.0,,false
512,60.0,82.0,,false
513,100.0,242.0,,false
514,100.0,247.0,,false
515,900.0,8.0,,false
516,1150.0,16.0,,false
517,1000.0,8.0,,false
518,1350.0,47.0,,true
519,500.0,58.0,,true
520,5000.0,17.0,,true
521,2200.0,138.0,,true
522,3500.0,272.0,,true
523,5000.0,600.0,,true
524,500.0,141.0,,true
525,125.0,546.0,,true
526,40.0,402.0,,true
527,350.0,172.0,,true
528,500.0,195.0,,false
529,500.0,425.0,,false
530,3300.0,23.0,,false
531,3300.0,21.0,,false
532,3300.0,28.0,,false
533,60.0,183.0,,false
534,60.0,188.0,,false
535,60.0,176.0,,false
536,60.0,180.0,,false
537,800.0,6.0,,false
538,60.0,117.0,,false
539,60.0,119.0,,false
540,60.0,94.0,,false
541,60.0,92.0,,false
542,60.0,103.0,,false
543,60.0,108.0,,false
544,60.0,107.0,,false
545,60.0,118.0,,false
546,60.0,94.0,,false
547,60.0,105.0,,false
548,100.0,245.0,,false
549,100.0,194.0,,false
550,900.0,7.0,,false
551,1150.0,15.0,,false
552,1000.0,6.0,,false
553,1350.0,49.0,,true
554,500.0,56.0,,true
555,5000.0,19.0,,true
556,2200.0,134.0,,true
557,3500.0,226.0,,true
558,5000.0,600.0,,true
559,500.0,147.0,,true
560,125.0,514.0,,true
561,40.0,415.0,,true
562,350.0,143.0,,true
563,500.0,180.0,,false
564,500.0,391.0,,false
565,3300.0,29.0,,false
566,3300.0,27.0,,false
567,3300.0,22.0,,false
568,60.0,192.0,,false
569,60.0,240.0,,false
570,60.0,221.0,,false
571,60.0,152.0,,false
572,800.0,4.0,,false
573,60.0,94.0,,false
574,60.0,101.0,,false
575,60.0,96.0,,false
576,60.0,84.0,,false
577,60.0,100.0,,false
578,60.0,118.0,,false
579,60.0,99.0,,false
580,100.0,213.0,,false
581,100.0,182.0,,false
582,900.0,10.0,,false
583,1150.0,13.0,,false
584,1000.0,6.0,,false
585,1350.0,46.0,,true
586,500.0,58.0,,true
587,5000.0,19.0,,true
588,2200.0,132.0,,true
589,3500.0,275.0,,true
590,5000.0,600.0,,true
591,500.0,142.0,,true
592,125.0,465.0,,true
593,40.0,399.0,,true
594,350.0,144.0,,true
595,500.0,173.0,,false
596,500.0,541.0,,false
597,3300.0,25.0,,false
598,3300.0,29.0,,false
599,3300.0,29.0,,false
600,60.0,189.0,,false
601,60.0,175.0,,false
602,60.0,175.0,,false
603,60.0,159.0,,false
604,800.0,4.0,,false
605,60.0,84.0,,false
606,60.0,82.0,,false
607,60.0,109.0,,false
608,60.0,96.0,,false
609,60.0,119.0,,false
610,60.0,116.0,,false
611,60.0,110.0,,false
612,60.0,115.0,,false
613,60.0,100.0,,false
614,100.0,211.0,,false
615,100.0,198.0,,false
616,900.0,10.0,,false
617,1150.0,13.0,,false
618,1000.0,7.0,,false
619,1350.0,50.0,,true
620,500.0,58.0,,true
621,5000.0,20.0,,true
622,2200.0,137.0,,true
623,3500.0,320.0,,true
624,5000.0,600.0,,true
625,500.0,160.0,,true
626,125.0,463.0,,true
627,40.0,393.0,,true
628,350.0,179.0,,true
629,500.0,177.0,,false
630,500.0,558.0,,false
631,3300.0,24.0,,false
632,3300.0,30.0,,false
633,3300.0,30.0,,false
634,60.0,249.0,,false
635,60.0,232.0,,false
636,60.0,198.0,,false
637,800.0,4.0,,false
638,60.0,92.0,,false
639,60.0,111.0,,false
640,60.0,120.0,,false
641,60.0,88.0,,false
642,60.0,117.0,,false
643,60.0,102.0,,false
644,100.0,243.0,,false
645,100.0,212.0,,false
646,900.0,7.0,,false
647,1150.0,13.0,,false
648,1000.0,5.0,,false
649,1350.0,50.0,,true
650,500.0,56.0,,true
651,5000.0,16.0,,true
652,2200.0,132.0,,true
653,3500.0,254.0,,true
654,5000.0,600.0,,true
655,500.0,159.0,,true
656,125.0,533.0,,true
657,40.0,438.0,,true
658,350.0,174.0,,true
659,500.0,182.0,,false
660,500.0,317.0,,false
661,3300.0,22.0,,false
662,3300.0,24.0,,false
663,3300.0,26.0,,false
664,60.0,159.0,,false
665,60.0,209.0,,false
666,60.0,167.0,,false
667,60.0,159.0,,false
668,800.0,4.0,,false
669,60.0,95.0,,false
670,60.0,118.0,,false
671,60.0,90.0,,false
672,60.0,93.0,,false
673,60.0,103.0,,false
674,60.0,118.0,,false
675,100.0,220.0,,false
676,100.0,182.0,,false
677,900.0,10.0,,false
678,1150.0,16.0,,false
679,1000.0,5.0,,false
680,1350.0,49.0,,true
681,500.0,56.0,,true
682,5000.0,20.0,,true
683,2200.0,140.0,,true
684,3500.0,219.0,,true
685,5000.0,600.0,,true
686,500.0,151.0,,true
687,125.0,515.0,,true
688,40.0,356.0,,true
689,350.0,152.0,,true
690,500.0,185.0,,false
691,500.0,448.0,,false
692,3300.0,22.0,,false
693,3300.0,21.0,,false
694,3300.0,22.0,,false
695,60.0,206.0,,false
696,60.0,185.0,,false
697,60.0,226.0,,false
698,800.0,5.0,,false
699,60.0,102.0,,false
700,60.0,109.0,,false
701,60.0,84.0,,false
702,60.0,106.0,,false
703,60.0,94.0,,false
704,60.0,101.0,,false
705,100.0,224.0,,false
706,100.0,229.0,,false
707,900.0,9.0,,false
708,1150.0,18.0,,false
709,1000.0,7.0,,false
710,1350.0,50.0,,true
711,500.0,59.0,,true
712,5000.0,20.0,,true
713,2200.0,135.0,,true
714,3500.0,279.0,,true
715,5000.0,600.0,,true
716,500.0,156.0,,true
717,125.0,534.0,,true
718,40.0,395.0,,true
719,350.0,170.0,,true
720,500.0,193.0,,false
721,500.0,423.0,,false
722,3300.0,26.0,,false
723,3300.0,28.0,,false
724,3300.0,22.0,,false
725,60.0,151.0,,false
726,60.0,220.0,,false
727,60.0,230.0,,false
728,800.0,4.0,,false
729,60.0,92.0,,false
730,60.0,103.0,,false
731,60.0,103.0,,false
732,60.0,108.0,,false
733,60.0,100.0,,false
734,60.0,101.0,,false
735,60.0,89.0,,false
736,60.0,81.0,,false
737,60.0,88.0,,false
738,60.0,103.0,,false
739,100.0,200.0,,false
740,100.0,196.0,,false
741,900.0,8.0,,false
742,1150.0,15.0,,false
743,1000.0,5.0,,false
744,1350.0,50.0,,true
745,500.0,60.0,,true
746,5000.0,16.0,,true
747,2200.0,137.0,,true
748,3500.0,267.0,,true
749,5000.0,600.0,,true
750,500.0,160.0,,true
751,125.0,521.0,,true
752,40.0,378.0,,true
753,350.0,154.0,,true
754,500.0,198.0,,false
755,500.0,419.0,,false
756,3300.0,24.0,,false
757,3300.0,23.0,,false
758,3300.0,24.0,,false
759,60.0,224.0,,false
760,60.0,231.0,,false
761,60.0,241.0,,false
762,800.0,4.0,,false
763,60.0,84.0,,false
764,60.0,87.0,,false
765,60.0,92.0,,false
766,60.0,100.0,,false
767,60.0,96.0,,false
768,60.0,97.0,,false
769,100.0,234.0,,false
770,100.0,225.0,,false
771,900.0,10.0,,false
772,1150.0,18.0,,false
773,1000.0,7.0,,false
774,1350.0,50.0,,true
775,500.0,56.0,,true
776,5000.0,19.0,,true
777,2200.0,140.0,,true
778,3500.0,310.0,,true
779,5000.0,600.0,,true
780,500.0,156.0,,true
781,125.0,504.0,,true
782,40.0,365.0,,true
783,350.0,165.0,,true
784,500.0,171.0,,false
785,500.0,336.0,,false
786,3300.0,22.0,,false
787,3300.0,22.0,,false
788,3300.0,30.0,,false
789,60.0,206.0,,false
790,60.0,215.0,,false
791,60.0,234.0,,false
792,60.0,157.0,,false
793,800.0,4.0,,false
794,60.0,99.0,,false
795,60.0,103.0,,false
796,60.0,115.0,,false
797,60.0,120.0,,false
798,60.0,105.0,,false
799,60.0,108.0,,false
800,60.0,112.0,,false
801,60.0,112.0,,false
802,60.0,83.0,,false
803,60.0,85.0,,false
804,100.0,183.0,,false
805,100.0,186.0,,false
806,900.0,8.0,,false
807,1150.0,13.0,,false
808,1000.0,7.0,,false
809,1350.0,50.0,,true
810,500.0,59.0,,true
811,5000.0,19.0,,true
812,2200.0,137.0,,true
813,3500.0,375.0,,true
814,5000.0,600.0,,true
815,500.0,155.0,,true
816,125.0,505.0,,true
817,40.0,380.0,,true
818,350.0,151.0,,true
819,500.0,194.0,,false
820,500.0,488.0,,false
821,3300.0,29.0,,false
822,3300.0,25.0,,false
823,3300.0,27.0,,false
824,60.0,241.0,,false
825,60.0,161.0,,false
826,60.0,174.0,,false
827,60.0,204.0,,false
828,800.0,5.0,,false
829,60.0,113.0,,false
830,60.0,102.0,,false
831,60.0,110.0,,false
832,60.0,98.0,,false
833,60.0,81.0,,false
834,60.0,92.0,,false
835,60.0,108.0,,false
836,60.0,100.0,,false
837,60.0,113.0,,false
838,60.0,106.0,,false
839,100.0,231.0,,false
840,100.0,234.0,,false
841,900.0,7.0,,false
842,1150.0,14.0,,false
843,1000.0,8.0,,false
844,1350.0,49.0,,true
845,500.0,57.0,,true
846,5000.0,20.0,,true
847,2200.0,133.0,,true
848,3500.0,317.0,,true
849,5000.0,600.0,,true
850,500.0,147.0,,true
851,125.0,512.0,,true
852,40.0,457.0,,true
853,350.0,173.0,,true
854,500.0,192.0,,false
855,500.0,337.0,,false
856,3300.0,21.0,,false
857,3300.0,24.0,,false
858,3300.0,28.0,,false
859,60.0,193.0,,false
860,60.0,219.0,,false
861,60.0,226.0,,false
862,800.0,5.0,,false
863,60.0,82.0,,false
864,60.0,118.0,,false
865,60.0,101.0,,false
866,60.0,115.0,,false
867,60.0,115.0,,false
868,60.0,90.0,,false
869,60.0,92.0,,false
870,100.0,225.0,,false
871,100.0,216.0,,false
872,900.0,10.0,,false
873,1150.0,17.0,,false
874,1000.0,7.0,,false
875,1350.0,50.0,,true
876,500.0,58.0,,true
877,5000.0,18.0,,true
878,2200.0,134.0,,true
879,3500.0,289.0,,true
880,5000.0,600.0,,true
881,500.0,147.0,,true
882,125.0,462.0,,true
883,40.0,424.0,,true
884,350.0,157.0,,true
885,500.0,197.0,,false
886,500.0,337.0,,false
887,3300.0,24.0,,false
888,3300.0,22.0,,false
889,3300.0,29.0,,false
890,60.0,205.0,,false
891,60.0,164.0,,false
892,60.0,235.0,,false
893,60.0,208.0,,false
894,800.0,5.0,,false
895,60.0,114.0,,false
896,60.0,88.0,,false
897,60.0,89.0,,false
898,60.0,91.0,,false
899,60.0,115.0,,false
900,60.0,115.0,,false
901,60.0,98.0,,false
902,60.0,113.0,,false
903,60.0,91.0,,false
904,60.0,105.0,,false
905,100.0,217.0,,false
906,100.0,228.0,,false
907,900.0,9.0,,false
908,1150.0,17.0,,false
909,1000.0,5.0,,false
910,1350.0,49.0,,true
911,500.0,58.0,,true
912,5000.0,16.0,,true
913,2200.0,139.0,,true
914,3500.0,203.0,,true
915,5000.0,600.0,,true
916,500.0,143.0,,true
917,125.0,465.0,,true
918,40.0,402.0,,true
919,350.0,171.0,,true
920,500.0,180.0,,false
921,500.0,565.0,,false
922,3300.0,29.0,,false
923,3300.0,25.0,,false
924,3300.0,26.0,,false
925,60.0,247.0,,false
926,60.0,215.0,,false
927,60.0,210.0,,false
928,60.0,226.0,,false
929,800.0,5.0,,false
930,60.0,102.0,,false
931,60.0,108.0,,false
932,60.0,105.0,,false
933,60.0,111.0,,false
934,60.0,119.0,,false
935,60.0,111.0,,false
936,60.0,118.0,,false
937,60.0,108.0,,false
938,60.0,82.0,,false
939,100.0,209.0,,false
940,100.0,212.0,,false
941,900.0,7.0,,false
942,1150.0,13.0,,false
943,1000.0,7.0,,false
944,1350.0,48.0,,true
945,500.0,60.0,,true
946,5000.0,16.0,,true
947,2200.0,132.0,,true
948,3500.0,399.0,,true
949,5000.0,600.0,,true
950,500.0,158.0,,true
951,125.0,502.0,,true
952,40.0,445.0,,true
953,350.0,141.0,,true
954,500.0,194.0,,false
955,500.0,342.0,,false
956,3300.0,25.0,,false
957,3300.0,24.0,,false
958,3300.0,26.0,,false
959,60.0,213.0,,false
960,60.0,245.0,,false
961,60.0,157.0,,false
962,60.0,192.0,,false
963,800.0,4.0,,false
964,60.0,111.0,,false
965,60.0,90.0,,false
966,60.0,119.0,,false
967,60.0,117.0,,false
968,60.0,93.0,,false
969,60.0,120.0,,false
970,60.0,109.0,,false
971,60.0,98.0,,false
972,100.0,235.0,,false
973,100.0,234.0,,false
974,900.0,9.0,,false
975,1150.0,15.0,,false
976,1000.0,7.0,,false
977,1350.0,49.0,,true
978,500.0,59.0,,true
979,5000.0,17.0,,true
980,2200.0,139.0,,true
981,3500.0,351.0,,true
982,5000.0,600.0,,true
983,500.0,144.0,,true
984,125.0,469.0,,true
985,40.0,421.0,,true
986,350.0,151.0,,true
987,500.0,184.0,,false
988,500.0,488.0,,false
989,3300.0,25.0,,false
990,3300.0,24.0,,false
991,3300.0,26.0,,false
992,60.0,174.0,,false
993,60.0,220.0,,false
994,60.0,159.0,,false
995,800.0,6.0,,false
996,60.0,109.0,,false
997,60.0,85.0,,false
998,60.0,85.0,,false
999,60.0,102.0,,false
1000,60.0,92.0,,false
1001,60.0,103.0,,false
1002,60.0,109.0,,false
1003,60.0,81.0,,false
1004,100.0,233.0,,false
1005,100.0,234.0,,false
1006,900.0,7.0,,false
1007,1150.0,16.0,,false
1008,1000.0,7.0,,false
1009,1350.0,49.0,,true
1010,500.0,57.0,,true
1011,5000.0,20.0,,true
1012,2200.0,133.0,,true
1013,3500.0,375.0,,true
1014,5000.0,600.0,,true
1015,500.0,144.0,,true
1016,125.0,526.0,,true
1017,40.0,456.0,,true
1018,350.0,143.0,,true
1019,500.0,185.0,,false
1020,500.0,457.0,,false
1021,3300.0,21.0,,false
1022,3300.0,25.0,,false
1023,3300.0,23.0,,false
1024,60.0,206.0,,false
1025,60.0,162.0,,false
1026,60.0,224.0,,false
1027,60.0,200.0,,false
1028,800.0,4.0,,false
1029,60.0,96.0,,false
1030,60.0,120.0,,false
1031,60.0,116.0,,false
1032,60.0,83.0,,false
1033,60.0,93.0,,false
1034,60.0,88.0,,false
1035,60.0,90.0,,false
1036,60.0,82.0,,false
1037,60.0,118.0,,false
1038,100.0,239.0,,false
1039,100.0,221.0,,false
1040,900.0,7.0,,false
1041,1150.0,14.0,,false
1042,1000.0,6.0,,false
1043,1350.0,48.0,,true
1044,500.0,60.0,,true
1045,5000.0,19.0,,true
1046,2200.0,134.0,,true
1047,3500.0,205.0,,true
1048,5000.0,600.0,,true
1049,500.0,143.0,,true
1050,125.0,501.0,,true
1051,40.0,418.0,,true
1052,350.0,164.0,,true
1053,500.0,173.0,,false
1054,500.0,528.0,,false
1055,3300.0,27.0,,false
1056,3300.0,24.0,,false
1057,3300.0,23.0,,false
1058,60.0,154.0,,false
1059,60.0,201.0,,false
1060,60.0,172.0,,false
1061,800.0,4.0,,false
1062,60.0,91.0,,false
1063,60.0,115.0,,false
1064,60.0,90.0,,false
1065,60.0,89.0,,false
1066,60.0,99.0,,false
1067,60.0,87.0,,false
1068,60.0,90.0,,false
1069,60.0,101.0,,false
1070,60.0,81.0,,false
1071,60.0,92.0,,false
1072,100.0,235.0,,false
1073,100.0,220.0,,false
1074,900.0,8.0,,false
1075,1150.0,15.0,,false
1076,1000.0,5.0,,false
1077,1350.0,46.0,,true
1078,500.0,56.0,,true
1079,5000.0,17.0,,true
1080,2200.0,137.0,,true
1081,3500.0,354.0,,true
1082,5000.0,600.0,,true
1083,500.0,159.0,,true
1084,125.0,531.0,,true
1085,40.0,433.0,,true
1086,350.0,145.0,,true
1087,500.0,173.0,,false
1088,500.0,307.0,,false
1089,3300.0,21.0,,false
1090,3300.0,21.0,,false
1091,3300.0,25.0,,false
1092,60.0,212.0,,false
1093,60.0,154.0,,false
1094,60.0,173.0,,false
1095,60.0,173.0,,false
1096,800.0,6.0,,false
1097,60.0,101.0,,false
1098,60.0,113.0,,false
1099,60.0,91.0,,false
1100,60.0,88.0,,false
1101,60.0,94.0,,false
1102,60.0,118.0,,false
1103,60.0,120.0,,false
1104,100.0,238.0,,false
1105,100.0,193.0,,false
1106,900.0,7.0,,false
1107,1150.0,13.0,,false
1108,1000.0,8.0,,false
1109,1350.0,46.0,,true
1110,500.0,58.0,,true
1111,5000.0,16.0,,true
1112,2200.0,138.0,,true
1113,3500.0,266.0,,true
1114,5000.0,600.0,,true
1115,500.0,150.0,,true
1116,125.0,503.0,,true
1117,40.0,364.0,,true
1118,350.0,149.0,,true
1119,500.0,188.0,,false
1120,500.0,490.0,,false
1121,3300.0,26.0,,false
1122,3300.0,22.0,,false
1123,3300.0,23.0,,false
1124,60.0,210.0,,false
1125,60.0,237.0,,false
1126,60.0,247.0,,false
1127,60.0,244.0,,false
1128,800.0,5.0,,false
1129,60.0,102.0,,false
1130,60.0,88.0,,false
1131,60.0,91.0,,false
1132,60.0,117.0,,false
1133,60.0,108.0,,false
1134,60.0,101.0,,false
1135,60.0,116.0,,false
1136,100.0,215.0,,false
1137,100.0,204.0,,false
1138,900.0,7.0,,false
1139,1150.0,16.0,,false
1140,1000.0,5.0,,false
1141,1350.0,46.0,,true
1142,500.0,60.0,,true
1143,5000.0,16.0,,true
1144,2200.0,138.0,,true
1145,3500.0,326.0,,true
1146,5000.0,600.0,,true
1147,500.0,146.0,,true
1148,125.0,470.0,,true
1149,40.0,377.0,,true
1150,350.0,172.0,,true
1151,500.0,189.0,,false
1152,500.0,472.0,,false
1153,3300.0,26.0,,false
1154,3300.0,28.0,,false
1155,3300.0,27.0,,false
1156,60.0,194.0,,false
1157,60.0,233.0,,false
1158,60.0,157.0,,false
1159,60.0,181.0,,false
1160,800.0,5.0,,false
1161,60.0,92.0,,false
1162,60.0,112.0,,false
1163,60.0,83.0,,false
1164,60.0,113.0,,false
1165,60.0,106.0,,false
1166,60.0,91.0,,false
1167,60.0,85.0,,false
1168,60.0,111.0,,false
1169,60.0,95.0,,false
1170,60.0,97.0,,false
1171,100.0,197.0,,false
1172,100.0,223.0,,false
1173,900.0,8.0,,false
1174,1150.0,13.0,,false
1175,1000.0,8.0,,false
1176,1350.0,49.0,,true
1177,500.0,57.0,,true
1178,5000.0,16.0,,true
1179,2200.0,140.0,,true
1180,3500.0,374.0,,true
1181,5000.0,600.0,,true
1182,500.0,151.0,,true
1183,125.0,467.0,,true
1184,40.0,449.0,,true
1185,350.0,163.0,,true
1186,500.0,175.0,,false
1187,500.0,422.0,,false
1188,3300.0,30.0,,false
1189,3300.0,28.0,,false
1190,3300.0,25.0,,false
1191,60.0,202.0,,false
1192,60.0,153.0,,false
1193,60.0,199.0,,false
1194,800.0,4.0,,false
1195,60.0,86.0,,false
1196,60.0,87.0,,false
1197,60.0,85.0,,false
1198,60.0,84.0,,false
1199,60.0,119.0,,false
1200,60.0,115.0,,false
1201,60.0,104.0,,false
1202,60.0,106.0,,false
1203,60.0,104.0,,false
1204,60.0,81.0,,false
1205,100.0,186.0,,false
1206,100.0,210.0,,false
1207,900.0,10.0,,false
1208,1150.0,18.0,,false
1209,1000.0,8.0,,false
1210,1350.0,46.0,,true
1211,500.0,56.0,,true
1212,5000.0,18.0,,true
1213,2200.0,137.0,,true
1214,3500.0,280.0,,true
1215,5000.0,600.0,,true
1216,500.0,155.0,,true
1217,125.0,546.0,,true
1218,40.0,384.0,,true
1219,350.0,150.0,,true
1220,500.0,190.0,,false
1221,500.0,403.0,,false
1222,3300.0,22.0,,false
1223,3300.0,29.0,,false
1224,3300.0,28.0,,false
1225,60.0,240.0,,false
1226,60.0,172.0,,false
1227,60.0,227.0,,false
1228,800.0,6.0,,false
1229,60.0,90.0,,false
1230,60.0,87.0,,false
1231,60.0,89.0,,false
1232,60.0,98.0,,false
1233,60.0,85.0,,false
1234,60.0,100.0,,false
1235,60.0,107.0,,false
1236,60.0,105.0,,false
1237,60.0,100.0,,false
1238,60.0,103.0,,false
1239,100.0,241.0,,false
1240,100.0,202.0,,false
1241,900.0,7.0,,false
1242,1150.0,14.0,,false
1243,1000.0,6.0,,false
1244,1350.0,49.0,,true
1245,500.0,58.0,,true
1246,5000.0,17.0,,true
1247,2200.0,135.0,,true
1248,3500.0,289.0,,true
1249,5000.0,600.0,,true
1250,500.0,155.0,,true
1251,125.0,491.0,,true
1252,40.0,431.0,,true
1253,350.0,180.0,,true
1254,500.0,186.0,,false
1255,500.0,309.0,,false
1256,3300.0,30.0,,false
1257,3300.0,24.0,,false
1258,3300.0,27.0,,false
1259,60.0,222.0,,false
1260,60.0,208.0,,false
1261,60.0,203.0,,false
1262,800.0,5.0,,false
1263,60.0,102.0,,false
1264,60.0,112.0,,false
1265,60.0,107.0,,false
1266,60.0,112.0,,false
1267,60.0,82.0,,false
1268,60.0,119.0,,false
1269,60.0,86.0,,false
1270,100.0,182.0,,false
1271,100.0,234.0,,false
1272,900.0,8.0,,false
1273,1150.0,15.0,,false
1274,1000.0,8.0,,false
1275,1350.0,48.0,,true
1276,500.0,60.0,,true
1277,5000.0,19.0,,true
1278,2200.0,139.0,,true
1279,3500.0,381.0,,true
1280,5000.0,600.0,,true
1281,500.0,145.0,,true
1282,125.0,505.0,,true
1283,40.0,432.0,,true
1284,350.0,145.0,,true
1285,500.0,175.0,,false
1286,500.0,466.0,,false
1287,3300.0,23.0,,false
1288,3300.0,26.0,,false
1289,3300.0,22.0,,false
1290,60.0,201.0,,false
1291,60.0,183.0,,false
1292,60.0,165.0,,false
1293,800.0,5.0,,false
1294,60.0,117.0,,false
1295,60.0,115.0,,false
1296,60.0,94.0,,false
1297,60.0,109.0,,false
1298,60.0,85.0,,false
1299,60.0,100.0,,false
1300,100.0,201.0,,false
1301,100.0,229.0,,false
1302,900.0,9.0,,false
1303,1150.0,18.0,,false
1304,1000.0,7.0,,false
1305,1350.0,47.0,,true
1306,500.0,58.0,,true
1307,5000.0,16.0,,true
1308,2200.0,140.0,,true
1309,3500.0,288.0,,true
1310,5000.0,600.0,,true
1311,500.0,156.0,,true
1312,125.0,470.0,,true
1313,40.0,407.0,,true
1314,350.0,165.0,,true
1315,500.0,180.0,,false
1316,500.0,475.0,,false
1317,3300.0,23.0,,false
1318,3300.0,23.0,,false
1319,3300.0,27.0,,false
1320,60.0,247.0,,false
1321,60.0,194.0,,false
1322,60.0,193.0,,false
1323,800.0,6.0,,false
1324,60.0,109.0,,false
1325,60.0,107.0,,false
1326,60.0,118.0,,false
1327,60.0,120.0,,false
1328,60.0,114.0,,false
1329,60.0,114.0,,false
1330,60.0,101.0,,false
1331,60.0,114.0,,false
1332,60.0,107.0,,false
1333,100.0,208.0,,false
1334,100.0,204.0,,false
1335,900.0,7.0,,false
1336,1150.0,18.0,,false
1337,1000.0,5.0,,false
1338,1350.0,47.0,,true
1339,500.0,59.0,,true
1340,5000.0,20.0,,true
1341,2200.0,139.0,,true
1342,3500.0,353.0,,true
1343,5000.0,600.0,,true
1344,500.0,157.0,,true
1345,125.0,459.0,,true
1346,40.0,393.0,,true
1347,350.0,169.0,,true
1348,500.0,183.0,,false
1349,500.0,402.0,,false
1350,3300.0,23.0,,false
1351,3300.0,30.0,,false
1352,3300.0,21.0,,false
1353,60.0,165.0,,false
1354,60.0,193.0,,false
1355,60.0,186.0,,false
1356,60.0,182.0,,false
1357,800.0,6.0,,false
1358,60.0,108.0,,false
1359,60.0,105.0,,false
1360,60.0,89.0,,false
1361,60.0,99.0,,false
1362,60.0,102.0,,false
1363,60.0,91.0,,false
1364,60.0,115.0,,false
1365,100.0,238.0,,false
1366,100.0,228.0,,false
1367,900.0,10.0,,false
1368,1150.0,14.0,,false
1369,1000.0,7.0,,false
1370,1350.0,49.0,,true
1371,500.0,56.0,,true
1372,5000.0,16.0,,true
1373,2200.0,140.0,,true
1374,3500.0,247.0,,true
1375,5000.0,600.0,,true
1376,500.0,159.0,,true
1377,125.0,484.0,,true
1378,40.0,361.0,,true
1379,350.0,141.0,,true
1380,500.0,188.0,,false
1381,500.0,358.0,,false
1382,3300.0,23.0,,false
1383,3300.0,29.0,,false
1384,3300.0,29.0,,false
1385,60.0,206.0,,false
1386,60.0,181.0,,false
1387,60.0,172.0,,false
1388,800.0,6.0,,false
1389,60.0,116.0,,false
1390,60.0,112.0,,false
1391,60.0,109.0,,false
1392,60.0,117.0,,false
1393,60.0,116.0,,false
1394,60.0,98.0,,false
1395,100.0,249.0,,false
1396,100.0,250.0,,false
1397,900.0,9.0,,false
1398,1150.0,14.0,,false
1399,1000.0,8.0,,false
1400,1350.0,46.0,,true
1401,500.0,60.0,,true
1402,5000.0,20.0,,true
1403,2200.0,136.0,,true
1404,3500.0,328.0,,true
1405,5000.0,600.0,,true
1406,500.0,155.0,,true
1407,125.0,547.0,,true
1408,40.0,399.0,,true
1409,350.0,155.0,,true
1410,500.0,184.0,,false
1411,500.0,518.0,,false
1412,3300.0,23.0,,false
1413,3300.0,28.0,,false
1414,3300.0,30.0,,false
1415,60.0,221.0,,false
1416,60.0,204.0,,false
1417,60.0,183.0,,false
1418,60.0,197.0,,false
1419,800.0,5.0,,false
1420,60.0,91.0,,false
1421,60.0,114.0,,false
1422,60.0,93.0,,false
1423,60.0,84.0,,false
1424,60.0,94.0,,false
1425,60.0,105.0,,false
1426,60.0,117.0,,false
1427,60.0,82.0,,false
1428,60.0,100.0,,false
1429,100.0,206.0,,false
1430,100.0,209.0,,false
1431,900.0,9.0,,false
1432,1150.0,14.0,,false
1433,1000.0,5.0,,false
1434,1350.0,48.0,,true
1435,500.0,56.0,,true
1436,5000.0,20.0,,true
1437,2200.0,131.0,,true
1438,3500.0,269.0,,true
1439,5000.0,600.0,,true
1440,500.0,155.0,,true
1441,125.0,492.0,,true
1442,40.0,396.0,,true
1443,350.0,147.0,,true
1444,500.0,181.0,,false
1445,500.0,329.0,,false
1446,3300.0,22.0,,false
1447,3300.0,30.0,,false
1448,3300.0,30.0,,false
1449,60.0,233.0,,false
1450,60.0,250.0,,false
1451,60.0,231.0,,false
1452,800.0,5.0,,false
1453,60.0,111.0,,false
1454,60.0,85.0,,false
1455,60.0,102.0,,false
1456,60.0,117.0,,false
1457,60.0,109.0,,false
1458,60.0,95.0,,false
1459,60.0,91.0,,false
1460,60.0,101.0,,false
1461,60.0,97.0,,false
1462,100.0,187.0,,false
1463,100.0,182.0,,false
1464,900.0,9.0,,false
1465,1150.0,17.0,,false
1466,1000.0,8.0,,false
1467,1350.0,46.0,,true
1468,500.0,59.0,,true
1469,5000.0,18.0,,true
1470,2200.0,135.0,,true
1471,3500.0,299.0,,true
1472,5000.0,600.0,,true
1473,500.0,160.0,,true
1474,125.0,462.0,,true
1475,40.0,418.0,,true
1476,350.0,174.0,,true
1477,500.0,194.0,,false
1478,500.0,313.0,,false
1479,3300.0,21.0,,false
1480,3300.0,26.0,,false
1481,3300.0,28.0,,false
1482,60.0,230.0,,false
1483,60.0,186.0,,false
1484,60.0,182.0,,false
1485,60.0,212.0,,false
1486,800.0,6.0,,false
1487,60.0,96.0,,false
1488,60.0,110.0,,false
1489,60.0,92.0,,false
1490,60.0,102.0,,false
1491,60.0,94.0,,false
1492,60.0,82.0,,false
1493,60.0,100.0,,false
1494,60.0,111.0,,false
1495,60.0,120.0,,false
1496,60.0,88.0,,false
1497,100.0,222.0,,false
1498,100.0,200.0,,false
1499,900.0,8.0,,false
1500,1150.0,16.0,,false
1501,1000.0,5.0,,false
1502,1350.0,49.0,,true
1503,500.0,57.0,,true
1504,5000.0,17.0,,true
1505,2200.0,137.0,,true
1506,3500.0,329.0,,true
1507,5000.0,600.0,,true
1508,500.0,151.0,,true
1509,125.0,487.0,,true
1510,40.0,453.0,,true
1511,350.0,167.0,,true
1512,500.0,190.0,,false
1513,500.0,406.0,,false
1514,3300.0,27.0,,false
1515,3300.0,24.0,,false
1516,3300.0,26.0,,false
1517,60.0,208.0,,false
1518,60.0,198.0,,false
1519,60.0,157.0,,false
1520,60.0,225.0,,false
1521,800.0,6.0,,false
1522,60.0,98.0,,false
1523,60.0,95.0,,false
1524,60.0,94.0,,false
1525,60.0,105.0,,false
1526,60.0,104.0,,false
1527,60.0,91.0,,false
1528,60.0,93.0,,false
1529,60.0,88.0,,false
1530,100.0,231.0,,false
1531,100.0,244.0,,false
1532,900.0,9.0,,false
1533,1150.0,18.0,,false
1534,1000.0,8.0,,false
1535,1350.0,50.0,,true
1536,500.0,59.0,,true
1537,5000.0,19.0,,true
1538,2200.0,140.0,,true
1539,3500.0,319.0,,true
1540,5000.0,600.0,,true
1541,500.0,143.0,,true
1542,125.0,458.0,,true
1543,40.0,428.0,,true
1544,350.0,146.0,,true
1545,500.0,199.0,,false
1546,500.0,543.0,,false
1547,3300.0,24.0,,false
1548,3300.0,27.0,,false
1549,3300.0,28.0,,false
1550,60.0,206.0,,false
1551,60.0,162.0,,false
1552,60.0,206.0,,false
1553,800.0,5.0,,false
1554,60.0,113.0,,false
1555,60.0,83.0,,false
1556,60.0,118.0,,false
1557,60.0,118.0,,false
1558,60.0,116.0,,false
1559,60.0,119.0,,false
1560,60.0,91.0,,false
1561,60.0,82.0,,false
1562,100.0,208.0,,false
1563,100.0,241.0,,false
1564,900.0,9.0,,false
1565,1150.0,18.0,,false
1566,1000.0,6.0,,false
1567,1350.0,47.0,,true
1568,500.0,60.0,,true
1569,5000.0,20.0,,true
1570,2200.0,134.0,,true
1571,3500.0,250.0,,true
1572,5000.0,600.0,,true
1573,500.0,145.0,,true
1574,125.0,506.0,,true
1575,40.0,407.0,,true
1576,350.0,142.0,,true
1577,500.0,175.0,,false
1578,500.0,312.0,,false
1579,3300.0,22.0,,false
1580,3300.0,25.0,,false
1581,3300.0,25.0,,false
1582,60.0,235.0,,false
1583,60.0,182.0,,false
1584,60.0,166.0,,false
1585,800.0,6.0,,false
1586,60.0,116.0,,false
1587,60.0,94.0,,false
1588,60.0,114.0,,false
1589,60.0,83.0,,false
1590,60.0,88.0,,false
1591,60.0,86.0,,false
1592,60.0,120.0,,false
1593,60.0,103.0,,false
1594,100.0,243.0,,false
1595,100.0,185.0,,false
1596,900.0,7.0,,false
1597,1150.0,17.0,,false
1598,1000.0,8.0,,false
1599,1350.0,50.0,,true
1600,500.0,58.0,,true
1601,5000.0,16.0,,true
1602,2200.0,137.0,,true
1603,3500.0,211.0,,true
1604,5000.0,600.0,,true
1605,500.0,153.0,,true
1606,125.0,484.0,,true
1607,40.0,421.0,,true
1608,350.0,142.0,,true
1609,500.0,189.0,,false
1610,500.0,496.0,,false
1611,3300.0,27.0,,false
1612,3300.0,29.0,,false
1613,3300.0,28.0,,false
1614,60.0,232.0,,false
1615,60.0,241.0,,false
1616,60.0,176.0,,false
1617,60.0,156.0,,false
1618,800.0,4.0,,false
1619,60.0,83.0,,false
1620,60.0,104.0,,false
1621,60.0,117.0,,false
1622,60.0,120.0,,false
1623,60.0,116.0,,false
1624,60.0,114.0,,false
1625,100.0,209.0,,false
1626,100.0,211.0,,false
1627,900.0,10.0,,false
1628,1150.0,16.0,,false
1629,1000.0,6.0,,false
