Reference,height,width,stripwidth,preemptable
1,1350.0,47.0,720,true
2,500.0,58.0,,true
3,5000.0,17.0,,true
4,2200.0,135.0,,true
5,3500.0,249.0,,true
6,5000.0,600.0,,true
7,500.0,145.0,,true
8,125.0,521.0,,true
9,40.0,431.0,,true
10,350.0,160.0,,true
11,500.0,192.0,,false
12,500.0,586.0,,false
13,3300.0,21.0,,false
14,3300.0,24.0,,false
15,3300.0,22.0,,false
16,60.0,230.0,,false
17,60.0,190.0,,false
18,60.0,165.0,,false
19,800.0,4.0,,false
20,60.0,99.0,,false
21,60.0,110.0,,false
22,60.0,102.0,,false
23,60.0,100.0,,false
24,60.0,105.0,,false
25,60.0,114.0,,false
26,60.0,87.0,,false
27,60.0,94.0,,false
28,60.0,107.0,,false
29,100.0,218.0,,false
30,100.0,204.0,,false
31,900.0,9.0,,false
32,1150.0,16.0,,false
33,1000.0,6.0,,false
34,1350.0,49.0,,true
35,500.0,57.0,,true
36,5000.0,16.0,,true
37,2200.0,139.0,,true
38,3500.0,261.0,,true
39,5000.0,600.0,,true
40,500.0,155.0,,true
41,125.0,459.0,,true
42,40.0,377.0,,true
43,350.0,174.0,,true
44,500.0,196.0,,false
45,500.0,427.0,,false
46,3300.0,28.0,,false
47,3300.0,29.0,,false
48,3300.0,23.0,,false
49,60.0,183.0,,false
50,60.0,188.0,,false
51,60.0,161.0,,false
52,60.0,243.0,,false
53,800.0,5.0,,false
54,60.0,120.0,,false
55,60.0,109.0,,false
56,60.0,108.0,,false
57,60.0,99.0,,false
58,60.0,115.0,,false
59,60.0,96.0,,false
60,60.0,98.0,,false
61,60.0,113.0,,false
62,60.0,86.0,,false
63,60.0,106.0,,false
64,100.0,235.0,,false
65,100.0,191.0,,false
66,900.0,7.0,,false
67,1150.0,16.0,,false
68,1000.0,5.0,,false
69,1350.0,47.0,,true
70,500.0,60.0,,true
71,5000.0,16.0,,true
72,2200.0,140.0,,true
73,3500.0,353.0,,true
74,5000.0,600.0,,true
75,500.0,153.0,,true
76,125.0,457.0,,true
77,40.0,385.0,,true
78,350.0,165.0,,true
79,500.0,198.0,,false
80,500.0,547.0,,false
81,3300.0,26.0,,false
82,3300.0,29.0,,false
83,3300.0,23.0,,false
84,60.0,232.0,,false
85,60.0,208.0,,false
86,60.0,232.0,,false
87,800.0,5.0,,false
88,60.0,99.0,,false
89,60.0,116.0,,false
90,60.0,108.0,,false
91,60.0,116.0,,false
92,60.0,85.0,,false
93,60.0,109.0,,false
94,60.0,95.0,,false
95,60.0,81.0,,false
96,100.0,221.0,,false
97,100.0,248.0,,false
98,900.0,10.0,,false
99,1150.0,15.0,,false
100,1000.0,6.0,,false
101,1350.0,46.0,,true
102,500.0,59.0,,true
103,5000.0,16.0,,true
104,2200.0,139.0,,true
105,3500.0,382.0,,true
106,5000.0,600.0,,true
107,500.0,148.0,,true
108,125.0,462.0,,true
109,40.0,383.0,,true
110,350.0,141.0,,true
111,500.0,173.0,,false
112,500.0,360.0,,false
113,3300.0,26.0,,false
114,3300.0,30.0,,false
115,3300.0,26.0,,false
116,60.0,245.0,,false
117,60.0,221.0,,false
118,60.0,226.0,,false
119,800.0,4.0,,false
120,60.0,113.0,,false
121,60.0,84.0,,false
122,60.0,120.0,,false
123,60.0,96.0,,false
124,60.0,106.0,,false
125,60.0,98.0,,false
126,60.0,113.0,,false
127,100.0,218.0,,false
128,100.0,227.0,,false
129,900.0,9.0,,false
130,1150.0,15.0,,false
131,1000.0,7.0,,false
132,1350.0,49.0,,true
133,500.0,58.0,,true
134,5000.0,17.0,,true
135,2200.0,137.0,,true
136,3500.0,386.0,,true
137,5000.0,600.0,,true
138,500.0,159.0,,true
139,125.0,492.0,,true
140,40.0,408.0,,true
141,350.0,155.0,,true
142,500.0,185.0,,false
143,500.0,363.0,,false
144,3300.0,26.0,,false
145,3300.0,26.0,,false
146,3300.0,28.0,,false
147,60.0,186.0,,false
148,60.0,158.0,,false
149,60.0,213.0,,false
150,60.0,236.0,,false
151,800.0,6.0,,false
152,60.0,102.0,,false
153,60.0,90.0,,false
154,60.0,81.0,,false
155,60.0,85.0,,false
156,60.0,99.0,,false
157,60.0,106.0,,false
158,60.0,107.0,,false
159,60.0,82.0,,false
160,60.0,102.0,,false
161,60.0,109.0,,false
162,100.0,192.0,,false
163,100.0,187.0,,false
164,900.0,9.0,,false
165,1150.0,17.0,,false
166,1000.0,7.0,,false
167,1350.0,50.0,,true
168,500.0,59.0,,true
169,5000.0,19.0,,true
170,2200.0,140.0,,true
171,3500.0,201.0,,true
172,5000.0,600.0,,true
173,500.0,157.0,,true
174,125.0,550.0,,true
175,40.0,410.0,,true
176,350.0,153.0,,true
177,500.0,195.0,,false
178,500.0,403.0,,false
179,3300.0,28.0,,false
180,3300.0,24.0,,false
181,3300.0,25.0,,false
182,60.0,185.0,,false
183,60.0,208.0,,false
184,60.0,179.0,,false
185,60.0,221.0,,false
186,800.0,4.0,,false
187,60.0,98.0,,false
188,60.0,84.0,,false
189,60.0,116.0,,false
190,60.0,85.0,,false
191,60.0,100.0,,false
192,60.0,105.0,,false
193,60.0,99.0,,false
194,60.0,99.0,,false
195,60.0,103.0,,false
196,100.0,224.0,,false
197,100.0,231.0,,false
198,900.0,8.0,,false
199,1150.0,13.0,,false
200,1000.0,6.0,,false
201,1350.0,47.0,,true
202,500.0,57.0,,true
203,5000.0,20.0,,true
204,2200.0,139.0,,true
205,3500.0,227.0,,true
206,5000.0,600.0,,true
207,500.0,146.0,,true
208,125.0,503.0,,true
209,40.0,417.0,,true
210,350.0,171.0,,true
211,500.0,184.0,,false
212,500.0,492.0,,false
213,3300.0,27.0,,false
214,3300.0,27.0,,false
215,3300.0,24.0,,false
216,60.0,245.0,,false
217,60.0,249.0,,false
218,60.0,223.0,,false
219,800.0,6.0,,false
220,60.0,82.0,,false
221,60.0,116.0,,false
222,60.0,105.0,,false
223,60.0,102.0,,false
224,60.0,110.0,,false
225,60.0,97.0,,false
226,60.0,86.0,,false
227,60.0,90.0,,false
228,60.0,92.0,,false
229,60.0,113.0,,false
230,100.0,206.0,,false
231,100.0,194.0,,false
232,900.0,9.0,,false
233,1150.0,14.0,,false
234,1000.0,6.0,,false
235,1350.0,46.0,,true
236,500.0,57.0,,true
237,5000.0,20.0,,true
238,2200.0,140.0,,true
239,3500.0,236.0,,true
240,5000.0,600.0,,true
241,500.0,153.0,,true
242,125.0,459.0,,true
243,40.0,378.0,,true
244,350.0,175.0,,true
245,500.0,196.0,,false
246,500.0,597.0,,false
247,3300.0,26.0,,false
248,3300.0,21.0,,false
249,3300.0,29.0,,false
250,60.0,161.0,,false
251,60.0,199.0,,false
252,60.0,193.0,,false
253,800.0,6.0,,false
254,60.0,106.0,,false
255,60.0,97.0,,false
256,60.0,99.0,,false
257,60.0,82.0,,false
258,60.0,101.0,,false
259,60.0,81.0,,false
260,60.0,92.0,,false
261,60.0,100.0,,false
262,100.0,234.0,,false
263,100.0,197.0,,false
264,900.0,9.0,,false
265,1150.0,18.0,,false
266,1000.0,6.0,,false
267,1350.0,48.0,,true
268,500.0,57.0,,true
269,5000.0,16.0,,true
270,2200.0,132.0,,true
271,3500.0,375.0,,true
272,5000.0,600.0,,true
273,500.0,153.0,,true
274,125.0,509.0,,true
275,40.0,386.0,,true
276,350.0,178.0,,true
277,500.0,173.0,,false
278,500.0,334.0,,false
279,3300.0,26.0,,false
280,3300.0,21.0,,false
281,3300.0,28.0,,false
282,60.0,230.0,,false
283,60.0,246.0,,false
284,60.0,171.0,,false
285,800.0,4.0,,false
286,60.0,90.0,,false
287,60.0,84.0,,false
288,60.0,97.0,,false
289,60.0,81.0,,false
290,60.0,100.0,,false
291,60.0,91.0,,false
292,60.0,85.0,,false
293,60.0,118.0,,false
294,60.0,103.0,,false
295,100.0,192.0,,false
296,100.0,239.0,,false
297,900.0,7.0,,false
298,1150.0,16.0,,false
299,1000.0,8.0,,false
300,1350.0,48.0,,true
301,500.0,60.0,,true
302,5000.0,19.0,,true
303,2200.0,133.0,,true
304,3500.0,218.0,,true
305,5000.0,600.0,,true
306,500.0,141.0,,true
307,125.0,453.0,,true
308,40.0,399.0,,true
309,350.0,145.0,,true
310,500.0,198.0,,false
311,500.0,405.0,,false
312,3300.0,21.0,,false
313,3300.0,26.0,,false
314,3300.0,23.0,,false
315,60.0,219.0,,false
316,60.0,167.0,,false
317,60.0,224.0,,false
318,800.0,4.0,,false
319,60.0,84.0,,false
320,60.0,105.0,,false
321,60.0,105.0,,false
322,60.0,91.0,,false
323,60.0,81.0,,false
324,60.0,108.0,,false
325,60.0,115.0,,false
326,60.0,90.0,,false
327,100.0,203.0,,false
328,100.0,237.0,,false
329,900.0,7.0,,false
330,1150.0,13.0,,false
331,1000.0,8.0,,false
332,1350.0,50.0,,true
333,500.0,56.0,,true
334,5000.0,20.0,,true
335,2200.0,132.0,,true
336,3500.0,342.0,,true
337,5000.0,600.0,,true
338,500.0,141.0,,true
339,125.0,544.0,,true
340,40.0,389.0,,true
341,350.0,150.0,,true
342,500.0,189.0,,false
343,500.0,307.0,,false
344,3300.0,27.0,,false
345,3300.0,30.0,,false
346,3300.0,22.0,,false
347,60.0,156.0,,false
348,60.0,243.0,,false
349,60.0,172.0,,false
350,800.0,4.0,,false
351,60.0,116.0,,false
352,60.0,94.0,,false
353,60.0,109.0,,false
354,60.0,110.0,,false
355,60.0,96.0,,false
356,60.0,111.0,,false
357,60.0,119.0,,false
358,60.0,116.0,,false
359,100.0,225.0,,false
360,100.0,217.0,,false
361,900.0,7.0,,false
362,1150.0,13.0,,false
363,1000.0,8.0,,false
364,1350.0,50.0,,true
365,500.0,58.0,,true
366,5000.0,20.0,,true
367,2200.0,135.0,,true
368,3500.0,218.0,,true
369,5000.0,600.0,,true
370,500.0,158.0,,true
371,125.0,507.0,,true
372,40.0,352.0,,true
373,350.0,144.0,,true
374,500.0,188.0,,false
375,500.0,453.0,,false
376,3300.0,30.0,,false
377,3300.0,27.0,,false
378,3300.0,25.0,,false
379,60.0,196.0,,false
380,60.0,209.0,,false
381,60.0,228.0,,false
382,60.0,183.0,,false
383,800.0,5.0,,false
384,60.0,109.0,,false
385,60.0,90.0,,false
386,60.0,118.0,,false
387,60.0,115.0,,false
388,60.0,91.0,,false
389,60.0,114.0,,false
390,100.0,212.0,,false
391,100.0,235.0,,false
392,900.0,9.0,,false
393,1150.0,18.0,,false
394,1000.0,7.0,,false
395,1350.0,46.0,,true
396,500.0,60.0,,true
397,5000.0,20.0,,true
398,2200.0,132.0,,true
399,3500.0,243.0,,true
400,5000.0,600.0,,true
401,500.0,148.0,,true
402,125.0,461.0,,true
403,40.0,355.0,,true
404,350.0,169.0,,true
405,500.0,196.0,,false
406,500.0,325.0,,false
407,3300.0,26.0,,false
408,3300.0,28.0,,false
409,3300.0,28.0,,false
410,60.0,233.0,,false
411,60.0,152.0,,false
412,60.0,162.0,,false
413,60.0,209.0,,false
414,800.0,5.0,,false
415,60.0,96.0,,false
416,60.0,86.0,,false
417,60.0,119.0,,false
418,60.0,83.0,,false
419,60.0,86.0,,false
420,60.0,92.0,,false
421,60.0,91.0,,false
422,60.0,112.0,,false
423,60.0,95.0,,false
424,60.0,95.0,,false
425,100.0,190.0,,false
426,100.0,193.0,,false
427,900.0,8.0,,false
428,1150.0,15.0,,false
429,1000.0,6.0,,false
430,1350.0,50.0,,true
431,500.0,59.0,,true
432,5000.0,16.0,,true
433,2200.0,140.0,,true
434,3500.0,312.0,,true
435,5000.0,600.0,,true
436,500.0,143.0,,true
437,125.0,533.0,,true
438,40.0,432.0,,true
439,350.0,175.0,,true
440,500.0,176.0,,false
441,500.0,410.0,,false
442,3300.0,25.0,,false
443,3300.0,21.0,,false
444,3300.0,23.0,,false
445,60.0,235.0,,false
446,60.0,214.0,,false
447,60.0,197.0,,false
448,800.0,4.0,,false
449,60.0,114.0,,false
450,60.0,87.0,,false
451,60.0,93.0,,false
452,60.0,86.0,,false
453,60.0,110.0,,false
454,60.0,90.0,,false
455,60.0,101.0,,false
456,60.0,98.0,,false
457,60.0,90.0,,false
458,60.0,115.0,,false
459,100.0,182.0,,false
460,100.0,201.0,,false
461,900.0,9.0,,false
462,1150.0,15.0,,false
463,1000.0,8.0,,false
464,1350.0,48.0,,true
465,500.0,58.0,,true
466,5000.0,18.0,,true
467,2200.0,138.0,,true
468,3500.0,370.0,,true
469,5000.0,600.0,,true
470,500.0,152.0,,true
471,125.0,506.0,,true
472,40.0,443.0,,true
473,350.0,154.0,,true
474,500.0,182.0,,false
475,500.0,549.0,,false
476,3300.0,29.0,,false
477,3300.0,24.0,,false
478,3300.0,24.0,,false
479,60.0,154.0,,false
480,60.0,233.0,,false
481,60.0,190.0,,false
482,800.0,5.0,,false
483,60.0,87.0,,false
484,60.0,103.0,,false
485,60.0,82.0,,false
486,60.0,98.0,,false
487,60.0,98.0,,false
488,60.0,92.0,,false
489,60.0,101.0,,false
490,60.0,116.0,,false
491,100.0,214.0,,false
492,100.0,215.0,,false
493,900.0,9.0,,false
494,1150.0,13.0,,false
495,1000.0,5.0,,false
496,1350.0,50.0,,true
497,500.0,59.0,,true
498,5000.0,16.0,,true
499,2200.0,139.0,,true
500,3500.0,353.0,,true
501,5000.0,600.0,,true
502,500.0,159.0,,true
503,125.0,493.0,,true
504,40.0,437.0,,true
505,350.0,178.0,,true
506,500.0,185.0,,false
507,500.0,566.0,,false
508,3300.0,21.0,,false
509,3300.0,28.0,,false
510,3300.0,22.0,,false
511,60.0,231.0,,false
512,60.0,215.0,,false
513,60.0,212.0,,false
514,60.0,198.0,,false
515,800.0,6.0,,false
516,60.0,99.0,,false
517,60.0,87.0,,false
518,60.0,87.0,,false
519,60.0,102.0,,false
520,60.0,82.0,,false
521,60.0,101.0,,false
522,60.0,118.0,,false
523,60.0,91.0,,false
524,100.0,184.0,,false
525,100.0,188.0,,false
526,900.0,7.0,,false
527,1150.0,15.0,,false
528,1000.0,8.0,,false
529,1350.0,46.0,,true
530,500.0,59.0,,true
531,5000.0,17.0,,true
532,2200.0,140.0,,true
533,3500.0,337.0,,true
534,5000.0,600.0,,true
535,500.0,149.0,,true
536,125.0,496.0,,true
537,40.0,366.0,,true
538,350.0,167.0,,true
539,500.0,178.0,,false
540,500.0,472.0,,false
541,3300.0,22.0,,false
542,3300.0,26.0,,false
543,3300.0,30.0,,false
544,60.0,181.0,,false
545,60.0,238.0,,false
546,60.0,179.0,,false
547,60.0,161.0,,false
548,800.0,4.0,,false
549,60.0,109.0,,false
550,60.0,112.0,,false
551,60.0,91.0,,false
552,60.0,89.0,,false
553,60.0,114.0,,false
554,60.0,97.0,,false
555,60.0,99.0,,false
556,60.0,104.0,,false
557,100.0,185.0,,false
558,100.0,233.0,,false
559,900.0,9.0,,false
560,1150.0,15.0,,false
561,1000.0,5.0,,false
562,1350.0,47.0,,true
563,500.0,60.0,,true
564,5000.0,17.0,,true
565,2200.0,131.0,,true
566,3500.0,287.0,,true
567,5000.0,600.0,,true
568,500.0,152.0,,true
569,125.0,469.0,,true
570,40.0,421.0,,true
571,350.0,156.0,,true
572,500.0,198.0,,false
573,500.0,326.0,,false
574,3300.0,25.0,,false
575,3300.0,26.0,,false
576,3300.0,26.0,,false
577,60.0,177.0,,false
578,60.0,206.0,,false
579,60.0,163.0,,false
580,60.0,196.0,,false
581,800.0,4.0,,false
582,60.0,117.0,,false
583,60.0,83.0,,false
584,60.0,81.0,,false
585,60.0,88.0,,false
586,60.0,88.0,,false
587,60.0,87.0,,false
588,60.0,120.0,,false
589,60.0,85.0,,false
590,60.0,85.0,,false
591,60.0,95.0,,false
592,100.0,190.0,,false
593,100.0,229.0,,false
594,900.0,10.0,,false
595,1150.0,13.0,,false
596,1000.0,5.0,,false
597,1350.0,46.0,,true
598,500.0,58.0,,true
599,5000.0,20.0,,true
600,2200.0,131.0,,true
601,3500.0,350.0,,true
602,5000.0,600.0,,true
603,500.0,146.0,,true
604,125.0,476.0,,true
605,40.0,423.0,,true
606,350.0,168.0,,true
607,500.0,177.0,,false
608,500.0,506.0,,false
609,3300.0,27.0,,false
610,3300.0,26.0,,false
611,3300.0,23.0,,false
612,60.0,242.0,,false
613,60.0,163.0,,false
614,60.0,180.0,,false
615,800.0,4.0,,false
616,60.0,114.0,,false
617,60.0,88.0,,false
618,60.0,92.0,,false
619,60.0,101.0,,false
620,60.0,120.0,,false
621,60.0,90.0,,false
622,60.0,106.0,,false
623,60.0,117.0,,false
624,60.0,89.0,,false
625,60.0,89.0,,false
626,100.0,221.0,,false
627,100.0,202.0,,false
628,900.0,7.0,,false
629,1150.0,17.0,,false
630,1000.0,8.0,,false
631,1350.0,46.0,,true
632,500.0,59.0,,true
633,5000.0,20.0,,true
634,2200.0,140.0,,true
635,3500.0,305.0,,true
636,5000.0,600.0,,true
637,500.0,160.0,,true
638,125.0,512.0,,true
639,40.0,371.0,,true
640,350.0,160.0,,true
641,500.0,174.0,,false
642,500.0,454.0,,false
643,3300.0,24.0,,false
644,3300.0,27.0,,false
645,3300.0,29.0,,false
646,60.0,238.0,,false
647,60.0,247.0,,false
648,60.0,173.0,,false
649,60.0,250.0,,false
650,800.0,5.0,,false
651,60.0,110.0,,false
652,60.0,111.0,,false
653,60.0,97.0,,false
654,60.0,116.0,,false
655,60.0,90.0,,false
656,60.0,97.0,,false
657,60.0,91.0,,false
658,60.0,107.0,,false
659,100.0,201.0,,false
660,100.0,247.0,,false
661,900.0,8.0,,false
662,1150.0,16.0,,false
663,1000.0,8.0,,false
664,1350.0,49.0,,true
665,500.0,58.0,,true
666,5000.0,20.0,,true
667,2200.0,132.0,,true
668,3500.0,310.0,,true
669,5000.0,600.0,,true
670,500.0,150.0,,true
671,125.0,519.0,,true
672,40.0,391.0,,true
673,350.0,170.0,,true
674,500.0,179.0,,false
675,500.0,334.0,,false
676,3300.0,22.0,,false
677,3300.0,29.0,,false
678,3300.0,29.0,,false
679,60.0,176.0,,false
680,60.0,155.0,,false
681,60.0,171.0,,false
682,800.0,6.0,,false
683,60.0,119.0,,false
684,60.0,97.0,,false
685,60.0,108.0,,false
686,60.0,110.0,,false
687,60.0,91.0,,false
688,60.0,91.0,,false
689,60.0,93.0,,false
690,60.0,98.0,,false
691,100.0,229.0,,false
692,100.0,224.0,,false
693,900.0,8.0,,false
694,1150.0,15.0,,false
695,1000.0,8.0,,false
696,1350.0,48.0,,true
697,500.0,60.0,,true
698,5000.0,19.0,,true
699,2200.0,138.0,,true
700,3500.0,354.0,,true
701,5000.0,600.0,,true
702,500.0,145.0,,true
703,125.0,475.0,,true
704,40.0,418.0,,true
705,350.0,157.0,,true
706,500.0,194.0,,false
707,500.0,324.0,,false
708,3300.0,25.0,,false
709,3300.0,26.0,,false
710,3300.0,22.0,,false
711,60.0,202.0,,false
712,60.0,217.0,,false
713,60.0,184.0,,false
714,60.0,158.0,,false
715,800.0,4.0,,false
716,60.0,113.0,,false
717,60.0,84.0,,false
718,60.0,90.0,,false
719,60.0,117.0,,false
720,60.0,101.0,,false
721,60.0,111.0,,false
722,60.0,117.0,,false
723,100.0,241.0,,false
724,100.0,246.0,,false
725,900.0,8.0,,false
726,1150.0,17.0,,false
727,1000.0,6.0,,false
728,1350.0,47.0,,true
729,500.0,59.0,,true
730,5000.0,20.0,,true
731,2200.0,137.0,,true
732,3500.0,360.0,,true
733,5000.0,600.0,,true
734,500.0,148.0,,true
735,125.0,549.0,,true
736,40.0,362.0,,true
737,350.0,159.0,,true
738,500.0,188.0,,false
739,500.0,536.0,,false
740,3300.0,29.0,,false
741,3300.0,22.0,,false
742,3300.0,28.0,,false
743,60.0,242.0,,false
744,60.0,173.0,,false
745,60.0,228.0,,false
746,60.0,216.0,,false
747,800.0,4.0,,false
748,60.0,99.0,,false
749,60.0,97.0,,false
750,60.0,97.0,,false
751,60.0,83.0,,false
752,60.0,113.0,,false
753,60.0,119.0,,false
754,60.0,96.0,,false
755,60.0,97.0,,false
756,60.0,101.0,,false
757,60.0,88.0,,false
758,100.0,194.0,,false
759,100.0,219.0,,false
760,900.0,9.0,,false
761,1150.0,17.0,,false
762,1000.0,6.0,,false
763,1350.0,49.0,,true
764,500.0,57.0,,true
765,5000.0,20.0,,true
766,2200.0,137.0,,true
767,3500.0,214.0,,true
768,5000.0,600.0,,true
769,500.0,156.0,,true
770,125.0,541.0,,true
771,40.0,412.0,,true
772,350.0,173.0,,true
773,500.0,188.0,,false
774,500.0,599.0,,false
775,3300.0,21.0,,false
776,3300.0,23.0,,false
777,3300.0,25.0,,false
778,60.0,195.0,,false
779,60.0,153.0,,false
780,60.0,235.0,,false
781,800.0,5.0,,false
782,60.0,89.0,,false
783,60.0,96.0,,false
784,60.0,114.0,,false
785,60.0,118.0,,false
786,60.0,92.0,,false
787,60.0,85.0,,false
788,100.0,189.0,,false
789,100.0,210.0,,false
790,900.0,7.0,,false
791,1150.0,18.0,,false
792,1000.0,5.0,,false
793,1350.0,48.0,,true
794,500.0,58.0,,true
795,5000.0,17.0,,true
796,2200.0,133.0,,true
797,3500.0,308.0,,true
798,5000.0,600.0,,true
799,500.0,158.0,,true
800,125.0,457.0,,true
801,40.0,357.0,,true
802,350.0,168.0,,true
803,500.0,197.0,,false
804,500.0,416.0,,false
805,3300.0,27.0,,false
806,3300.0,22.0,,false
807,3300.0,21.0,,false
808,60.0,170.0,,false
809,60.0,179.0,,false
810,60.0,173.0,,false
811,800.0,4.0,,false
812,60.0,94.0,,false
813,60.0,103.0,,false
814,60.0,109.0,,false
815,60.0,115.0,,false
816,60.0,97.0,,false
817,60.0,114.0,,false
818,60.0,90.0,,false
819,100.0,205.0,,false
820,100.0,234.0,,false
821,900.0,7.0,,false
822,1150.0,18.0,,false
823,1000.0,5.0,,false
824,1350.0,48.0,,true
825,500.0,57.0,,true
826,5000.0,20.0,,true
827,2200.0,134.0,,true
828,3500.0,354.0,,true
829,5000.0,600.0,,true
830,500.0,159.0,,true
831,125.0,483.0,,true
832,40.0,410.0,,true
833,350.0,165.0,,true
834,500.0,198.0,,false
835,500.0,433.0,,false
836,3300.0,29.0,,false
837,3300.0,25.0,,false
838,3300.0,29.0,,false
839,60.0,170.0,,false
840,60.0,231.0,,false
841,60.0,196.0,,false
842,800.0,4.0,,false
843,60.0,83.0,,false
844,60.0,99.0,,false
845,60.0,102.0,,false
846,60.0,84.0,,false
847,60.0,103.0,,false
848,60.0,85.0,,false
849,60.0,95.0,,false
850,60.0,110.0,,false
851,60.0,98.0,,false
852,60.0,113.0,,false
853,100.0,224.0,,false
854,100.0,186.0,,false
855,900.0,7.0,,false
856,1150.0,15.0,,false
857,1000.0,7.0,,false
858,1350.0,49.0,,true
859,500.0,56.0,,true
860,5000.0,20.0,,true
861,2200.0,137.0,,true
862,3500.0,226.0,,true
863,5000.0,600.0,,true
864,500.0,159.0,,true
865,125.0,512.0,,true
866,40.0,442.0,,true
867,350.0,176.0,,true
868,500.0,188.0,,false
869,500.0,455.0,,false
870,3300.0,25.0,,false
871,3300.0,23.0,,false
872,3300.0,21.0,,false
873,60.0,172.0,,false
874,60.0,230.0,,false
875,60.0,235.0,,false
876,60.0,205.0,,false
877,800.0,6.0,,false
878,60.0,83.0,,false
879,60.0,105.0,,false
880,60.0,87.0,,false
881,60.0,97.0,,false
882,60.0,84.0,,false
883,60.0,88.0,,false
884,60.0,94.0,,false
885,60.0,90.0,,false
886,100.0,212.0,,false
887,100.0,226.0,,false
888,900.0,9.0,,false
889,1150.0,18.0,,false
890,1000.0,7.0,,false
891,1350.0,46.0,,true
892,500.0,59.0,,true
893,5000.0,16.0,,true
894,2200.0,137.0,,true
895,3500.0,337.0,,true
896,5000.0,600.0,,true
897,500.0,155.0,,true
898,125.0,527.0,,true
899,40.0,438.0,,true
900,350.0,157.0,,true
901,500.0,192.0,,false
902,500.0,396.0,,false
903,3300.0,29.0,,false
904,3300.0,21.0,,false
905,3300.0,21.0,,false
906,60.0,151.0,,false
907,60.0,168.0,,false
908,60.0,238.0,,false
909,60.0,217.0,,false
910,800.0,6.0,,false
911,60.0,112.0,,false
912,60.0,95.0,,false
913,60.0,101.0,,false
914,60.0,88.0,,false
915,60.0,100.0,,false
916,60.0,104.0,,false
917,60.0,113.0,,false
918,60.0,110.0,,false
919,100.0,229.0,,false
920,100.0,240.0,,false
921,900.0,9.0,,false
922,1150.0,17.0,,false
923,1000.0,6.0,,false
924,1350.0,47.0,,true
925,500.0,57.0,,true
926,5000.0,18.0,,true
927,2200.0,138.0,,true
928,3500.0,339.0,,true
929,5000.0,600.0,,true
930,500.0,160.0,,true
931,125.0,550.0,,true
932,40.0,354.0,,true
933,350.0,170.0,,true
934,500.0,193.0,,false
935,500.0,401.0,,false
936,3300.0,24.0,,false
937,3300.0,27.0,,false
938,3300.0,26.0,,false
939,60.0,211.0,,false
940,60.0,240.0,,false
941,60.0,168.0,,false
942,800.0,6.0,,false
943,60.0,116.0,,false
944,60.0,93.0,,false
945,60.0,84.0,,false
946,60.0,111.0,,false
947,60.0,103.0,,false
948,60.0,110.0,,false
949,60.0,111.0,,false
950,100.0,201.0,,false
951,100.0,233.0,,false
952,900.0,8.0,,false
953,1150.0,14.0,,false
954,1000.0,8.0,,false
955,1350.0,50.0,,true
956,500.0,58.0,,true
957,5000.0,18.0,,true
958,2200.0,133.0,,true
959,3500.0,332.0,,true
960,5000.0,600.0,,true
961,500.0,155.0,,true
962,125.0,529.0,,true
963,40.0,359.0,,true
964,350.0,159.0,,true
965,500.0,175.0,,false
966,500.0,430.0,,false
967,3300.0,22.0,,false
968,3300.0,22.0,,false
969,3300.0,30.0,,false
970,60.0,182.0,,false
971,60.0,167.0,,false
972,60.0,235.0,,false
973,800.0,4.0,,false
974,60.0,120.0,,false
975,60.0,106.0,,false
976,60.0,118.0,,false
977,60.0,115.0,,false
978,60.0,111.0,,false
979,60.0,95.0,,false
980,60.0,110.0,,false
981,100.0,207.0,,false
982,100.0,207.0,,false
983,900.0,7.0,,false
984,1150.0,17.0,,false
985,1000.0,7.0,,false
986,1350.0,49.0,,true
987,500.0,59.0,,true
988,5000.0,20.0,,true
989,2200.0,134.0,,true
990,3500.0,341.0,,true
991,5000.0,600.0,,true
992,500.0,160.0,,true
993,125.0,510.0,,true
994,40.0,362.0,,true
995,350.0,143.0,,true
996,500.0,199.0,,false
997,500.0,526.0,,false
998,3300.0,22.0,,false
999,3300.0,21.0,,false
1000,3300.0,27.0,,false
1001,60.0,189.0,,false
1002,60.0,202.0,,false
1003,60.0,186.0,,false
1004,60.0,214.0,,false
1005,800.0,6.0,,false
1006,60.0,101.0,,false
1007,60.0,96.0,,false
1008,60.0,98.0,,false
1009,60.0,118.0,,false
1010,60.0,107.0,,false
1011,60.0,109.0,,false
1012,60.0,81.0,,false
1013,60.0,107.0,,false
1014,100.0,189.0,,false
1015,100.0,220.0,,false
1016,900.0,8.0,,false
1017,1150.0,13.0,,false
1018,1000.0,8.0,,false
1019,1350.0,47.0,,true
1020,500.0,56.0,,true
1021,5000.0,18.0,,true
1022,2200.0,135.0,,true
1023,3500.0,299.0,,true
1024,5000.0,600.0,,true
1025,500.0,145.0,,true
1026,125.0,514.0,,true
1027,40.0,441.0,,true
1028,350.0,148.0,,true
1029,500.0,197.0,,false
1030,500.0,430.0,,false
1031,3300.0,25.0,,false
1032,3300.0,26.0,,false
1033,3300.0,25.0,,false
1034,60.0,201.0,,false
1035,60.0,201.0,,false
1036,60.0,219.0,,false
1037,800.0,5.0,,false
1038,60.0,87.0,,false
1039,60.0,106.0,,false
1040,60.0,117.0,,false
1041,60.0,107.0,,false
1042,60.0,109.0,,false
1043,60.0,98.0,,false
1044,60.0,102.0,,false
1045,60.0,104.0,,false
1046,100.0,230.0,,false
1047,100.0,199.0,,false
1048,900.0,9.0,,false
1049,1150.0,17.0,,false
1050,1000.0,7.0,,false
1051,1350.0,47.0,,true
1052,500.0,56.0,,true
1053,5000.0,16.0,,true
1054,2200.0,139.0,,true
1055,3500.0,294.0,,true
1056,5000.0,600.0,,true
1057,500.0,145.0,,true
1058,125.0,493.0,,true
1059,40.0,424.0,,true
1060,350.0,155.0,,true
1061,500.0,193.0,,false
1062,500.0,518.0,,false
1063,3300.0,30.0,,false
1064,3300.0,24.0,,false
1065,3300.0,29.0,,false
1066,60.0,178.0,,false
1067,60.0,190.0,,false
1068,60.0,238.0,,false
1069,800.0,4.0,,false
1070,60.0,102.0,,false
1071,60.0,115.0,,false
1072,60.0,102.0,,false
1073,60.0,98.0,,false
1074,60.0,100.0,,false
1075,60.0,98.0,,false
1076,60.0,102.0,,false
1077,60.0,86.0,,false
1078,60.0,116.0,,false
1079,100.0,204.0,,false
1080,100.0,199.0,,false
1081,900.0,10.0,,false
1082,1150.0,14.0,,false
1083,1000.0,6.0,,false
1084,1350.0,47.0,,true
1085,500.0,57.0,,true
1086,5000.0,16.0,,true
1087,2200.0,137.0,,true
1088,3500.0,312.0,,true
1089,5000.0,600.0,,true
1090,500.0,156.0,,true
1091,125.0,509.0,,true
1092,40.0,425.0,,true
1093,350.0,166.0,,true
1094,500.0,179.0,,false
1095,500.0,471.0,,false
1096,3300.0,28.0,,false
1097,3300.0,24.0,,false
1098,3300.0,25.0,,false
1099,60.0,164.0,,false
1100,60.0,225.0,,false
1101,60.0,235.0,,false
1102,800.0,4.0,,false
1103,60.0,104.0,,false
1104,60.0,85.0,,false
1105,60.0,100.0,,false
1106,60.0,112.0,,false
1107,60.0,96.0,,false
1108,60.0,103.0,,false
1109,60.0,88.0,,false
1110,60.0,109.0,,false
1111,60.0,85.0,,false
1112,100.0,217.0,,false
1113,100.0,205.0,,false
1114,900.0,10.0,,false
1115,1150.0,16.0,,false
1116,1000.0,8.0,,false
1117,1350.0,47.0,,true
1118,500.0,58.0,,true
1119,5000.0,20.0,,true
1120,2200.0,131.0,,true
1121,3500.0,365.0,,true
1122,5000.0,600.0,,true
1123,500.0,148.0,,true
1124,125.0,460.0,,true
1125,40.0,454.0,,true
1126,350.0,173.0,,true
1127,500.0,193.0,,false
1128,500.0,467.0,,false
1129,3300.0,21.0,,false
1130,3300.0,26.0,,false
1131,3300.0,28.0,,false
1132,60.0,202.0,,false
1133,60.0,166.0,,false
1134,60.0,166.0,,false
1135,60.0,154.0,,false
1136,800.0,4.0,,false
1137,60.0,81.0,,false
1138,60.0,83.0,,false
1139,60.0,108.0,,false
1140,60.0,84.0,,false
1141,60.0,92.0,,false
1142,60.0,117.0,,false
1143,60.0,107.0,,false
1144,60.0,115.0,,false
1145,60.0,99.0,,false
1146,60.0,100.0,,false
1147,100.0,197.0,,false
1148,100.0,224.0,,false
1149,900.0,8.0,,false
1150,1150.0,16.0,,false
1151,1000.0,6.0,,false
1152,1350.0,47.0,,true
1153,500.0,58.0,,true
1154,5000.0,18.0,,true
1155,2200.0,137.0,,true
1156,3500.0,316.0,,true
1157,5000.0,600.0,,true
1158,500.0,160.0,,true
1159,125.0,494.0,,true
1160,40.0,456.0,,true
1161,350.0,161.0,,true
1162,500.0,179.0,,false
1163,500.0,551.0,,false
1164,3300.0,27.0,,false
1165,3300.0,26.0,,false
1166,3300.0,22.0,,false
1167,60.0,213.0,,false
1168,60.0,160.0,,false
1169,60.0,213.0,,false
1170,60.0,201.0,,false
1171,800.0,6.0,,false
1172,60.0,103.0,,false
1173,60.0,81.0,,false
1174,60.0,83.0,,false
1175,60.0,92.0,,false
1176,60.0,103.0,,false
1177,60.0,95.0,,false
1178,100.0,213.0,,false
1179,100.0,234.0,,false
1180,900.0,7.0,,false
1181,1150.0,16.0,,false
1182,1000.0,8.0,,false
1183,1350.0,47.0,,true
1184,500.0,56.0,,true
1185,5000.0,16.0,,true
1186,2200.0,138.0,,true
1187,3500.0,368.0,,true
1188,5000.0,600.0,,true
1189,500.0,148.0,,true
1190,125.0,532.0,,true
1191,40.0,448.0,,true
1192,350.0,150.0,,true
1193,500.0,172.0,,false
1194,500.0,385.0,,false
1195,3300.0,24.0,,false
1196,3300.0,21.0,,false
1197,3300.0,25.0,,false
1198,60.0,223.0,,false
1199,60.0,203.0,,false
1200,60.0,243.0,,false
1201,800.0,5.0,,false
1202,60.0,98.0,,false
1203,60.0,106.0,,false
1204,60.0,108.0,,false
1205,60.0,120.0,,false
1206,60.0,113.0,,false
1207,60.0,89.0,,false
1208,60.0,113.0,,false
1209,60.0,103.0,,false
1210,100.0,224.0,,false
1211,100.0,194.0,,false
1212,900.0,10.0,,false
1213,1150.0,13.0,,false
1214,1000.0,8.0,,false
1215,1350.0,47.0,,true
1216,500.0,57.0,,true
1217,5000.0,18.0,,true
1218,2200.0,131.0,,true
1219,3500.0,285.0,,true
1220,5000.0,600.0,,true
1221,500.0,142.0,,true
1222,125.0,534.0,,true
1223,40.0,372.0,,true
1224,350.0,180.0,,true
1225,500.0,184.0,,false
1226,500.0,530.0,,false
1227,3300.0,30.0,,false
1228,3300.0,24.0,,false
1229,3300.0,23.0,,false
1230,60.0,178.0,,false
1231,60.0,225.0,,false
1232,60.0,173.0,,false
1233,60.0,192.0,,false
1234,800.0,6.0,,false
1235,60.0,96.0,,false
1236,60.0,113.0,,false
1237,60.0,114.0,,false
1238,60.0,103.0,,false
1239,60.0,83.0,,false
1240,60.0,95.0,,false
1241,60.0,106.0,,false
1242,60.0,94.0,,false
1243,60.0,82.0,,false
1244,60.0,107.0,,false
1245,100.0,239.0,,false
1246,100.0,224.0,,false
1247,900.0,10.0,,false
1248,1150.0,16.0,,false
1249,1000.0,8.0,,false
1250,1350.0,49.0,,true
1251,500.0,57.0,,true
1252,5000.0,16.0,,true
1253,2200.0,139.0,,true
1254,3500.0,305.0,,true
1255,5000.0,600.0,,true
1256,500.0,159.0,,true
1257,125.0,501.0,,true
1258,40.0,411.0,,true
1259,350.0,179.0,,true
1260,500.0,181.0,,false
1261,500.0,585.0,,false
1262,3300.0,28.0,,false
1263,3300.0,21.0,,false
1264,3300.0,22.0,,false
1265,60.0,240.0,,false
1266,60.0,231.0,,false
1267,60.0,152.0,,false
1268,60.0,182.0,,false
1269,800.0,5.0,,false
1270,60.0,117.0,,false
1271,60.0,89.0,,false
1272,60.0,93.0,,false
1273,60.0,112.0,,false
1274,60.0,101.0,,false
1275,60.0,86.0,,false
1276,60.0,106.0,,false
1277,100.0,195.0,,false
1278,100.0,204.0,,false
1279,900.0,7.0,,false
1280,1150.0,18.0,,false
1281,1000.0,6.0,,false
1282,1350.0,50.0,,true
1283,500.0,58.0,,true
1284,5000.0,20.0,,true
1285,2200.0,135.0,,true
1286,3500.0,321.0,,true
1287,5000.0,600.0,,true
1288,500.0,159.0,,true
1289,125.0,468.0,,true
1290,40.0,411.0,,true
1291,350.0,159.0,,true
1292,500.0,184.0,,false
1293,500.0,322.0,,false
1294,3300.0,21.0,,false
1295,3300.0,28.0,,false
1296,3300.0,27.0,,false
1297,60.0,241.0,,false
1298,60.0,221.0,,false
1299,60.0,221.0,,false
1300,800.0,4.0,,false
1301,60.0,100.0,,false
1302,60.0,119.0,,false
1303,60.0,115.0,,false
1304,60.0,110.0,,false
1305,60.0,114.0,,false
1306,60.0,103.0,,false
1307,100.0,222.0,,false
1308,100.0,221.0,,false
1309,900.0,8.0,,false
1310,1150.0,13.0,,false
1311,1000.0,7.0,,false
1312,1350.0,50.0,,true
1313,500.0,58.0,,true
1314,5000.0,18.0,,true
1315,2200.0,134.0,,true
1316,3500.0,273.0,,true
1317,5000.0,600.0,,true
1318,500.0,160.0,,true
1319,125.0,510.0,,true
1320,40.0,368.0,,true
1321,350.0,165.0,,true
1322,500.0,191.0,,false
1323,500.0,522.0,,false
1324,3300.0,25.0,,false
1325,3300.0,30.0,,false
1326,3300.0,30.0,,false
1327,60.0,211.0,,false
1328,60.0,244.0,,false
1329,60.0,219.0,,false
1330,60.0,231.0,,false
1331,800.0,5.0,,false
1332,60.0,83.0,,false
1333,60.0,93.0,,false
1334,60.0,109.0,,false
1335,60.0,120.0,,false
1336,60.0,108.0,,false
1337,60.0,104.0,,false
1338,60.0,106.0,,false
1339,60.0,82.0,,false
1340,60.0,81.0,,false
1341,100.0,214.0,,false
1342,100.0,183.0,,false
1343,900.0,10.0,,false
1344,1150.0,16.0,,false
1345,1000.0,5.0,,false
1346,1350.0,47.0,,true
1347,500.0,59.0,,true
1348,5000.0,19.0,,true
1349,2200.0,134.0,,true
1350,3500.0,386.0,,true
1351,5000.0,600.0,,true
1352,500.0,155.0,,true
1353,125.0,468.0,,true
1354,40.0,397.0,,true
1355,350.0,179.0,,true
1356,500.0,180.0,,false
1357,500.0,574.0,,false
1358,3300.0,26.0,,false
1359,3300.0,21.0,,false
1360,3300.0,25.0,,false
1361,60.0,192.0,,false
1362,60.0,197.0,,false
1363,60.0,247.0,,false
1364,800.0,5.0,,false
1365,60.0,93.0,,false
1366,60.0,114.0,,false
1367,60.0,101.0,,false
1368,60.0,101.0,,false
1369,60.0,116.0,,false
1370,60.0,98.0,,false
1371,60.0,113.0,,false
1372,100.0,222.0,,false
1373,100.0,205.0,,false
1374,900.0,7.0,,false
1375,1150.0,15.0,,false
1376,1000.0,8.0,,false
1377,1350.0,49.0,,true
1378,500.0,57.0,,true
1379,5000.0,19.0,,true
1380,2200.0,134.0,,true
1381,3500.0,205.0,,true
1382,5000.0,600.0,,true
1383,500.0,141.0,,true
1384,125.0,509.0,,true
1385,40.0,437.0,,true
1386,350.0,161.0,,true
1387,500.0,199.0,,false
1388,500.0,439.0,,false
1389,3300.0,28.0,,false
1390,3300.0,24.0,,false
1391,3300.0,24.0,,false
1392,60.0,161.0,,false
1393,60.0,162.0,,false
1394,60.0,192.0,,false
1395,60.0,219.0,,false
1396,800.0,6.0,,false
1397,60.0,105.0,,false
1398,60.0,107.0,,false
1399,60.0,116.0,,false
1400,60.0,111.0,,false
1401,60.0,110.0,,false
1402,60.0,91.0,,false
1403,60.0,109.0,,false
1404,60.0,106.0,,false
1405,100.0,217.0,,false
1406,100.0,248.0,,false
1407,900.0,7.0,,false
1408,1150.0,18.0,,false
1409,1000.0,5.0,,false
1410,1350.0,48.0,,true
1411,500.0,59.0,,true
1412,5000.0,18.0,,true
1413,2200.0,133.0,,true
1414,3500.0,387.0,,true
1415,5000.0,600.0,,true
1416,500.0,149.0,,true
1417,125.0,507.0,,true
1418,40.0,412.0,,true
1419,350.0,160.0,,true
1420,500.0,182.0,,false
1421,500.0,597.0,,false
1422,3300.0,21.0,,false
1423,3300.0,22.0,,false
1424,3300.0,23.0,,false
1425,60.0,199.0,,false
1426,60.0,235.0,,false
1427,60.0,154.0,,false
1428,60.0,165.0,,false
1429,800.0,5.0,,false
1430,60.0,101.0,,false
1431,60.0,119.0,,false
1432,60.0,89.0,,false
1433,60.0,91.0,,false
1434,60.0,99.0,,false
1435,60.0,111.0,,false
1436,60.0,113.0,,false
1437,60.0,94.0,,false
1438,100.0,243.0,,false
1439,100.0,249.0,,false
1440,900.0,10.0,,false
1441,1150.0,13.0,,false
1442,1000.0,7.0,,false
1443,1350.0,49.0,,true
1444,500.0,59.0,,true
1445,5000.0,18.0,,true
1446,2200.0,135.0,,true
1447,3500.0,257.0,,true
1448,5000.0,600.0,,true
1449,500.0,157.0,,true
1450,125.0,545.0,,true
1451,40.0,400.0,,true
1452,350.0,166.0,,true
1453,500.0,180.0,,false
1454,500.0,522.0,,false
1455,3300.0,25.0,,false
1456,3300.0,24.0,,false
1457,3300.0,22.0,,false
1458,60.0,222.0,,false
1459,60.0,218.0,,false
1460,60.0,216.0,,false
1461,800.0,5.0,,false
1462,60.0,117.0,,false
1463,60.0,102.0,,false
1464,60.0,94.0,,false
1465,60.0,86.0,,false
1466,60.0,93.0,,false
1467,60.0,101.0,,false
1468,60.0,112.0,,false
1469,60.0,85.0,,false
1470,100.0,211.0,,false
1471,100.0,248.0,,false
1472,900.0,10.0,,false
1473,1150.0,17.0,,false
1474,1000.0,5.0,,false
1475,1350.0,50.0,,true
1476,500.0,56.0,,true
1477,5000.0,17.0,,true
1478,2200.0,131.0,,true
1479,3500.0,240.0,,true
1480,5000.0,600.0,,true
1481,500.0,153.0,,true
1482,125.0,501.0,,true
1483,40.0,455.0,,true
1484,350.0,155.0,,true
1485,500.0,191.0,,false
1486,500.0,542.0,,false
1487,3300.0,24.0,,false
1488,3300.0,27.0,,false
1489,3300.0,27.0,,false
1490,60.0,200.0,,false
1491,60.0,169.0,,false
1492,60.0,217.0,,false
1493,800.0,6.0,,false
1494,60.0,108.0,,false
1495,60.0,87.0,,false
1496,60.0,117.0,,false
1497,60.0,101.0,,false
1498,60.0,86.0,,false
1499,60.0,120.0,,false
1500,60.0,106.0,,false
1501,100.0,210.0,,false
1502,100.0,202.0,,false
1503,900.0,10.0,,false
1504,1150.0,17.0,,false
1505,1000.0,6.0,,false
1506,1350.0,47.0,,true
1507,500.0,58.0,,true
1508,5000.0,16.0,,true
1509,2200.0,136.0,,true
1510,3500.0,382.0,,true
1511,5000.0,600.0,,true
1512,500.0,153.0,,true
1513,125.0,493.0,,true
1514,40.0,364.0,,true
1515,350.0,156.0,,true
1516,500.0,187.0,,false
1517,500.0,354.0,,false
1518,3300.0,23.0,,false
1519,3300.0,22.0,,false
1520,3300.0,27.0,,false
1521,60.0,250.0,,false
1522,60.0,244.0,,false
1523,60.0,172.0,,false
1524,60.0,196.0,,false
1525,800.0,5.0,,false
1526,60.0,91.0,,false
1527,60.0,100.0,,false
1528,60.0,106.0,,false
1529,60.0,87.0,,false
1530,60.0,84.0,,false
1531,60.0,83.0,,false
1532,60.0,97.0,,false
1533,100.0,183.0,,false
1534,100.0,189.0,,false
1535,900.0,9.0,,false
1536,1150.0,14.0,,false
1537,1000.0,7.0,,false
1538,1350.0,50.0,,true
1539,500.0,58.0,,true
1540,5000.0,19.0,,true
1541,2200.0,133.0,,true
1542,3500.0,276.0,,true
1543,5000.0,600.0,,true
1544,500.0,153.0,,true
1545,125.0,485.0,,true
1546,40.0,440.0,,true
1547,350.0,174.0,,true
1548,500.0,172.0,,false
1549,500.0,385.0,,false
1550,3300.0,28.0,,false
1551,3300.0,28.0,,false
1552,3300.0,23.0,,false
1553,60.0,238.0,,false
1554,60.0,240.0,,false
1555,60.0,183.0,,false
1556,60.0,244.0,,false
1557,800.0,4.0,,false
1558,60.0,91.0,,false
1559,60.0,98.0,,false
1560,60.0,105.0,,false
1561,60.0,104.0,,false
1562,60.0,88.0,,false
1563,60.0,112.0,,false
1564,60.0,119.0,,false
1565,60.0,109.0,,false
1566,60.0,97.0,,false
1567,60.0,83.0,,false
1568,100.0,221.0,,false
1569,100.0,188.0,,false
1570,900.0,8.0,,false
1571,1150.0,15.0,,false
1572,1000.0,6.0,,false
1573,1350.0,50.0,,true
1574,500.0,56.0,,true
1575,5000.0,20.0,,true
1576,2200.0,136.0,,true
1577,3500.0,359.0,,true
1578,5000.0,600.0,,true
1579,500.0,151.0,,true
1580,125.0,477.0,,true
1581,40.0,356.0,,true
1582,350.0,152.0,,true
1583,500.0,187.0,,false
1584,500.0,576.0,,false
1585,3300.0,26.0,,false
1586,3300.0,28.0,,false
1587,3300.0,24.0,,false
1588,60.0,191.0,,false
1589,60.0,161.0,,false
1590,60.0,194.0,,false
1591,60.0,182.0,,false
1592,800.0,5.0,,false
1593,60.0,99.0,,false
1594,60.0,105.0,,false
1595,60.0,98.0,,false
1596,60.0,99.0,,false
1597,60.0,81.0,,false
1598,60.0,105.0,,false
1599,100.0,213.0,,false
1600,100.0,201.0,,false
1601,900.0,10.0,,false
1602,1150.0,18.0,,false
1603,1000.0,6.0,,false
1604,1350.0,47.0,,true
1605,500.0,57.0,,true
1606,5000.0,19.0,,true
1607,2200.0,138.0,,true
1608,3500.0,348.0,,true
1609,5000.0,600.0,,true
1610,500.0,147.0,,true
1611,125.0,536.0,,true
1612,40.0,438.0,,true
1613,350.0,145.0,,true
1614,500.0,185.0,,false
1615,500.0,405.0,,false
1616,3300.0,26.0,,false
1617,3300.0,29.0,,false
1618,3300.0,27.0,,false
1619,60.0,220.0,,false
1620,60.0,153.0,,false
1621,60.0,208.0,,false
1622,60.0,196.0,,false
1623,800.0,6.0,,false
1624,60.0,112.0,,false
1625,60.0,95.0,,false
1626,60.0,101.0,,false
1627,60.0,106.0,,false
1628,60.0,94.0,,false
1629,60.0,89.0,,false
1630,60.0,117.0,,false
1631,60.0,116.0,,false
1632,100.0,228.0,,false
1633,100.0,238.0,,false
1634,900.0,9.0,,false
1635,1150.0,14.0,,false
1636,1000.0,7.0,,false
