Reference,height,width,stripwidth,preemptable
1,1350.0,48.0,720,true
2,500.0,58.0,,true
3,5000.0,20.0,,true
4,2200.0,138.0,,true
5,3500.0,321.0,,true
6,5000.0,600.0,,true
7,500.0,142.0,,true
8,125.0,520.0,,true
9,40.0,459.0,,true
10,350.0,141.0,,true
11,500.0,193.0,,false
12,500.0,508.0,,false
13,3300.0,26.0,,false
14,3300.0,27.0,,false
15,3300.0,23.0,,false
16,60.0,240.0,,false
17,60.0,159.0,,false
18,60.0,243.0,,false
19,800.0,4.0,,false
20,60.0,118.0,,false
21,60.0,91.0,,false
22,60.0,111.0,,false
23,60.0,107.0,,false
24,60.0,83.0,,false
25,60.0,92.0,,false
26,60.0,102.0,,false
27,60.0,91.0,,false
28,60.0,81.0,,false
29,100.0,193.0,,false
30,100.0,192.0,,false
31,900.0,10.0,,false
32,1150.0,17.0,,false
33,1000.0,8.0,,false
34,1350.0,49.0,,true
35,500.0,59.0,,true
36,5000.0,18.0,,true
37,2200.0,134.0,,true
38,3500.0,309.0,,true
39,5000.0,600.0,,true
40,500.0,148.0,,true
41,125.0,549.0,,true
42,40.0,379.0,,true
43,350.0,160.0,,true
44,500.0,186.0,,false
45,500.0,532.0,,false
46,3300.0,27.0,,false
47,3300.0,27.0,,false
48,3300.0,29.0,,false
49,60.0,154.0,,false
50,60.0,239.0,,false
51,60.0,151.0,,false
52,800.0,6.0,,false
53,60.0,87.0,,false
54,60.0,111.0,,false
55,60.0,88.0,,false
56,60.0,91.0,,false
57,60.0,90.0,,false
58,60.0,87.0,,false
59,60.0,118.0,,false
60,60.0,118.0,,false
61,60.0,93.0,,false
62,100.0,186.0,,false
63,100.0,186.0,,false
64,900.0,7.0,,false
65,1150.0,13.0,,false
66,1000.0,6.0,,false
67,1350.0,47.0,,true
68,500.0,59.0,,true
69,5000.0,19.0,,true
70,2200.0,139.0,,true
71,3500.0,326.0,,true
72,5000.0,600.0,,true
73,500.0,149.0,,true
74,125.0,530.0,,true
75,40.0,378.0,,true
76,350.0,179.0,,true
77,500.0,183.0,,false
78,500.0,334.0,,false
79,3300.0,29.0,,false
80,3300.0,25.0,,false
81,3300.0,22.0,,false
82,60.0,204.0,,false
83,60.0,215.0,,false
84,60.0,226.0,,false
85,800.0,4.0,,false
86,60.0,81.0,,false
87,60.0,119.0,,false
88,60.0,109.0,,false
89,60.0,120.0,,false
90,60.0,108.0,,false
91,60.0,85.0,,false
92,60.0,99.0,,false
93,60.0,98.0,,false
94,60.0,97.0,,false
95,60.0,97.0,,false
96,100.0,221.0,,false
97,100.0,207.0,,false
98,900.0,8.0,,false
99,1150.0,15.0,,false
100,1000.0,6.0,,false
101,1350.0,47.0,,true
102,500.0,58.0,,true
103,5000.0,19.0,,true
104,2200.0,140.0,,true
105,3500.0,296.0,,true
106,5000.0,600.0,,true
107,500.0,149.0,,true
108,125.0,504.0,,true
109,40.0,422.0,,true
110,350.0,144.0,,true
111,500.0,192.0,,false
112,500.0,395.0,,false
113,3300.0,26.0,,false
114,3300.0,28.0,,false
115,3300.0,22.0,,false
116,60.0,228.0,,false
117,60.0,168.0,,false
118,60.0,215.0,,false
119,800.0,4.0,,false
120,60.0,112.0,,false
121,60.0,91.0,,false
122,60.0,101.0,,false
123,60.0,111.0,,false
124,60.0,118.0,,false
125,60.0,103.0,,false
126,60.0,88.0,,false
127,100.0,205.0,,false
128,100.0,200.0,,false
129,900.0,9.0,,false
130,1150.0,15.0,,false
131,1000.0,6.0,,false
132,1350.0,47.0,,true
133,500.0,57.0,,true
134,5000.0,16.0,,true
135,2200.0,133.0,,true
136,3500.0,384.0,,true
137,5000.0,600.0,,true
138,500.0,158.0,,true
139,125.0,473.0,,true
140,40.0,417.0,,true
141,350.0,142.0,,true
142,500.0,180.0,,false
143,500.0,583.0,,false
144,3300.0,29.0,,false
145,3300.0,27.0,,false
146,3300.0,27.0,,false
147,60.0,221.0,,false
148,60.0,222.0,,false
149,60.0,187.0,,false
150,60.0,230.0,,false
151,800.0,6.0,,false
152,60.0,114.0,,false
153,60.0,95.0,,false
154,60.0,90.0,,false
155,60.0,119.0,,false
156,60.0,97.0,,false
157,60.0,98.0,,false
158,60.0,105.0,,false
159,60.0,89.0,,false
160,100.0,247.0,,false
161,100.0,246.0,,false
162,900.0,8.0,,false
163,1150.0,13.0,,false
164,1000.0,8.0,,false
165,1350.0,46.0,,true
166,500.0,59.0,,true
167,5000.0,16.0,,true
168,2200.0,140.0,,true
169,3500.0,395.0,,true
170,5000.0,600.0,,true
171,500.0,145.0,,true
172,125.0,477.0,,true
173,40.0,416.0,,true
174,350.0,149.0,,true
175,500.0,173.0,,false
176,500.0,409.0,,false
177,3300.0,25.0,,false
178,3300.0,23.0,,false
179,3300.0,24.0,,false
180,60.0,210.0,,false
181,60.0,214.0,,false
182,60.0,213.0,,false
183,60.0,212.0,,false
184,800.0,6.0,,false
185,60.0,100.0,,false
186,60.0,95.0,,false
187,60.0,94.0,,false
188,60.0,115.0,,false
189,60.0,109.0,,false
190,60.0,82.0,,false
191,100.0,214.0,,false
192,100.0,241.0,,false
193,900.0,8.0,,false
194,1150.0,17.0,,false
195,1000.0,7.0,,false
196,1350.0,50.0,,true
197,500.0,57.0,,true
198,5000.0,18.0,,true
199,2200.0,137.0,,true
200,3500.0,373.0,,true
201,5000.0,600.0,,true
202,500.0,142.0,,true
203,125.0,482.0,,true
204,40.0,367.0,,true
205,350.0,149.0,,true
206,500.0,174.0,,false
207,500.0,401.0,,false
208,3300.0,24.0,,false
209,3300.0,30.0,,false
210,3300.0,22.0,,false
211,60.0,176.0,,false
212,60.0,183.0,,false
213,60.0,214.0,,false
214,60.0,219.0,,false
215,800.0,4.0,,false
216,60.0,96.0,,false
217,60.0,88.0,,false
218,60.0,99.0,,false
219,60.0,119.0,,false
220,60.0,84.0,,false
221,60.0,90.0,,false
222,60.0,90.0,,false
223,60.0,86.0,,false
224,60.0,119.0,,false
225,100.0,241.0,,false
226,100.0,188.0,,false
227,900.0,10.0,,false
228,1150.0,14.0,,false
229,1000.0,8.0,,false
230,1350.0,50.0,,true
231,500.0,58.0,,true
232,5000.0,18.0,,true
233,2200.0,137.0,,true
234,3500.0,337.0,,true
235,5000.0,600.0,,true
236,500.0,155.0,,true
237,125.0,523.0,,true
238,40.0,356.0,,true
239,350.0,142.0,,true
240,500.0,187.0,,false
241,500.0,318.0,,false
242,3300.0,29.0,,false
243,3300.0,27.0,,false
244,3300.0,27.0,,false
245,60.0,167.0,,false
246,60.0,248.0,,false
247,60.0,162.0,,false
248,800.0,4.0,,false
249,60.0,102.0,,false
250,60.0,118.0,,false
251,60.0,87.0,,false
252,60.0,105.0,,false
253,60.0,99.0,,false
254,60.0,107.0,,false
255,60.0,92.0,,false
256,60.0,86.0,,false
257,100.0,209.0,,false
258,100.0,196.0,,false
259,900.0,7.0,,false
260,1150.0,15.0,,false
261,1000.0,6.0,,false
262,1350.0,47.0,,true
263,500.0,60.0,,true
264,5000.0,20.0,,true
265,2200.0,133.0,,true
266,3500.0,378.0,,true
267,5000.0,600.0,,true
268,500.0,149.0,,true
269,125.0,523.0,,true
270,40.0,432.0,,true
271,350.0,160.0,,true
272,500.0,194.0,,false
273,500.0,344.0,,false
274,3300.0,28.0,,false
275,3300.0,29.0,,false
276,3300.0,23.0,,false
277,60.0,222.0,,false
278,60.0,232.0,,false
279,60.0,243.0,,false
280,60.0,180.0,,false
281,800.0,5.0,,false
282,60.0,100.0,,false
283,60.0,99.0,,false
284,60.0,88.0,,false
285,60.0,96.0,,false
286,60.0,83.0,,false
287,60.0,86.0,,false
288,100.0,190.0,,false
289,100.0,247.0,,false
290,900.0,7.0,,false
291,1150.0,13.0,,false
292,1000.0,5.0,,false
293,1350.0,50.0,,true
294,500.0,60.0,,true
295,5000.0,20.0,,true
296,2200.0,137.0,,true
297,3500.0,393.0,,true
298,5000.0,600.0,,true
299,500.0,146.0,,true
300,125.0,488.0,,true
301,40.0,379.0,,true
302,350.0,144.0,,true
303,500.0,183.0,,false
304,500.0,529.0,,false
305,3300.0,27.0,,false
306,3300.0,30.0,,false
307,3300.0,25.0,,false
308,60.0,245.0,,false
309,60.0,235.0,,false
310,60.0,180.0,,false
311,60.0,207.0,,false
312,800.0,4.0,,false
313,60.0,104.0,,false
314,60.0,97.0,,false
315,60.0,84.0,,false
316,60.0,97.0,,false
317,60.0,94.0,,false
318,60.0,110.0,,false
319,60.0,101.0,,false
320,60.0,94.0,,false
321,60.0,114.0,,false
322,100.0,184.0,,false
323,100.0,208.0,,false
324,900.0,8.0,,false
325,1150.0,16.0,,false
326,1000.0,6.0,,false
327,1350.0,49.0,,true
328,500.0,57.0,,true
329,5000.0,19.0,,true
330,2200.0,132.0,,true
331,3500.0,201.0,,true
332,5000.0,600.0,,true
333,500.0,146.0,,true
334,125.0,507.0,,true
335,40.0,453.0,,true
336,350.0,177.0,,true
337,500.0,187.0,,false
338,500.0,465.0,,false
339,3300.0,25.0,,false
340,3300.0,25.0,,false
341,3300.0,27.0,,false
342,60.0,171.0,,false
343,60.0,220.0,,false
344,60.0,222.0,,false
345,800.0,6.0,,false
346,60.0,86.0,,false
347,60.0,105.0,,false
348,60.0,86.0,,false
349,60.0,90.0,,false
350,60.0,99.0,,false
351,60.0,118.0,,false
352,60.0,89.0,,false
353,60.0,82.0,,false
354,100.0,197.0,,false
355,100.0,190.0,,false
356,900.0,7.0,,false
357,1150.0,15.0,,false
358,1000.0,5.0,,false
359,1350.0,49.0,,true
360,500.0,58.0,,true
361,5000.0,17.0,,true
362,2200.0,137.0,,true
363,3500.0,307.0,,true
364,5000.0,600.0,,true
365,500.0,157.0,,true
366,125.0,526.0,,true
367,40.0,376.0,,true
368,350.0,158.0,,true
369,500.0,193.0,,false
370,500.0,540.0,,false
371,3300.0,21.0,,false
372,3300.0,29.0,,false
373,3300.0,25.0,,false
374,60.0,250.0,,false
375,60.0,171.0,,false
376,60.0,234.0,,false
377,800.0,6.0,,false
378,60.0,116.0,,false
379,60.0,113.0,,false
380,60.0,83.0,,false
381,60.0,100.0,,false
382,60.0,89.0,,false
383,60.0,89.0,,false
384,60.0,106.0,,false
385,60.0,119.0,,false
386,100.0,213.0,,false
387,100.0,181.0,,false
388,900.0,8.0,,false
389,1150.0,16.0,,false
390,1000.0,7.0,,false
391,1350.0,47.0,,true
392,500.0,57.0,,true
393,5000.0,19.0,,true
394,2200.0,133.0,,true
395,3500.0,246.0,,true
396,5000.0,600.0,,true
397,500.0,152.0,,true
398,125.0,458.0,,true
399,40.0,403.0,,true
400,350.0,161.0,,true
401,500.0,191.0,,false
402,500.0,345.0,,false
403,3300.0,24.0,,false
404,3300.0,30.0,,false
405,3300.0,28.0,,false
406,60.0,175.0,,false
407,60.0,198.0,,false
408,60.0,173.0,,false
409,60.0,157.0,,false
410,800.0,6.0,,false
411,60.0,114.0,,false
412,60.0,117.0,,false
413,60.0,94.0,,false
414,60.0,115.0,,false
415,60.0,86.0,,false
416,60.0,90.0,,false
417,60.0,82.0,,false
418,60.0,113.0,,false
419,60.0,104.0,,false
420,100.0,184.0,,false
421,100.0,221.0,,false
422,900.0,10.0,,false
423,1150.0,17.0,,false
424,1000.0,5.0,,false
425,1350.0,48.0,,true
426,500.0,59.0,,true
427,5000.0,19.0,,true
428,2200.0,134.0,,true
429,3500.0,254.0,,true
430,5000.0,600.0,,true
431,500.0,144.0,,true
432,125.0,474.0,,true
433,40.0,459.0,,true
434,350.0,168.0,,true
435,500.0,176.0,,false
436,500.0,369.0,,false
437,3300.0,25.0,,false
438,3300.0,24.0,,false
439,3300.0,26.0,,false
440,60.0,176.0,,false
441,60.0,212.0,,false
442,60.0,213.0,,false
443,60.0,176.0,,false
444,800.0,5.0,,false
445,60.0,105.0,,false
446,60.0,107.0,,false
447,60.0,94.0,,false
448,60.0,103.0,,false
449,60.0,93.0,,false
450,60.0,104.0,,false
451,100.0,231.0,,false
452,100.0,221.0,,false
453,900.0,8.0,,false
454,1150.0,17.0,,false
455,1000.0,6.0,,false
456,1350.0,47.0,,true
457,500.0,58.0,,true
458,5000.0,19.0,,true
459,2200.0,134.0,,true
460,3500.0,290.0,,true
461,5000.0,600.0,,true
462,500.0,159.0,,true
463,125.0,512.0,,true
464,40.0,377.0,,true
465,350.0,155.0,,true
466,500.0,181.0,,false
467,500.0,463.0,,false
468,3300.0,26.0,,false
469,3300.0,26.0,,false
470,3300.0,26.0,,false
471,60.0,171.0,,false
472,60.0,171.0,,false
473,60.0,193.0,,false
474,60.0,205.0,,false
475,800.0,6.0,,false
476,60.0,119.0,,false
477,60.0,112.0,,false
478,60.0,83.0,,false
479,60.0,115.0,,false
480,60.0,93.0,,false
481,60.0,91.0,,false
482,60.0,86.0,,false
483,60.0,118.0,,false
484,60.0,97.0,,false
485,100.0,229.0,,false
486,100.0,238.0,,false
487,900.0,9.0,,false
488,1150.0,17.0,,false
489,1000.0,7.0,,false
490,1350.0,47.0,,true
491,500.0,56.0,,true
492,5000.0,19.0,,true
493,2200.0,138.0,,true
494,3500.0,256.0,,true
495,5000.0,600.0,,true
496,500.0,157.0,,true
497,125.0,470.0,,true
498,40.0,457.0,,true
499,350.0,141.0,,true
500,500.0,179.0,,false
501,500.0,402.0,,false
502,3300.0,25.0,,false
503,3300.0,22.0,,false
504,3300.0,27.0,,false
505,60.0,216.0,,false
506,60.0,234.0,,false
507,60.0,215.0,,false
508,60.0,178.0,,false
509,800.0,6.0,,false
510,60.0,93.0,,false
511,60.0,86.0,,false
512,60.0,92.0,,false
513,60.0,97.0,,false
514,60.0,116.0,,false
515,60.0,93.0,,false
516,60.0,98.0,,false
517,60.0,89.0,,false
518,60.0,109.0,,false
519,60.0,117.0,,false
520,100.0,238.0,,false
521,100.0,192.0,,false
522,900.0,10.0,,false
523,1150.0,13.0,,false
524,1000.0,6.0,,false
525,1350.0,50.0,,true
526,500.0,58.0,,true
527,5000.0,16.0,,true
528,2200.0,139.0,,true
529,3500.0,276.0,,true
530,5000.0,600.0,,true
531,500.0,157.0,,true
532,125.0,524.0,,true
533,40.0,403.0,,true
534,350.0,177.0,,true
535,500.0,197.0,,false
536,500.0,335.0,,false
537,3300.0,22.0,,false
538,3300.0,27.0,,false
539,3300.0,28.0,,false
540,60.0,208.0,,false
541,60.0,239.0,,false
542,60.0,205.0,,false
543,60.0,211.0,,false
544,800.0,5.0,,false
545,60.0,103.0,,false
546,60.0,82.0,,false
547,60.0,90.0,,false
548,60.0,111.0,,false
549,60.0,114.0,,false
550,60.0,107.0,,false
551,60.0,101.0,,false
552,60.0,84.0,,false
553,100.0,203.0,,false
554,100.0,207.0,,false
555,900.0,8.0,,false
556,1150.0,14.0,,false
557,1000.0,7.0,,false
558,1350.0,48.0,,true
559,500.0,58.0,,true
560,5000.0,18.0,,true
561,2200.0,140.0,,true
562,3500.0,294.0,,true
563,5000.0,600.0,,true
564,500.0,152.0,,true
565,125.0,544.0,,true
566,40.0,361.0,,true
567,350.0,178.0,,true
568,500.0,194.0,,false
569,500.0,329.0,,false
570,3300.0,23.0,,false
571,3300.0,29.0,,false
572,3300.0,27.0,,false
573,60.0,233.0,,false
574,60.0,206.0,,false
575,60.0,193.0,,false
576,800.0,4.0,,false
577,60.0,101.0,,false
578,60.0,108.0,,false
579,60.0,113.0,,false
580,60.0,91.0,,false
581,60.0,88.0,,false
582,60.0,87.0,,false
583,60.0,101.0,,false
584,60.0,94.0,,false
585,60.0,83.0,,false
586,100.0,208.0,,false
587,100.0,194.0,,false
588,900.0,8.0,,false
589,1150.0,16.0,,false
590,1000.0,5.0,,false
591,1350.0,48.0,,true
592,500.0,60.0,,true
593,5000.0,16.0,,true
594,2200.0,133.0,,true
595,3500.0,367.0,,true
596,5000.0,600.0,,true
597,500.0,147.0,,true
598,125.0,462.0,,true
599,40.0,356.0,,true
600,350.0,150.0,,true
601,500.0,184.0,,false
602,500.0,446.0,,false
603,3300.0,26.0,,false
604,3300.0,22.0,,false
605,3300.0,26.0,,false
606,60.0,158.0,,false
607,60.0,233.0,,false
608,60.0,174.0,,false
609,800.0,4.0,,false
610,60.0,82.0,,false
611,60.0,103.0,,false
612,60.0,85.0,,false
613,60.0,103.0,,false
614,60.0,112.0,,false
615,60.0,111.0,,false
616,60.0,82.0,,false
617,60.0,99.0,,false
618,100.0,192.0,,false
619,100.0,200.0,,false
620,900.0,10.0,,false
621,1150.0,15.0,,false
622,1000.0,5.0,,false
623,1350.0,48.0,,true
624,500.0,59.0,,true
625,5000.0,16.0,,true
626,2200.0,135.0,,true
627,3500.0,392.0,,true
628,5000.0,600.0,,true
629,500.0,146.0,,true
630,125.0,477.0,,true
631,40.0,359.0,,true
632,350.0,179.0,,true
633,500.0,188.0,,false
634,500.0,570.0,,false
635,3300.0,29.0,,false
636,3300.0,28.0,,false
637,3300.0,22.0,,false
638,60.0,202.0,,false
639,60.0,210.0,,false
640,60.0,169.0,,false
641,60.0,224.0,,false
642,800.0,4.0,,false
643,60.0,84.0,,false
644,60.0,97.0,,false
645,60.0,96.0,,false
646,60.0,86.0,,false
647,60.0,120.0,,false
648,60.0,95.0,,false
649,100.0,211.0,,false
650,100.0,231.0,,false
651,900.0,8.0,,false
652,1150.0,13.0,,false
653,1000.0,6.0,,false
654,1350.0,49.0,,true
655,500.0,59.0,,true
656,5000.0,17.0,,true
657,2200.0,132.0,,true
658,3500.0,232.0,,true
659,5000.0,600.0,,true
660,500.0,144.0,,true
661,125.0,501.0,,true
662,40.0,402.0,,true
663,350.0,179.0,,true
664,500.0,177.0,,false
665,500.0,394.0,,false
666,3300.0,30.0,,false
667,3300.0,25.0,,false
668,3300.0,30.0,,false
669,60.0,228.0,,false
670,60.0,217.0,,false
671,60.0,219.0,,false
672,60.0,205.0,,false
673,800.0,6.0,,false
674,60.0,101.0,,false
675,60.0,84.0,,false
676,60.0,82.0,,false
677,60.0,105.0,,false
678,60.0,91.0,,false
679,60.0,81.0,,false
680,100.0,249.0,,false
681,100.0,212.0,,false
682,900.0,10.0,,false
683,1150.0,18.0,,false
684,1000.0,8.0,,false
685,1350.0,49.0,,true
686,500.0,57.0,,true
687,5000.0,19.0,,true
688,2200.0,134.0,,true
689,3500.0,319.0,,true
690,5000.0,600.0,,true
691,500.0,149.0,,true
692,125.0,451.0,,true
693,40.0,401.0,,true
694,350.0,149.0,,true
695,500.0,193.0,,false
696,500.0,352.0,,false
697,3300.0,29.0,,false
698,3300.0,30.0,,false
699,3300.0,30.0,,false
700,60.0,194.0,,false
701,60.0,157.0,,false
702,60.0,158.0,,false
703,800.0,6.0,,false
704,60.0,94.0,,false
705,60.0,117.0,,false
706,60.0,103.0,,false
707,60.0,104.0,,false
708,60.0,106.0,,false
709,60.0,92.0,,false
710,60.0,86.0,,false
711,60.0,109.0,,false
712,60.0,110.0,,false
713,100.0,203.0,,false
714,100.0,186.0,,false
715,900.0,7.0,,false
716,1150.0,15.0,,false
717,1000.0,8.0,,false
718,1350.0,47.0,,true
719,500.0,58.0,,true
720,5000.0,16.0,,true
721,2200.0,135.0,,true
722,3500.0,398.0,,true
723,5000.0,600.0,,true
724,500.0,146.0,,true
725,125.0,503.0,,true
726,40.0,372.0,,true
727,350.0,166.0,,true
728,500.0,172.0,,false
729,500.0,476.0,,false
730,3300.0,29.0,,false
731,3300.0,27.0,,false
732,3300.0,28.0,,false
733,60.0,231.0,,false
734,60.0,212.0,,false
735,60.0,217.0,,false
736,60.0,241.0,,false
737,800.0,4.0,,false
738,60.0,89.0,,false
739,60.0,95.0,,false
740,60.0,95.0,,false
741,60.0,96.0,,false
742,60.0,116.0,,false
743,60.0,108.0,,false
744,60.0,98.0,,false
745,60.0,119.0,,false
746,60.0,82.0,,false
747,100.0,202.0,,false
748,100.0,213.0,,false
749,900.0,8.0,,false
750,1150.0,18.0,,false
751,1000.0,6.0,,false
752,1350.0,46.0,,true
753,500.0,60.0,,true
754,5000.0,16.0,,true
755,2200.0,137.0,,true
756,3500.0,209.0,,true
757,5000.0,600.0,,true
758,500.0,157.0,,true
759,125.0,535.0,,true
760,40.0,419.0,,true
761,350.0,169.0,,true
762,500.0,185.0,,false
763,500.0,397.0,,false
764,3300.0,25.0,,false
765,3300.0,24.0,,false
766,3300.0,21.0,,false
767,60.0,204.0,,false
768,60.0,155.0,,false
769,60.0,154.0,,false
770,60.0,167.0,,false
771,800.0,5.0,,false
772,60.0,99.0,,false
773,60.0,113.0,,false
774,60.0,113.0,,false
775,60.0,108.0,,false
776,60.0,89.0,,false
777,60.0,99.0,,false
778,60.0,113.0,,false
779,60.0,91.0,,false
780,60.0,94.0,,false
781,60.0,106.0,,false
782,100.0,232.0,,false
783,100.0,196.0,,false
784,900.0,10.0,,false
785,1150.0,17.0,,false
786,1000.0,7.0,,false
787,1350.0,46.0,,true
788,500.0,56.0,,true
789,5000.0,19.0,,true
790,2200.0,140.0,,true
791,3500.0,372.0,,true
792,5000.0,600.0,,true
793,500.0,151.0,,true
794,125.0,527.0,,true
795,40.0,450.0,,true
796,350.0,168.0,,true
797,500.0,178.0,,false
798,500.0,575.0,,false
799,3300.0,28.0,,false
800,3300.0,21.0,,false
801,3300.0,23.0,,false
802,60.0,194.0,,false
803,60.0,209.0,,false
804,60.0,206.0,,false
805,60.0,192.0,,false
806,800.0,5.0,,false
807,60.0,110.0,,false
808,60.0,114.0,,false
809,60.0,86.0,,false
810,60.0,104.0,,false
811,60.0,88.0,,false
812,60.0,87.0,,false
813,60.0,95.0,,false
814,60.0,104.0,,false
815,100.0,193.0,,false
816,100.0,223.0,,false
817,900.0,8.0,,false
818,1150.0,17.0,,false
819,1000.0,5.0,,false
820,1350.0,46.0,,true
821,500.0,59.0,,true
822,5000.0,20.0,,true
823,2200.0,133.0,,true
824,3500.0,274.0,,true
825,5000.0,600.0,,true
826,500.0,154.0,,true
827,125.0,470.0,,true
828,40.0,415.0,,true
829,350.0,162.0,,true
830,500.0,190.0,,false
831,500.0,449.0,,false
832,3300.0,26.0,,false
833,3300.0,28.0,,false
834,3300.0,24.0,,false
835,60.0,176.0,,false
836,60.0,151.0,,false
837,60.0,164.0,,false
838,60.0,230.0,,false
839,800.0,5.0,,false
840,60.0,112.0,,false
841,60.0,107.0,,false
842,60.0,91.0,,false
843,60.0,100.0,,false
844,60.0,82.0,,false
845,60.0,114.0,,false
846,60.0,83.0,,false
847,60.0,118.0,,false
848,100.0,228.0,,false
849,100.0,201.0,,false
850,900.0,8.0,,false
851,1150.0,18.0,,false
852,1000.0,5.0,,false
853,1350.0,47.0,,true
854,500.0,57.0,,true
855,5000.0,18.0,,true
856,2200.0,136.0,,true
857,3500.0,220.0,,true
858,5000.0,600.0,,true
859,500.0,146.0,,true
860,125.0,544.0,,true
861,40.0,370.0,,true
862,350.0,153.0,,true
863,500.0,171.0,,false
864,500.0,314.0,,false
865,3300.0,26.0,,false
866,3300.0,30.0,,false
867,3300.0,26.0,,false
868,60.0,171.0,,false
869,60.0,178.0,,false
870,60.0,233.0,,false
871,800.0,5.0,,false
872,60.0,94.0,,false
873,60.0,88.0,,false
874,60.0,86.0,,false
875,60.0,91.0,,false
876,60.0,106.0,,false
877,60.0,93.0,,false
878,60.0,85.0,,false
879,60.0,94.0,,false
880,60.0,117.0,,false
881,60.0,95.0,,false
882,100.0,209.0,,false
883,100.0,211.0,,false
884,900.0,8.0,,false
885,1150.0,17.0,,false
886,1000.0,7.0,,false
887,1350.0,50.0,,true
888,500.0,60.0,,true
889,5000.0,18.0,,true
890,2200.0,134.0,,true
891,3500.0,384.0,,true
892,5000.0,600.0,,true
893,500.0,148.0,,true
894,125.0,461.0,,true
895,40.0,372.0,,true
896,350.0,169.0,,true
897,500.0,184.0,,false
898,500.0,479.0,,false
899,3300.0,27.0,,false
900,3300.0,30.0,,false
901,3300.0,21.0,,false
902,60.0,214.0,,false
903,60.0,211.0,,false
904,60.0,167.0,,false
905,800.0,4.0,,false
906,60.0,113.0,,false
907,60.0,99.0,,false
908,60.0,89.0,,false
909,60.0,106.0,,false
910,60.0,92.0,,false
911,60.0,89.0,,false
912,60.0,114.0,,false
913,60.0,107.0,,false
914,60.0,115.0,,false
915,100.0,215.0,,false
916,100.0,201.0,,false
917,900.0,9.0,,false
918,1150.0,14.0,,false
919,1000.0,5.0,,false
920,1350.0,49.0,,true
921,500.0,57.0,,true
922,5000.0,18.0,,true
923,2200.0,131.0,,true
924,3500.0,256.0,,true
925,5000.0,600.0,,true
926,500.0,142.0,,true
927,125.0,503.0,,true
928,40.0,363.0,,true
929,350.0,158.0,,true
930,500.0,185.0,,false
931,500.0,499.0,,false
932,3300.0,28.0,,false
933,3300.0,23.0,,false
934,3300.0,26.0,,false
935,60.0,213.0,,false
936,60.0,152.0,,false
937,60.0,170.0,,false
938,800.0,6.0,,false
939,60.0,112.0,,false
940,60.0,92.0,,false
941,60.0,97.0,,false
942,60.0,99.0,,false
943,60.0,110.0,,false
944,60.0,115.0,,false
945,60.0,85.0,,false
946,60.0,120.0,,false
947,60.0,97.0,,false
948,100.0,218.0,,false
949,100.0,200.0,,false
950,900.0,7.0,,false
951,1150.0,15.0,,false
952,1000.0,6.0,,false
953,1350.0,47.0,,true
954,500.0,56.0,,true
955,5000.0,19.0,,true
956,2200.0,135.0,,true
957,3500.0,289.0,,true
958,5000.0,600.0,,true
959,500.0,145.0,,true
960,125.0,460.0,,true
961,40.0,366.0,,true
962,350.0,174.0,,true
963,500.0,194.0,,false
964,500.0,478.0,,false
965,3300.0,21.0,,false
966,3300.0,28.0,,false
967,3300.0,25.0,,false
968,60.0,207.0,,false
969,60.0,169.0,,false
970,60.0,161.0,,false
971,800.0,5.0,,false
972,60.0,119.0,,false
973,60.0,113.0,,false
974,60.0,88.0,,false
975,60.0,87.0,,false
976,60.0,116.0,,false
977,60.0,100.0,,false
978,60.0,89.0,,false
979,60.0,94.0,,false
980,60.0,92.0,,false
981,60.0,120.0,,false
982,100.0,200.0,,false
983,100.0,209.0,,false
984,900.0,10.0,,false
985,1150.0,17.0,,false
986,1000.0,5.0,,false
987,1350.0,48.0,,true
988,500.0,58.0,,true
989,5000.0,16.0,,true
990,2200.0,138.0,,true
991,3500.0,261.0,,true
992,5000.0,600.0,,true
993,500.0,155.0,,true
994,125.0,536.0,,true
995,40.0,439.0,,true
996,350.0,151.0,,true
997,500.0,180.0,,false
998,500.0,556.0,,false
999,3300.0,26.0,,false
1000,3300.0,26.0,,false
1001,3300.0,25.0,,false
1002,60.0,192.0,,false
1003,60.0,171.0,,false
1004,60.0,216.0,,false
1005,800.0,6.0,,false
1006,60.0,93.0,,false
1007,60.0,101.0,,false
1008,60.0,83.0,,false
1009,60.0,84.0,,false
1010,60.0,99.0,,false
1011,60.0,81.0,,false
1012,60.0,89.0,,false
1013,60.0,90.0,,false
1014,60.0,110.0,,false
1015,60.0,106.0,,false
1016,100.0,224.0,,false
1017,100.0,196.0,,false
1018,900.0,9.0,,false
1019,1150.0,18.0,,false
1020,1000.0,5.0,,false
1021,1350.0,47.0,,true
1022,500.0,56.0,,true
1023,5000.0,17.0,,true
1024,2200.0,133.0,,true
1025,3500.0,344.0,,true
1026,5000.0,600.0,,true
1027,500.0,154.0,,true
1028,125.0,507.0,,true
1029,40.0,454.0,,true
1030,350.0,142.0,,true
1031,500.0,200.0,,false
1032,500.0,541.0,,false
1033,3300.0,23.0,,false
1034,3300.0,28.0,,false
1035,3300.0,27.0,,false
1036,60.0,182.0,,false
1037,60.0,229.0,,false
1038,60.0,234.0,,false
1039,60.0,232.0,,false
1040,800.0,5.0,,false
1041,60.0,82.0,,false
1042,60.0,81.0,,false
1043,60.0,101.0,,false
1044,60.0,118.0,,false
1045,60.0,88.0,,false
1046,60.0,102.0,,false
1047,60.0,108.0,,false
1048,60.0,111.0,,false
1049,60.0,113.0,,false
1050,60.0,101.0,,false
1051,100.0,234.0,,false
1052,100.0,200.0,,false
1053,900.0,10.0,,false
1054,1150.0,14.0,,false
1055,1000.0,6.0,,false
1056,1350.0,46.0,,true
1057,500.0,57.0,,true
1058,5000.0,16.0,,true
1059,2200.0,140.0,,true
1060,3500.0,361.0,,true
1061,5000.0,600.0,,true
1062,500.0,149.0,,true
1063,125.0,497.0,,true
1064,40.0,429.0,,true
1065,350.0,144.0,,true
1066,500.0,185.0,,false
1067,500.0,374.0,,false
1068,3300.0,26.0,,false
1069,3300.0,28.0,,false
1070,3300.0,30.0,,false
1071,60.0,210.0,,false
1072,60.0,200.0,,false
1073,60.0,191.0,,false
1074,60.0,216.0,,false
1075,800.0,6.0,,false
1076,60.0,115.0,,false
1077,60.0,96.0,,false
1078,60.0,113.0,,false
1079,60.0,89.0,,false
1080,60.0,117.0,,false
1081,60.0,114.0,,false
1082,60.0,99.0,,false
1083,60.0,112.0,,false
1084,60.0,95.0,,false
1085,100.0,226.0,,false
1086,100.0,242.0,,false
1087,900.0,8.0,,false
1088,1150.0,16.0,,false
1089,1000.0,5.0,,false
1090,1350.0,46.0,,true
1091,500.0,57.0,,true
1092,5000.0,20.0,,true
1093,2200.0,138.0,,true
1094,3500.0,320.0,,true
1095,5000.0,600.0,,true
1096,500.0,146.0,,true
1097,125.0,537.0,,true
1098,40.0,395.0,,true
1099,350.0,166.0,,true
1100,500.0,185.0,,false
1101,500.0,319.0,,false
1102,3300.0,27.0,,false
1103,3300.0,29.0,,false
1104,3300.0,23.0,,false
1105,60.0,223.0,,false
1106,60.0,248.0,,false
1107,60.0,228.0,,false
1108,800.0,5.0,,false
1109,60.0,94.0,,false
1110,60.0,95.0,,false
1111,60.0,86.0,,false
1112,60.0,115.0,,false
1113,60.0,102.0,,false
1114,60.0,83.0,,false
1115,60.0,82.0,,false
1116,60.0,99.0,,false
1117,60.0,93.0,,false
1118,60.0,95.0,,false
1119,100.0,227.0,,false
1120,100.0,243.0,,false
1121,900.0,8.0,,false
1122,1150.0,17.0,,false
1123,1000.0,7.0,,false
1124,1350.0,50.0,,true
1125,500.0,57.0,,true
1126,5000.0,20.0,,true
1127,2200.0,134.0,,true
1128,3500.0,209.0,,true
1129,5000.0,600.0,,true
1130,500.0,156.0,,true
1131,125.0,501.0,,true
1132,40.0,450.0,,true
1133,350.0,147.0,,true
1134,500.0,185.0,,false
1135,500.0,487.0,,false
1136,3300.0,21.0,,false
1137,3300.0,29.0,,false
1138,3300.0,21.0,,false
1139,60.0,250.0,,false
1140,60.0,180.0,,false
1141,60.0,164.0,,false
1142,60.0,202.0,,false
1143,800.0,5.0,,false
1144,60.0,89.0,,false
1145,60.0,92.0,,false
1146,60.0,104.0,,false
1147,60.0,110.0,,false
1148,60.0,116.0,,false
1149,60.0,114.0,,false
1150,60.0,114.0,,false
1151,60.0,99.0,,false
1152,60.0,97.0,,false
1153,100.0,222.0,,false
1154,100.0,234.0,,false
1155,900.0,7.0,,false
1156,1150.0,18.0,,false
1157,1000.0,7.0,,false
1158,1350.0,46.0,,true
1159,500.0,60.0,,true
1160,5000.0,20.0,,true
1161,2200.0,140.0,,true
1162,3500.0,279.0,,true
1163,5000.0,600.0,,true
1164,500.0,146.0,,true
1165,125.0,526.0,,true
1166,40.0,386.0,,true
1167,350.0,161.0,,true
1168,500.0,185.0,,false
1169,500.0,313.0,,false
1170,3300.0,27.0,,false
1171,3300.0,25.0,,false
1172,3300.0,25.0,,false
1173,60.0,186.0,,false
1174,60.0,216.0,,false
1175,60.0,154.0,,false
1176,800.0,5.0,,false
1177,60.0,100.0,,false
1178,60.0,89.0,,false
1179,60.0,107.0,,false
1180,60.0,97.0,,false
1181,60.0,111.0,,false
1182,60.0,111.0,,false
1183,60.0,97.0,,false
1184,60.0,89.0,,false
1185,100.0,192.0,,false
1186,100.0,226.0,,false
1187,900.0,7.0,,false
1188,1150.0,18.0,,false
1189,1000.0,8.0,,false
1190,1350.0,48.0,,true
1191,500.0,57.0,,true
1192,5000.0,16.0,,true
1193,2200.0,136.0,,true
1194,3500.0,211.0,,true
1195,5000.0,600.0,,true
1196,500.0,143.0,,true
1197,125.0,490.0,,true
1198,40.0,358.0,,true
1199,350.0,144.0,,true
1200,500.0,198.0,,false
1201,500.0,495.0,,false
1202,3300.0,29.0,,false
1203,3300.0,22.0,,false
1204,3300.0,21.0,,false
1205,60.0,228.0,,false
1206,60.0,194.0,,false
1207,60.0,221.0,,false
1208,60.0,224.0,,false
1209,800.0,5.0,,false
1210,60.0,103.0,,false
1211,60.0,98.0,,false
1212,60.0,89.0,,false
1213,60.0,90.0,,false
1214,60.0,120.0,,false
1215,60.0,92.0,,false
1216,60.0,102.0,,false
1217,60.0,103.0,,false
1218,60.0,89.0,,false
1219,100.0,233.0,,false
1220,100.0,229.0,,false
1221,900.0,8.0,,false
1222,1150.0,14.0,,false
1223,1000.0,8.0,,false
1224,1350.0,47.0,,true
1225,500.0,59.0,,true
1226,5000.0,19.0,,true
1227,2200.0,136.0,,true
1228,3500.0,356.0,,true
1229,5000.0,600.0,,true
1230,500.0,154.0,,true
1231,125.0,505.0,,true
1232,40.0,417.0,,true
1233,350.0,142.0,,true
1234,500.0,174.0,,false
1235,500.0,403.0,,false
1236,3300.0,28.0,,false
1237,3300.0,25.0,,false
1238,3300.0,24.0,,false
1239,60.0,248.0,,false
1240,60.0,226.0,,false
1241,60.0,222.0,,false
1242,60.0,240.0,,false
1243,800.0,4.0,,false
1244,60.0,100.0,,false
1245,60.0,118.0,,false
1246,60.0,107.0,,false
1247,60.0,115.0,,false
1248,60.0,81.0,,false
1249,60.0,103.0,,false
1250,100.0,210.0,,false
1251,100.0,223.0,,false
1252,900.0,8.0,,false
1253,1150.0,17.0,,false
1254,1000.0,8.0,,false
1255,1350.0,48.0,,true
1256,500.0,60.0,,true
1257,5000.0,16.0,,true
1258,2200.0,140.0,,true
1259,3500.0,204.0,,true
1260,5000.0,600.0,,true
1261,500.0,160.0,,true
1262,125.0,505.0,,true
1263,40.0,438.0,,true
1264,350.0,154.0,,true
1265,500.0,196.0,,false
1266,500.0,486.0,,false
1267,3300.0,24.0,,false
1268,3300.0,30.0,,false
1269,3300.0,21.0,,false
1270,60.0,232.0,,false
1271,60.0,193.0,,false
1272,60.0,206.0,,false
1273,60.0,244.0,,false
1274,800.0,5.0,,false
1275,60.0,86.0,,false
1276,60.0,115.0,,false
1277,60.0,100.0,,false
1278,60.0,120.0,,false
1279,60.0,115.0,,false
1280,60.0,98.0,,false
1281,60.0,111.0,,false
1282,60.0,118.0,,false
1283,100.0,184.0,,false
1284,100.0,224.0,,false
1285,900.0,7.0,,false
1286,1150.0,13.0,,false
1287,1000.0,8.0,,false
1288,1350.0,46.0,,true
1289,500.0,57.0,,true
1290,5000.0,17.0,,true
1291,2200.0,138.0,,true
1292,3500.0,337.0,,true
1293,5000.0,600.0,,true
1294,500.0,152.0,,true
1295,125.0,501.0,,true
1296,40.0,415.0,,true
1297,350.0,180.0,,true
1298,500.0,173.0,,false
1299,500.0,301.0,,false
1300,3300.0,27.0,,false
1301,3300.0,28.0,,false
1302,3300.0,26.0,,false
1303,60.0,221.0,,false
1304,60.0,250.0,,false
1305,60.0,209.0,,false
1306,60.0,181.0,,false
1307,800.0,4.0,,false
1308,60.0,83.0,,false
1309,60.0,89.0,,false
1310,60.0,103.0,,false
1311,60.0,101.0,,false
1312,60.0,106.0,,false
1313,60.0,109.0,,false
1314,60.0,115.0,,false
1315,60.0,105.0,,false
1316,60.0,108.0,,false
1317,60.0,115.0,,false
1318,100.0,235.0,,false
1319,100.0,232.0,,false
1320,900.0,8.0,,false
1321,1150.0,14.0,,false
1322,1000.0,8.0,,false
1323,1350.0,47.0,,true
1324,500.0,60.0,,true
1325,5000.0,19.0,,true
1326,2200.0,137.0,,true
1327,3500.0,388.0,,true
1328,5000.0,600.0,,true
1329,500.0,141.0,,true
1330,125.0,541.0,,true
1331,40.0,399.0,,true
1332,350.0,160.0,,true
1333,500.0,186.0,,false
1334,500.0,496.0,,false
1335,3300.0,29.0,,false
1336,3300.0,27.0,,false
1337,3300.0,25.0,,false
1338,60.0,153.0,,false
1339,60.0,243.0,,false
1340,60.0,208.0,,false
1341,800.0,6.0,,false
1342,60.0,89.0,,false
1343,60.0,110.0,,false
1344,60.0,113.0,,false
1345,60.0,89.0,,false
1346,60.0,105.0,,false
1347,60.0,86.0,,false
1348,60.0,108.0,,false
1349,60.0,118.0,,false
1350,60.0,90.0,,false
1351,100.0,221.0,,false
1352,100.0,238.0,,false
1353,900.0,8.0,,false
1354,1150.0,13.0,,false
1355,1000.0,8.0,,false
1356,1350.0,46.0,,true
1357,500.0,58.0,,true
1358,5000.0,19.0,,true
1359,2200.0,136.0,,true
1360,3500.0,360.0,,true
1361,5000.0,600.0,,true
1362,500.0,141.0,,true
1363,125.0,482.0,,true
1364,40.0,356.0,,true
1365,350.0,158.0,,true
1366,500.0,177.0,,false
1367,500.0,304.0,,false
1368,3300.0,25.0,,false
1369,3300.0,27.0,,false
1370,3300.0,21.0,,false
1371,60.0,196.0,,false
1372,60.0,152.0,,false
1373,60.0,223.0,,false
1374,800.0,5.0,,false
1375,60.0,92.0,,false
1376,60.0,115.0,,false
1377,60.0,98.0,,false
1378,60.0,100.0,,false
1379,60.0,85.0,,false
1380,60.0,106.0,,false
1381,60.0,84.0,,false
1382,60.0,90.0,,false
1383,60.0,82.0,,false
1384,60.0,118.0,,false
1385,100.0,249.0,,false
1386,100.0,202.0,,false
1387,900.0,10.0,,false
1388,1150.0,16.0,,false
1389,1000.0,5.0,,false
1390,1350.0,48.0,,true
1391,500.0,60.0,,true
1392,5000.0,17.0,,true
1393,2200.0,139.0,,true
1394,3500.0,304.0,,true
1395,5000.0,600.0,,true
1396,500.0,145.0,,true
1397,125.0,545.0,,true
1398,40.0,432.0,,true
1399,350.0,177.0,,true
1400,500.0,173.0,,false
1401,500.0,503.0,,false
1402,3300.0,28.0,,false
1403,3300.0,21.0,,false
1404,3300.0,29.0,,false
1405,60.0,203.0,,false
1406,60.0,190.0,,false
1407,60.0,222.0,,false
1408,60.0,164.0,,false
1409,800.0,4.0,,false
1410,60.0,82.0,,false
1411,60.0,108.0,,false
1412,60.0,90.0,,false
1413,60.0,113.0,,false
1414,60.0,108.0,,false
1415,60.0,104.0,,false
1416,60.0,95.0,,false
1417,60.0,84.0,,false
1418,100.0,218.0,,false
1419,100.0,204.0,,false
1420,900.0,7.0,,false
1421,1150.0,13.0,,false
1422,1000.0,7.0,,false
1423,1350.0,47.0,,true
1424,500.0,59.0,,true
1425,5000.0,19.0,,true
1426,2200.0,135.0,,true
1427,3500.0,235.0,,true
1428,5000.0,600.0,,true
1429,500.0,154.0,,true
1430,125.0,545.0,,true
1431,40.0,372.0,,true
1432,350.0,167.0,,true
1433,500.0,184.0,,false
1434,500.0,386.0,,false
1435,3300.0,24.0,,false
1436,3300.0,23.0,,false
1437,3300.0,22.0,,false
1438,60.0,199.0,,false
1439,60.0,192.0,,false
1440,60.0,213.0,,false
1441,60.0,233.0,,false
1442,800.0,4.0,,false
1443,60.0,110.0,,false
1444,60.0,97.0,,false
1445,60.0,87.0,,false
1446,60.0,84.0,,false
1447,60.0,109.0,,false
1448,60.0,119.0,,false
1449,60.0,118.0,,false
1450,100.0,192.0,,false
1451,100.0,222.0,,false
1452,900.0,10.0,,false
1453,1150.0,16.0,,false
1454,1000.0,5.0,,false
1455,1350.0,46.0,,true
1456,500.0,60.0,,true
1457,5000.0,18.0,,true
1458,2200.0,131.0,,true
1459,3500.0,215.0,,true
1460,5000.0,600.0,,true
1461,500.0,144.0,,true
1462,125.0,543.0,,true
1463,40.0,418.0,,true
1464,350.0,141.0,,true
1465,500.0,173.0,,false
1466,500.0,398.0,,false
1467,3300.0,21.0,,false
1468,3300.0,22.0,,false
1469,3300.0,25.0,,false
1470,60.0,228.0,,false
1471,60.0,241.0,,false
1472,60.0,201.0,,false
1473,800.0,6.0,,false
1474,60.0,109.0,,false
1475,60.0,101.0,,false
1476,60.0,114.0,,false
1477,60.0,105.0,,false
1478,60.0,84.0,,false
1479,60.0,95.0,,false
1480,60.0,117.0,,false
1481,60.0,113.0,,false
1482,100.0,202.0,,false
1483,100.0,199.0,,false
1484,900.0,7.0,,false
1485,1150.0,17.0,,false
1486,1000.0,6.0,,false
1487,1350.0,47.0,,true
1488,500.0,59.0,,true
1489,5000.0,16.0,,true
1490,2200.0,135.0,,true
1491,3500.0,270.0,,true
1492,5000.0,600.0,,true
1493,500.0,142.0,,true
1494,125.0,550.0,,true
1495,40.0,421.0,,true
1496,350.0,169.0,,true
1497,500.0,182.0,,false
1498,500.0,369.0,,false
1499,3300.0,21.0,,false
1500,3300.0,29.0,,false
1501,3300.0,26.0,,false
1502,60.0,248.0,,false
1503,60.0,196.0,,false
1504,60.0,203.0,,false
1505,60.0,229.0,,false
1506,800.0,4.0,,false
1507,60.0,117.0,,false
1508,60.0,96.0,,false
1509,60.0,83.0,,false
1510,60.0,120.0,,false
1511,60.0,118.0,,false
1512,60.0,112.0,,false
1513,60.0,116.0,,false
1514,60.0,115.0,,false
1515,100.0,182.0,,false
1516,100.0,204.0,,false
1517,900.0,7.0,,false
1518,1150.0,13.0,,false
1519,1000.0,7.0,,false
1520,1350.0,50.0,,true
1521,500.0,60.0,,true
1522,5000.0,20.0,,true
1523,2200.0,132.0,,true
1524,3500.0,336.0,,true
1525,5000.0,600.0,,true
1526,500.0,153.0,,true
1527,125.0,479.0,,true
1528,40.0,375.0,,true
1529,350.0,155.0,,true
1530,500.0,199.0,,false
1531,500.0,358.0,,false
1532,3300.0,26.0,,false
1533,3300.0,22.0,,false
1534,3300.0,23.0,,false
1535,60.0,155.0,,false
1536,60.0,216.0,,false
1537,60.0,206.0,,false
1538,60.0,179.0,,false
1539,800.0,5.0,,false
1540,60.0,120.0,,false
1541,60.0,114.0,,false
1542,60.0,103.0,,false
1543,60.0,96.0,,false
1544,60.0,103.0,,false
1545,60.0,108.0,,false
1546,60.0,102.0,,false
1547,60.0,112.0,,false
1548,60.0,90.0,,false
1549,60.0,116.0,,false
1550,100.0,197.0,,false
1551,100.0,188.0,,false
1552,900.0,9.0,,false
1553,1150.0,15.0,,false
1554,1000.0,5.0,,false
1555,1350.0,49.0,,true
1556,500.0,60.0,,true
1557,5000.0,17.0,,true
1558,2200.0,136.0,,true
1559,3500.0,289.0,,true
1560,5000.0,600.0,,true
1561,500.0,157.0,,true
1562,125.0,473.0,,true
1563,40.0,409.0,,true
1564,350.0,158.0,,true
1565,500.0,186.0,,false
1566,500.0,375.0,,false
1567,3300.0,25.0,,false
1568,3300.0,28.0,,false
1569,3300.0,21.0,,false
1570,60.0,243.0,,false
1571,60.0,205.0,,false
1572,60.0,178.0,,false
1573,60.0,185.0,,false
1574,800.0,5.0,,false
1575,60.0,86.0,,false
1576,60.0,100.0,,false
1577,60.0,101.0,,false
1578,60.0,84.0,,false
1579,60.0,91.0,,false
1580,60.0,105.0,,false
1581,60.0,93.0,,false
1582,60.0,100.0,,false
1583,60.0,82.0,,false
1584,60.0,98.0,,false
1585,100.0,185.0,,false
1586,100.0,239.0,,false
1587,900.0,8.0,,false
1588,1150.0,18.0,,false
1589,1000.0,6.0,,false
1590,1350.0,48.0,,true
1591,500.0,56.0,,true
1592,5000.0,18.0,,true
1593,2200.0,132.0,,true
1594,3500.0,394.0,,true
1595,5000.0,600.0,,true
1596,500.0,144.0,,true
1597,125.0,480.0,,true
1598,40.0,446.0,,true
1599,350.0,180.0,,true
1600,500.0,194.0,,false
1601,500.0,533.0,,false
1602,3300.0,30.0,,false
1603,3300.0,27.0,,false
1604,3300.0,25.0,,false
1605,60.0,228.0,,false
1606,60.0,174.0,,false
1607,60.0,168.0,,false
1608,60.0,198.0,,false
1609,800.0,4.0,,false
1610,60.0,118.0,,false
1611,60.0,92.0,,false
1612,60.0,107.0,,false
1613,60.0,94.0,,false
1614,60.0,103.0,,false
1615,60.0,105.0,,false
1616,60.0,113.0,,false
1617,60.0,98.0,,false
1618,60.0,83.0,,false
1619,100.0,185.0,,false
1620,100.0,241.0,,false
1621,900.0,10.0,,false
1622,1150.0,13.0,,false
1623,1000.0,8.0,,false
1624,1350.0,49.0,,true
1625,500.0,58.0,,true
1626,5000.0,18.0,,true
1627,2200.0,135.0,,true
1628,3500.0,314.0,,true
1629,5000.0,600.0,,true
1630,500.0,150.0,,true
1631,125.0,480.0,,true
1632,40.0,379.0,,true
1633,350.0,163.0,,true
1634,500.0,186.0,,false
1635,500.0,465.0,,false
1636,3300.0,22.0,,false
1637,3300.0,24.0,,false
1638,3300.0,23.0,,false
1639,60.0,165.0,,false
1640,60.0,164.0,,false
1641,60.0,214.0,,false
1642,800.0,5.0,,false
1643,60.0,111.0,,false
1644,60.0,96.0,,false
1645,60.0,87.0,,false
1646,60.0,81.0,,false
1647,60.0,87.0,,false
1648,60.0,99.0,,false
1649,60.0,112.0,,false
1650,60.0,85.0,,false
1651,100.0,231.0,,false
1652,100.0,211.0,,false
1653,900.0,9.0,,false
1654,1150.0,17.0,,false
1655,1000.0,6.0,,false
