Reference,height,width,stripwidth,preemptable
1,1350.0,46.0,720,true
2,500.0,60.0,,true
3,5000.0,16.0,,true
4,2200.0,135.0,,true
5,3500.0,211.0,,true
6,5000.0,600.0,,true
7,500.0,147.0,,true
8,125.0,515.0,,true
9,40.0,412.0,,true
10,350.0,151.0,,true
11,500.0,179.0,,false
12,500.0,460.0,,false
13,3300.0,30.0,,false
14,3300.0,22.0,,false
15,3300.0,24.0,,false
16,60.0,250.0,,false
17,60.0,232.0,,false
18,60.0,232.0,,false
19,60.0,217.0,,false
20,800.0,6.0,,false
21,60.0,112.0,,false
22,60.0,92.0,,false
23,60.0,82.0,,false
24,60.0,95.0,,false
25,60.0,98.0,,false
26,60.0,85.0,,false
27,60.0,94.0,,false
28,60.0,97.0,,false
29,60.0,107.0,,false
30,100.0,243.0,,false
31,100.0,196.0,,false
32,900.0,10.0,,false
33,1150.0,13.0,,false
34,1000.0,6.0,,false
35,1350.0,46.0,,true
36,500.0,60.0,,true
37,5000.0,18.0,,true
38,2200.0,132.0,,true
39,3500.0,268.0,,true
40,5000.0,600.0,,true
41,500.0,150.0,,true
42,125.0,464.0,,true
43,40.0,421.0,,true
44,350.0,147.0,,true
45,500.0,192.0,,false
46,500.0,511.0,,false
47,3300.0,28.0,,false
48,3300.0,30.0,,false
49,3300.0,26.0,,false
50,60.0,228.0,,false
51,60.0,165.0,,false
52,60.0,186.0,,false
53,800.0,6.0,,false
54,60.0,119.0,,false
55,60.0,94.0,,false
56,60.0,83.0,,false
57,60.0,110.0,,false
58,60.0,117.0,,false
59,60.0,104.0,,false
60,60.0,104.0,,false
61,100.0,237.0,,false
62,100.0,209.0,,false
63,900.0,8.0,,false
64,1150.0,14.0,,false
65,1000.0,6.0,,false
66,1350.0,48.0,,true
67,500.0,56.0,,true
68,5000.0,16.0,,true
69,2200.0,138.0,,true
70,3500.0,388.0,,true
71,5000.0,600.0,,true
72,500.0,154.0,,true
73,125.0,520.0,,true
74,40.0,400.0,,true
75,350.0,151.0,,true
76,500.0,197.0,,false
77,500.0,306.0,,false
78,3300.0,30.0,,false
79,3300.0,23.0,,false
80,3300.0,30.0,,false
81,60.0,198.0,,false
82,60.0,224.0,,false
83,60.0,172.0,,false
84,60.0,211.0,,false
85,800.0,5.0,,false
86,60.0,107.0,,false
87,60.0,104.0,,false
88,60.0,91.0,,false
89,60.0,103.0,,false
90,60.0,92.0,,false
91,60.0,97.0,,false
92,60.0,82.0,,false
93,60.0,117.0,,false
94,60.0,86.0,,false
95,60.0,95.0,,false
96,100.0,223.0,,false
97,100.0,211.0,,false
98,900.0,9.0,,false
99,1150.0,17.0,,false
100,1000.0,5.0,,false
101,1350.0,50.0,,true
102,500.0,60.0,,true
103,5000.0,18.0,,true
104,2200.0,132.0,,true
105,3500.0,394.0,,true
106,5000.0,600.0,,true
107,500.0,160.0,,true
108,125.0,529.0,,true
109,40.0,354.0,,true
110,350.0,158.0,,true
111,500.0,179.0,,false
112,500.0,438.0,,false
113,3300.0,29.0,,false
114,3300.0,24.0,,false
115,3300.0,22.0,,false
116,60.0,246.0,,false
117,60.0,152.0,,false
118,60.0,154.0,,false
119,60.0,240.0,,false
120,800.0,4.0,,false
121,60.0,119.0,,false
122,60.0,102.0,,false
123,60.0,109.0,,false
124,60.0,85.0,,false
125,60.0,86.0,,false
126,60.0,112.0,,false
127,60.0,116.0,,false
128,60.0,91.0,,false
129,100.0,243.0,,false
130,100.0,208.0,,false
131,900.0,7.0,,false
132,1150.0,16.0,,false
133,1000.0,5.0,,false
134,1350.0,50.0,,true
135,500.0,57.0,,true
136,5000.0,18.0,,true
137,2200.0,135.0,,true
138,3500.0,203.0,,true
139,5000.0,600.0,,true
140,500.0,158.0,,true
141,125.0,510.0,,true
142,40.0,377.0,,true
143,350.0,160.0,,true
144,500.0,180.0,,false
145,500.0,378.0,,false
146,3300.0,30.0,,false
147,3300.0,30.0,,false
148,3300.0,25.0,,false
149,60.0,194.0,,false
150,60.0,233.0,,false
151,60.0,198.0,,false
152,60.0,204.0,,false
153,800.0,4.0,,false
154,60.0,96.0,,false
155,60.0,120.0,,false
156,60.0,102.0,,false
157,60.0,96.0,,false
158,60.0,114.0,,false
159,60.0,99.0,,false
160,60.0,103.0,,false
161,60.0,86.0,,false
162,60.0,98.0,,false
163,60.0,109.0,,false
164,100.0,188.0,,false
165,100.0,190.0,,false
166,900.0,7.0,,false
167,1150.0,13.0,,false
168,1000.0,6.0,,false
169,1350.0,47.0,,true
170,500.0,60.0,,true
171,5000.0,16.0,,true
172,2200.0,136.0,,true
173,3500.0,363.0,,true
174,5000.0,600.0,,true
175,500.0,148.0,,true
176,125.0,489.0,,true
177,40.0,447.0,,true
178,350.0,141.0,,true
179,500.0,193.0,,false
180,500.0,436.0,,false
181,3300.0,28.0,,false
182,3300.0,30.0,,false
183,3300.0,30.0,,false
184,60.0,247.0,,false
185,60.0,152.0,,false
186,60.0,193.0,,false
187,60.0,181.0,,false
188,800.0,4.0,,false
189,60.0,93.0,,false
190,60.0,81.0,,false
191,60.0,107.0,,false
192,60.0,97.0,,false
193,60.0,84.0,,false
194,60.0,86.0,,false
195,100.0,209.0,,false
196,100.0,238.0,,false
197,900.0,7.0,,false
198,1150.0,17.0,,false
199,1000.0,5.0,,false
200,1350.0,47.0,,true
201,500.0,57.0,,true
202,5000.0,16.0,,true
203,2200.0,133.0,,true
204,3500.0,350.0,,true
205,5000.0,600.0,,true
206,500.0,156.0,,true
207,125.0,514.0,,true
208,40.0,372.0,,true
209,350.0,168.0,,true
210,500.0,193.0,,false
211,500.0,547.0,,false
212,3300.0,23.0,,false
213,3300.0,26.0,,false
214,3300.0,27.0,,false
215,60.0,161.0,,false
216,60.0,202.0,,false
217,60.0,187.0,,false
218,60.0,215.0,,false
219,800.0,4.0,,false
220,60.0,85.0,,false
221,60.0,107.0,,false
222,60.0,108.0,,false
223,60.0,115.0,,false
224,60.0,95.0,,false
225,60.0,119.0,,false
226,60.0,117.0,,false
227,60.0,103.0,,false
228,60.0,112.0,,false
229,100.0,185.0,,false
230,100.0,204.0,,false
231,900.0,7.0,,false
232,1150.0,18.0,,false
233,1000.0,5.0,,false
234,1350.0,47.0,,true
235,500.0,60.0,,true
236,5000.0,18.0,,true
237,2200.0,133.0,,true
238,3500.0,330.0,,true
239,5000.0,600.0,,true
240,500.0,160.0,,true
241,125.0,521.0,,true
242,40.0,371.0,,true
243,350.0,161.0,,true
244,500.0,183.0,,false
245,500.0,340.0,,false
246,3300.0,28.0,,false
247,3300.0,30.0,,false
248,3300.0,27.0,,false
249,60.0,246.0,,false
250,60.0,222.0,,false
251,60.0,176.0,,false
252,60.0,237.0,,false
253,800.0,4.0,,false
254,60.0,91.0,,false
255,60.0,110.0,,false
256,60.0,83.0,,false
257,60.0,96.0,,false
258,60.0,102.0,,false
259,60.0,87.0,,false
260,100.0,247.0,,false
261,100.0,193.0,,false
262,900.0,9.0,,false
263,1150.0,15.0,,false
264,1000.0,5.0,,false
265,1350.0,47.0,,true
266,500.0,57.0,,true
267,5000.0,17.0,,true
268,2200.0,135.0,,true
269,3500.0,258.0,,true
270,5000.0,600.0,,true
271,500.0,141.0,,true
272,125.0,522.0,,true
273,40.0,431.0,,true
274,350.0,174.0,,true
275,500.0,199.0,,false
276,500.0,546.0,,false
277,3300.0,25.0,,false
278,3300.0,21.0,,false
279,3300.0,26.0,,false
280,60.0,218.0,,false
281,60.0,247.0,,false
282,60.0,199.0,,false
283,60.0,155.0,,false
284,800.0,4.0,,false
285,60.0,100.0,,false
286,60.0,120.0,,false
287,60.0,111.0,,false
288,60.0,111.0,,false
289,60.0,89.0,,false
290,60.0,81.0,,false
291,60.0,116.0,,false
292,100.0,213.0,,false
293,100.0,185.0,,false
294,900.0,8.0,,false
295,1150.0,16.0,,false
296,1000.0,7.0,,false
297,1350.0,46.0,,true
298,500.0,58.0,,true
299,5000.0,16.0,,true
300,2200.0,132.0,,true
301,3500.0,298.0,,true
302,5000.0,600.0,,true
303,500.0,152.0,,true
304,125.0,468.0,,true
305,40.0,437.0,,true
306,350.0,172.0,,true
307,500.0,177.0,,false
308,500.0,314.0,,false
309,3300.0,25.0,,false
310,3300.0,26.0,,false
311,3300.0,24.0,,false
312,60.0,183.0,,false
313,60.0,229.0,,false
314,60.0,244.0,,false
315,800.0,6.0,,false
316,60.0,116.0,,false
317,60.0,111.0,,false
318,60.0,101.0,,false
319,60.0,112.0,,false
320,60.0,118.0,,false
321,60.0,109.0,,false
322,60.0,114.0,,false
323,60.0,107.0,,false
324,100.0,244.0,,false
325,100.0,221.0,,false
326,900.0,9.0,,false
327,1150.0,16.0,,false
328,1000.0,7.0,,false
329,1350.0,48.0,,true
330,500.0,59.0,,true
331,5000.0,20.0,,true
332,2200.0,137.0,,true
333,3500.0,397.0,,true
334,5000.0,600.0,,true
335,500.0,144.0,,true
336,125.0,504.0,,true
337,40.0,433.0,,true
338,350.0,158.0,,true
339,500.0,188.0,,false
340,500.0,405.0,,false
341,3300.0,25.0,,false
342,3300.0,26.0,,false
343,3300.0,30.0,,false
344,60.0,162.0,,false
345,60.0,239.0,,false
346,60.0,211.0,,false
347,60.0,173.0,,false
348,800.0,4.0,,false
349,60.0,103.0,,false
350,60.0,96.0,,false
351,60.0,94.0,,false
352,60.0,110.0,,false
353,60.0,104.0,,false
354,60.0,117.0,,false
355,60.0,108.0,,false
356,100.0,240.0,,false
357,100.0,187.0,,false
358,900.0,9.0,,false
359,1150.0,15.0,,false
360,1000.0,5.0,,false
361,1350.0,49.0,,true
362,500.0,58.0,,true
363,5000.0,17.0,,true
364,2200.0,131.0,,true
365,3500.0,333.0,,true
366,5000.0,600.0,,true
367,500.0,155.0,,true
368,125.0,523.0,,true
369,40.0,394.0,,true
370,350.0,142.0,,true
371,500.0,187.0,,false
372,500.0,569.0,,false
373,3300.0,28.0,,false
374,3300.0,25.0,,false
375,3300.0,29.0,,false
376,60.0,231.0,,false
377,60.0,210.0,,false
378,60.0,229.0,,false
379,800.0,5.0,,false
380,60.0,112.0,,false
381,60.0,105.0,,false
382,60.0,95.0,,false
383,60.0,97.0,,false
384,60.0,117.0,,false
385,60.0,109.0,,false
386,60.0,113.0,,false
387,60.0,120.0,,false
388,60.0,116.0,,false
389,100.0,222.0,,false
390,100.0,184.0,,false
391,900.0,10.0,,false
392,1150.0,17.0,,false
393,1000.0,8.0,,false
394,1350.0,47.0,,true
395,500.0,60.0,,true
396,5000.0,19.0,,true
397,2200.0,140.0,,true
398,3500.0,312.0,,true
399,5000.0,600.0,,true
400,500.0,149.0,,true
401,125.0,453.0,,true
402,40.0,435.0,,true
403,350.0,169.0,,true
404,500.0,200.0,,false
405,500.0,491.0,,false
406,3300.0,26.0,,false
407,3300.0,25.0,,false
408,3300.0,21.0,,false
409,60.0,228.0,,false
410,60.0,234.0,,false
411,60.0,171.0,,false
412,60.0,242.0,,false
413,800.0,4.0,,false
414,60.0,112.0,,false
415,60.0,83.0,,false
416,60.0,100.0,,false
417,60.0,113.0,,false
418,60.0,82.0,,false
419,60.0,107.0,,false
420,60.0,96.0,,false
421,60.0,99.0,,false
422,60.0,86.0,,false
423,60.0,103.0,,false
424,100.0,227.0,,false
425,100.0,221.0,,false
426,900.0,7.0,,false
427,1150.0,16.0,,false
428,1000.0,7.0,,false
429,1350.0,46.0,,true
430,500.0,56.0,,true
431,5000.0,16.0,,true
432,2200.0,131.0,,true
433,3500.0,272.0,,true
434,5000.0,600.0,,true
435,500.0,156.0,,true
436,125.0,463.0,,true
437,40.0,374.0,,true
438,350.0,167.0,,true
439,500.0,172.0,,false
440,500.0,488.0,,false
441,3300.0,29.0,,false
442,3300.0,26.0,,false
443,3300.0,25.0,,false
444,60.0,231.0,,false
445,60.0,202.0,,false
446,60.0,244.0,,false
447,800.0,4.0,,false
448,60.0,104.0,,false
449,60.0,90.0,,false
450,60.0,115.0,,false
451,60.0,106.0,,false
452,60.0,89.0,,false
453,60.0,102.0,,false
454,60.0,85.0,,false
455,60.0,113.0,,false
456,100.0,181.0,,false
457,100.0,222.0,,false
458,900.0,7.0,,false
459,1150.0,14.0,,false
460,1000.0,5.0,,false
461,1350.0,47.0,,true
462,500.0,57.0,,true
463,5000.0,17.0,,true
464,2200.0,137.0,,true
465,3500.0,233.0,,true
466,5000.0,600.0,,true
467,500.0,160.0,,true
468,125.0,544.0,,true
469,40.0,364.0,,true
470,350.0,165.0,,true
471,500.0,183.0,,false
472,500.0,349.0,,false
473,3300.0,26.0,,false
474,3300.0,27.0,,false
475,3300.0,26.0,,false
476,60.0,237.0,,false
477,60.0,217.0,,false
478,60.0,193.0,,false
479,800.0,4.0,,false
480,60.0,85.0,,false
481,60.0,105.0,,false
482,60.0,90.0,,false
483,60.0,114.0,,false
484,60.0,91.0,,false
485,60.0,117.0,,false
486,60.0,87.0,,false
487,60.0,85.0,,false
488,100.0,220.0,,false
489,100.0,236.0,,false
490,900.0,10.0,,false
491,1150.0,18.0,,false
492,1000.0,7.0,,false
493,1350.0,50.0,,true
494,500.0,57.0,,true
495,5000.0,16.0,,true
496,2200.0,133.0,,true
497,3500.0,285.0,,true
498,5000.0,600.0,,true
499,500.0,143.0,,true
500,125.0,510.0,,true
501,40.0,437.0,,true
502,350.0,150.0,,true
503,500.0,181.0,,false
504,500.0,466.0,,false
505,3300.0,24.0,,false
506,3300.0,25.0,,false
507,3300.0,27.0,,false
508,60.0,221.0,,false
509,60.0,237.0,,false
510,60.0,162.0,,false
511,60.0,224.0,,false
512,800.0,4.0,,false
513,60.0,118.0,,false
514,60.0,82.0,,false
515,60.0,82.0,,false
516,60.0,86.0,,false
517,60.0,81.0,,false
518,60.0,120.0,,false
519,60.0,98.0,,false
520,60.0,81.0,,false
521,60.0,86.0,,false
522,100.0,241.0,,false
523,100.0,249.0,,false
524,900.0,8.0,,false
525,1150.0,18.0,,false
526,1000.0,5.0,,false
527,1350.0,49.0,,true
528,500.0,59.0,,true
529,5000.0,16.0,,true
530,2200.0,137.0,,true
531,3500.0,332.0,,true
532,5000.0,600.0,,true
533,500.0,155.0,,true
534,125.0,487.0,,true
535,40.0,445.0,,true
536,350.0,142.0,,true
537,500.0,190.0,,false
538,500.0,405.0,,false
539,3300.0,26.0,,false
540,3300.0,30.0,,false
541,3300.0,21.0,,false
542,60.0,224.0,,false
543,60.0,156.0,,false
544,60.0,164.0,,false
545,60.0,202.0,,false
546,800.0,5.0,,false
547,60.0,111.0,,false
548,60.0,101.0,,false
549,60.0,118.0,,false
550,60.0,119.0,,false
551,60.0,82.0,,false
552,60.0,101.0,,false
553,60.0,101.0,,false
554,100.0,195.0,,false
555,100.0,224.0,,false
556,900.0,8.0,,false
557,1150.0,14.0,,false
558,1000.0,5.0,,false
559,1350.0,50.0,,true
560,500.0,56.0,,true
561,5000.0,20.0,,true
562,2200.0,138.0,,true
563,3500.0,250.0,,true
564,5000.0,600.0,,true
565,500.0,142.0,,true
566,125.0,514.0,,true
567,40.0,370.0,,true
568,350.0,172.0,,true
569,500.0,188.0,,false
570,500.0,526.0,,false
571,3300.0,27.0,,false
572,3300.0,27.0,,false
573,3300.0,26.0,,false
574,60.0,172.0,,false
575,60.0,222.0,,false
576,60.0,209.0,,false
577,60.0,195.0,,false
578,800.0,5.0,,false
579,60.0,98.0,,false
580,60.0,94.0,,false
581,60.0,90.0,,false
582,60.0,109.0,,false
583,60.0,95.0,,false
584,60.0,111.0,,false
585,100.0,228.0,,false
586,100.0,192.0,,false
587,900.0,7.0,,false
588,1150.0,17.0,,false
589,1000.0,8.0,,false
590,1350.0,48.0,,true
591,500.0,59.0,,true
592,5000.0,20.0,,true
593,2200.0,135.0,,true
594,3500.0,382.0,,true
595,5000.0,600.0,,true
596,500.0,142.0,,true
597,125.0,455.0,,true
598,40.0,370.0,,true
599,350.0,144.0,,true
600,500.0,186.0,,false
601,500.0,509.0,,false
602,3300.0,21.0,,false
603,3300.0,27.0,,false
604,3300.0,24.0,,false
605,60.0,222.0,,false
606,60.0,172.0,,false
607,60.0,225.0,,false
608,800.0,4.0,,false
609,60.0,117.0,,false
610,60.0,116.0,,false
611,60.0,82.0,,false
612,60.0,111.0,,false
613,60.0,113.0,,false
614,60.0,90.0,,false
615,60.0,91.0,,false
616,60.0,84.0,,false
617,60.0,111.0,,false
618,60.0,113.0,,false
619,100.0,213.0,,false
620,100.0,234.0,,false
621,900.0,7.0,,false
622,1150.0,13.0,,false
623,1000.0,6.0,,false
624,1350.0,47.0,,true
625,500.0,56.0,,true
626,5000.0,19.0,,true
627,2200.0,135.0,,true
628,3500.0,259.0,,true
629,5000.0,600.0,,true
630,500.0,145.0,,true
631,125.0,501.0,,true
632,40.0,449.0,,true
633,350.0,148.0,,true
634,500.0,187.0,,false
635,500.0,407.0,,false
636,3300.0,25.0,,false
637,3300.0,29.0,,false
638,3300.0,22.0,,false
639,60.0,190.0,,false
640,60.0,196.0,,false
641,60.0,171.0,,false
642,800.0,5.0,,false
643,60.0,86.0,,false
644,60.0,105.0,,false
645,60.0,105.0,,false
646,60.0,115.0,,false
647,60.0,113.0,,false
648,60.0,84.0,,false
649,60.0,95.0,,false
650,60.0,82.0,,false
651,100.0,196.0,,false
652,100.0,193.0,,false
653,900.0,7.0,,false
654,1150.0,14.0,,false
655,1000.0,7.0,,false
656,1350.0,46.0,,true
657,500.0,59.0,,true
658,5000.0,17.0,,true
659,2200.0,140.0,,true
660,3500.0,244.0,,true
661,5000.0,600.0,,true
662,500.0,153.0,,true
663,125.0,507.0,,true
664,40.0,394.0,,true
665,350.0,147.0,,true
666,500.0,192.0,,false
667,500.0,584.0,,false
668,3300.0,25.0,,false
669,3300.0,22.0,,false
670,3300.0,25.0,,false
671,60.0,213.0,,false
672,60.0,154.0,,false
673,60.0,212.0,,false
674,60.0,235.0,,false
675,800.0,5.0,,false
676,60.0,120.0,,false
677,60.0,116.0,,false
678,60.0,88.0,,false
679,60.0,120.0,,false
680,60.0,88.0,,false
681,60.0,103.0,,false
682,60.0,96.0,,false
683,60.0,105.0,,false
684,60.0,96.0,,false
685,100.0,207.0,,false
686,100.0,206.0,,false
687,900.0,7.0,,false
688,1150.0,17.0,,false
689,1000.0,7.0,,false
690,1350.0,48.0,,true
691,500.0,57.0,,true
692,5000.0,19.0,,true
693,2200.0,135.0,,true
694,3500.0,221.0,,true
695,5000.0,600.0,,true
696,500.0,148.0,,true
697,125.0,549.0,,true
698,40.0,403.0,,true
699,350.0,148.0,,true
700,500.0,190.0,,false
701,500.0,536.0,,false
702,3300.0,27.0,,false
703,3300.0,24.0,,false
704,3300.0,28.0,,false
705,60.0,196.0,,false
706,60.0,247.0,,false
707,60.0,206.0,,false
708,60.0,177.0,,false
709,800.0,5.0,,false
710,60.0,118.0,,false
711,60.0,88.0,,false
712,60.0,102.0,,false
713,60.0,115.0,,false
714,60.0,81.0,,false
715,60.0,100.0,,false
716,60.0,87.0,,false
717,60.0,89.0,,false
718,100.0,181.0,,false
719,100.0,190.0,,false
720,900.0,9.0,,false
721,1150.0,13.0,,false
722,1000.0,6.0,,false
723,1350.0,46.0,,true
724,500.0,56.0,,true
725,5000.0,19.0,,true
726,2200.0,138.0,,true
727,3500.0,388.0,,true
728,5000.0,600.0,,true
729,500.0,149.0,,true
730,125.0,482.0,,true
731,40.0,416.0,,true
732,350.0,146.0,,true
733,500.0,173.0,,false
734,500.0,469.0,,false
735,3300.0,21.0,,false
736,3300.0,24.0,,false
737,3300.0,27.0,,false
738,60.0,163.0,,false
739,60.0,246.0,,false
740,60.0,213.0,,false
741,60.0,249.0,,false
742,800.0,6.0,,false
743,60.0,117.0,,false
744,60.0,111.0,,false
745,60.0,110.0,,false
746,60.0,104.0,,false
747,60.0,103.0,,false
748,60.0,83.0,,false
749,100.0,187.0,,false
750,100.0,231.0,,false
751,900.0,10.0,,false
752,1150.0,15.0,,false
753,1000.0,5.0,,false
754,1350.0,50.0,,true
755,500.0,58.0,,true
756,5000.0,17.0,,true
757,2200.0,135.0,,true
758,3500.0,282.0,,true
759,5000.0,600.0,,true
760,500.0,159.0,,true
761,125.0,473.0,,true
762,40.0,378.0,,true
763,350.0,162.0,,true
764,500.0,198.0,,false
765,500.0,460.0,,false
766,3300.0,27.0,,false
767,3300.0,26.0,,false
768,3300.0,25.0,,false
769,60.0,173.0,,false
770,60.0,234.0,,false
771,60.0,172.0,,false
772,800.0,4.0,,false
773,60.0,117.0,,false
774,60.0,104.0,,false
775,60.0,103.0,,false
776,60.0,103.0,,false
777,60.0,120.0,,false
778,60.0,112.0,,false
779,60.0,103.0,,false
780,100.0,228.0,,false
781,100.0,225.0,,false
782,900.0,7.0,,false
783,1150.0,13.0,,false
784,1000.0,6.0,,false
785,1350.0,46.0,,true
786,500.0,58.0,,true
787,5000.0,16.0,,true
788,2200.0,135.0,,true
789,3500.0,226.0,,true
790,5000.0,600.0,,true
791,500.0,158.0,,true
792,125.0,532.0,,true
793,40.0,385.0,,true
794,350.0,148.0,,true
795,500.0,195.0,,false
796,500.0,578.0,,false
797,3300.0,27.0,,false
798,3300.0,27.0,,false
799,3300.0,26.0,,false
800,60.0,218.0,,false
801,60.0,153.0,,false
802,60.0,152.0,,false
803,800.0,6.0,,false
804,60.0,95.0,,false
805,60.0,111.0,,false
806,60.0,100.0,,false
807,60.0,117.0,,false
808,60.0,89.0,,false
809,60.0,110.0,,false
810,60.0,110.0,,false
811,60.0,100.0,,false
812,60.0,94.0,,false
813,60.0,99.0,,false
814,100.0,191.0,,false
815,100.0,213.0,,false
816,900.0,8.0,,false
817,1150.0,16.0,,false
818,1000.0,6.0,,false
819,1350.0,46.0,,true
820,500.0,56.0,,true
821,5000.0,20.0,,true
822,2200.0,133.0,,true
823,3500.0,209.0,,true
824,5000.0,600.0,,true
825,500.0,154.0,,true
826,125.0,459.0,,true
827,40.0,416.0,,true
828,350.0,153.0,,true
829,500.0,192.0,,false
830,500.0,303.0,,false
831,3300.0,24.0,,false
832,3300.0,26.0,,false
833,3300.0,29.0,,false
834,60.0,220.0,,false
835,60.0,200.0,,false
836,60.0,159.0,,false
837,60.0,174.0,,false
838,800.0,5.0,,false
839,60.0,99.0,,false
840,60.0,92.0,,false
841,60.0,111.0,,false
842,60.0,101.0,,false
843,60.0,94.0,,false
844,60.0,119.0,,false
845,60.0,116.0,,false
846,100.0,216.0,,false
847,100.0,194.0,,false
848,900.0,9.0,,false
849,1150.0,15.0,,false
850,1000.0,5.0,,false
851,1350.0,49.0,,true
852,500.0,59.0,,true
853,5000.0,16.0,,true
854,2200.0,131.0,,true
855,3500.0,357.0,,true
856,5000.0,600.0,,true
857,500.0,142.0,,true
858,125.0,461.0,,true
859,40.0,362.0,,true
860,350.0,153.0,,true
861,500.0,191.0,,false
862,500.0,465.0,,false
863,3300.0,29.0,,false
864,3300.0,23.0,,false
865,3300.0,25.0,,false
866,60.0,210.0,,false
867,60.0,240.0,,false
868,60.0,228.0,,false
869,60.0,249.0,,false
870,800.0,4.0,,false
871,60.0,109.0,,false
872,60.0,83.0,,false
873,60.0,104.0,,false
874,60.0,90.0,,false
875,60.0,92.0,,false
876,60.0,105.0,,false
877,60.0,119.0,,false
878,60.0,109.0,,false
879,60.0,81.0,,false
880,60.0,116.0,,false
881,100.0,233.0,,false
882,100.0,215.0,,false
883,900.0,10.0,,false
884,1150.0,18.0,,false
885,1000.0,7.0,,false
886,1350.0,46.0,,true
887,500.0,59.0,,true
888,5000.0,18.0,,true
889,2200.0,137.0,,true
890,3500.0,246.0,,true
891,5000.0,600.0,,true
892,500.0,153.0,,true
893,125.0,508.0,,true
894,40.0,414.0,,true
895,350.0,156.0,,true
896,500.0,198.0,,false
897,500.0,356.0,,false
898,3300.0,28.0,,false
899,3300.0,28.0,,false
900,3300.0,21.0,,false
901,60.0,243.0,,false
902,60.0,191.0,,false
903,60.0,197.0,,false
904,60.0,242.0,,false
905,800.0,5.0,,false
906,60.0,97.0,,false
907,60.0,119.0,,false
908,60.0,103.0,,false
909,60.0,88.0,,false
910,60.0,113.0,,false
911,60.0,95.0,,false
912,100.0,213.0,,false
913,100.0,247.0,,false
914,900.0,9.0,,false
915,1150.0,18.0,,false
916,1000.0,5.0,,false
917,1350.0,46.0,,true
918,500.0,57.0,,true
919,5000.0,19.0,,true
920,2200.0,132.0,,true
921,3500.0,269.0,,true
922,5000.0,600.0,,true
923,500.0,143.0,,true
924,125.0,478.0,,true
925,40.0,400.0,,true
926,350.0,160.0,,true
927,500.0,189.0,,false
928,500.0,423.0,,false
929,3300.0,29.0,,false
930,3300.0,22.0,,false
931,3300.0,28.0,,false
932,60.0,155.0,,false
933,60.0,190.0,,false
934,60.0,240.0,,false
935,60.0,200.0,,false
936,800.0,6.0,,false
937,60.0,115.0,,false
938,60.0,91.0,,false
939,60.0,102.0,,false
940,60.0,92.0,,false
941,60.0,119.0,,false
942,60.0,104.0,,false
943,60.0,97.0,,false
944,100.0,218.0,,false
945,100.0,249.0,,false
946,900.0,7.0,,false
947,1150.0,17.0,,false
948,1000.0,6.0,,false
949,1350.0,47.0,,true
950,500.0,56.0,,true
951,5000.0,18.0,,true
952,2200.0,138.0,,true
953,3500.0,377.0,,true
954,5000.0,600.0,,true
955,500.0,152.0,,true
956,125.0,502.0,,true
957,40.0,429.0,,true
958,350.0,156.0,,true
959,500.0,196.0,,false
960,500.0,422.0,,false
961,3300.0,24.0,,false
962,3300.0,28.0,,false
963,3300.0,26.0,,false
964,60.0,213.0,,false
965,60.0,241.0,,false
966,60.0,178.0,,false
967,60.0,226.0,,false
968,800.0,6.0,,false
969,60.0,93.0,,false
970,60.0,86.0,,false
971,60.0,117.0,,false
972,60.0,94.0,,false
973,60.0,119.0,,false
974,60.0,92.0,,false
975,60.0,107.0,,false
976,60.0,92.0,,false
977,60.0,92.0,,false
978,60.0,106.0,,false
979,100.0,192.0,,false
980,100.0,186.0,,false
981,900.0,7.0,,false
982,1150.0,17.0,,false
983,1000.0,5.0,,false
984,1350.0,47.0,,true
985,500.0,60.0,,true
986,5000.0,20.0,,true
987,2200.0,140.0,,true
988,3500.0,322.0,,true
989,5000.0,600.0,,true
990,500.0,144.0,,true
991,125.0,508.0,,true
992,40.0,356.0,,true
993,350.0,164.0,,true
994,500.0,186.0,,false
995,500.0,451.0,,false
996,3300.0,26.0,,false
997,3300.0,29.0,,false
998,3300.0,23.0,,false
999,60.0,174.0,,false
1000,60.0,233.0,,false
1001,60.0,248.0,,false
1002,60.0,249.0,,false
1003,800.0,4.0,,false
1004,60.0,101.0,,false
1005,60.0,114.0,,false
1006,60.0,83.0,,false
1007,60.0,83.0,,false
1008,60.0,82.0,,false
1009,60.0,93.0,,false
1010,60.0,104.0,,false
1011,100.0,208.0,,false
1012,100.0,225.0,,false
1013,900.0,7.0,,false
1014,1150.0,15.0,,false
1015,1000.0,5.0,,false
1016,1350.0,50.0,,true
1017,500.0,60.0,,true
1018,5000.0,17.0,,true
1019,2200.0,138.0,,true
1020,3500.0,242.0,,true
1021,5000.0,600.0,,true
1022,500.0,151.0,,true
1023,125.0,482.0,,true
1024,40.0,446.0,,true
1025,350.0,167.0,,true
1026,500.0,194.0,,false
1027,500.0,588.0,,false
1028,3300.0,30.0,,false
1029,3300.0,26.0,,false
1030,3300.0,26.0,,false
1031,60.0,207.0,,false
1032,60.0,219.0,,false
1033,60.0,194.0,,false
1034,60.0,246.0,,false
1035,800.0,4.0,,false
1036,60.0,82.0,,false
1037,60.0,110.0,,false
1038,60.0,82.0,,false
1039,60.0,97.0,,false
1040,60.0,87.0,,false
1041,60.0,119.0,,false
1042,100.0,236.0,,false
1043,100.0,222.0,,false
1044,900.0,7.0,,false
1045,1150.0,13.0,,false
1046,1000.0,5.0,,false
1047,1350.0,50.0,,true
1048,500.0,60.0,,true
1049,5000.0,20.0,,true
1050,2200.0,134.0,,true
1051,3500.0,281.0,,true
1052,5000.0,600.0,,true
1053,500.0,158.0,,true
1054,125.0,545.0,,true
1055,40.0,425.0,,true
1056,350.0,165.0,,true
1057,500.0,193.0,,false
1058,500.0,381.0,,false
1059,3300.0,26.0,,false
1060,3300.0,25.0,,false
1061,3300.0,30.0,,false
1062,60.0,237.0,,false
1063,60.0,183.0,,false
1064,60.0,231.0,,false
1065,800.0,5.0,,false
1066,60.0,100.0,,false
1067,60.0,106.0,,false
1068,60.0,98.0,,false
1069,60.0,113.0,,false
1070,60.0,104.0,,false
1071,60.0,116.0,,false
1072,60.0,113.0,,false
1073,60.0,112.0,,false
1074,100.0,193.0,,false
1075,100.0,184.0,,false
1076,900.0,9.0,,false
1077,1150.0,18.0,,false
1078,1000.0,6.0,,false
1079,1350.0,46.0,,true
1080,500.0,57.0,,true
1081,5000.0,19.0,,true
1082,2200.0,135.0,,true
1083,3500.0,398.0,,true
1084,5000.0,600.0,,true
1085,500.0,158.0,,true
1086,125.0,453.0,,true
1087,40.0,458.0,,true
1088,350.0,151.0,,true
1089,500.0,173.0,,false
1090,500.0,325.0,,false
1091,3300.0,21.0,,false
1092,3300.0,24.0,,false
1093,3300.0,23.0,,false
1094,60.0,236.0,,false
1095,60.0,209.0,,false
1096,60.0,225.0,,false
1097,800.0,4.0,,false
1098,60.0,91.0,,false
1099,60.0,81.0,,false
1100,60.0,115.0,,false
1101,60.0,91.0,,false
1102,60.0,109.0,,false
1103,60.0,120.0,,false
1104,60.0,111.0,,false
1105,60.0,115.0,,false
1106,100.0,203.0,,false
1107,100.0,195.0,,false
1108,900.0,8.0,,false
1109,1150.0,16.0,,false
1110,1000.0,7.0,,false
1111,1350.0,49.0,,true
1112,500.0,58.0,,true
1113,5000.0,17.0,,true
1114,2200.0,135.0,,true
1115,3500.0,386.0,,true
1116,5000.0,600.0,,true
1117,500.0,159.0,,true
1118,125.0,469.0,,true
1119,40.0,432.0,,true
1120,350.0,155.0,,true
1121,500.0,182.0,,false
1122,500.0,330.0,,false
1123,3300.0,21.0,,false
1124,3300.0,24.0,,false
1125,3300.0,21.0,,false
1126,60.0,225.0,,false
1127,60.0,194.0,,false
1128,60.0,229.0,,false
1129,60.0,239.0,,false
1130,800.0,4.0,,false
1131,60.0,93.0,,false
1132,60.0,108.0,,false
1133,60.0,112.0,,false
1134,60.0,117.0,,false
1135,60.0,86.0,,false
1136,60.0,97.0,,false
1137,60.0,81.0,,false
1138,60.0,110.0,,false
1139,100.0,226.0,,false
1140,100.0,224.0,,false
1141,900.0,8.0,,false
1142,1150.0,16.0,,false
1143,1000.0,5.0,,false
1144,1350.0,49.0,,true
1145,500.0,60.0,,true
1146,5000.0,16.0,,true
1147,2200.0,135.0,,true
1148,3500.0,279.0,,true
1149,5000.0,600.0,,true
1150,500.0,160.0,,true
1151,125.0,509.0,,true
1152,40.0,447.0,,true
1153,350.0,141.0,,true
1154,500.0,175.0,,false
1155,500.0,566.0,,false
1156,3300.0,24.0,,false
1157,3300.0,23.0,,false
1158,3300.0,25.0,,false
1159,60.0,237.0,,false
1160,60.0,180.0,,false
1161,60.0,242.0,,false
1162,60.0,233.0,,false
1163,800.0,6.0,,false
1164,60.0,91.0,,false
1165,60.0,96.0,,false
1166,60.0,84.0,,false
1167,60.0,108.0,,false
1168,60.0,113.0,,false
1169,60.0,92.0,,false
1170,60.0,110.0,,false
1171,60.0,103.0,,false
1172,60.0,103.0,,false
1173,60.0,84.0,,false
1174,100.0,205.0,,false
1175,100.0,182.0,,false
1176,900.0,10.0,,false
1177,1150.0,15.0,,false
1178,1000.0,6.0,,false
1179,1350.0,49.0,,true
1180,500.0,57.0,,true
1181,5000.0,16.0,,true
1182,2200.0,138.0,,true
1183,3500.0,252.0,,true
1184,5000.0,600.0,,true
1185,500.0,157.0,,true
1186,125.0,528.0,,true
1187,40.0,363.0,,true
1188,350.0,175.0,,true
1189,500.0,172.0,,false
1190,500.0,378.0,,false
1191,3300.0,28.0,,false
1192,3300.0,30.0,,false
1193,3300.0,25.0,,false
1194,60.0,236.0,,false
1195,60.0,231.0,,false
1196,60.0,169.0,,false
1197,60.0,217.0,,false
1198,800.0,5.0,,false
1199,60.0,104.0,,false
1200,60.0,85.0,,false
1201,60.0,95.0,,false
1202,60.0,98.0,,false
1203,60.0,109.0,,false
1204,60.0,116.0,,false
1205,60.0,97.0,,false
1206,100.0,191.0,,false
1207,100.0,214.0,,false
1208,900.0,7.0,,false
1209,1150.0,14.0,,false
1210,1000.0,5.0,,false
1211,1350.0,46.0,,true
1212,500.0,59.0,,true
1213,5000.0,17.0,,true
1214,2200.0,132.0,,true
1215,3500.0,379.0,,true
1216,5000.0,600.0,,true
1217,500.0,146.0,,true
1218,125.0,463.0,,true
1219,40.0,405.0,,true
1220,350.0,156.0,,true
1221,500.0,188.0,,false
1222,500.0,337.0,,false
1223,3300.0,30.0,,false
1224,3300.0,26.0,,false
1225,3300.0,24.0,,false
1226,60.0,198.0,,false
1227,60.0,242.0,,false
1228,60.0,233.0,,false
1229,800.0,4.0,,false
1230,60.0,119.0,,false
1231,60.0,93.0,,false
1232,60.0,88.0,,false
1233,60.0,97.0,,false
1234,60.0,92.0,,false
1235,60.0,109.0,,false
1236,60.0,109.0,,false
1237,60.0,82.0,,false
1238,100.0,232.0,,false
1239,100.0,201.0,,false
1240,900.0,9.0,,false
1241,1150.0,17.0,,false
1242,1000.0,5.0,,false
1243,1350.0,48.0,,true
1244,500.0,59.0,,true
1245,5000.0,18.0,,true
1246,2200.0,139.0,,true
1247,3500.0,393.0,,true
1248,5000.0,600.0,,true
1249,500.0,144.0,,true
1250,125.0,470.0,,true
1251,40.0,398.0,,true
1252,350.0,173.0,,true
1253,500.0,190.0,,false
1254,500.0,547.0,,false
1255,3300.0,23.0,,false
1256,3300.0,29.0,,false
1257,3300.0,21.0,,false
1258,60.0,211.0,,false
1259,60.0,173.0,,false
1260,60.0,157.0,,false
1261,800.0,4.0,,false
1262,60.0,96.0,,false
1263,60.0,117.0,,false
1264,60.0,118.0,,false
1265,60.0,96.0,,false
1266,60.0,89.0,,false
1267,60.0,103.0,,false
1268,100.0,215.0,,false
1269,100.0,219.0,,false
1270,900.0,7.0,,false
1271,1150.0,17.0,,false
1272,1000.0,7.0,,false
1273,1350.0,47.0,,true
1274,500.0,58.0,,true
1275,5000.0,17.0,,true
1276,2200.0,133.0,,true
1277,3500.0,360.0,,true
1278,5000.0,600.0,,true
1279,500.0,147.0,,true
1280,125.0,541.0,,true
1281,40.0,351.0,,true
1282,350.0,177.0,,true
1283,500.0,176.0,,false
1284,500.0,522.0,,false
1285,3300.0,23.0,,false
1286,3300.0,27.0,,false
1287,3300.0,26.0,,false
1288,60.0,156.0,,false
1289,60.0,180.0,,false
1290,60.0,207.0,,false
1291,800.0,4.0,,false
1292,60.0,86.0,,false
1293,60.0,107.0,,false
1294,60.0,104.0,,false
1295,60.0,107.0,,false
1296,60.0,81.0,,false
1297,60.0,119.0,,false
1298,60.0,106.0,,false
1299,60.0,99.0,,false
1300,60.0,94.0,,false
1301,100.0,209.0,,false
1302,100.0,199.0,,false
1303,900.0,8.0,,false
1304,1150.0,13.0,,false
1305,1000.0,6.0,,false
1306,1350.0,49.0,,true
1307,500.0,60.0,,true
1308,5000.0,20.0,,true
1309,2200.0,136.0,,true
1310,3500.0,342.0,,true
1311,5000.0,600.0,,true
1312,500.0,151.0,,true
1313,125.0,455.0,,true
1314,40.0,447.0,,true
1315,350.0,144.0,,true
1316,500.0,188.0,,false
1317,500.0,557.0,,false
1318,3300.0,24.0,,false
1319,3300.0,22.0,,false
1320,3300.0,30.0,,false
1321,60.0,207.0,,false
1322,60.0,192.0,,false
1323,60.0,239.0,,false
1324,800.0,6.0,,false
1325,60.0,107.0,,false
1326,60.0,104.0,,false
1327,60.0,97.0,,false
1328,60.0,83.0,,false
1329,60.0,90.0,,false
1330,60.0,105.0,,false
1331,100.0,235.0,,false
1332,100.0,233.0,,false
1333,900.0,8.0,,false
1334,1150.0,14.0,,false
1335,1000.0,7.0,,false
1336,1350.0,46.0,,true
1337,500.0,56.0,,true
1338,5000.0,20.0,,true
1339,2200.0,134.0,,true
1340,3500.0,276.0,,true
1341,5000.0,600.0,,true
1342,500.0,156.0,,true
1343,125.0,472.0,,true
1344,40.0,394.0,,true
1345,350.0,168.0,,true
1346,500.0,176.0,,false
1347,500.0,351.0,,false
1348,3300.0,30.0,,false
1349,3300.0,29.0,,false
1350,3300.0,21.0,,false
1351,60.0,210.0,,false
1352,60.0,237.0,,false
1353,60.0,207.0,,false
1354,60.0,235.0,,false
1355,800.0,4.0,,false
1356,60.0,119.0,,false
1357,60.0,116.0,,false
1358,60.0,106.0,,false
1359,60.0,83.0,,false
1360,60.0,89.0,,false
1361,60.0,116.0,,false
1362,60.0,93.0,,false
1363,60.0,114.0,,false
1364,60.0,113.0,,false
1365,100.0,217.0,,false
1366,100.0,247.0,,false
1367,900.0,9.0,,false
1368,1150.0,17.0,,false
1369,1000.0,8.0,,false
1370,1350.0,49.0,,true
1371,500.0,60.0,,true
1372,5000.0,16.0,,true
1373,2200.0,135.0,,true
1374,3500.0,368.0,,true
1375,5000.0,600.0,,true
1376,500.0,148.0,,true
1377,125.0,469.0,,true
1378,40.0,398.0,,true
1379,350.0,159.0,,true
1380,500.0,174.0,,false
1381,500.0,375.0,,false
1382,3300.0,30.0,,false
1383,3300.0,23.0,,false
1384,3300.0,21.0,,false
1385,60.0,184.0,,false
1386,60.0,173.0,,false
1387,60.0,249.0,,false
1388,800.0,5.0,,false
1389,60.0,102.0,,false
1390,60.0,109.0,,false
1391,60.0,95.0,,false
1392,60.0,106.0,,false
1393,60.0,117.0,,false
1394,60.0,114.0,,false
1395,100.0,226.0,,false
1396,100.0,211.0,,false
1397,900.0,10.0,,false
1398,1150.0,13.0,,false
1399,1000.0,7.0,,false
1400,1350.0,46.0,,true
1401,500.0,58.0,,true
1402,5000.0,17.0,,true
1403,2200.0,134.0,,true
1404,3500.0,306.0,,true
1405,5000.0,600.0,,true
1406,500.0,143.0,,true
1407,125.0,529.0,,true
1408,40.0,418.0,,true
1409,350.0,145.0,,true
1410,500.0,196.0,,false
1411,500.0,361.0,,false
1412,3300.0,27.0,,false
1413,3300.0,30.0,,false
1414,3300.0,21.0,,false
1415,60.0,173.0,,false
1416,60.0,165.0,,false
1417,60.0,190.0,,false
1418,800.0,5.0,,false
1419,60.0,109.0,,false
1420,60.0,117.0,,false
1421,60.0,110.0,,false
1422,60.0,108.0,,false
1423,60.0,85.0,,false
1424,60.0,84.0,,false
1425,100.0,207.0,,false
1426,100.0,239.0,,false
1427,900.0,10.0,,false
1428,1150.0,16.0,,false
1429,1000.0,7.0,,false
1430,1350.0,50.0,,true
1431,500.0,59.0,,true
1432,5000.0,16.0,,true
1433,2200.0,135.0,,true
1434,3500.0,388.0,,true
1435,5000.0,600.0,,true
1436,500.0,147.0,,true
1437,125.0,539.0,,true
1438,40.0,398.0,,true
1439,350.0,170.0,,true
1440,500.0,181.0,,false
1441,500.0,479.0,,false
1442,3300.0,24.0,,false
1443,3300.0,30.0,,false
1444,3300.0,24.0,,false
1445,60.0,218.0,,false
1446,60.0,199.0,,false
1447,60.0,162.0,,false
1448,60.0,243.0,,false
1449,800.0,4.0,,false
1450,60.0,84.0,,false
1451,60.0,89.0,,false
1452,60.0,87.0,,false
1453,60.0,120.0,,false
1454,60.0,109.0,,false
1455,60.0,96.0,,false
1456,100.0,188.0,,false
1457,100.0,241.0,,false
1458,900.0,8.0,,false
1459,1150.0,17.0,,false
1460,1000.0,6.0,,false
1461,1350.0,50.0,,true
1462,500.0,59.0,,true
1463,5000.0,17.0,,true
1464,2200.0,136.0,,true
1465,3500.0,359.0,,true
1466,5000.0,600.0,,true
1467,500.0,150.0,,true
1468,125.0,487.0,,true
1469,40.0,397.0,,true
1470,350.0,168.0,,true
1471,500.0,182.0,,false
1472,500.0,388.0,,false
1473,3300.0,28.0,,false
1474,3300.0,30.0,,false
1475,3300.0,26.0,,false
1476,60.0,167.0,,false
1477,60.0,154.0,,false
1478,60.0,166.0,,false
1479,800.0,4.0,,false
1480,60.0,88.0,,false
1481,60.0,83.0,,false
1482,60.0,91.0,,false
1483,60.0,107.0,,false
1484,60.0,94.0,,false
1485,60.0,116.0,,false
1486,60.0,115.0,,false
1487,100.0,211.0,,false
1488,100.0,218.0,,false
1489,900.0,9.0,,false
1490,1150.0,14.0,,false
1491,1000.0,6.0,,false
1492,1350.0,48.0,,true
1493,500.0,59.0,,true
1494,5000.0,17.0,,true
1495,2200.0,139.0,,true
1496,3500.0,255.0,,true
1497,5000.0,600.0,,true
1498,500.0,146.0,,true
1499,125.0,537.0,,true
1500,40.0,428.0,,true
1501,350.0,176.0,,true
1502,500.0,171.0,,false
1503,500.0,538.0,,false
1504,3300.0,22.0,,false
1505,3300.0,21.0,,false
1506,3300.0,29.0,,false
1507,60.0,165.0,,false
1508,60.0,185.0,,false
1509,60.0,161.0,,false
1510,60.0,205.0,,false
1511,800.0,4.0,,false
1512,60.0,85.0,,false
1513,60.0,96.0,,false
1514,60.0,82.0,,false
1515,60.0,98.0,,false
1516,60.0,103.0,,false
1517,60.0,113.0,,false
1518,60.0,85.0,,false
1519,60.0,82.0,,false
1520,100.0,247.0,,false
1521,100.0,250.0,,false
1522,900.0,7.0,,false
1523,1150.0,15.0,,false
1524,1000.0,6.0,,false
1525,1350.0,46.0,,true
1526,500.0,58.0,,true
1527,5000.0,17.0,,true
1528,2200.0,138.0,,true
1529,3500.0,386.0,,true
1530,5000.0,600.0,,true
1531,500.0,147.0,,true
1532,125.0,494.0,,true
1533,40.0,353.0,,true
1534,350.0,148.0,,true
1535,500.0,197.0,,false
1536,500.0,401.0,,false
1537,3300.0,24.0,,false
1538,3300.0,25.0,,false
1539,3300.0,23.0,,false
1540,60.0,205.0,,false
1541,60.0,198.0,,false
1542,60.0,219.0,,false
1543,60.0,163.0,,false
1544,800.0,5.0,,false
1545,60.0,95.0,,false
1546,60.0,118.0,,false
1547,60.0,89.0,,false
1548,60.0,89.0,,false
1549,60.0,99.0,,false
1550,60.0,105.0,,false
1551,60.0,81.0,,false
1552,60.0,92.0,,false
1553,60.0,94.0,,false
1554,60.0,100.0,,false
1555,100.0,212.0,,false
1556,100.0,233.0,,false
1557,900.0,7.0,,false
1558,1150.0,15.0,,false
1559,1000.0,8.0,,false
1560,1350.0,48.0,,true
1561,500.0,59.0,,true
1562,5000.0,20.0,,true
1563,2200.0,132.0,,true
1564,3500.0,369.0,,true
1565,5000.0,600.0,,true
1566,500.0,142.0,,true
1567,125.0,490.0,,true
1568,40.0,440.0,,true
1569,350.0,176.0,,true
1570,500.0,190.0,,false
1571,500.0,538.0,,false
1572,3300.0,23.0,,false
1573,3300.0,25.0,,false
1574,3300.0,24.0,,false
1575,60.0,208.0,,false
1576,60.0,243.0,,false
1577,60.0,178.0,,false
1578,60.0,171.0,,false
1579,800.0,5.0,,false
1580,60.0,86.0,,false
1581,60.0,93.0,,false
1582,60.0,105.0,,false
1583,60.0,87.0,,false
1584,60.0,114.0,,false
1585,60.0,115.0,,false
1586,60.0,112.0,,false
1587,60.0,102.0,,false
1588,60.0,98.0,,false
1589,100.0,197.0,,false
1590,100.0,216.0,,false
1591,900.0,8.0,,false
1592,1150.0,15.0,,false
1593,1000.0,6.0,,false
1594,1350.0,49.0,,true
1595,500.0,56.0,,true
1596,5000.0,17.0,,true
1597,2200.0,137.0,,true
1598,3500.0,253.0,,true
1599,5000.0,600.0,,true
1600,500.0,159.0,,true
1601,125.0,478.0,,true
1602,40.0,371.0,,true
1603,350.0,174.0,,true
1604,500.0,180.0,,false
1605,500.0,301.0,,false
1606,3300.0,21.0,,false
1607,3300.0,30.0,,false
1608,3300.0,23.0,,false
1609,60.0,178.0,,false
1610,60.0,175.0,,false
1611,60.0,155.0,,false
1612,800.0,4.0,,false
1613,60.0,93.0,,false
1614,60.0,99.0,,false
1615,60.0,96.0,,false
1616,60.0,88.0,,false
1617,60.0,114.0,,false
1618,60.0,118.0,,false
1619,60.0,90.0,,false
1620,60.0,92.0,,false
1621,60.0,101.0,,false
1622,100.0,246.0,,false
1623,100.0,191.0,,false
1624,900.0,7.0,,false
1625,1150.0,15.0,,false
1626,1000.0,8.0,,false
