Reference,height,width,stripwidth,preemptable
1,1350.0,50.0,720,true
2,500.0,60.0,,true
3,5000.0,18.0,,true
4,2200.0,136.0,,true
5,3500.0,383.0,,true
6,5000.0,600.0,,true
7,500.0,146.0,,true
8,125.0,494.0,,true
9,40.0,359.0,,true
10,350.0,149.0,,true
11,500.0,188.0,,false
12,500.0,375.0,,false
13,3300.0,22.0,,false
14,3300.0,30.0,,false
15,3300.0,25.0,,false
16,60.0,155.0,,false
17,60.0,166.0,,false
18,60.0,177.0,,false
19,800.0,6.0,,false
20,60.0,99.0,,false
21,60.0,101.0,,false
22,60.0,97.0,,false
23,60.0,97.0,,false
24,60.0,110.0,,false
25,60.0,85.0,,false
26,100.0,225.0,,false
27,100.0,226.0,,false
28,900.0,8.0,,false
29,1150.0,18.0,,false
30,1000.0,8.0,,false
31,1350.0,49.0,,true
32,500.0,56.0,,true
33,5000.0,19.0,,true
34,2200.0,133.0,,true
35,3500.0,315.0,,true
36,5000.0,600.0,,true
37,500.0,143.0,,true
38,125.0,469.0,,true
39,40.0,374.0,,true
40,350.0,141.0,,true
41,500.0,187.0,,false
42,500.0,563.0,,false
43,3300.0,22.0,,false
44,3300.0,24.0,,false
45,3300.0,29.0,,false
46,60.0,246.0,,false
47,60.0,166.0,,false
48,60.0,190.0,,false
49,60.0,211.0,,false
50,800.0,4.0,,false
51,60.0,117.0,,false
52,60.0,110.0,,false
53,60.0,88.0,,false
54,60.0,84.0,,false
55,60.0,107.0,,false
56,60.0,92.0,,false
57,60.0,104.0,,false
58,100.0,195.0,,false
59,100.0,206.0,,false
60,900.0,7.0,,false
61,1150.0,17.0,,false
62,1000.0,5.0,,false
63,1350.0,50.0,,true
64,500.0,57.0,,true
65,5000.0,16.0,,true
66,2200.0,138.0,,true
67,3500.0,260.0,,true
68,5000.0,600.0,,true
69,500.0,155.0,,true
70,125.0,547.0,,true
71,40.0,368.0,,true
72,350.0,146.0,,true
73,500.0,183.0,,false
74,500.0,391.0,,false
75,3300.0,24.0,,false
76,3300.0,29.0,,false
77,3300.0,26.0,,false
78,60.0,247.0,,false
79,60.0,240.0,,false
80,60.0,165.0,,false
81,60.0,221.0,,false
82,800.0,4.0,,false
83,60.0,114.0,,false
84,60.0,97.0,,false
85,60.0,113.0,,false
86,60.0,86.0,,false
87,60.0,108.0,,false
88,60.0,90.0,,false
89,60.0,102.0,,false
90,60.0,116.0,,false
91,60.0,115.0,,false
92,60.0,105.0,,false
93,100.0,243.0,,false
94,100.0,248.0,,false
95,900.0,9.0,,false
96,1150.0,16.0,,false
97,1000.0,8.0,,false
98,1350.0,49.0,,true
99,500.0,58.0,,true
100,5000.0,20.0,,true
101,2200.0,134.0,,true
102,3500.0,281.0,,true
103,5000.0,600.0,,true
104,500.0,156.0,,true
105,125.0,540.0,,true
106,40.0,378.0,,true
107,350.0,151.0,,true
108,500.0,175.0,,false
109,500.0,537.0,,false
110,3300.0,25.0,,false
111,3300.0,21.0,,false
112,3300.0,26.0,,false
113,60.0,153.0,,false
114,60.0,226.0,,false
115,60.0,218.0,,false
116,800.0,5.0,,false
117,60.0,86.0,,false
118,60.0,114.0,,false
119,60.0,116.0,,false
120,60.0,93.0,,false
121,60.0,105.0,,false
122,60.0,102.0,,false
123,60.0,87.0,,false
124,60.0,98.0,,false
125,60.0,111.0,,false
126,60.0,88.0,,false
127,100.0,226.0,,false
128,100.0,229.0,,false
129,900.0,9.0,,false
130,1150.0,17.0,,false
131,1000.0,8.0,,false
132,1350.0,49.0,,true
133,500.0,60.0,,true
134,5000.0,16.0,,true
135,2200.0,136.0,,true
136,3500.0,215.0,,true
137,5000.0,600.0,,true
138,500.0,148.0,,true
139,125.0,510.0,,true
140,40.0,439.0,,true
141,350.0,155.0,,true
142,500.0,193.0,,false
143,500.0,369.0,,false
144,3300.0,26.0,,false
145,3300.0,29.0,,false
146,3300.0,25.0,,false
147,60.0,156.0,,false
148,60.0,201.0,,false
149,60.0,175.0,,false
150,800.0,4.0,,false
151,60.0,112.0,,false
152,60.0,119.0,,false
153,60.0,112.0,,false
154,60.0,99.0,,false
155,60.0,85.0,,false
156,60.0,117.0,,false
157,60.0,118.0,,false
158,60.0,116.0,,false
159,100.0,201.0,,false
160,100.0,190.0,,false
161,900.0,7.0,,false
162,1150.0,16.0,,false
163,1000.0,7.0,,false
164,1350.0,47.0,,true
165,500.0,56.0,,true
166,5000.0,18.0,,true
167,2200.0,137.0,,true
168,3500.0,257.0,,true
169,5000.0,600.0,,true
170,500.0,152.0,,true
171,125.0,472.0,,true
172,40.0,439.0,,true
173,350.0,168.0,,true
174,500.0,195.0,,false
175,500.0,312.0,,false
176,3300.0,30.0,,false
177,3300.0,27.0,,false
178,3300.0,29.0,,false
179,60.0,222.0,,false
180,60.0,243.0,,false
181,60.0,236.0,,false
182,60.0,189.0,,false
183,800.0,6.0,,false
184,60.0,90.0,,false
185,60.0,88.0,,false
186,60.0,105.0,,false
187,60.0,114.0,,false
188,60.0,118.0,,false
189,60.0,83.0,,false
190,60.0,105.0,,false
191,60.0,108.0,,false
192,100.0,205.0,,false
193,100.0,191.0,,false
194,900.0,8.0,,false
195,1150.0,18.0,,false
196,1000.0,8.0,,false
197,1350.0,49.0,,true
198,500.0,59.0,,true
199,5000.0,16.0,,true
200,2200.0,134.0,,true
201,3500.0,259.0,,true
202,5000.0,600.0,,true
203,500.0,151.0,,true
204,125.0,454.0,,true
205,40.0,388.0,,true
206,350.0,176.0,,true
207,500.0,192.0,,false
208,500.0,393.0,,false
209,3300.0,27.0,,false
210,3300.0,26.0,,false
211,3300.0,22.0,,false
212,60.0,155.0,,false
213,60.0,192.0,,false
214,60.0,211.0,,false
215,60.0,176.0,,false
216,800.0,5.0,,false
217,60.0,120.0,,false
218,60.0,103.0,,false
219,60.0,95.0,,false
220,60.0,106.0,,false
221,60.0,86.0,,false
222,60.0,81.0,,false
223,60.0,82.0,,false
224,60.0,111.0,,false
225,60.0,93.0,,false
226,100.0,221.0,,false
227,100.0,227.0,,false
228,900.0,10.0,,false
229,1150.0,18.0,,false
230,1000.0,7.0,,false
231,1350.0,47.0,,true
232,500.0,58.0,,true
233,5000.0,18.0,,true
234,2200.0,137.0,,true
235,3500.0,212.0,,true
236,5000.0,600.0,,true
237,500.0,145.0,,true
238,125.0,542.0,,true
239,40.0,356.0,,true
240,350.0,161.0,,true
241,500.0,180.0,,false
242,500.0,436.0,,false
243,3300.0,27.0,,false
244,3300.0,21.0,,false
245,3300.0,30.0,,false
246,60.0,179.0,,false
247,60.0,248.0,,false
248,60.0,219.0,,false
249,800.0,5.0,,false
250,60.0,108.0,,false
251,60.0,107.0,,false
252,60.0,86.0,,false
253,60.0,85.0,,false
254,60.0,86.0,,false
255,60.0,101.0,,false
256,60.0,116.0,,false
257,60.0,82.0,,false
258,100.0,242.0,,false
259,100.0,198.0,,false
260,900.0,7.0,,false
261,1150.0,17.0,,false
262,1000.0,8.0,,false
263,1350.0,46.0,,true
264,500.0,56.0,,true
265,5000.0,20.0,,true
266,2200.0,132.0,,true
267,3500.0,297.0,,true
268,5000.0,600.0,,true
269,500.0,141.0,,true
270,125.0,481.0,,true
271,40.0,374.0,,true
272,350.0,143.0,,true
273,500.0,192.0,,false
274,500.0,595.0,,false
275,3300.0,30.0,,false
276,3300.0,29.0,,false
277,3300.0,26.0,,false
278,60.0,220.0,,false
279,60.0,242.0,,false
280,60.0,162.0,,false
281,60.0,222.0,,false
282,800.0,4.0,,false
283,60.0,85.0,,false
284,60.0,86.0,,false
285,60.0,103.0,,false
286,60.0,96.0,,false
287,60.0,114.0,,false
288,60.0,101.0,,false
289,60.0,93.0,,false
290,60.0,114.0,,false
291,100.0,250.0,,false
292,100.0,236.0,,false
293,900.0,8.0,,false
294,1150.0,14.0,,false
295,1000.0,7.0,,false
296,1350.0,49.0,,true
297,500.0,58.0,,true
298,5000.0,16.0,,true
299,2200.0,138.0,,true
300,3500.0,244.0,,true
301,5000.0,600.0,,true
302,500.0,151.0,,true
303,125.0,519.0,,true
304,40.0,380.0,,true
305,350.0,164.0,,true
306,500.0,174.0,,false
307,500.0,447.0,,false
308,3300.0,21.0,,false
309,3300.0,30.0,,false
310,3300.0,29.0,,false
311,60.0,220.0,,false
312,60.0,178.0,,false
313,60.0,153.0,,false
314,800.0,5.0,,false
315,60.0,101.0,,false
316,60.0,117.0,,false
317,60.0,104.0,,false
318,60.0,99.0,,false
319,60.0,105.0,,false
320,60.0,82.0,,false
321,60.0,110.0,,false
322,100.0,250.0,,false
323,100.0,250.0,,false
324,900.0,9.0,,false
325,1150.0,17.0,,false
326,1000.0,5.0,,false
327,1350.0,48.0,,true
328,500.0,60.0,,true
329,5000.0,17.0,,true
330,2200.0,138.0,,true
331,3500.0,378.0,,true
332,5000.0,600.0,,true
333,500.0,154.0,,true
334,125.0,460.0,,true
335,40.0,396.0,,true
336,350.0,167.0,,true
337,500.0,182.0,,false
338,500.0,536.0,,false
339,3300.0,22.0,,false
340,3300.0,27.0,,false
341,3300.0,22.0,,false
342,60.0,197.0,,false
343,60.0,157.0,,false
344,60.0,156.0,,false
345,60.0,191.0,,false
346,800.0,4.0,,false
347,60.0,95.0,,false
348,60.0,108.0,,false
349,60.0,107.0,,false
350,60.0,90.0,,false
351,60.0,109.0,,false
352,60.0,120.0,,false
353,60.0,87.0,,false
354,60.0,120.0,,false
355,60.0,95.0,,false
356,60.0,85.0,,false
357,100.0,243.0,,false
358,100.0,217.0,,false
359,900.0,9.0,,false
360,1150.0,16.0,,false
361,1000.0,8.0,,false
362,1350.0,47.0,,true
363,500.0,59.0,,true
364,5000.0,16.0,,true
365,2200.0,140.0,,true
366,3500.0,252.0,,true
367,5000.0,600.0,,true
368,500.0,151.0,,true
369,125.0,541.0,,true
370,40.0,362.0,,true
371,350.0,147.0,,true
372,500.0,175.0,,false
373,500.0,405.0,,false
374,3300.0,25.0,,false
375,3300.0,26.0,,false
376,3300.0,30.0,,false
377,60.0,151.0,,false
378,60.0,210.0,,false
379,60.0,243.0,,false
380,800.0,6.0,,false
381,60.0,106.0,,false
382,60.0,119.0,,false
383,60.0,97.0,,false
384,60.0,97.0,,false
385,60.0,103.0,,false
386,60.0,87.0,,false
387,100.0,209.0,,false
388,100.0,209.0,,false
389,900.0,9.0,,false
390,1150.0,18.0,,false
391,1000.0,5.0,,false
392,1350.0,47.0,,true
393,500.0,57.0,,true
394,5000.0,17.0,,true
395,2200.0,132.0,,true
396,3500.0,335.0,,true
397,5000.0,600.0,,true
398,500.0,151.0,,true
399,125.0,529.0,,true
400,40.0,394.0,,true
401,350.0,168.0,,true
402,500.0,178.0,,false
403,500.0,313.0,,false
404,3300.0,23.0,,false
405,3300.0,25.0,,false
406,3300.0,24.0,,false
407,60.0,177.0,,false
408,60.0,195.0,,false
409,60.0,171.0,,false
410,60.0,178.0,,false
411,800.0,5.0,,false
412,60.0,109.0,,false
413,60.0,104.0,,false
414,60.0,93.0,,false
415,60.0,113.0,,false
416,60.0,102.0,,false
417,60.0,97.0,,false
418,60.0,100.0,,false
419,60.0,89.0,,false
420,60.0,110.0,,false
421,60.0,92.0,,false
422,100.0,195.0,,false
423,100.0,250.0,,false
424,900.0,10.0,,false
425,1150.0,17.0,,false
426,1000.0,7.0,,false
427,1350.0,46.0,,true
428,500.0,59.0,,true
429,5000.0,19.0,,true
430,2200.0,136.0,,true
431,3500.0,207.0,,true
432,5000.0,600.0,,true
433,500.0,152.0,,true
434,125.0,455.0,,true
435,40.0,386.0,,true
436,350.0,150.0,,true
437,500.0,174.0,,false
438,500.0,520.0,,false
439,3300.0,22.0,,false
440,3300.0,24.0,,false
441,3300.0,27.0,,false
442,60.0,236.0,,false
443,60.0,184.0,,false
444,60.0,179.0,,false
445,800.0,6.0,,false
446,60.0,94.0,,false
447,60.0,110.0,,false
448,60.0,103.0,,false
449,60.0,108.0,,false
450,60.0,88.0,,false
451,60.0,90.0,,false
452,60.0,109.0,,false
453,60.0,83.0,,false
454,60.0,86.0,,false
455,60.0,81.0,,false
456,100.0,244.0,,false
457,100.0,231.0,,false
458,900.0,8.0,,false
459,1150.0,15.0,,false
460,1000.0,6.0,,false
461,1350.0,46.0,,true
462,500.0,59.0,,true
463,5000.0,16.0,,true
464,2200.0,138.0,,true
465,3500.0,396.0,,true
466,5000.0,600.0,,true
467,500.0,155.0,,true
468,125.0,526.0,,true
469,40.0,378.0,,true
470,350.0,173.0,,true
471,500.0,192.0,,false
472,500.0,414.0,,false
473,3300.0,23.0,,false
474,3300.0,24.0,,false
475,3300.0,30.0,,false
476,60.0,187.0,,false
477,60.0,202.0,,false
478,60.0,240.0,,false
479,800.0,5.0,,false
480,60.0,105.0,,false
481,60.0,119.0,,false
482,60.0,103.0,,false
483,60.0,120.0,,false
484,60.0,84.0,,false
485,60.0,83.0,,false
486,60.0,104.0,,false
487,60.0,95.0,,false
488,60.0,108.0,,false
489,100.0,250.0,,false
490,100.0,203.0,,false
491,900.0,7.0,,false
492,1150.0,16.0,,false
493,1000.0,7.0,,false
494,1350.0,49.0,,true
495,500.0,58.0,,true
496,5000.0,18.0,,true
497,2200.0,134.0,,true
498,3500.0,205.0,,true
499,5000.0,600.0,,true
500,500.0,152.0,,true
501,125.0,486.0,,true
502,40.0,392.0,,true
503,350.0,173.0,,true
504,500.0,193.0,,false
505,500.0,323.0,,false
506,3300.0,22.0,,false
507,3300.0,30.0,,false
508,3300.0,30.0,,false
509,60.0,155.0,,false
510,60.0,166.0,,false
511,60.0,241.0,,false
512,800.0,4.0,,false
513,60.0,83.0,,false
514,60.0,82.0,,false
515,60.0,117.0,,false
516,60.0,90.0,,false
517,60.0,89.0,,false
518,60.0,116.0,,false
519,60.0,84.0,,false
520,60.0,98.0,,false
521,60.0,113.0,,false
522,60.0,120.0,,false
523,100.0,226.0,,false
524,100.0,193.0,,false
525,900.0,10.0,,false
526,1150.0,18.0,,false
527,1000.0,7.0,,false
528,1350.0,48.0,,true
529,500.0,58.0,,true
530,5000.0,18.0,,true
531,2200.0,135.0,,true
532,3500.0,265.0,,true
533,5000.0,600.0,,true
534,500.0,149.0,,true
535,125.0,462.0,,true
536,40.0,404.0,,true
537,350.0,176.0,,true
538,500.0,196.0,,false
539,500.0,378.0,,false
540,3300.0,23.0,,false
541,3300.0,24.0,,false
542,3300.0,28.0,,false
543,60.0,160.0,,false
544,60.0,151.0,,false
545,60.0,240.0,,false
546,60.0,189.0,,false
547,800.0,4.0,,false
548,60.0,102.0,,false
549,60.0,114.0,,false
550,60.0,112.0,,false
551,60.0,103.0,,false
552,60.0,97.0,,false
553,60.0,108.0,,false
554,60.0,118.0,,false
555,100.0,184.0,,false
556,100.0,241.0,,false
557,900.0,8.0,,false
558,1150.0,17.0,,false
559,1000.0,8.0,,false
560,1350.0,48.0,,true
561,500.0,58.0,,true
562,5000.0,19.0,,true
563,2200.0,132.0,,true
564,3500.0,251.0,,true
565,5000.0,600.0,,true
566,500.0,152.0,,true
567,125.0,489.0,,true
568,40.0,381.0,,true
569,350.0,180.0,,true
570,500.0,194.0,,false
571,500.0,410.0,,false
572,3300.0,29.0,,false
573,3300.0,30.0,,false
574,3300.0,24.0,,false
575,60.0,163.0,,false
576,60.0,204.0,,false
577,60.0,246.0,,false
578,800.0,4.0,,false
579,60.0,89.0,,false
580,60.0,99.0,,false
581,60.0,110.0,,false
582,60.0,85.0,,false
583,60.0,111.0,,false
584,60.0,81.0,,false
585,60.0,116.0,,false
586,60.0,95.0,,false
587,100.0,191.0,,false
588,100.0,250.0,,false
589,900.0,7.0,,false
590,1150.0,15.0,,false
591,1000.0,6.0,,false
592,1350.0,48.0,,true
593,500.0,60.0,,true
594,5000.0,17.0,,true
595,2200.0,137.0,,true
596,3500.0,323.0,,true
597,5000.0,600.0,,true
598,500.0,152.0,,true
599,125.0,466.0,,true
600,40.0,405.0,,true
601,350.0,144.0,,true
602,500.0,174.0,,false
603,500.0,595.0,,false
604,3300.0,24.0,,false
605,3300.0,21.0,,false
606,3300.0,29.0,,false
607,60.0,182.0,,false
608,60.0,236.0,,false
609,60.0,175.0,,false
610,800.0,4.0,,false
611,60.0,102.0,,false
612,60.0,98.0,,false
613,60.0,98.0,,false
614,60.0,110.0,,false
615,60.0,119.0,,false
616,60.0,98.0,,false
617,60.0,120.0,,false
618,60.0,98.0,,false
619,60.0,112.0,,false
620,100.0,239.0,,false
621,100.0,235.0,,false
622,900.0,7.0,,false
623,1150.0,14.0,,false
624,1000.0,8.0,,false
625,1350.0,48.0,,true
626,500.0,56.0,,true
627,5000.0,16.0,,true
628,2200.0,132.0,,true
629,3500.0,280.0,,true
630,5000.0,600.0,,true
631,500.0,146.0,,true
632,125.0,503.0,,true
633,40.0,392.0,,true
634,350.0,151.0,,true
635,500.0,186.0,,false
636,500.0,538.0,,false
637,3300.0,28.0,,false
638,3300.0,26.0,,false
639,3300.0,26.0,,false
640,60.0,206.0,,false
641,60.0,164.0,,false
642,60.0,163.0,,false
643,800.0,6.0,,false
644,60.0,115.0,,false
645,60.0,99.0,,false
646,60.0,119.0,,false
647,60.0,93.0,,false
648,60.0,86.0,,false
649,60.0,96.0,,false
650,100.0,192.0,,false
651,100.0,249.0,,false
652,900.0,8.0,,false
653,1150.0,15.0,,false
654,1000.0,8.0,,false
655,1350.0,48.0,,true
656,500.0,57.0,,true
657,5000.0,17.0,,true
658,2200.0,131.0,,true
659,3500.0,270.0,,true
660,5000.0,600.0,,true
661,500.0,146.0,,true
662,125.0,478.0,,true
663,40.0,458.0,,true
664,350.0,145.0,,true
665,500.0,198.0,,false
666,500.0,414.0,,false
667,3300.0,29.0,,false
668,3300.0,25.0,,false
669,3300.0,22.0,,false
670,60.0,218.0,,false
671,60.0,211.0,,false
672,60.0,187.0,,false
673,800.0,4.0,,false
674,60.0,117.0,,false
675,60.0,109.0,,false
676,60.0,116.0,,false
677,60.0,85.0,,false
678,60.0,95.0,,false
679,60.0,117.0,,false
680,60.0,119.0,,false
681,100.0,243.0,,false
682,100.0,217.0,,false
683,900.0,10.0,,false
684,1150.0,14.0,,false
685,1000.0,6.0,,false
686,1350.0,49.0,,true
687,500.0,57.0,,true
688,5000.0,17.0,,true
689,2200.0,131.0,,true
690,3500.0,224.0,,true
691,5000.0,600.0,,true
692,500.0,148.0,,true
693,125.0,466.0,,true
694,40.0,437.0,,true
695,350.0,147.0,,true
696,500.0,193.0,,false
697,500.0,439.0,,false
698,3300.0,27.0,,false
699,3300.0,27.0,,false
700,3300.0,22.0,,false
701,60.0,224.0,,false
702,60.0,203.0,,false
703,60.0,212.0,,false
704,800.0,4.0,,false
705,60.0,87.0,,false
706,60.0,106.0,,false
707,60.0,106.0,,false
708,60.0,95.0,,false
709,60.0,98.0,,false
710,60.0,100.0,,false
711,60.0,104.0,,false
712,60.0,111.0,,false
713,60.0,91.0,,false
714,100.0,224.0,,false
715,100.0,181.0,,false
716,900.0,10.0,,false
717,1150.0,14.0,,false
718,1000.0,6.0,,false
719,1350.0,48.0,,true
720,500.0,57.0,,true
721,5000.0,20.0,,true
722,2200.0,131.0,,true
723,3500.0,210.0,,true
724,5000.0,600.0,,true
725,500.0,157.0,,true
726,125.0,544.0,,true
727,40.0,422.0,,true
728,350.0,150.0,,true
729,500.0,171.0,,false
730,500.0,522.0,,false
731,3300.0,22.0,,false
732,3300.0,30.0,,false
733,3300.0,24.0,,false
734,60.0,211.0,,false
735,60.0,182.0,,false
736,60.0,245.0,,false
737,60.0,152.0,,false
738,800.0,6.0,,false
739,60.0,96.0,,false
740,60.0,107.0,,false
741,60.0,93.0,,false
742,60.0,105.0,,false
743,60.0,86.0,,false
744,60.0,118.0,,false
745,100.0,192.0,,false
746,100.0,243.0,,false
747,900.0,7.0,,false
748,1150.0,13.0,,false
749,1000.0,8.0,,false
750,1350.0,50.0,,true
751,500.0,60.0,,true
752,5000.0,19.0,,true
753,2200.0,140.0,,true
754,3500.0,360.0,,true
755,5000.0,600.0,,true
756,500.0,144.0,,true
757,125.0,486.0,,true
758,40.0,415.0,,true
759,350.0,154.0,,true
760,500.0,178.0,,false
761,500.0,535.0,,false
762,3300.0,25.0,,false
763,3300.0,27.0,,false
764,3300.0,29.0,,false
765,60.0,153.0,,false
766,60.0,215.0,,false
767,60.0,204.0,,false
768,800.0,5.0,,false
769,60.0,82.0,,false
770,60.0,105.0,,false
771,60.0,106.0,,false
772,60.0,117.0,,false
773,60.0,120.0,,false
774,60.0,95.0,,false
775,60.0,112.0,,false
776,60.0,91.0,,false
777,100.0,247.0,,false
778,100.0,234.0,,false
779,900.0,7.0,,false
780,1150.0,17.0,,false
781,1000.0,8.0,,false
782,1350.0,49.0,,true
783,500.0,56.0,,true
784,5000.0,16.0,,true
785,2200.0,135.0,,true
786,3500.0,382.0,,true
787,5000.0,600.0,,true
788,500.0,157.0,,true
789,125.0,457.0,,true
790,40.0,429.0,,true
791,350.0,148.0,,true
792,500.0,184.0,,false
793,500.0,354.0,,false
794,3300.0,27.0,,false
795,3300.0,28.0,,false
796,3300.0,22.0,,false
797,60.0,220.0,,false
798,60.0,225.0,,false
799,60.0,170.0,,false
800,800.0,4.0,,false
801,60.0,85.0,,false
802,60.0,113.0,,false
803,60.0,85.0,,false
804,60.0,82.0,,false
805,60.0,83.0,,false
806,60.0,84.0,,false
807,60.0,105.0,,false
808,60.0,90.0,,false
809,60.0,116.0,,false
810,100.0,247.0,,false
811,100.0,235.0,,false
812,900.0,10.0,,false
813,1150.0,16.0,,false
814,1000.0,7.0,,false
815,1350.0,46.0,,true
816,500.0,59.0,,true
817,5000.0,16.0,,true
818,2200.0,131.0,,true
819,3500.0,358.0,,true
820,5000.0,600.0,,true
821,500.0,154.0,,true
822,125.0,545.0,,true
823,40.0,364.0,,true
824,350.0,155.0,,true
825,500.0,172.0,,false
826,500.0,595.0,,false
827,3300.0,30.0,,false
828,3300.0,25.0,,false
829,3300.0,22.0,,false
830,60.0,245.0,,false
831,60.0,161.0,,false
832,60.0,199.0,,false
833,800.0,6.0,,false
834,60.0,102.0,,false
835,60.0,95.0,,false
836,60.0,115.0,,false
837,60.0,109.0,,false
838,60.0,110.0,,false
839,60.0,96.0,,false
840,60.0,112.0,,false
841,100.0,234.0,,false
842,100.0,194.0,,false
843,900.0,8.0,,false
844,1150.0,13.0,,false
845,1000.0,7.0,,false
846,1350.0,48.0,,true
847,500.0,59.0,,true
848,5000.0,18.0,,true
849,2200.0,139.0,,true
850,3500.0,399.0,,true
851,5000.0,600.0,,true
852,500.0,160.0,,true
853,125.0,524.0,,true
854,40.0,443.0,,true
855,350.0,158.0,,true
856,500.0,182.0,,false
857,500.0,340.0,,false
858,3300.0,23.0,,false
859,3300.0,23.0,,false
860,3300.0,27.0,,false
861,60.0,183.0,,false
862,60.0,194.0,,false
863,60.0,161.0,,false
864,800.0,5.0,,false
865,60.0,103.0,,false
866,60.0,102.0,,false
867,60.0,82.0,,false
868,60.0,88.0,,false
869,60.0,87.0,,false
870,60.0,96.0,,false
871,100.0,209.0,,false
872,100.0,217.0,,false
873,900.0,9.0,,false
874,1150.0,13.0,,false
875,1000.0,8.0,,false
876,1350.0,48.0,,true
877,500.0,57.0,,true
878,5000.0,20.0,,true
879,2200.0,132.0,,true
880,3500.0,217.0,,true
881,5000.0,600.0,,true
882,500.0,158.0,,true
883,125.0,494.0,,true
884,40.0,376.0,,true
885,350.0,157.0,,true
886,500.0,187.0,,false
887,500.0,429.0,,false
888,3300.0,26.0,,false
889,3300.0,26.0,,false
890,3300.0,22.0,,false
891,60.0,227.0,,false
892,60.0,248.0,,false
893,60.0,169.0,,false
894,800.0,4.0,,false
895,60.0,88.0,,false
896,60.0,117.0,,false
897,60.0,90.0,,false
898,60.0,95.0,,false
899,60.0,113.0,,false
900,60.0,101.0,,false
901,60.0,88.0,,false
902,60.0,103.0,,false
903,60.0,84.0,,false
904,60.0,83.0,,false
905,100.0,218.0,,false
906,100.0,187.0,,false
907,900.0,9.0,,false
908,1150.0,15.0,,false
909,1000.0,7.0,,false
910,1350.0,47.0,,true
911,500.0,60.0,,true
912,5000.0,20.0,,true
913,2200.0,136.0,,true
914,3500.0,366.0,,true
915,5000.0,600.0,,true
916,500.0,141.0,,true
917,125.0,492.0,,true
918,40.0,424.0,,true
919,350.0,169.0,,true
920,500.0,189.0,,false
921,500.0,336.0,,false
922,3300.0,29.0,,false
923,3300.0,29.0,,false
924,3300.0,28.0,,false
925,60.0,213.0,,false
926,60.0,237.0,,false
927,60.0,232.0,,false
928,60.0,160.0,,false
929,800.0,5.0,,false
930,60.0,105.0,,false
931,60.0,91.0,,false
932,60.0,105.0,,false
933,60.0,106.0,,false
934,60.0,96.0,,false
935,60.0,110.0,,false
936,60.0,115.0,,false
937,60.0,109.0,,false
938,60.0,81.0,,false
939,60.0,95.0,,false
940,100.0,231.0,,false
941,100.0,221.0,,false
942,900.0,10.0,,false
943,1150.0,18.0,,false
944,1000.0,7.0,,false
945,1350.0,47.0,,true
946,500.0,57.0,,true
947,5000.0,16.0,,true
948,2200.0,134.0,,true
949,3500.0,226.0,,true
950,5000.0,600.0,,true
951,500.0,151.0,,true
952,125.0,490.0,,true
953,40.0,372.0,,true
954,350.0,153.0,,true
955,500.0,183.0,,false
956,500.0,305.0,,false
957,3300.0,29.0,,false
958,3300.0,30.0,,false
959,3300.0,23.0,,false
960,60.0,222.0,,false
961,60.0,239.0,,false
962,60.0,203.0,,false
963,800.0,4.0,,false
964,60.0,88.0,,false
965,60.0,93.0,,false
966,60.0,109.0,,false
967,60.0,115.0,,false
968,60.0,107.0,,false
969,60.0,83.0,,false
970,60.0,113.0,,false
971,60.0,95.0,,false
972,60.0,103.0,,false
973,60.0,114.0,,false
974,100.0,236.0,,false
975,100.0,209.0,,false
976,900.0,8.0,,false
977,1150.0,18.0,,false
978,1000.0,5.0,,false
979,1350.0,50.0,,true
980,500.0,59.0,,true
981,5000.0,20.0,,true
982,2200.0,134.0,,true
983,3500.0,395.0,,true
984,5000.0,600.0,,true
985,500.0,145.0,,true
986,125.0,497.0,,true
987,40.0,434.0,,true
988,350.0,173.0,,true
989,500.0,176.0,,false
990,500.0,518.0,,false
991,3300.0,29.0,,false
992,3300.0,26.0,,false
993,3300.0,28.0,,false
994,60.0,166.0,,false
995,60.0,166.0,,false
996,60.0,187.0,,false
997,800.0,6.0,,false
998,60.0,81.0,,false
999,60.0,104.0,,false
1000,60.0,92.0,,false
1001,60.0,119.0,,false
1002,60.0,103.0,,false
1003,60.0,86.0,,false
1004,60.0,119.0,,false
1005,60.0,114.0,,false
1006,100.0,223.0,,false
1007,100.0,200.0,,false
1008,900.0,10.0,,false
1009,1150.0,17.0,,false
1010,1000.0,6.0,,false
1011,1350.0,49.0,,true
1012,500.0,59.0,,true
1013,5000.0,18.0,,true
1014,2200.0,136.0,,true
1015,3500.0,299.0,,true
1016,5000.0,600.0,,true
1017,500.0,142.0,,true
1018,125.0,489.0,,true
1019,40.0,394.0,,true
1020,350.0,177.0,,true
1021,500.0,196.0,,false
1022,500.0,520.0,,false
1023,3300.0,25.0,,false
1024,3300.0,23.0,,false
1025,3300.0,30.0,,false
1026,60.0,176.0,,false
1027,60.0,171.0,,false
1028,60.0,193.0,,false
1029,800.0,5.0,,false
1030,60.0,104.0,,false
1031,60.0,85.0,,false
1032,60.0,115.0,,false
1033,60.0,114.0,,false
1034,60.0,118.0,,false
1035,60.0,99.0,,false
1036,100.0,243.0,,false
1037,100.0,232.0,,false
1038,900.0,7.0,,false
1039,1150.0,14.0,,false
1040,1000.0,7.0,,false
1041,1350.0,46.0,,true
1042,500.0,59.0,,true
1043,5000.0,17.0,,true
1044,2200.0,140.0,,true
1045,3500.0,208.0,,true
1046,5000.0,600.0,,true
1047,500.0,150.0,,true
1048,125.0,497.0,,true
1049,40.0,363.0,,true
1050,350.0,153.0,,true
1051,500.0,197.0,,false
1052,500.0,594.0,,false
1053,3300.0,27.0,,false
1054,3300.0,27.0,,false
1055,3300.0,30.0,,false
1056,60.0,197.0,,false
1057,60.0,221.0,,false
1058,60.0,200.0,,false
1059,60.0,204.0,,false
1060,800.0,4.0,,false
1061,60.0,111.0,,false
1062,60.0,89.0,,false
1063,60.0,102.0,,false
1064,60.0,94.0,,false
1065,60.0,115.0,,false
1066,60.0,81.0,,false
1067,60.0,113.0,,false
1068,60.0,116.0,,false
1069,100.0,190.0,,false
1070,100.0,188.0,,false
1071,900.0,8.0,,false
1072,1150.0,16.0,,false
1073,1000.0,8.0,,false
1074,1350.0,47.0,,true
1075,500.0,56.0,,true
1076,5000.0,16.0,,true
1077,2200.0,134.0,,true
1078,3500.0,365.0,,true
1079,5000.0,600.0,,true
1080,500.0,143.0,,true
1081,125.0,496.0,,true
1082,40.0,427.0,,true
1083,350.0,154.0,,true
1084,500.0,172.0,,false
1085,500.0,538.0,,false
1086,3300.0,25.0,,false
1087,3300.0,28.0,,false
1088,3300.0,23.0,,false
1089,60.0,248.0,,false
1090,60.0,201.0,,false
1091,60.0,221.0,,false
1092,800.0,4.0,,false
1093,60.0,106.0,,false
1094,60.0,99.0,,false
1095,60.0,93.0,,false
1096,60.0,106.0,,false
1097,60.0,116.0,,false
1098,60.0,94.0,,false
1099,60.0,112.0,,false
1100,100.0,220.0,,false
1101,100.0,198.0,,false
1102,900.0,10.0,,false
1103,1150.0,17.0,,false
1104,1000.0,6.0,,false
1105,1350.0,49.0,,true
1106,500.0,56.0,,true
1107,5000.0,19.0,,true
1108,2200.0,132.0,,true
1109,3500.0,296.0,,true
1110,5000.0,600.0,,true
1111,500.0,147.0,,true
1112,125.0,452.0,,true
1113,40.0,432.0,,true
1114,350.0,141.0,,true
1115,500.0,178.0,,false
1116,500.0,444.0,,false
1117,3300.0,24.0,,false
1118,3300.0,25.0,,false
1119,3300.0,22.0,,false
1120,60.0,216.0,,false
1121,60.0,161.0,,false
1122,60.0,237.0,,false
1123,60.0,246.0,,false
1124,800.0,6.0,,false
1125,60.0,94.0,,false
1126,60.0,98.0,,false
1127,60.0,94.0,,false
1128,60.0,109.0,,false
1129,60.0,87.0,,false
1130,60.0,96.0,,false
1131,100.0,247.0,,false
1132,100.0,183.0,,false
1133,900.0,9.0,,false
1134,1150.0,13.0,,false
1135,1000.0,8.0,,false
1136,1350.0,46.0,,true
1137,500.0,58.0,,true
1138,5000.0,17.0,,true
1139,2200.0,137.0,,true
1140,3500.0,356.0,,true
1141,5000.0,600.0,,true
1142,500.0,141.0,,true
1143,125.0,487.0,,true
1144,40.0,451.0,,true
1145,350.0,169.0,,true
1146,500.0,196.0,,false
1147,500.0,573.0,,false
1148,3300.0,25.0,,false
1149,3300.0,21.0,,false
1150,3300.0,29.0,,false
1151,60.0,162.0,,false
1152,60.0,196.0,,false
1153,60.0,165.0,,false
1154,800.0,6.0,,false
1155,60.0,107.0,,false
1156,60.0,104.0,,false
1157,60.0,99.0,,false
1158,60.0,97.0,,false
1159,60.0,88.0,,false
1160,60.0,89.0,,false
1161,60.0,112.0,,false
1162,60.0,118.0,,false
1163,60.0,116.0,,false
1164,100.0,206.0,,false
1165,100.0,227.0,,false
1166,900.0,7.0,,false
1167,1150.0,15.0,,false
1168,1000.0,5.0,,false
1169,1350.0,50.0,,true
1170,500.0,58.0,,true
1171,5000.0,19.0,,true
1172,2200.0,133.0,,true
1173,3500.0,223.0,,true
1174,5000.0,600.0,,true
1175,500.0,159.0,,true
1176,125.0,500.0,,true
1177,40.0,404.0,,true
1178,350.0,167.0,,true
1179,500.0,200.0,,false
1180,500.0,362.0,,false
1181,3300.0,30.0,,false
1182,3300.0,28.0,,false
1183,3300.0,25.0,,false
1184,60.0,153.0,,false
1185,60.0,161.0,,false
1186,60.0,184.0,,false
1187,60.0,189.0,,false
1188,800.0,6.0,,false
1189,60.0,118.0,,false
1190,60.0,88.0,,false
1191,60.0,101.0,,false
1192,60.0,110.0,,false
1193,60.0,120.0,,false
1194,60.0,92.0,,false
1195,60.0,116.0,,false
1196,100.0,233.0,,false
1197,100.0,218.0,,false
1198,900.0,7.0,,false
1199,1150.0,18.0,,false
1200,1000.0,5.0,,false
1201,1350.0,46.0,,true
1202,500.0,59.0,,true
1203,5000.0,18.0,,true
1204,2200.0,134.0,,true
1205,3500.0,366.0,,true
1206,5000.0,600.0,,true
1207,500.0,151.0,,true
1208,125.0,457.0,,true
1209,40.0,394.0,,true
1210,350.0,159.0,,true
1211,500.0,174.0,,false
1212,500.0,323.0,,false
1213,3300.0,26.0,,false
1214,3300.0,28.0,,false
1215,3300.0,30.0,,false
1216,60.0,219.0,,false
1217,60.0,202.0,,false
1218,60.0,215.0,,false
1219,60.0,213.0,,false
1220,800.0,5.0,,false
1221,60.0,112.0,,false
1222,60.0,97.0,,false
1223,60.0,100.0,,false
1224,60.0,83.0,,false
1225,60.0,118.0,,false
1226,60.0,115.0,,false
1227,60.0,92.0,,false
1228,100.0,213.0,,false
1229,100.0,244.0,,false
1230,900.0,9.0,,false
1231,1150.0,13.0,,false
1232,1000.0,8.0,,false
1233,1350.0,50.0,,true
1234,500.0,60.0,,true
1235,5000.0,18.0,,true
1236,2200.0,139.0,,true
1237,3500.0,286.0,,true
1238,5000.0,600.0,,true
1239,500.0,150.0,,true
1240,125.0,539.0,,true
1241,40.0,419.0,,true
1242,350.0,168.0,,true
1243,500.0,178.0,,false
1244,500.0,495.0,,false
1245,3300.0,24.0,,false
1246,3300.0,21.0,,false
1247,3300.0,24.0,,false
1248,60.0,174.0,,false
1249,60.0,241.0,,false
1250,60.0,240.0,,false
1251,60.0,187.0,,false
1252,800.0,6.0,,false
1253,60.0,117.0,,false
1254,60.0,120.0,,false
1255,60.0,108.0,,false
1256,60.0,118.0,,false
1257,60.0,87.0,,false
1258,60.0,102.0,,false
1259,100.0,247.0,,false
1260,100.0,202.0,,false
1261,900.0,9.0,,false
1262,1150.0,15.0,,false
1263,1000.0,6.0,,false
1264,1350.0,48.0,,true
1265,500.0,56.0,,true
1266,5000.0,20.0,,true
1267,2200.0,138.0,,true
1268,3500.0,395.0,,true
1269,5000.0,600.0,,true
1270,500.0,149.0,,true
1271,125.0,512.0,,true
1272,40.0,432.0,,true
1273,350.0,177.0,,true
1274,500.0,188.0,,false
1275,500.0,381.0,,false
1276,3300.0,25.0,,false
1277,3300.0,21.0,,false
1278,3300.0,25.0,,false
1279,60.0,237.0,,false
1280,60.0,246.0,,false
1281,60.0,160.0,,false
1282,800.0,4.0,,false
1283,60.0,114.0,,false
1284,60.0,119.0,,false
1285,60.0,96.0,,false
1286,60.0,95.0,,false
1287,60.0,112.0,,false
1288,60.0,116.0,,false
1289,100.0,194.0,,false
1290,100.0,237.0,,false
1291,900.0,7.0,,false
1292,1150.0,18.0,,false
1293,1000.0,6.0,,false
1294,1350.0,48.0,,true
1295,500.0,60.0,,true
1296,5000.0,16.0,,true
1297,2200.0,133.0,,true
1298,3500.0,228.0,,true
1299,5000.0,600.0,,true
1300,500.0,153.0,,true
1301,125.0,537.0,,true
1302,40.0,379.0,,true
1303,350.0,165.0,,true
1304,500.0,193.0,,false
1305,500.0,440.0,,false
1306,3300.0,28.0,,false
1307,3300.0,22.0,,false
1308,3300.0,29.0,,false
1309,60.0,172.0,,false
1310,60.0,188.0,,false
1311,60.0,183.0,,false
1312,60.0,212.0,,false
1313,800.0,4.0,,false
1314,60.0,86.0,,false
1315,60.0,114.0,,false
1316,60.0,85.0,,false
1317,60.0,81.0,,false
1318,60.0,106.0,,false
1319,60.0,92.0,,false
1320,60.0,111.0,,false
1321,60.0,89.0,,false
1322,60.0,81.0,,false
1323,60.0,106.0,,false
1324,100.0,243.0,,false
1325,100.0,181.0,,false
1326,900.0,10.0,,false
1327,1150.0,14.0,,false
1328,1000.0,6.0,,false
1329,1350.0,47.0,,true
1330,500.0,57.0,,true
1331,5000.0,18.0,,true
1332,2200.0,136.0,,true
1333,3500.0,352.0,,true
1334,5000.0,600.0,,true
1335,500.0,156.0,,true
1336,125.0,474.0,,true
1337,40.0,374.0,,true
1338,350.0,154.0,,true
1339,500.0,199.0,,false
1340,500.0,557.0,,false
1341,3300.0,22.0,,false
1342,3300.0,21.0,,false
1343,3300.0,21.0,,false
1344,60.0,221.0,,false
1345,60.0,198.0,,false
1346,60.0,191.0,,false
1347,800.0,5.0,,false
1348,60.0,104.0,,false
1349,60.0,105.0,,false
1350,60.0,111.0,,false
1351,60.0,102.0,,false
1352,60.0,112.0,,false
1353,60.0,115.0,,false
1354,60.0,107.0,,false
1355,100.0,201.0,,false
1356,100.0,239.0,,false
1357,900.0,10.0,,false
1358,1150.0,17.0,,false
1359,1000.0,6.0,,false
1360,1350.0,48.0,,true
1361,500.0,60.0,,true
1362,5000.0,18.0,,true
1363,2200.0,134.0,,true
1364,3500.0,241.0,,true
1365,5000.0,600.0,,true
1366,500.0,142.0,,true
1367,125.0,489.0,,true
1368,40.0,372.0,,true
1369,350.0,170.0,,true
1370,500.0,182.0,,false
1371,500.0,456.0,,false
1372,3300.0,21.0,,false
1373,3300.0,26.0,,false
1374,3300.0,28.0,,false
1375,60.0,191.0,,false
1376,60.0,221.0,,false
1377,60.0,216.0,,false
1378,60.0,161.0,,false
1379,800.0,5.0,,false
1380,60.0,91.0,,false
1381,60.0,95.0,,false
1382,60.0,119.0,,false
1383,60.0,95.0,,false
1384,60.0,109.0,,false
1385,60.0,109.0,,false
1386,60.0,104.0,,false
1387,60.0,109.0,,false
1388,60.0,92.0,,false
1389,100.0,195.0,,false
1390,100.0,184.0,,false
1391,900.0,10.0,,false
1392,1150.0,13.0,,false
1393,1000.0,5.0,,false
1394,1350.0,50.0,,true
1395,500.0,58.0,,true
1396,5000.0,19.0,,true
1397,2200.0,138.0,,true
1398,3500.0,360.0,,true
1399,5000.0,600.0,,true
1400,500.0,146.0,,true
1401,125.0,457.0,,true
1402,40.0,400.0,,true
1403,350.0,146.0,,true
1404,500.0,198.0,,false
1405,500.0,394.0,,false
1406,3300.0,21.0,,false
1407,3300.0,23.0,,false
1408,3300.0,24.0,,false
1409,60.0,195.0,,false
1410,60.0,197.0,,false
1411,60.0,197.0,,false
1412,800.0,5.0,,false
1413,60.0,102.0,,false
1414,60.0,82.0,,false
1415,60.0,85.0,,false
1416,60.0,99.0,,false
1417,60.0,120.0,,false
1418,60.0,103.0,,false
1419,60.0,115.0,,false
1420,60.0,84.0,,false
1421,60.0,95.0,,false
1422,60.0,90.0,,false
1423,100.0,246.0,,false
1424,100.0,249.0,,false
1425,900.0,9.0,,false
1426,1150.0,15.0,,false
1427,1000.0,6.0,,false
1428,1350.0,50.0,,true
1429,500.0,60.0,,true
1430,5000.0,16.0,,true
1431,2200.0,134.0,,true
1432,3500.0,248.0,,true
1433,5000.0,600.0,,true
1434,500.0,153.0,,true
1435,125.0,510.0,,true
1436,40.0,401.0,,true
1437,350.0,162.0,,true
1438,500.0,191.0,,false
1439,500.0,415.0,,false
1440,3300.0,21.0,,false
1441,3300.0,29.0,,false
1442,3300.0,21.0,,false
1443,60.0,214.0,,false
1444,60.0,154.0,,false
1445,60.0,225.0,,false
1446,60.0,168.0,,false
1447,800.0,4.0,,false
1448,60.0,113.0,,false
1449,60.0,115.0,,false
1450,60.0,117.0,,false
1451,60.0,86.0,,false
1452,60.0,118.0,,false
1453,60.0,109.0,,false
1454,100.0,197.0,,false
1455,100.0,215.0,,false
1456,900.0,8.0,,false
1457,1150.0,14.0,,false
1458,1000.0,7.0,,false
1459,1350.0,46.0,,true
1460,500.0,59.0,,true
1461,5000.0,18.0,,true
1462,2200.0,131.0,,true
1463,3500.0,270.0,,true
1464,5000.0,600.0,,true
1465,500.0,157.0,,true
1466,125.0,502.0,,true
1467,40.0,391.0,,true
1468,350.0,162.0,,true
1469,500.0,196.0,,false
1470,500.0,364.0,,false
1471,3300.0,30.0,,false
1472,3300.0,30.0,,false
1473,3300.0,22.0,,false
1474,60.0,219.0,,false
1475,60.0,198.0,,false
1476,60.0,161.0,,false
1477,60.0,211.0,,false
1478,800.0,4.0,,false
1479,60.0,115.0,,false
1480,60.0,118.0,,false
1481,60.0,106.0,,false
1482,60.0,99.0,,false
1483,60.0,91.0,,false
1484,60.0,90.0,,false
1485,60.0,104.0,,false
1486,60.0,117.0,,false
1487,100.0,241.0,,false
1488,100.0,249.0,,false
1489,900.0,10.0,,false
1490,1150.0,16.0,,false
1491,1000.0,5.0,,false
1492,1350.0,49.0,,true
1493,500.0,60.0,,true
1494,5000.0,20.0,,true
1495,2200.0,134.0,,true
1496,3500.0,283.0,,true
1497,5000.0,600.0,,true
1498,500.0,149.0,,true
1499,125.0,472.0,,true
1500,40.0,352.0,,true
1501,350.0,164.0,,true
1502,500.0,193.0,,false
1503,500.0,599.0,,false
1504,3300.0,21.0,,false
1505,3300.0,22.0,,false
1506,3300.0,30.0,,false
1507,60.0,158.0,,false
1508,60.0,230.0,,false
1509,60.0,161.0,,false
1510,60.0,188.0,,false
1511,800.0,6.0,,false
1512,60.0,108.0,,false
1513,60.0,120.0,,false
1514,60.0,89.0,,false
1515,60.0,106.0,,false
1516,60.0,98.0,,false
1517,60.0,105.0,,false
1518,60.0,95.0,,false
1519,100.0,211.0,,false
1520,100.0,202.0,,false
1521,900.0,8.0,,false
1522,1150.0,17.0,,false
1523,1000.0,7.0,,false
1524,1350.0,50.0,,true
1525,500.0,56.0,,true
1526,5000.0,19.0,,true
1527,2200.0,134.0,,true
1528,3500.0,378.0,,true
1529,5000.0,600.0,,true
1530,500.0,160.0,,true
1531,125.0,545.0,,true
1532,40.0,400.0,,true
1533,350.0,150.0,,true
1534,500.0,183.0,,false
1535,500.0,349.0,,false
1536,3300.0,22.0,,false
1537,3300.0,30.0,,false
1538,3300.0,29.0,,false
1539,60.0,165.0,,false
1540,60.0,184.0,,false
1541,60.0,151.0,,false
1542,60.0,165.0,,false
1543,800.0,4.0,,false
1544,60.0,101.0,,false
1545,60.0,85.0,,false
1546,60.0,112.0,,false
1547,60.0,117.0,,false
1548,60.0,81.0,,false
1549,60.0,106.0,,false
1550,60.0,108.0,,false
1551,60.0,81.0,,false
1552,100.0,199.0,,false
1553,100.0,186.0,,false
1554,900.0,10.0,,false
1555,1150.0,16.0,,false
1556,1000.0,8.0,,false
1557,1350.0,50.0,,true
1558,500.0,58.0,,true
1559,5000.0,17.0,,true
1560,2200.0,131.0,,true
1561,3500.0,319.0,,true
1562,5000.0,600.0,,true
1563,500.0,146.0,,true
1564,125.0,502.0,,true
1565,40.0,456.0,,true
1566,350.0,177.0,,true
1567,500.0,185.0,,false
1568,500.0,443.0,,false
1569,3300.0,23.0,,false
1570,3300.0,27.0,,false
1571,3300.0,29.0,,false
1572,60.0,164.0,,false
1573,60.0,170.0,,false
1574,60.0,221.0,,false
1575,800.0,5.0,,false
1576,60.0,111.0,,false
1577,60.0,93.0,,false
1578,60.0,112.0,,false
1579,60.0,94.0,,false
1580,60.0,112.0,,false
1581,60.0,97.0,,false
1582,60.0,120.0,,false
1583,100.0,243.0,,false
1584,100.0,189.0,,false
1585,900.0,7.0,,false
1586,1150.0,15.0,,false
1587,1000.0,5.0,,false
1588,1350.0,46.0,,true
1589,500.0,57.0,,true
1590,5000.0,17.0,,true
1591,2200.0,138.0,,true
1592,3500.0,362.0,,true
1593,5000.0,600.0,,true
1594,500.0,159.0,,true
1595,125.0,456.0,,true
1596,40.0,448.0,,true
1597,350.0,166.0,,true
1598,500.0,186.0,,false
1599,500.0,569.0,,false
1600,3300.0,21.0,,false
1601,3300.0,27.0,,false
1602,3300.0,21.0,,false
1603,60.0,166.0,,false
1604,60.0,214.0,,false
1605,60.0,226.0,,false
1606,800.0,6.0,,false
1607,60.0,112.0,,false
1608,60.0,85.0,,false
1609,60.0,107.0,,false
1610,60.0,82.0,,false
1611,60.0,83.0,,false
1612,60.0,116.0,,false
1613,60.0,119.0,,false
1614,60.0,115.0,,false
1615,60.0,85.0,,false
1616,100.0,206.0,,false
1617,100.0,186.0,,false
1618,900.0,8.0,,false
1619,1150.0,14.0,,false
1620,1000.0,7.0,,false
