Reference,height,width,stripwidth,preemptable
1,1350.0,47.0,720,true
2,500.0,59.0,,true
3,5000.0,17.0,,true
4,2200.0,139.0,,true
5,3500.0,223.0,,true
6,5000.0,600.0,,true
7,500.0,157.0,,true
8,125.0,466.0,,true
9,40.0,440.0,,true
10,350.0,152.0,,true
11,500.0,171.0,,false
12,500.0,496.0,,false
13,3300.0,24.0,,false
14,3300.0,26.0,,false
15,3300.0,23.0,,false
16,60.0,167.0,,false
17,60.0,195.0,,false
18,60.0,179.0,,false
19,60.0,216.0,,false
20,800.0,5.0,,false
21,60.0,83.0,,false
22,60.0,88.0,,false
23,60.0,89.0,,false
24,60.0,115.0,,false
25,60.0,116.0,,false
26,60.0,87.0,,false
27,100.0,249.0,,false
28,100.0,199.0,,false
29,900.0,8.0,,false
30,1150.0,14.0,,false
31,1000.0,6.0,,false
32,1350.0,50.0,,true
33,500.0,59.0,,true
34,5000.0,17.0,,true
35,2200.0,131.0,,true
36,3500.0,388.0,,true
37,5000.0,600.0,,true
38,500.0,147.0,,true
39,125.0,480.0,,true
40,40.0,453.0,,true
41,350.0,167.0,,true
42,500.0,199.0,,false
43,500.0,491.0,,false
44,3300.0,25.0,,false
45,3300.0,29.0,,false
46,3300.0,25.0,,false
47,60.0,243.0,,false
48,60.0,154.0,,false
49,60.0,229.0,,false
50,800.0,5.0,,false
51,60.0,119.0,,false
52,60.0,118.0,,false
53,60.0,81.0,,false
54,60.0,116.0,,false
55,60.0,98.0,,false
56,60.0,96.0,,false
57,60.0,94.0,,false
58,60.0,99.0,,false
59,60.0,93.0,,false
60,60.0,114.0,,false
61,100.0,217.0,,false
62,100.0,205.0,,false
63,900.0,7.0,,false
64,1150.0,17.0,,false
65,1000.0,7.0,,false
66,1350.0,49.0,,true
67,500.0,60.0,,true
68,5000.0,20.0,,true
69,2200.0,140.0,,true
70,3500.0,206.0,,true
71,5000.0,600.0,,true
72,500.0,151.0,,true
73,125.0,477.0,,true
74,40.0,378.0,,true
75,350.0,159.0,,true
76,500.0,199.0,,false
77,500.0,330.0,,false
78,3300.0,21.0,,false
79,3300.0,27.0,,false
80,3300.0,29.0,,false
81,60.0,232.0,,false
82,60.0,204.0,,false
83,60.0,248.0,,false
84,60.0,220.0,,false
85,800.0,5.0,,false
86,60.0,109.0,,false
87,60.0,113.0,,false
88,60.0,89.0,,false
89,60.0,102.0,,false
90,60.0,116.0,,false
91,60.0,95.0,,false
92,60.0,86.0,,false
93,60.0,103.0,,false
94,100.0,228.0,,false
95,100.0,218.0,,false
96,900.0,8.0,,false
97,1150.0,13.0,,false
98,1000.0,6.0,,false
99,1350.0,50.0,,true
100,500.0,58.0,,true
101,5000.0,20.0,,true
102,2200.0,134.0,,true
103,3500.0,249.0,,true
104,5000.0,600.0,,true
105,500.0,158.0,,true
106,125.0,456.0,,true
107,40.0,443.0,,true
108,350.0,161.0,,true
109,500.0,172.0,,false
110,500.0,336.0,,false
111,3300.0,23.0,,false
112,3300.0,29.0,,false
113,3300.0,28.0,,false
114,60.0,236.0,,false
115,60.0,176.0,,false
116,60.0,183.0,,false
117,60.0,250.0,,false
118,800.0,4.0,,false
119,60.0,108.0,,false
120,60.0,109.0,,false
121,60.0,92.0,,false
122,60.0,92.0,,false
123,60.0,108.0,,false
124,60.0,101.0,,false
125,60.0,81.0,,false
126,60.0,111.0,,false
127,60.0,120.0,,false
128,60.0,96.0,,false
129,100.0,237.0,,false
130,100.0,245.0,,false
131,900.0,7.0,,false
132,1150.0,16.0,,false
133,1000.0,7.0,,false
134,1350.0,49.0,,true
135,500.0,56.0,,true
136,5000.0,18.0,,true
137,2200.0,132.0,,true
138,3500.0,238.0,,true
139,5000.0,600.0,,true
140,500.0,158.0,,true
141,125.0,528.0,,true
142,40.0,435.0,,true
143,350.0,148.0,,true
144,500.0,197.0,,false
145,500.0,490.0,,false
146,3300.0,25.0,,false
147,3300.0,25.0,,false
148,3300.0,29.0,,false
149,60.0,156.0,,false
150,60.0,244.0,,false
151,60.0,215.0,,false
152,800.0,5.0,,false
153,60.0,116.0,,false
154,60.0,106.0,,false
155,60.0,112.0,,false
156,60.0,119.0,,false
157,60.0,94.0,,false
158,60.0,100.0,,false
159,60.0,100.0,,false
160,60.0,92.0,,false
161,100.0,218.0,,false
162,100.0,213.0,,false
163,900.0,9.0,,false
164,1150.0,13.0,,false
165,1000.0,8.0,,false
166,1350.0,49.0,,true
167,500.0,57.0,,true
168,5000.0,19.0,,true
169,2200.0,140.0,,true
170,3500.0,315.0,,true
171,5000.0,600.0,,true
172,500.0,148.0,,true
173,125.0,539.0,,true
174,40.0,376.0,,true
175,350.0,163.0,,true
176,500.0,177.0,,false
177,500.0,551.0,,false
178,3300.0,29.0,,false
179,3300.0,28.0,,false
180,3300.0,23.0,,false
181,60.0,170.0,,false
182,60.0,232.0,,false
183,60.0,181.0,,false
184,800.0,6.0,,false
185,60.0,96.0,,false
186,60.0,102.0,,false
187,60.0,93.0,,false
188,60.0,85.0,,false
189,60.0,106.0,,false
190,60.0,83.0,,false
191,60.0,117.0,,false
192,60.0,88.0,,false
193,100.0,223.0,,false
194,100.0,206.0,,false
195,900.0,10.0,,false
196,1150.0,17.0,,false
197,1000.0,8.0,,false
198,1350.0,47.0,,true
199,500.0,57.0,,true
200,5000.0,17.0,,true
201,2200.0,139.0,,true
202,3500.0,341.0,,true
203,5000.0,600.0,,true
204,500.0,154.0,,true
205,125.0,471.0,,true
206,40.0,444.0,,true
207,350.0,173.0,,true
208,500.0,187.0,,false
209,500.0,583.0,,false
210,3300.0,25.0,,false
211,3300.0,26.0,,false
212,3300.0,29.0,,false
213,60.0,229.0,,false
214,60.0,157.0,,false
215,60.0,214.0,,false
216,60.0,222.0,,false
217,800.0,6.0,,false
218,60.0,118.0,,false
219,60.0,105.0,,false
220,60.0,109.0,,false
221,60.0,102.0,,false
222,60.0,97.0,,false
223,60.0,120.0,,false
224,60.0,106.0,,false
225,100.0,204.0,,false
226,100.0,250.0,,false
227,900.0,7.0,,false
228,1150.0,16.0,,false
229,1000.0,7.0,,false
230,1350.0,47.0,,true
231,500.0,58.0,,true
232,5000.0,19.0,,true
233,2200.0,138.0,,true
234,3500.0,318.0,,true
235,5000.0,600.0,,true
236,500.0,148.0,,true
237,125.0,527.0,,true
238,40.0,451.0,,true
239,350.0,160.0,,true
240,500.0,196.0,,false
241,500.0,484.0,,false
242,3300.0,26.0,,false
243,3300.0,29.0,,false
244,3300.0,21.0,,false
245,60.0,220.0,,false
246,60.0,175.0,,false
247,60.0,164.0,,false
248,60.0,203.0,,false
249,800.0,5.0,,false
250,60.0,113.0,,false
251,60.0,96.0,,false
252,60.0,118.0,,false
253,60.0,85.0,,false
254,60.0,84.0,,false
255,60.0,86.0,,false
256,60.0,100.0,,false
257,100.0,229.0,,false
258,100.0,231.0,,false
259,900.0,7.0,,false
260,1150.0,18.0,,false
261,1000.0,8.0,,false
262,1350.0,49.0,,true
263,500.0,59.0,,true
264,5000.0,17.0,,true
265,2200.0,140.0,,true
266,3500.0,393.0,,true
267,5000.0,600.0,,true
268,500.0,158.0,,true
269,125.0,535.0,,true
270,40.0,362.0,,true
271,350.0,177.0,,true
272,500.0,193.0,,false
273,500.0,440.0,,false
274,3300.0,22.0,,false
275,3300.0,30.0,,false
276,3300.0,28.0,,false
277,60.0,214.0,,false
278,60.0,207.0,,false
279,60.0,226.0,,false
280,800.0,6.0,,false
281,60.0,90.0,,false
282,60.0,109.0,,false
283,60.0,85.0,,false
284,60.0,111.0,,false
285,60.0,93.0,,false
286,60.0,96.0,,false
287,60.0,101.0,,false
288,60.0,86.0,,false
289,100.0,181.0,,false
290,100.0,248.0,,false
291,900.0,7.0,,false
292,1150.0,14.0,,false
293,1000.0,6.0,,false
294,1350.0,47.0,,true
295,500.0,57.0,,true
296,5000.0,18.0,,true
297,2200.0,132.0,,true
298,3500.0,252.0,,true
299,5000.0,600.0,,true
300,500.0,149.0,,true
301,125.0,535.0,,true
302,40.0,366.0,,true
303,350.0,144.0,,true
304,500.0,194.0,,false
305,500.0,590.0,,false
306,3300.0,29.0,,false
307,3300.0,28.0,,false
308,3300.0,29.0,,false
309,60.0,169.0,,false
310,60.0,246.0,,false
311,60.0,201.0,,false
312,800.0,5.0,,false
313,60.0,106.0,,false
314,60.0,112.0,,false
315,60.0,102.0,,false
316,60.0,103.0,,false
317,60.0,90.0,,false
318,60.0,120.0,,false
319,60.0,104.0,,false
320,100.0,223.0,,false
321,100.0,238.0,,false
322,900.0,9.0,,false
323,1150.0,17.0,,false
324,1000.0,7.0,,false
325,1350.0,49.0,,true
326,500.0,60.0,,true
327,5000.0,17.0,,true
328,2200.0,136.0,,true
329,3500.0,218.0,,true
330,5000.0,600.0,,true
331,500.0,143.0,,true
332,125.0,542.0,,true
333,40.0,357.0,,true
334,350.0,180.0,,true
335,500.0,181.0,,false
336,500.0,430.0,,false
337,3300.0,22.0,,false
338,3300.0,30.0,,false
339,3300.0,24.0,,false
340,60.0,246.0,,false
341,60.0,178.0,,false
342,60.0,234.0,,false
343,800.0,6.0,,false
344,60.0,101.0,,false
345,60.0,110.0,,false
346,60.0,84.0,,false
347,60.0,116.0,,false
348,60.0,83.0,,false
349,60.0,98.0,,false
350,60.0,105.0,,false
351,60.0,107.0,,false
352,60.0,116.0,,false
353,60.0,89.0,,false
354,100.0,243.0,,false
355,100.0,206.0,,false
356,900.0,8.0,,false
357,1150.0,13.0,,false
358,1000.0,8.0,,false
359,1350.0,47.0,,true
360,500.0,57.0,,true
361,5000.0,16.0,,true
362,2200.0,132.0,,true
363,3500.0,221.0,,true
364,5000.0,600.0,,true
365,500.0,150.0,,true
366,125.0,518.0,,true
367,40.0,426.0,,true
368,350.0,165.0,,true
369,500.0,185.0,,false
370,500.0,558.0,,false
371,3300.0,23.0,,false
372,3300.0,28.0,,false
373,3300.0,27.0,,false
374,60.0,235.0,,false
375,60.0,246.0,,false
376,60.0,188.0,,false
377,60.0,164.0,,false
378,800.0,4.0,,false
379,60.0,85.0,,false
380,60.0,83.0,,false
381,60.0,99.0,,false
382,60.0,111.0,,false
383,60.0,103.0,,false
384,60.0,120.0,,false
385,60.0,117.0,,false
386,100.0,247.0,,false
387,100.0,240.0,,false
388,900.0,8.0,,false
389,1150.0,14.0,,false
390,1000.0,5.0,,false
391,1350.0,47.0,,true
392,500.0,56.0,,true
393,5000.0,20.0,,true
394,2200.0,134.0,,true
395,3500.0,273.0,,true
396,5000.0,600.0,,true
397,500.0,155.0,,true
398,125.0,538.0,,true
399,40.0,381.0,,true
400,350.0,145.0,,true
401,500.0,194.0,,false
402,500.0,482.0,,false
403,3300.0,28.0,,false
404,3300.0,30.0,,false
405,3300.0,26.0,,false
406,60.0,158.0,,false
407,60.0,190.0,,false
408,60.0,154.0,,false
409,60.0,167.0,,false
410,800.0,6.0,,false
411,60.0,88.0,,false
412,60.0,84.0,,false
413,60.0,113.0,,false
414,60.0,82.0,,false
415,60.0,87.0,,false
416,60.0,117.0,,false
417,100.0,204.0,,false
418,100.0,219.0,,false
419,900.0,10.0,,false
420,1150.0,13.0,,false
421,1000.0,5.0,,false
422,1350.0,50.0,,true
423,500.0,59.0,,true
424,5000.0,19.0,,true
425,2200.0,135.0,,true
426,3500.0,253.0,,true
427,5000.0,600.0,,true
428,500.0,151.0,,true
429,125.0,532.0,,true
430,40.0,458.0,,true
431,350.0,177.0,,true
432,500.0,199.0,,false
433,500.0,468.0,,false
434,3300.0,30.0,,false
435,3300.0,28.0,,false
436,3300.0,23.0,,false
437,60.0,211.0,,false
438,60.0,188.0,,false
439,60.0,247.0,,false
440,800.0,5.0,,false
441,60.0,81.0,,false
442,60.0,89.0,,false
443,60.0,114.0,,false
444,60.0,98.0,,false
445,60.0,118.0,,false
446,60.0,100.0,,false
447,60.0,112.0,,false
448,100.0,232.0,,false
449,100.0,181.0,,false
450,900.0,10.0,,false
451,1150.0,18.0,,false
452,1000.0,5.0,,false
453,1350.0,46.0,,true
454,500.0,59.0,,true
455,5000.0,16.0,,true
456,2200.0,136.0,,true
457,3500.0,351.0,,true
458,5000.0,600.0,,true
459,500.0,154.0,,true
460,125.0,528.0,,true
461,40.0,377.0,,true
462,350.0,150.0,,true
463,500.0,178.0,,false
464,500.0,458.0,,false
465,3300.0,30.0,,false
466,3300.0,30.0,,false
467,3300.0,27.0,,false
468,60.0,163.0,,false
469,60.0,178.0,,false
470,60.0,194.0,,false
471,60.0,217.0,,false
472,800.0,4.0,,false
473,60.0,114.0,,false
474,60.0,116.0,,false
475,60.0,82.0,,false
476,60.0,120.0,,false
477,60.0,110.0,,false
478,60.0,103.0,,false
479,60.0,103.0,,false
480,60.0,116.0,,false
481,60.0,100.0,,false
482,60.0,110.0,,false
483,100.0,240.0,,false
484,100.0,228.0,,false
485,900.0,9.0,,false
486,1150.0,13.0,,false
487,1000.0,8.0,,false
488,1350.0,50.0,,true
489,500.0,60.0,,true
490,5000.0,19.0,,true
491,2200.0,140.0,,true
492,3500.0,336.0,,true
493,5000.0,600.0,,true
494,500.0,144.0,,true
495,125.0,473.0,,true
496,40.0,379.0,,true
497,350.0,180.0,,true
498,500.0,192.0,,false
499,500.0,374.0,,false
500,3300.0,22.0,,false
501,3300.0,29.0,,false
502,3300.0,23.0,,false
503,60.0,179.0,,false
504,60.0,217.0,,false
505,60.0,223.0,,false
506,800.0,4.0,,false
507,60.0,92.0,,false
508,60.0,98.0,,false
509,60.0,82.0,,false
510,60.0,92.0,,false
511,60.0,114.0,,false
512,60.0,85.0,,false
513,100.0,207.0,,false
514,100.0,225.0,,false
515,900.0,8.0,,false
516,1150.0,18.0,,false
517,1000.0,5.0,,false
518,1350.0,49.0,,true
519,500.0,58.0,,true
520,5000.0,16.0,,true
521,2200.0,139.0,,true
522,3500.0,279.0,,true
523,5000.0,600.0,,true
524,500.0,143.0,,true
525,125.0,525.0,,true
526,40.0,440.0,,true
527,350.0,149.0,,true
528,500.0,185.0,,false
529,500.0,572.0,,false
530,3300.0,26.0,,false
531,3300.0,23.0,,false
532,3300.0,22.0,,false
533,60.0,242.0,,false
534,60.0,155.0,,false
535,60.0,249.0,,false
536,60.0,165.0,,false
537,800.0,4.0,,false
538,60.0,94.0,,false
539,60.0,109.0,,false
540,60.0,97.0,,false
541,60.0,84.0,,false
542,60.0,82.0,,false
543,60.0,107.0,,false
544,60.0,118.0,,false
545,60.0,94.0,,false
546,100.0,231.0,,false
547,100.0,196.0,,false
548,900.0,8.0,,false
549,1150.0,13.0,,false
550,1000.0,6.0,,false
551,1350.0,49.0,,true
552,500.0,60.0,,true
553,5000.0,20.0,,true
554,2200.0,137.0,,true
555,3500.0,396.0,,true
556,5000.0,600.0,,true
557,500.0,151.0,,true
558,125.0,506.0,,true
559,40.0,454.0,,true
560,350.0,166.0,,true
561,500.0,187.0,,false
562,500.0,515.0,,false
563,3300.0,29.0,,false
564,3300.0,25.0,,false
565,3300.0,26.0,,false
566,60.0,165.0,,false
567,60.0,187.0,,false
568,60.0,241.0,,false
569,800.0,6.0,,false
570,60.0,120.0,,false
571,60.0,119.0,,false
572,60.0,99.0,,false
573,60.0,94.0,,false
574,60.0,101.0,,false
575,60.0,117.0,,false
576,60.0,98.0,,false
577,60.0,88.0,,false
578,100.0,202.0,,false
579,100.0,238.0,,false
580,900.0,7.0,,false
581,1150.0,18.0,,false
582,1000.0,6.0,,false
583,1350.0,49.0,,true
584,500.0,60.0,,true
585,5000.0,20.0,,true
586,2200.0,137.0,,true
587,3500.0,355.0,,true
588,5000.0,600.0,,true
589,500.0,157.0,,true
590,125.0,540.0,,true
591,40.0,389.0,,true
592,350.0,161.0,,true
593,500.0,186.0,,false
594,500.0,577.0,,false
595,3300.0,27.0,,false
596,3300.0,21.0,,false
597,3300.0,27.0,,false
598,60.0,201.0,,false
599,60.0,200.0,,false
600,60.0,160.0,,false
601,60.0,185.0,,false
602,800.0,6.0,,false
603,60.0,88.0,,false
604,60.0,81.0,,false
605,60.0,94.0,,false
606,60.0,91.0,,false
607,60.0,85.0,,false
608,60.0,99.0,,false
609,60.0,104.0,,false
610,60.0,84.0,,false
611,60.0,114.0,,false
612,60.0,81.0,,false
613,100.0,230.0,,false
614,100.0,245.0,,false
615,900.0,9.0,,false
616,1150.0,17.0,,false
617,1000.0,7.0,,false
618,1350.0,49.0,,true
619,500.0,59.0,,true
620,5000.0,16.0,,true
621,2200.0,134.0,,true
622,3500.0,336.0,,true
623,5000.0,600.0,,true
624,500.0,158.0,,true
625,125.0,467.0,,true
626,40.0,428.0,,true
627,350.0,147.0,,true
628,500.0,195.0,,false
629,500.0,510.0,,false
630,3300.0,29.0,,false
631,3300.0,22.0,,false
632,3300.0,30.0,,false
633,60.0,242.0,,false
634,60.0,224.0,,false
635,60.0,191.0,,false
636,60.0,181.0,,false
637,800.0,6.0,,false
638,60.0,104.0,,false
639,60.0,102.0,,false
640,60.0,82.0,,false
641,60.0,113.0,,false
642,60.0,93.0,,false
643,60.0,111.0,,false
644,100.0,204.0,,false
645,100.0,208.0,,false
646,900.0,8.0,,false
647,1150.0,16.0,,false
648,1000.0,6.0,,false
649,1350.0,49.0,,true
650,500.0,58.0,,true
651,5000.0,20.0,,true
652,2200.0,134.0,,true
653,3500.0,247.0,,true
654,5000.0,600.0,,true
655,500.0,158.0,,true
656,125.0,494.0,,true
657,40.0,383.0,,true
658,350.0,154.0,,true
659,500.0,196.0,,false
660,500.0,593.0,,false
661,3300.0,21.0,,false
662,3300.0,23.0,,false
663,3300.0,25.0,,false
664,60.0,195.0,,false
665,60.0,157.0,,false
666,60.0,182.0,,false
667,800.0,4.0,,false
668,60.0,101.0,,false
669,60.0,99.0,,false
670,60.0,83.0,,false
671,60.0,97.0,,false
672,60.0,95.0,,false
673,60.0,94.0,,false
674,60.0,120.0,,false
675,60.0,86.0,,false
676,60.0,90.0,,false
677,60.0,115.0,,false
678,100.0,183.0,,false
679,100.0,235.0,,false
680,900.0,10.0,,false
681,1150.0,16.0,,false
682,1000.0,6.0,,false
683,1350.0,46.0,,true
684,500.0,56.0,,true
685,5000.0,19.0,,true
686,2200.0,137.0,,true
687,3500.0,201.0,,true
688,5000.0,600.0,,true
689,500.0,153.0,,true
690,125.0,538.0,,true
691,40.0,362.0,,true
692,350.0,167.0,,true
693,500.0,200.0,,false
694,500.0,483.0,,false
695,3300.0,25.0,,false
696,3300.0,26.0,,false
697,3300.0,26.0,,false
698,60.0,220.0,,false
699,60.0,236.0,,false
700,60.0,221.0,,false
701,800.0,6.0,,false
702,60.0,116.0,,false
703,60.0,89.0,,false
704,60.0,116.0,,false
705,60.0,106.0,,false
706,60.0,84.0,,false
707,60.0,93.0,,false
708,60.0,82.0,,false
709,60.0,111.0,,false
710,60.0,89.0,,false
711,100.0,212.0,,false
712,100.0,247.0,,false
713,900.0,7.0,,false
714,1150.0,16.0,,false
715,1000.0,7.0,,false
716,1350.0,49.0,,true
717,500.0,57.0,,true
718,5000.0,19.0,,true
719,2200.0,132.0,,true
720,3500.0,287.0,,true
721,5000.0,600.0,,true
722,500.0,151.0,,true
723,125.0,511.0,,true
724,40.0,362.0,,true
725,350.0,154.0,,true
726,500.0,199.0,,false
727,500.0,431.0,,false
728,3300.0,27.0,,false
729,3300.0,23.0,,false
730,3300.0,28.0,,false
731,60.0,196.0,,false
732,60.0,232.0,,false
733,60.0,156.0,,false
734,60.0,156.0,,false
735,800.0,5.0,,false
736,60.0,110.0,,false
737,60.0,116.0,,false
738,60.0,118.0,,false
739,60.0,110.0,,false
740,60.0,92.0,,false
741,60.0,90.0,,false
742,100.0,196.0,,false
743,100.0,192.0,,false
744,900.0,9.0,,false
745,1150.0,17.0,,false
746,1000.0,7.0,,false
747,1350.0,48.0,,true
748,500.0,59.0,,true
749,5000.0,20.0,,true
750,2200.0,139.0,,true
751,3500.0,204.0,,true
752,5000.0,600.0,,true
753,500.0,148.0,,true
754,125.0,496.0,,true
755,40.0,417.0,,true
756,350.0,158.0,,true
757,500.0,181.0,,false
758,500.0,499.0,,false
759,3300.0,22.0,,false
760,3300.0,24.0,,false
761,3300.0,29.0,,false
762,60.0,232.0,,false
763,60.0,173.0,,false
764,60.0,153.0,,false
765,60.0,174.0,,false
766,800.0,5.0,,false
767,60.0,81.0,,false
768,60.0,100.0,,false
769,60.0,95.0,,false
770,60.0,88.0,,false
771,60.0,97.0,,false
772,60.0,110.0,,false
773,60.0,107.0,,false
774,60.0,119.0,,false
775,60.0,102.0,,false
776,100.0,223.0,,false
777,100.0,200.0,,false
778,900.0,9.0,,false
779,1150.0,13.0,,false
780,1000.0,6.0,,false
781,1350.0,49.0,,true
782,500.0,57.0,,true
783,5000.0,20.0,,true
784,2200.0,132.0,,true
785,3500.0,323.0,,true
786,5000.0,600.0,,true
787,500.0,158.0,,true
788,125.0,516.0,,true
789,40.0,454.0,,true
790,350.0,173.0,,true
791,500.0,191.0,,false
792,500.0,371.0,,false
793,3300.0,22.0,,false
794,3300.0,21.0,,false
795,3300.0,25.0,,false
796,60.0,214.0,,false
797,60.0,209.0,,false
798,60.0,160.0,,false
799,800.0,6.0,,false
800,60.0,100.0,,false
801,60.0,106.0,,false
802,60.0,114.0,,false
803,60.0,81.0,,false
804,60.0,93.0,,false
805,60.0,93.0,,false
806,60.0,114.0,,false
807,60.0,99.0,,false
808,60.0,105.0,,false
809,60.0,102.0,,false
810,100.0,221.0,,false
811,100.0,201.0,,false
812,900.0,10.0,,false
813,1150.0,16.0,,false
814,1000.0,8.0,,false
815,1350.0,50.0,,true
816,500.0,59.0,,true
817,5000.0,16.0,,true
818,2200.0,140.0,,true
819,3500.0,207.0,,true
820,5000.0,600.0,,true
821,500.0,155.0,,true
822,125.0,474.0,,true
823,40.0,398.0,,true
824,350.0,173.0,,true
825,500.0,196.0,,false
826,500.0,441.0,,false
827,3300.0,29.0,,false
828,3300.0,28.0,,false
829,3300.0,22.0,,false
830,60.0,209.0,,false
831,60.0,204.0,,false
832,60.0,221.0,,false
833,60.0,219.0,,false
834,800.0,6.0,,false
835,60.0,102.0,,false
836,60.0,109.0,,false
837,60.0,83.0,,false
838,60.0,118.0,,false
839,60.0,95.0,,false
840,60.0,84.0,,false
841,60.0,118.0,,false
842,60.0,109.0,,false
843,60.0,89.0,,false
844,100.0,225.0,,false
845,100.0,195.0,,false
846,900.0,10.0,,false
847,1150.0,15.0,,false
848,1000.0,8.0,,false
849,1350.0,49.0,,true
850,500.0,59.0,,true
851,5000.0,16.0,,true
852,2200.0,140.0,,true
853,3500.0,385.0,,true
854,5000.0,600.0,,true
855,500.0,142.0,,true
856,125.0,456.0,,true
857,40.0,430.0,,true
858,350.0,177.0,,true
859,500.0,186.0,,false
860,500.0,340.0,,false
861,3300.0,22.0,,false
862,3300.0,24.0,,false
863,3300.0,29.0,,false
864,60.0,175.0,,false
865,60.0,235.0,,false
866,60.0,188.0,,false
867,60.0,229.0,,false
868,800.0,6.0,,false
869,60.0,98.0,,false
870,60.0,83.0,,false
871,60.0,95.0,,false
872,60.0,109.0,,false
873,60.0,104.0,,false
874,60.0,99.0,,false
875,60.0,111.0,,false
876,60.0,106.0,,false
877,100.0,229.0,,false
878,100.0,200.0,,false
879,900.0,8.0,,false
880,1150.0,15.0,,false
881,1000.0,5.0,,false
882,1350.0,49.0,,true
883,500.0,58.0,,true
884,5000.0,18.0,,true
885,2200.0,140.0,,true
886,3500.0,279.0,,true
887,5000.0,600.0,,true
888,500.0,159.0,,true
889,125.0,454.0,,true
890,40.0,358.0,,true
891,350.0,144.0,,true
892,500.0,200.0,,false
893,500.0,393.0,,false
894,3300.0,23.0,,false
895,3300.0,21.0,,false
896,3300.0,21.0,,false
897,60.0,249.0,,false
898,60.0,213.0,,false
899,60.0,241.0,,false
900,800.0,6.0,,false
901,60.0,110.0,,false
902,60.0,86.0,,false
903,60.0,88.0,,false
904,60.0,100.0,,false
905,60.0,120.0,,false
906,60.0,90.0,,false
907,60.0,99.0,,false
908,100.0,226.0,,false
909,100.0,210.0,,false
910,900.0,9.0,,false
911,1150.0,13.0,,false
912,1000.0,6.0,,false
913,1350.0,49.0,,true
914,500.0,58.0,,true
915,5000.0,20.0,,true
916,2200.0,135.0,,true
917,3500.0,216.0,,true
918,5000.0,600.0,,true
919,500.0,144.0,,true
920,125.0,485.0,,true
921,40.0,365.0,,true
922,350.0,151.0,,true
923,500.0,185.0,,false
924,500.0,553.0,,false
925,3300.0,22.0,,false
926,3300.0,24.0,,false
927,3300.0,25.0,,false
928,60.0,154.0,,false
929,60.0,223.0,,false
930,60.0,239.0,,false
931,60.0,203.0,,false
932,800.0,5.0,,false
933,60.0,118.0,,false
934,60.0,87.0,,false
935,60.0,96.0,,false
936,60.0,113.0,,false
937,60.0,115.0,,false
938,60.0,97.0,,false
939,60.0,117.0,,false
940,60.0,118.0,,false
941,60.0,81.0,,false
942,60.0,83.0,,false
943,100.0,214.0,,false
944,100.0,243.0,,false
945,900.0,9.0,,false
946,1150.0,17.0,,false
947,1000.0,5.0,,false
948,1350.0,49.0,,true
949,500.0,59.0,,true
950,5000.0,19.0,,true
951,2200.0,131.0,,true
952,3500.0,369.0,,true
953,5000.0,600.0,,true
954,500.0,157.0,,true
955,125.0,488.0,,true
956,40.0,443.0,,true
957,350.0,174.0,,true
958,500.0,192.0,,false
959,500.0,599.0,,false
960,3300.0,29.0,,false
961,3300.0,27.0,,false
962,3300.0,30.0,,false
963,60.0,172.0,,false
964,60.0,227.0,,false
965,60.0,195.0,,false
966,60.0,209.0,,false
967,800.0,4.0,,false
968,60.0,117.0,,false
969,60.0,92.0,,false
970,60.0,98.0,,false
971,60.0,120.0,,false
972,60.0,120.0,,false
973,60.0,90.0,,false
974,60.0,114.0,,false
975,60.0,110.0,,false
976,60.0,100.0,,false
977,60.0,119.0,,false
978,100.0,206.0,,false
979,100.0,233.0,,false
980,900.0,10.0,,false
981,1150.0,15.0,,false
982,1000.0,6.0,,false
983,1350.0,47.0,,true
984,500.0,58.0,,true
985,5000.0,16.0,,true
986,2200.0,137.0,,true
987,3500.0,288.0,,true
988,5000.0,600.0,,true
989,500.0,147.0,,true
990,125.0,502.0,,true
991,40.0,397.0,,true
992,350.0,174.0,,true
993,500.0,177.0,,false
994,500.0,436.0,,false
995,3300.0,25.0,,false
996,3300.0,22.0,,false
997,3300.0,27.0,,false
998,60.0,152.0,,false
999,60.0,200.0,,false
1000,60.0,162.0,,false
1001,800.0,4.0,,false
1002,60.0,100.0,,false
1003,60.0,113.0,,false
1004,60.0,117.0,,false
1005,60.0,102.0,,false
1006,60.0,111.0,,false
1007,60.0,94.0,,false
1008,100.0,244.0,,false
1009,100.0,250.0,,false
1010,900.0,9.0,,false
1011,1150.0,17.0,,false
1012,1000.0,7.0,,false
1013,1350.0,47.0,,true
1014,500.0,56.0,,true
1015,5000.0,20.0,,true
1016,2200.0,131.0,,true
1017,3500.0,226.0,,true
1018,5000.0,600.0,,true
1019,500.0,142.0,,true
1020,125.0,471.0,,true
1021,40.0,451.0,,true
1022,350.0,154.0,,true
1023,500.0,195.0,,false
1024,500.0,578.0,,false
1025,3300.0,29.0,,false
1026,3300.0,24.0,,false
1027,3300.0,26.0,,false
1028,60.0,164.0,,false
1029,60.0,220.0,,false
1030,60.0,247.0,,false
1031,800.0,4.0,,false
1032,60.0,113.0,,false
1033,60.0,94.0,,false
1034,60.0,94.0,,false
1035,60.0,105.0,,false
1036,60.0,101.0,,false
1037,60.0,84.0,,false
1038,60.0,83.0,,false
1039,60.0,81.0,,false
1040,100.0,230.0,,false
1041,100.0,230.0,,false
1042,900.0,10.0,,false
1043,1150.0,18.0,,false
1044,1000.0,8.0,,false
1045,1350.0,49.0,,true
1046,500.0,60.0,,true
1047,5000.0,20.0,,true
1048,2200.0,137.0,,true
1049,3500.0,369.0,,true
1050,5000.0,600.0,,true
1051,500.0,152.0,,true
1052,125.0,523.0,,true
1053,40.0,422.0,,true
1054,350.0,180.0,,true
1055,500.0,186.0,,false
1056,500.0,436.0,,false
1057,3300.0,29.0,,false
1058,3300.0,26.0,,false
1059,3300.0,26.0,,false
1060,60.0,231.0,,false
1061,60.0,203.0,,false
1062,60.0,235.0,,false
1063,60.0,182.0,,false
1064,800.0,5.0,,false
1065,60.0,90.0,,false
1066,60.0,109.0,,false
1067,60.0,100.0,,false
1068,60.0,85.0,,false
1069,60.0,84.0,,false
1070,60.0,87.0,,false
1071,60.0,120.0,,false
1072,100.0,211.0,,false
1073,100.0,223.0,,false
1074,900.0,7.0,,false
1075,1150.0,15.0,,false
1076,1000.0,7.0,,false
1077,1350.0,48.0,,true
1078,500.0,60.0,,true
1079,5000.0,19.0,,true
1080,2200.0,137.0,,true
1081,3500.0,321.0,,true
1082,5000.0,600.0,,true
1083,500.0,141.0,,true
1084,125.0,505.0,,true
1085,40.0,382.0,,true
1086,350.0,164.0,,true
1087,500.0,191.0,,false
1088,500.0,358.0,,false
1089,3300.0,29.0,,false
1090,3300.0,29.0,,false
1091,3300.0,29.0,,false
1092,60.0,158.0,,false
1093,60.0,163.0,,false
1094,60.0,237.0,,false
1095,60.0,231.0,,false
1096,800.0,5.0,,false
1097,60.0,106.0,,false
1098,60.0,119.0,,false
1099,60.0,106.0,,false
1100,60.0,120.0,,false
1101,60.0,94.0,,false
1102,60.0,88.0,,false
1103,60.0,113.0,,false
1104,60.0,84.0,,false
1105,60.0,101.0,,false
1106,60.0,94.0,,false
1107,100.0,182.0,,false
1108,100.0,214.0,,false
1109,900.0,8.0,,false
1110,1150.0,13.0,,false
1111,1000.0,6.0,,false
1112,1350.0,48.0,,true
1113,500.0,56.0,,true
1114,5000.0,18.0,,true
1115,2200.0,139.0,,true
1116,3500.0,246.0,,true
1117,5000.0,600.0,,true
1118,500.0,152.0,,true
1119,125.0,498.0,,true
1120,40.0,363.0,,true
1121,350.0,153.0,,true
1122,500.0,179.0,,false
1123,500.0,380.0,,false
1124,3300.0,26.0,,false
1125,3300.0,29.0,,false
1126,3300.0,29.0,,false
1127,60.0,237.0,,false
1128,60.0,190.0,,false
1129,60.0,159.0,,false
1130,800.0,4.0,,false
1131,60.0,111.0,,false
1132,60.0,86.0,,false
1133,60.0,109.0,,false
1134,60.0,113.0,,false
1135,60.0,108.0,,false
1136,60.0,88.0,,false
1137,60.0,101.0,,false
1138,60.0,103.0,,false
1139,100.0,205.0,,false
1140,100.0,235.0,,false
1141,900.0,7.0,,false
1142,1150.0,17.0,,false
1143,1000.0,7.0,,false
1144,1350.0,46.0,,true
1145,500.0,59.0,,true
1146,5000.0,16.0,,true
1147,2200.0,140.0,,true
1148,3500.0,393.0,,true
1149,5000.0,600.0,,true
1150,500.0,144.0,,true
1151,125.0,541.0,,true
1152,40.0,418.0,,true
1153,350.0,148.0,,true
1154,500.0,199.0,,false
1155,500.0,578.0,,false
1156,3300.0,26.0,,false
1157,3300.0,21.0,,false
1158,3300.0,27.0,,false
1159,60.0,231.0,,false
1160,60.0,231.0,,false
1161,60.0,245.0,,false
1162,800.0,5.0,,false
1163,60.0,97.0,,false
1164,60.0,94.0,,false
1165,60.0,103.0,,false
1166,60.0,113.0,,false
1167,60.0,88.0,,false
1168,60.0,101.0,,false
1169,60.0,116.0,,false
1170,100.0,199.0,,false
1171,100.0,195.0,,false
1172,900.0,10.0,,false
1173,1150.0,14.0,,false
1174,1000.0,7.0,,false
1175,1350.0,49.0,,true
1176,500.0,60.0,,true
1177,5000.0,20.0,,true
1178,2200.0,136.0,,true
1179,3500.0,303.0,,true
1180,5000.0,600.0,,true
1181,500.0,153.0,,true
1182,125.0,479.0,,true
1183,40.0,376.0,,true
1184,350.0,150.0,,true
1185,500.0,179.0,,false
1186,500.0,553.0,,false
1187,3300.0,22.0,,false
1188,3300.0,25.0,,false
1189,3300.0,21.0,,false
1190,60.0,213.0,,false
1191,60.0,232.0,,false
1192,60.0,195.0,,false
1193,60.0,182.0,,false
1194,800.0,6.0,,false
1195,60.0,108.0,,false
1196,60.0,88.0,,false
1197,60.0,100.0,,false
1198,60.0,85.0,,false
1199,60.0,109.0,,false
1200,60.0,100.0,,false
1201,60.0,88.0,,false
1202,60.0,94.0,,false
1203,100.0,200.0,,false
1204,100.0,210.0,,false
1205,900.0,10.0,,false
1206,1150.0,14.0,,false
1207,1000.0,5.0,,false
1208,1350.0,50.0,,true
1209,500.0,59.0,,true
1210,5000.0,16.0,,true
1211,2200.0,132.0,,true
1212,3500.0,236.0,,true
1213,5000.0,600.0,,true
1214,500.0,155.0,,true
1215,125.0,497.0,,true
1216,40.0,375.0,,true
1217,350.0,148.0,,true
1218,500.0,175.0,,false
1219,500.0,452.0,,false
1220,3300.0,25.0,,false
1221,3300.0,30.0,,false
1222,3300.0,24.0,,false
1223,60.0,194.0,,false
1224,60.0,183.0,,false
1225,60.0,177.0,,false
1226,800.0,4.0,,false
1227,60.0,112.0,,false
1228,60.0,108.0,,false
1229,60.0,95.0,,false
1230,60.0,89.0,,false
1231,60.0,85.0,,false
1232,60.0,102.0,,false
1233,60.0,117.0,,false
1234,60.0,81.0,,false
1235,60.0,117.0,,false
1236,60.0,91.0,,false
1237,100.0,191.0,,false
1238,100.0,210.0,,false
1239,900.0,9.0,,false
1240,1150.0,15.0,,false
1241,1000.0,7.0,,false
1242,1350.0,49.0,,true
1243,500.0,56.0,,true
1244,5000.0,16.0,,true
1245,2200.0,138.0,,true
1246,3500.0,387.0,,true
1247,5000.0,600.0,,true
1248,500.0,142.0,,true
1249,125.0,511.0,,true
1250,40.0,401.0,,true
1251,350.0,159.0,,true
1252,500.0,178.0,,false
1253,500.0,509.0,,false
1254,3300.0,23.0,,false
1255,3300.0,24.0,,false
1256,3300.0,30.0,,false
1257,60.0,216.0,,false
1258,60.0,179.0,,false
1259,60.0,211.0,,false
1260,60.0,203.0,,false
1261,800.0,4.0,,false
1262,60.0,86.0,,false
1263,60.0,116.0,,false
1264,60.0,109.0,,false
1265,60.0,118.0,,false
1266,60.0,97.0,,false
1267,60.0,120.0,,false
1268,60.0,113.0,,false
1269,60.0,117.0,,false
1270,60.0,83.0,,false
1271,100.0,186.0,,false
1272,100.0,185.0,,false
1273,900.0,8.0,,false
1274,1150.0,14.0,,false
1275,1000.0,8.0,,false
1276,1350.0,47.0,,true
1277,500.0,57.0,,true
1278,5000.0,18.0,,true
1279,2200.0,133.0,,true
1280,3500.0,362.0,,true
1281,5000.0,600.0,,true
1282,500.0,145.0,,true
1283,125.0,550.0,,true
1284,40.0,453.0,,true
1285,350.0,149.0,,true
1286,500.0,177.0,,false
1287,500.0,453.0,,false
1288,3300.0,30.0,,false
1289,3300.0,22.0,,false
1290,3300.0,29.0,,false
1291,60.0,186.0,,false
1292,60.0,230.0,,false
1293,60.0,205.0,,false
1294,60.0,155.0,,false
1295,800.0,5.0,,false
1296,60.0,108.0,,false
1297,60.0,110.0,,false
1298,60.0,89.0,,false
1299,60.0,108.0,,false
1300,60.0,86.0,,false
1301,60.0,95.0,,false
1302,60.0,87.0,,false
1303,100.0,191.0,,false
1304,100.0,240.0,,false
1305,900.0,7.0,,false
1306,1150.0,16.0,,false
1307,1000.0,5.0,,false
1308,1350.0,46.0,,true
1309,500.0,57.0,,true
1310,5000.0,20.0,,true
1311,2200.0,135.0,,true
1312,3500.0,321.0,,true
1313,5000.0,600.0,,true
1314,500.0,146.0,,true
1315,125.0,474.0,,true
1316,40.0,455.0,,true
1317,350.0,174.0,,true
1318,500.0,199.0,,false
1319,500.0,427.0,,false
1320,3300.0,29.0,,false
1321,3300.0,22.0,,false
1322,3300.0,30.0,,false
1323,60.0,198.0,,false
1324,60.0,216.0,,false
1325,60.0,185.0,,false
1326,800.0,6.0,,false
1327,60.0,87.0,,false
1328,60.0,95.0,,false
1329,60.0,113.0,,false
1330,60.0,112.0,,false
1331,60.0,85.0,,false
1332,60.0,97.0,,false
1333,60.0,84.0,,false
1334,60.0,82.0,,false
1335,60.0,96.0,,false
1336,60.0,108.0,,false
1337,100.0,223.0,,false
1338,100.0,189.0,,false
1339,900.0,8.0,,false
1340,1150.0,17.0,,false
1341,1000.0,5.0,,false
1342,1350.0,48.0,,true
1343,500.0,58.0,,true
1344,5000.0,16.0,,true
1345,2200.0,131.0,,true
1346,3500.0,353.0,,true
1347,5000.0,600.0,,true
1348,500.0,155.0,,true
1349,125.0,491.0,,true
1350,40.0,394.0,,true
1351,350.0,158.0,,true
1352,500.0,187.0,,false
1353,500.0,525.0,,false
1354,3300.0,23.0,,false
1355,3300.0,27.0,,false
1356,3300.0,30.0,,false
1357,60.0,199.0,,false
1358,60.0,182.0,,false
1359,60.0,238.0,,false
1360,60.0,232.0,,false
1361,800.0,5.0,,false
1362,60.0,113.0,,false
1363,60.0,100.0,,false
1364,60.0,84.0,,false
1365,60.0,93.0,,false
1366,60.0,95.0,,false
1367,60.0,94.0,,false
1368,100.0,219.0,,false
1369,100.0,249.0,,false
1370,900.0,9.0,,false
1371,1150.0,16.0,,false
1372,1000.0,5.0,,false
1373,1350.0,48.0,,true
1374,500.0,56.0,,true
1375,5000.0,16.0,,true
1376,2200.0,136.0,,true
1377,3500.0,379.0,,true
1378,5000.0,600.0,,true
1379,500.0,141.0,,true
1380,125.0,531.0,,true
1381,40.0,353.0,,true
1382,350.0,144.0,,true
1383,500.0,186.0,,false
1384,500.0,581.0,,false
1385,3300.0,22.0,,false
1386,3300.0,21.0,,false
1387,3300.0,25.0,,false
1388,60.0,175.0,,false
1389,60.0,187.0,,false
1390,60.0,178.0,,false
1391,60.0,233.0,,false
1392,800.0,5.0,,false
1393,60.0,91.0,,false
1394,60.0,115.0,,false
1395,60.0,106.0,,false
1396,60.0,97.0,,false
1397,60.0,111.0,,false
1398,60.0,117.0,,false
1399,60.0,113.0,,false
1400,60.0,93.0,,false
1401,60.0,97.0,,false
1402,60.0,103.0,,false
1403,100.0,204.0,,false
1404,100.0,198.0,,false
1405,900.0,7.0,,false
1406,1150.0,17.0,,false
1407,1000.0,6.0,,false
1408,1350.0,46.0,,true
1409,500.0,58.0,,true
1410,5000.0,17.0,,true
1411,2200.0,132.0,,true
1412,3500.0,263.0,,true
1413,5000.0,600.0,,true
1414,500.0,156.0,,true
1415,125.0,507.0,,true
1416,40.0,390.0,,true
1417,350.0,161.0,,true
1418,500.0,182.0,,false
1419,500.0,414.0,,false
1420,3300.0,30.0,,false
1421,3300.0,26.0,,false
1422,3300.0,29.0,,false
1423,60.0,194.0,,false
1424,60.0,234.0,,false
1425,60.0,236.0,,false
1426,60.0,189.0,,false
1427,800.0,6.0,,false
1428,60.0,109.0,,false
1429,60.0,99.0,,false
1430,60.0,109.0,,false
1431,60.0,107.0,,false
1432,60.0,105.0,,false
1433,60.0,116.0,,false
1434,60.0,91.0,,false
1435,100.0,244.0,,false
1436,100.0,239.0,,false
1437,900.0,7.0,,false
1438,1150.0,18.0,,false
1439,1000.0,7.0,,false
1440,1350.0,48.0,,true
1441,500.0,59.0,,true
1442,5000.0,16.0,,true
1443,2200.0,133.0,,true
1444,3500.0,358.0,,true
1445,5000.0,600.0,,true
1446,500.0,145.0,,true
1447,125.0,537.0,,true
1448,40.0,393.0,,true
1449,350.0,178.0,,true
1450,500.0,200.0,,false
1451,500.0,361.0,,false
1452,3300.0,28.0,,false
1453,3300.0,30.0,,false
1454,3300.0,26.0,,false
1455,60.0,235.0,,false
1456,60.0,224.0,,false
1457,60.0,193.0,,false
1458,60.0,152.0,,false
1459,800.0,5.0,,false
1460,60.0,101.0,,false
1461,60.0,98.0,,false
1462,60.0,106.0,,false
1463,60.0,112.0,,false
1464,60.0,103.0,,false
1465,60.0,88.0,,false
1466,60.0,111.0,,false
1467,60.0,81.0,,false
1468,60.0,112.0,,false
1469,60.0,87.0,,false
1470,100.0,197.0,,false
1471,100.0,220.0,,false
1472,900.0,8.0,,false
1473,1150.0,14.0,,false
1474,1000.0,6.0,,false
1475,1350.0,49.0,,true
1476,500.0,56.0,,true
1477,5000.0,17.0,,true
1478,2200.0,140.0,,true
1479,3500.0,312.0,,true
1480,5000.0,600.0,,true
1481,500.0,160.0,,true
1482,125.0,458.0,,true
1483,40.0,426.0,,true
1484,350.0,157.0,,true
1485,500.0,184.0,,false
1486,500.0,542.0,,false
1487,3300.0,29.0,,false
1488,3300.0,28.0,,false
1489,3300.0,26.0,,false
1490,60.0,238.0,,false
1491,60.0,211.0,,false
1492,60.0,160.0,,false
1493,800.0,5.0,,false
1494,60.0,118.0,,false
1495,60.0,109.0,,false
1496,60.0,113.0,,false
1497,60.0,92.0,,false
1498,60.0,112.0,,false
1499,60.0,114.0,,false
1500,60.0,104.0,,false
1501,60.0,86.0,,false
1502,60.0,109.0,,false
1503,100.0,231.0,,false
1504,100.0,249.0,,false
1505,900.0,8.0,,false
1506,1150.0,17.0,,false
1507,1000.0,8.0,,false
1508,1350.0,46.0,,true
1509,500.0,59.0,,true
1510,5000.0,16.0,,true
1511,2200.0,138.0,,true
1512,3500.0,230.0,,true
1513,5000.0,600.0,,true
1514,500.0,146.0,,true
1515,125.0,515.0,,true
1516,40.0,392.0,,true
1517,350.0,142.0,,true
1518,500.0,194.0,,false
1519,500.0,490.0,,false
1520,3300.0,27.0,,false
1521,3300.0,28.0,,false
1522,3300.0,30.0,,false
1523,60.0,175.0,,false
1524,60.0,188.0,,false
1525,60.0,233.0,,false
1526,60.0,165.0,,false
1527,800.0,6.0,,false
1528,60.0,93.0,,false
1529,60.0,84.0,,false
1530,60.0,119.0,,false
1531,60.0,93.0,,false
1532,60.0,117.0,,false
1533,60.0,106.0,,false
1534,100.0,210.0,,false
1535,100.0,203.0,,false
1536,900.0,9.0,,false
1537,1150.0,14.0,,false
1538,1000.0,7.0,,false
1539,1350.0,48.0,,true
1540,500.0,59.0,,true
1541,5000.0,16.0,,true
1542,2200.0,136.0,,true
1543,3500.0,325.0,,true
1544,5000.0,600.0,,true
1545,500.0,156.0,,true
1546,125.0,531.0,,true
1547,40.0,355.0,,true
1548,350.0,158.0,,true
1549,500.0,186.0,,false
1550,500.0,440.0,,false
1551,3300.0,30.0,,false
1552,3300.0,23.0,,false
1553,3300.0,26.0,,false
1554,60.0,207.0,,false
1555,60.0,165.0,,false
1556,60.0,196.0,,false
1557,60.0,200.0,,false
1558,800.0,5.0,,false
1559,60.0,110.0,,false
1560,60.0,94.0,,false
1561,60.0,95.0,,false
1562,60.0,97.0,,false
1563,60.0,119.0,,false
1564,60.0,95.0,,false
1565,100.0,248.0,,false
1566,100.0,196.0,,false
1567,900.0,8.0,,false
1568,1150.0,13.0,,false
1569,1000.0,6.0,,false
1570,1350.0,46.0,,true
1571,500.0,59.0,,true
1572,5000.0,19.0,,true
1573,2200.0,138.0,,true
1574,3500.0,268.0,,true
1575,5000.0,600.0,,true
1576,500.0,155.0,,true
1577,125.0,473.0,,true
1578,40.0,366.0,,true
1579,350.0,146.0,,true
1580,500.0,200.0,,false
1581,500.0,508.0,,false
1582,3300.0,26.0,,false
1583,3300.0,23.0,,false
1584,3300.0,30.0,,false
1585,60.0,228.0,,false
1586,60.0,188.0,,false
1587,60.0,235.0,,false
1588,60.0,224.0,,false
1589,800.0,4.0,,false
1590,60.0,114.0,,false
1591,60.0,91.0,,false
1592,60.0,109.0,,false
1593,60.0,90.0,,false
1594,60.0,83.0,,false
1595,60.0,112.0,,false
1596,60.0,98.0,,false
1597,100.0,198.0,,false
1598,100.0,238.0,,false
1599,900.0,8.0,,false
1600,1150.0,14.0,,false
1601,1000.0,6.0,,false
1602,1350.0,50.0,,true
1603,500.0,58.0,,true
1604,5000.0,17.0,,true
1605,2200.0,133.0,,true
1606,3500.0,359.0,,true
1607,5000.0,600.0,,true
1608,500.0,157.0,,true
1609,125.0,548.0,,true
1610,40.0,424.0,,true
1611,350.0,165.0,,true
1612,500.0,177.0,,false
1613,500.0,510.0,,false
1614,3300.0,26.0,,false
1615,3300.0,27.0,,false
1616,3300.0,29.0,,false
1617,60.0,167.0,,false
1618,60.0,239.0,,false
1619,60.0,216.0,,false
1620,60.0,172.0,,false
1621,800.0,6.0,,false
1622,60.0,97.0,,false
1623,60.0,96.0,,false
1624,60.0,95.0,,false
1625,60.0,103.0,,false
1626,60.0,85.0,,false
1627,60.0,82.0,,false
1628,60.0,115.0,,false
1629,60.0,111.0,,false
1630,60.0,110.0,,false
1631,100.0,204.0,,false
1632,100.0,205.0,,false
1633,900.0,10.0,,false
1634,1150.0,14.0,,false
1635,1000.0,8.0,,false
