Reference,height,width,stripwidth,preemptable
1,1350.0,46.0,720,true
2,500.0,57.0,,true
3,5000.0,16.0,,true
4,2200.0,131.0,,true
5,3500.0,343.0,,true
6,5000.0,600.0,,true
7,500.0,156.0,,true
8,125.0,550.0,,true
9,40.0,441.0,,true
10,350.0,144.0,,true
11,500.0,181.0,,false
12,500.0,335.0,,false
13,3300.0,23.0,,false
14,3300.0,25.0,,false
15,3300.0,30.0,,false
16,60.0,250.0,,false
17,60.0,170.0,,false
18,60.0,171.0,,false
19,800.0,6.0,,false
20,60.0,84.0,,false
21,60.0,97.0,,false
22,60.0,119.0,,false
23,60.0,81.0,,false
24,60.0,81.0,,false
25,60.0,117.0,,false
26,60.0,115.0,,false
27,60.0,106.0,,false
28,100.0,249.0,,false
29,100.0,231.0,,false
30,900.0,10.0,,false
31,1150.0,17.0,,false
32,1000.0,6.0,,false
33,1350.0,48.0,,true
34,500.0,60.0,,true
35,5000.0,19.0,,true
36,2200.0,135.0,,true
37,3500.0,237.0,,true
38,5000.0,600.0,,true
39,500.0,151.0,,true
40,125.0,460.0,,true
41,40.0,385.0,,true
42,350.0,178.0,,true
43,500.0,180.0,,false
44,500.0,352.0,,false
45,3300.0,30.0,,false
46,3300.0,27.0,,false
47,3300.0,23.0,,false
48,60.0,228.0,,false
49,60.0,233.0,,false
50,60.0,173.0,,false
51,60.0,196.0,,false
52,800.0,6.0,,false
53,60.0,102.0,,false
54,60.0,116.0,,false
55,60.0,91.0,,false
56,60.0,111.0,,false
57,60.0,90.0,,false
58,60.0,114.0,,false
59,100.0,233.0,,false
60,100.0,182.0,,false
61,900.0,8.0,,false
62,1150.0,15.0,,false
63,1000.0,7.0,,false
64,1350.0,50.0,,true
65,500.0,60.0,,true
66,5000.0,17.0,,true
67,2200.0,134.0,,true
68,3500.0,219.0,,true
69,5000.0,600.0,,true
70,500.0,149.0,,true
71,125.0,469.0,,true
72,40.0,361.0,,true
73,350.0,141.0,,true
74,500.0,179.0,,false
75,500.0,526.0,,false
76,3300.0,25.0,,false
77,3300.0,24.0,,false
78,3300.0,29.0,,false
79,60.0,243.0,,false
80,60.0,200.0,,false
81,60.0,164.0,,false
82,60.0,203.0,,false
83,800.0,4.0,,false
84,60.0,102.0,,false
85,60.0,117.0,,false
86,60.0,105.0,,false
87,60.0,111.0,,false
88,60.0,104.0,,false
89,60.0,90.0,,false
90,60.0,108.0,,false
91,60.0,91.0,,false
92,60.0,98.0,,false
93,60.0,96.0,,false
94,100.0,181.0,,false
95,100.0,185.0,,false
96,900.0,8.0,,false
97,1150.0,17.0,,false
98,1000.0,8.0,,false
99,1350.0,49.0,,true
100,500.0,59.0,,true
101,5000.0,20.0,,true
102,2200.0,132.0,,true
103,3500.0,272.0,,true
104,5000.0,600.0,,true
105,500.0,147.0,,true
106,125.0,528.0,,true
107,40.0,384.0,,true
108,350.0,164.0,,true
109,500.0,182.0,,false
110,500.0,314.0,,false
111,3300.0,30.0,,false
112,3300.0,23.0,,false
113,3300.0,27.0,,false
114,60.0,223.0,,false
115,60.0,162.0,,false
116,60.0,194.0,,false
117,60.0,195.0,,false
118,800.0,5.0,,false
119,60.0,119.0,,false
120,60.0,106.0,,false
121,60.0,92.0,,false
122,60.0,111.0,,false
123,60.0,112.0,,false
124,60.0,103.0,,false
125,60.0,81.0,,false
126,60.0,91.0,,false
127,60.0,103.0,,false
128,100.0,245.0,,false
129,100.0,215.0,,false
130,900.0,10.0,,false
131,1150.0,18.0,,false
132,1000.0,7.0,,false
133,1350.0,48.0,,true
134,500.0,60.0,,true
135,5000.0,19.0,,true
136,2200.0,133.0,,true
137,3500.0,388.0,,true
138,5000.0,600.0,,true
139,500.0,158.0,,true
140,125.0,539.0,,true
141,40.0,436.0,,true
142,350.0,148.0,,true
143,500.0,185.0,,false
144,500.0,514.0,,false
145,3300.0,26.0,,false
146,3300.0,22.0,,false
147,3300.0,24.0,,false
148,60.0,218.0,,false
149,60.0,217.0,,false
150,60.0,194.0,,false
151,60.0,173.0,,false
152,800.0,4.0,,false
153,60.0,120.0,,false
154,60.0,86.0,,false
155,60.0,98.0,,false
156,60.0,85.0,,false
157,60.0,117.0,,false
158,60.0,116.0,,false
159,60.0,101.0,,false
160,100.0,200.0,,false
161,100.0,237.0,,false
162,900.0,7.0,,false
163,1150.0,15.0,,false
164,1000.0,8.0,,false
165,1350.0,46.0,,true
166,500.0,58.0,,true
167,5000.0,19.0,,true
168,2200.0,132.0,,true
169,3500.0,343.0,,true
170,5000.0,600.0,,true
171,500.0,144.0,,true
172,125.0,468.0,,true
173,40.0,367.0,,true
174,350.0,149.0,,true
175,500.0,173.0,,false
176,500.0,563.0,,false
177,3300.0,21.0,,false
178,3300.0,21.0,,false
179,3300.0,29.0,,false
180,60.0,171.0,,false
181,60.0,224.0,,false
182,60.0,170.0,,false
183,60.0,171.0,,false
184,800.0,5.0,,false
185,60.0,105.0,,false
186,60.0,85.0,,false
187,60.0,117.0,,false
188,60.0,110.0,,false
189,60.0,86.0,,false
190,60.0,117.0,,false
191,60.0,81.0,,false
192,60.0,119.0,,false
193,60.0,90.0,,false
194,100.0,204.0,,false
195,100.0,238.0,,false
196,900.0,9.0,,false
197,1150.0,16.0,,false
198,1000.0,6.0,,false
199,1350.0,47.0,,true
200,500.0,56.0,,true
201,5000.0,17.0,,true
202,2200.0,140.0,,true
203,3500.0,244.0,,true
204,5000.0,600.0,,true
205,500.0,154.0,,true
206,125.0,464.0,,true
207,40.0,394.0,,true
208,350.0,177.0,,true
209,500.0,176.0,,false
210,500.0,456.0,,false
211,3300.0,30.0,,false
212,3300.0,27.0,,false
213,3300.0,29.0,,false
214,60.0,154.0,,false
215,60.0,153.0,,false
216,60.0,189.0,,false
217,60.0,207.0,,false
218,800.0,6.0,,false
219,60.0,85.0,,false
220,60.0,118.0,,false
221,60.0,82.0,,false
222,60.0,87.0,,false
223,60.0,100.0,,false
224,60.0,98.0,,false
225,100.0,182.0,,false
226,100.0,215.0,,false
227,900.0,10.0,,false
228,1150.0,16.0,,false
229,1000.0,7.0,,false
230,1350.0,47.0,,true
231,500.0,57.0,,true
232,5000.0,20.0,,true
233,2200.0,140.0,,true
234,3500.0,350.0,,true
235,5000.0,600.0,,true
236,500.0,158.0,,true
237,125.0,451.0,,true
238,40.0,373.0,,true
239,350.0,143.0,,true
240,500.0,181.0,,false
241,500.0,403.0,,false
242,3300.0,30.0,,false
243,3300.0,28.0,,false
244,3300.0,30.0,,false
245,60.0,222.0,,false
246,60.0,224.0,,false
247,60.0,151.0,,false
248,800.0,6.0,,false
249,60.0,85.0,,false
250,60.0,105.0,,false
251,60.0,85.0,,false
252,60.0,95.0,,false
253,60.0,120.0,,false
254,60.0,114.0,,false
255,100.0,231.0,,false
256,100.0,231.0,,false
257,900.0,10.0,,false
258,1150.0,13.0,,false
259,1000.0,5.0,,false
260,1350.0,47.0,,true
261,500.0,59.0,,true
262,5000.0,20.0,,true
263,2200.0,133.0,,true
264,3500.0,361.0,,true
265,5000.0,600.0,,true
266,500.0,141.0,,true
267,125.0,473.0,,true
268,40.0,378.0,,true
269,350.0,147.0,,true
270,500.0,183.0,,false
271,500.0,436.0,,false
272,3300.0,21.0,,false
273,3300.0,22.0,,false
274,3300.0,30.0,,false
275,60.0,178.0,,false
276,60.0,154.0,,false
277,60.0,162.0,,false
278,60.0,224.0,,false
279,800.0,6.0,,false
280,60.0,98.0,,false
281,60.0,120.0,,false
282,60.0,98.0,,false
283,60.0,98.0,,false
284,60.0,113.0,,false
285,60.0,110.0,,false
286,60.0,90.0,,false
287,100.0,206.0,,false
288,100.0,239.0,,false
289,900.0,8.0,,false
290,1150.0,13.0,,false
291,1000.0,8.0,,false
292,1350.0,46.0,,true
293,500.0,59.0,,true
294,5000.0,17.0,,true
295,2200.0,135.0,,true
296,3500.0,359.0,,true
297,5000.0,600.0,,true
298,500.0,157.0,,true
299,125.0,456.0,,true
300,40.0,405.0,,true
301,350.0,143.0,,true
302,500.0,190.0,,false
303,500.0,436.0,,false
304,3300.0,22.0,,false
305,3300.0,26.0,,false
306,3300.0,28.0,,false
307,60.0,212.0,,false
308,60.0,198.0,,false
309,60.0,153.0,,false
310,800.0,6.0,,false
311,60.0,99.0,,false
312,60.0,102.0,,false
313,60.0,115.0,,false
314,60.0,97.0,,false
315,60.0,95.0,,false
316,60.0,117.0,,false
317,60.0,114.0,,false
318,60.0,97.0,,false
319,60.0,105.0,,false
320,60.0,111.0,,false
321,100.0,226.0,,false
322,100.0,206.0,,false
323,900.0,10.0,,false
324,1150.0,15.0,,false
325,1000.0,8.0,,false
326,1350.0,46.0,,true
327,500.0,60.0,,true
328,5000.0,16.0,,true
329,2200.0,140.0,,true
330,3500.0,320.0,,true
331,5000.0,600.0,,true
332,500.0,157.0,,true
333,125.0,547.0,,true
334,40.0,374.0,,true
335,350.0,175.0,,true
336,500.0,177.0,,false
337,500.0,426.0,,false
338,3300.0,29.0,,false
339,3300.0,27.0,,false
340,3300.0,24.0,,false
341,60.0,169.0,,false
342,60.0,199.0,,false
343,60.0,164.0,,false
344,60.0,200.0,,false
345,800.0,6.0,,false
346,60.0,94.0,,false
347,60.0,99.0,,false
348,60.0,99.0,,false
349,60.0,85.0,,false
350,60.0,119.0,,false
351,60.0,116.0,,false
352,60.0,107.0,,false
353,60.0,89.0,,false
354,60.0,112.0,,false
355,100.0,207.0,,false
356,100.0,220.0,,false
357,900.0,10.0,,false
358,1150.0,18.0,,false
359,1000.0,6.0,,false
360,1350.0,48.0,,true
361,500.0,57.0,,true
362,5000.0,17.0,,true
363,2200.0,138.0,,true
364,3500.0,350.0,,true
365,5000.0,600.0,,true
366,500.0,141.0,,true
367,125.0,491.0,,true
368,40.0,408.0,,true
369,350.0,162.0,,true
370,500.0,172.0,,false
371,500.0,569.0,,false
372,3300.0,22.0,,false
373,3300.0,30.0,,false
374,3300.0,28.0,,false
375,60.0,222.0,,false
376,60.0,172.0,,false
377,60.0,219.0,,false
378,60.0,221.0,,false
379,800.0,4.0,,false
380,60.0,115.0,,false
381,60.0,102.0,,false
382,60.0,105.0,,false
383,60.0,108.0,,false
384,60.0,90.0,,false
385,60.0,110.0,,false
386,60.0,94.0,,false
387,60.0,116.0,,false
388,60.0,86.0,,false
389,60.0,100.0,,false
390,100.0,216.0,,false
391,100.0,194.0,,false
392,900.0,8.0,,false
393,1150.0,13.0,,false
394,1000.0,7.0,,false
395,1350.0,50.0,,true
396,500.0,60.0,,true
397,5000.0,19.0,,true
398,2200.0,139.0,,true
399,3500.0,345.0,,true
400,5000.0,600.0,,true
401,500.0,157.0,,true
402,125.0,548.0,,true
403,40.0,413.0,,true
404,350.0,157.0,,true
405,500.0,187.0,,false
406,500.0,596.0,,false
407,3300.0,25.0,,false
408,3300.0,23.0,,false
409,3300.0,21.0,,false
410,60.0,238.0,,false
411,60.0,172.0,,false
412,60.0,159.0,,false
413,800.0,4.0,,false
414,60.0,83.0,,false
415,60.0,82.0,,false
416,60.0,113.0,,false
417,60.0,92.0,,false
418,60.0,85.0,,false
419,60.0,115.0,,false
420,60.0,102.0,,false
421,60.0,100.0,,false
422,60.0,108.0,,false
423,100.0,208.0,,false
424,100.0,236.0,,false
425,900.0,8.0,,false
426,1150.0,16.0,,false
427,1000.0,8.0,,false
428,1350.0,46.0,,true
429,500.0,58.0,,true
430,5000.0,19.0,,true
431,2200.0,134.0,,true
432,3500.0,280.0,,true
433,5000.0,600.0,,true
434,500.0,153.0,,true
435,125.0,479.0,,true
436,40.0,410.0,,true
437,350.0,158.0,,true
438,500.0,174.0,,false
439,500.0,338.0,,false
440,3300.0,24.0,,false
441,3300.0,28.0,,false
442,3300.0,25.0,,false
443,60.0,227.0,,false
444,60.0,181.0,,false
445,60.0,180.0,,false
446,60.0,204.0,,false
447,800.0,5.0,,false
448,60.0,105.0,,false
449,60.0,119.0,,false
450,60.0,118.0,,false
451,60.0,111.0,,false
452,60.0,118.0,,false
453,60.0,93.0,,false
454,100.0,229.0,,false
455,100.0,234.0,,false
456,900.0,7.0,,false
457,1150.0,18.0,,false
458,1000.0,8.0,,false
459,1350.0,48.0,,true
460,500.0,56.0,,true
461,5000.0,18.0,,true
462,2200.0,131.0,,true
463,3500.0,214.0,,true
464,5000.0,600.0,,true
465,500.0,141.0,,true
466,125.0,483.0,,true
467,40.0,415.0,,true
468,350.0,164.0,,true
469,500.0,172.0,,false
470,500.0,520.0,,false
471,3300.0,30.0,,false
472,3300.0,23.0,,false
473,3300.0,25.0,,false
474,60.0,179.0,,false
475,60.0,186.0,,false
476,60.0,195.0,,false
477,60.0,207.0,,false
478,800.0,4.0,,false
479,60.0,93.0,,false
480,60.0,107.0,,false
481,60.0,100.0,,false
482,60.0,104.0,,false
483,60.0,101.0,,false
484,60.0,120.0,,false
485,60.0,93.0,,false
486,60.0,92.0,,false
487,100.0,244.0,,false
488,100.0,189.0,,false
489,900.0,9.0,,false
490,1150.0,16.0,,false
491,1000.0,6.0,,false
492,1350.0,46.0,,true
493,500.0,56.0,,true
494,5000.0,18.0,,true
495,2200.0,139.0,,true
496,3500.0,227.0,,true
497,5000.0,600.0,,true
498,500.0,156.0,,true
499,125.0,488.0,,true
500,40.0,402.0,,true
501,350.0,147.0,,true
502,500.0,180.0,,false
503,500.0,455.0,,false
504,3300.0,26.0,,false
505,3300.0,24.0,,false
506,3300.0,25.0,,false
507,60.0,248.0,,false
508,60.0,166.0,,false
509,60.0,205.0,,false
510,800.0,6.0,,false
511,60.0,113.0,,false
512,60.0,93.0,,false
513,60.0,91.0,,false
514,60.0,96.0,,false
515,60.0,89.0,,false
516,60.0,110.0,,false
517,60.0,117.0,,false
518,60.0,100.0,,false
519,100.0,226.0,,false
520,100.0,187.0,,false
521,900.0,10.0,,false
522,1150.0,17.0,,false
523,1000.0,8.0,,false
524,1350.0,48.0,,true
525,500.0,58.0,,true
526,5000.0,18.0,,true
527,2200.0,131.0,,true
528,3500.0,307.0,,true
529,5000.0,600.0,,true
530,500.0,142.0,,true
531,125.0,506.0,,true
532,40.0,436.0,,true
533,350.0,158.0,,true
534,500.0,184.0,,false
535,500.0,527.0,,false
536,3300.0,23.0,,false
537,3300.0,27.0,,false
538,3300.0,28.0,,false
539,60.0,157.0,,false
540,60.0,164.0,,false
541,60.0,231.0,,false
542,60.0,224.0,,false
543,800.0,6.0,,false
544,60.0,91.0,,false
545,60.0,108.0,,false
546,60.0,107.0,,false
547,60.0,90.0,,false
548,60.0,115.0,,false
549,60.0,94.0,,false
550,100.0,219.0,,false
551,100.0,235.0,,false
552,900.0,10.0,,false
553,1150.0,13.0,,false
554,1000.0,8.0,,false
555,1350.0,47.0,,true
556,500.0,58.0,,true
557,5000.0,18.0,,true
558,2200.0,138.0,,true
559,3500.0,212.0,,true
560,5000.0,600.0,,true
561,500.0,145.0,,true
562,125.0,547.0,,true
563,40.0,428.0,,true
564,350.0,141.0,,true
565,500.0,199.0,,false
566,500.0,588.0,,false
567,3300.0,24.0,,false
568,3300.0,30.0,,false
569,3300.0,22.0,,false
570,60.0,184.0,,false
571,60.0,202.0,,false
572,60.0,174.0,,false
573,60.0,246.0,,false
574,800.0,6.0,,false
575,60.0,115.0,,false
576,60.0,100.0,,false
577,60.0,118.0,,false
578,60.0,119.0,,false
579,60.0,91.0,,false
580,60.0,105.0,,false
581,60.0,110.0,,false
582,60.0,95.0,,false
583,100.0,190.0,,false
584,100.0,182.0,,false
585,900.0,8.0,,false
586,1150.0,16.0,,false
587,1000.0,5.0,,false
588,1350.0,49.0,,true
589,500.0,60.0,,true
590,5000.0,16.0,,true
591,2200.0,134.0,,true
592,3500.0,380.0,,true
593,5000.0,600.0,,true
594,500.0,145.0,,true
595,125.0,531.0,,true
596,40.0,367.0,,true
597,350.0,147.0,,true
598,500.0,178.0,,false
599,500.0,386.0,,false
600,3300.0,24.0,,false
601,3300.0,25.0,,false
602,3300.0,30.0,,false
603,60.0,177.0,,false
604,60.0,224.0,,false
605,60.0,206.0,,false
606,60.0,209.0,,false
607,800.0,6.0,,false
608,60.0,118.0,,false
609,60.0,107.0,,false
610,60.0,85.0,,false
611,60.0,98.0,,false
612,60.0,104.0,,false
613,60.0,117.0,,false
614,60.0,107.0,,false
615,60.0,104.0,,false
616,60.0,81.0,,false
617,100.0,223.0,,false
618,100.0,223.0,,false
619,900.0,10.0,,false
620,1150.0,14.0,,false
621,1000.0,5.0,,false
622,1350.0,46.0,,true
623,500.0,56.0,,true
624,5000.0,18.0,,true
625,2200.0,139.0,,true
626,3500.0,353.0,,true
627,5000.0,600.0,,true
628,500.0,157.0,,true
629,125.0,500.0,,true
630,40.0,418.0,,true
631,350.0,147.0,,true
632,500.0,174.0,,false
633,500.0,558.0,,false
634,3300.0,26.0,,false
635,3300.0,24.0,,false
636,3300.0,27.0,,false
637,60.0,175.0,,false
638,60.0,198.0,,false
639,60.0,159.0,,false
640,800.0,6.0,,false
641,60.0,95.0,,false
642,60.0,116.0,,false
643,60.0,81.0,,false
644,60.0,118.0,,false
645,60.0,96.0,,false
646,60.0,88.0,,false
647,60.0,97.0,,false
648,60.0,104.0,,false
649,100.0,236.0,,false
650,100.0,210.0,,false
651,900.0,9.0,,false
652,1150.0,14.0,,false
653,1000.0,7.0,,false
654,1350.0,47.0,,true
655,500.0,59.0,,true
656,5000.0,20.0,,true
657,2200.0,133.0,,true
658,3500.0,245.0,,true
659,5000.0,600.0,,true
660,500.0,150.0,,true
661,125.0,516.0,,true
662,40.0,376.0,,true
663,350.0,153.0,,true
664,500.0,177.0,,false
665,500.0,590.0,,false
666,3300.0,22.0,,false
667,3300.0,23.0,,false
668,3300.0,28.0,,false
669,60.0,168.0,,false
670,60.0,223.0,,false
671,60.0,203.0,,false
672,60.0,224.0,,false
673,800.0,5.0,,false
674,60.0,104.0,,false
675,60.0,89.0,,false
676,60.0,116.0,,false
677,60.0,107.0,,false
678,60.0,108.0,,false
679,60.0,114.0,,false
680,60.0,89.0,,false
681,60.0,119.0,,false
682,60.0,97.0,,false
683,60.0,101.0,,false
684,100.0,190.0,,false
685,100.0,250.0,,false
686,900.0,7.0,,false
687,1150.0,17.0,,false
688,1000.0,5.0,,false
689,1350.0,46.0,,true
690,500.0,56.0,,true
691,5000.0,20.0,,true
692,2200.0,140.0,,true
693,3500.0,221.0,,true
694,5000.0,600.0,,true
695,500.0,158.0,,true
696,125.0,533.0,,true
697,40.0,388.0,,true
698,350.0,172.0,,true
699,500.0,190.0,,false
700,500.0,354.0,,false
701,3300.0,23.0,,false
702,3300.0,26.0,,false
703,3300.0,23.0,,false
704,60.0,248.0,,false
705,60.0,225.0,,false
706,60.0,174.0,,false
707,60.0,236.0,,false
708,800.0,4.0,,false
709,60.0,118.0,,false
710,60.0,88.0,,false
711,60.0,105.0,,false
712,60.0,110.0,,false
713,60.0,85.0,,false
714,60.0,114.0,,false
715,100.0,200.0,,false
716,100.0,188.0,,false
717,900.0,9.0,,false
718,1150.0,17.0,,false
719,1000.0,7.0,,false
720,1350.0,49.0,,true
721,500.0,58.0,,true
722,5000.0,19.0,,true
723,2200.0,132.0,,true
724,3500.0,328.0,,true
725,5000.0,600.0,,true
726,500.0,154.0,,true
727,125.0,545.0,,true
728,40.0,397.0,,true
729,350.0,152.0,,true
730,500.0,172.0,,false
731,500.0,481.0,,false
732,3300.0,28.0,,false
733,3300.0,23.0,,false
734,3300.0,26.0,,false
735,60.0,183.0,,false
736,60.0,222.0,,false
737,60.0,163.0,,false
738,60.0,152.0,,false
739,800.0,5.0,,false
740,60.0,92.0,,false
741,60.0,81.0,,false
742,60.0,94.0,,false
743,60.0,89.0,,false
744,60.0,85.0,,false
745,60.0,96.0,,false
746,60.0,113.0,,false
747,60.0,120.0,,false
748,100.0,205.0,,false
749,100.0,224.0,,false
750,900.0,8.0,,false
751,1150.0,13.0,,false
752,1000.0,6.0,,false
753,1350.0,47.0,,true
754,500.0,57.0,,true
755,5000.0,18.0,,true
756,2200.0,132.0,,true
757,3500.0,251.0,,true
758,5000.0,600.0,,true
759,500.0,148.0,,true
760,125.0,482.0,,true
761,40.0,390.0,,true
762,350.0,154.0,,true
763,500.0,188.0,,false
764,500.0,551.0,,false
765,3300.0,30.0,,false
766,3300.0,30.0,,false
767,3300.0,22.0,,false
768,60.0,201.0,,false
769,60.0,219.0,,false
770,60.0,161.0,,false
771,800.0,5.0,,false
772,60.0,106.0,,false
773,60.0,113.0,,false
774,60.0,83.0,,false
775,60.0,93.0,,false
776,60.0,85.0,,false
777,60.0,110.0,,false
778,60.0,108.0,,false
779,60.0,89.0,,false
780,100.0,231.0,,false
781,100.0,183.0,,false
782,900.0,8.0,,false
783,1150.0,18.0,,false
784,1000.0,8.0,,false
785,1350.0,48.0,,true
786,500.0,60.0,,true
787,5000.0,16.0,,true
788,2200.0,136.0,,true
789,3500.0,215.0,,true
790,5000.0,600.0,,true
791,500.0,150.0,,true
792,125.0,540.0,,true
793,40.0,448.0,,true
794,350.0,176.0,,true
795,500.0,193.0,,false
796,500.0,331.0,,false
797,3300.0,24.0,,false
798,3300.0,24.0,,false
799,3300.0,30.0,,false
800,60.0,234.0,,false
801,60.0,201.0,,false
802,60.0,191.0,,false
803,60.0,200.0,,false
804,800.0,4.0,,false
805,60.0,109.0,,false
806,60.0,116.0,,false
807,60.0,81.0,,false
808,60.0,107.0,,false
809,60.0,91.0,,false
810,60.0,86.0,,false
811,100.0,210.0,,false
812,100.0,187.0,,false
813,900.0,8.0,,false
814,1150.0,14.0,,false
815,1000.0,7.0,,false
816,1350.0,49.0,,true
817,500.0,59.0,,true
818,5000.0,18.0,,true
819,2200.0,132.0,,true
820,3500.0,238.0,,true
821,5000.0,600.0,,true
822,500.0,155.0,,true
823,125.0,529.0,,true
824,40.0,446.0,,true
825,350.0,152.0,,true
826,500.0,172.0,,false
827,500.0,518.0,,false
828,3300.0,27.0,,false
829,3300.0,22.0,,false
830,3300.0,21.0,,false
831,60.0,186.0,,false
832,60.0,170.0,,false
833,60.0,211.0,,false
834,800.0,5.0,,false
835,60.0,93.0,,false
836,60.0,106.0,,false
837,60.0,114.0,,false
838,60.0,114.0,,false
839,60.0,91.0,,false
840,60.0,107.0,,false
841,100.0,215.0,,false
842,100.0,232.0,,false
843,900.0,7.0,,false
844,1150.0,18.0,,false
845,1000.0,5.0,,false
846,1350.0,48.0,,true
847,500.0,59.0,,true
848,5000.0,18.0,,true
849,2200.0,137.0,,true
850,3500.0,380.0,,true
851,5000.0,600.0,,true
852,500.0,141.0,,true
853,125.0,507.0,,true
854,40.0,459.0,,true
855,350.0,160.0,,true
856,500.0,173.0,,false
857,500.0,321.0,,false
858,3300.0,23.0,,false
859,3300.0,27.0,,false
860,3300.0,24.0,,false
861,60.0,171.0,,false
862,60.0,185.0,,false
863,60.0,157.0,,false
864,60.0,153.0,,false
865,800.0,6.0,,false
866,60.0,116.0,,false
867,60.0,89.0,,false
868,60.0,96.0,,false
869,60.0,119.0,,false
870,60.0,95.0,,false
871,60.0,103.0,,false
872,60.0,100.0,,false
873,100.0,234.0,,false
874,100.0,225.0,,false
875,900.0,9.0,,false
876,1150.0,16.0,,false
877,1000.0,7.0,,false
878,1350.0,49.0,,true
879,500.0,56.0,,true
880,5000.0,16.0,,true
881,2200.0,135.0,,true
882,3500.0,248.0,,true
883,5000.0,600.0,,true
884,500.0,144.0,,true
885,125.0,504.0,,true
886,40.0,429.0,,true
887,350.0,174.0,,true
888,500.0,196.0,,false
889,500.0,554.0,,false
890,3300.0,23.0,,false
891,3300.0,27.0,,false
892,3300.0,30.0,,false
893,60.0,163.0,,false
894,60.0,243.0,,false
895,60.0,158.0,,false
896,800.0,6.0,,false
897,60.0,91.0,,false
898,60.0,94.0,,false
899,60.0,82.0,,false
900,60.0,100.0,,false
901,60.0,95.0,,false
902,60.0,110.0,,false
903,100.0,235.0,,false
904,100.0,230.0,,false
905,900.0,7.0,,false
906,1150.0,14.0,,false
907,1000.0,5.0,,false
908,1350.0,49.0,,true
909,500.0,59.0,,true
910,5000.0,20.0,,true
911,2200.0,135.0,,true
912,3500.0,310.0,,true
913,5000.0,600.0,,true
914,500.0,142.0,,true
915,125.0,520.0,,true
916,40.0,359.0,,true
917,350.0,142.0,,true
918,500.0,182.0,,false
919,500.0,345.0,,false
920,3300.0,27.0,,false
921,3300.0,29.0,,false
922,3300.0,21.0,,false
923,60.0,206.0,,false
924,60.0,169.0,,false
925,60.0,161.0,,false
926,60.0,169.0,,false
927,800.0,6.0,,false
928,60.0,87.0,,false
929,60.0,89.0,,false
930,60.0,107.0,,false
931,60.0,85.0,,false
932,60.0,95.0,,false
933,60.0,83.0,,false
934,60.0,102.0,,false
935,60.0,100.0,,false
936,60.0,113.0,,false
937,100.0,233.0,,false
938,100.0,205.0,,false
939,900.0,7.0,,false
940,1150.0,18.0,,false
941,1000.0,5.0,,false
942,1350.0,50.0,,true
943,500.0,57.0,,true
944,5000.0,17.0,,true
945,2200.0,138.0,,true
946,3500.0,387.0,,true
947,5000.0,600.0,,true
948,500.0,156.0,,true
949,125.0,454.0,,true
950,40.0,428.0,,true
951,350.0,160.0,,true
952,500.0,176.0,,false
953,500.0,315.0,,false
954,3300.0,24.0,,false
955,3300.0,30.0,,false
956,3300.0,24.0,,false
957,60.0,196.0,,false
958,60.0,151.0,,false
959,60.0,190.0,,false
960,60.0,200.0,,false
961,800.0,6.0,,false
962,60.0,120.0,,false
963,60.0,119.0,,false
964,60.0,117.0,,false
965,60.0,118.0,,false
966,60.0,113.0,,false
967,60.0,81.0,,false
968,60.0,82.0,,false
969,60.0,82.0,,false
970,100.0,237.0,,false
971,100.0,214.0,,false
972,900.0,9.0,,false
973,1150.0,18.0,,false
974,1000.0,8.0,,false
975,1350.0,47.0,,true
976,500.0,58.0,,true
977,5000.0,18.0,,true
978,2200.0,131.0,,true
979,3500.0,365.0,,true
980,5000.0,600.0,,true
981,500.0,147.0,,true
982,125.0,478.0,,true
983,40.0,420.0,,true
984,350.0,173.0,,true
985,500.0,182.0,,false
986,500.0,314.0,,false
987,3300.0,26.0,,false
988,3300.0,27.0,,false
989,3300.0,23.0,,false
990,60.0,177.0,,false
991,60.0,154.0,,false
992,60.0,174.0,,false
993,60.0,180.0,,false
994,800.0,4.0,,false
995,60.0,114.0,,false
996,60.0,111.0,,false
997,60.0,102.0,,false
998,60.0,88.0,,false
999,60.0,114.0,,false
1000,60.0,93.0,,false
1001,60.0,111.0,,false
1002,60.0,105.0,,false
1003,60.0,104.0,,false
1004,100.0,216.0,,false
1005,100.0,248.0,,false
1006,900.0,9.0,,false
1007,1150.0,13.0,,false
1008,1000.0,6.0,,false
1009,1350.0,46.0,,true
1010,500.0,57.0,,true
1011,5000.0,20.0,,true
1012,2200.0,134.0,,true
1013,3500.0,232.0,,true
1014,5000.0,600.0,,true
1015,500.0,155.0,,true
1016,125.0,517.0,,true
1017,40.0,417.0,,true
1018,350.0,152.0,,true
1019,500.0,188.0,,false
1020,500.0,561.0,,false
1021,3300.0,23.0,,false
1022,3300.0,24.0,,false
1023,3300.0,29.0,,false
1024,60.0,155.0,,false
1025,60.0,152.0,,false
1026,60.0,240.0,,false
1027,800.0,4.0,,false
1028,60.0,82.0,,false
1029,60.0,98.0,,false
1030,60.0,103.0,,false
1031,60.0,85.0,,false
1032,60.0,97.0,,false
1033,60.0,112.0,,false
1034,60.0,102.0,,false
1035,60.0,118.0,,false
1036,60.0,91.0,,false
1037,60.0,110.0,,false
1038,100.0,188.0,,false
1039,100.0,206.0,,false
1040,900.0,10.0,,false
1041,1150.0,14.0,,false
1042,1000.0,7.0,,false
1043,1350.0,49.0,,true
1044,500.0,59.0,,true
1045,5000.0,18.0,,true
1046,2200.0,133.0,,true
1047,3500.0,203.0,,true
1048,5000.0,600.0,,true
1049,500.0,154.0,,true
1050,125.0,461.0,,true
1051,40.0,452.0,,true
1052,350.0,155.0,,true
1053,500.0,192.0,,false
1054,500.0,345.0,,false
1055,3300.0,27.0,,false
1056,3300.0,24.0,,false
1057,3300.0,27.0,,false
1058,60.0,247.0,,false
1059,60.0,233.0,,false
1060,60.0,228.0,,false
1061,800.0,5.0,,false
1062,60.0,120.0,,false
1063,60.0,111.0,,false
1064,60.0,91.0,,false
1065,60.0,91.0,,false
1066,60.0,93.0,,false
1067,60.0,85.0,,false
1068,60.0,107.0,,false
1069,60.0,120.0,,false
1070,60.0,93.0,,false
1071,60.0,105.0,,false
1072,100.0,182.0,,false
1073,100.0,215.0,,false
1074,900.0,10.0,,false
1075,1150.0,15.0,,false
1076,1000.0,6.0,,false
1077,1350.0,49.0,,true
1078,500.0,57.0,,true
1079,5000.0,16.0,,true
1080,2200.0,137.0,,true
1081,3500.0,344.0,,true
1082,5000.0,600.0,,true
1083,500.0,154.0,,true
1084,125.0,479.0,,true
1085,40.0,366.0,,true
1086,350.0,155.0,,true
1087,500.0,175.0,,false
1088,500.0,357.0,,false
1089,3300.0,27.0,,false
1090,3300.0,23.0,,false
1091,3300.0,28.0,,false
1092,60.0,223.0,,false
1093,60.0,188.0,,false
1094,60.0,195.0,,false
1095,60.0,214.0,,false
1096,800.0,5.0,,false
1097,60.0,111.0,,false
1098,60.0,110.0,,false
1099,60.0,117.0,,false
1100,60.0,103.0,,false
1101,60.0,101.0,,false
1102,60.0,101.0,,false
1103,60.0,89.0,,false
1104,60.0,102.0,,false
1105,100.0,209.0,,false
1106,100.0,219.0,,false
1107,900.0,9.0,,false
1108,1150.0,16.0,,false
1109,1000.0,7.0,,false
1110,1350.0,47.0,,true
1111,500.0,60.0,,true
1112,5000.0,18.0,,true
1113,2200.0,137.0,,true
1114,3500.0,294.0,,true
1115,5000.0,600.0,,true
1116,500.0,142.0,,true
1117,125.0,463.0,,true
1118,40.0,425.0,,true
1119,350.0,174.0,,true
1120,500.0,171.0,,false
1121,500.0,311.0,,false
1122,3300.0,24.0,,false
1123,3300.0,26.0,,false
1124,3300.0,30.0,,false
1125,60.0,194.0,,false
1126,60.0,217.0,,false
1127,60.0,199.0,,false
1128,800.0,5.0,,false
1129,60.0,117.0,,false
1130,60.0,98.0,,false
1131,60.0,117.0,,false
1132,60.0,98.0,,false
1133,60.0,108.0,,false
1134,60.0,108.0,,false
1135,60.0,89.0,,false
1136,60.0,101.0,,false
1137,60.0,94.0,,false
1138,100.0,236.0,,false
1139,100.0,231.0,,false
1140,900.0,7.0,,false
1141,1150.0,15.0,,false
1142,1000.0,5.0,,false
1143,1350.0,48.0,,true
1144,500.0,57.0,,true
1145,5000.0,20.0,,true
1146,2200.0,133.0,,true
1147,3500.0,381.0,,true
1148,5000.0,600.0,,true
1149,500.0,150.0,,true
1150,125.0,534.0,,true
1151,40.0,446.0,,true
1152,350.0,155.0,,true
1153,500.0,183.0,,false
1154,500.0,502.0,,false
1155,3300.0,27.0,,false
1156,3300.0,24.0,,false
1157,3300.0,23.0,,false
1158,60.0,213.0,,false
1159,60.0,199.0,,false
1160,60.0,175.0,,false
1161,60.0,158.0,,false
1162,800.0,5.0,,false
1163,60.0,93.0,,false
1164,60.0,113.0,,false
1165,60.0,112.0,,false
1166,60.0,96.0,,false
1167,60.0,107.0,,false
1168,60.0,113.0,,false
1169,60.0,110.0,,false
1170,60.0,91.0,,false
1171,60.0,119.0,,false
1172,100.0,198.0,,false
1173,100.0,233.0,,false
1174,900.0,10.0,,false
1175,1150.0,17.0,,false
1176,1000.0,6.0,,false
1177,1350.0,46.0,,true
1178,500.0,56.0,,true
1179,5000.0,20.0,,true
1180,2200.0,140.0,,true
1181,3500.0,272.0,,true
1182,5000.0,600.0,,true
1183,500.0,151.0,,true
1184,125.0,530.0,,true
1185,40.0,376.0,,true
1186,350.0,159.0,,true
1187,500.0,180.0,,false
1188,500.0,325.0,,false
1189,3300.0,29.0,,false
1190,3300.0,23.0,,false
1191,3300.0,22.0,,false
1192,60.0,182.0,,false
1193,60.0,197.0,,false
1194,60.0,176.0,,false
1195,800.0,6.0,,false
1196,60.0,89.0,,false
1197,60.0,117.0,,false
1198,60.0,87.0,,false
1199,60.0,100.0,,false
1200,60.0,96.0,,false
1201,60.0,111.0,,false
1202,60.0,103.0,,false
1203,60.0,107.0,,false
1204,60.0,103.0,,false
1205,100.0,210.0,,false
1206,100.0,228.0,,false
1207,900.0,7.0,,false
1208,1150.0,16.0,,false
1209,1000.0,5.0,,false
1210,1350.0,47.0,,true
1211,500.0,56.0,,true
1212,5000.0,16.0,,true
1213,2200.0,133.0,,true
1214,3500.0,373.0,,true
1215,5000.0,600.0,,true
1216,500.0,159.0,,true
1217,125.0,484.0,,true
1218,40.0,365.0,,true
1219,350.0,169.0,,true
1220,500.0,171.0,,false
1221,500.0,321.0,,false
1222,3300.0,27.0,,false
1223,3300.0,30.0,,false
1224,3300.0,28.0,,false
1225,60.0,199.0,,false
1226,60.0,236.0,,false
1227,60.0,243.0,,false
1228,60.0,189.0,,false
1229,800.0,5.0,,false
1230,60.0,114.0,,false
1231,60.0,113.0,,false
1232,60.0,109.0,,false
1233,60.0,98.0,,false
1234,60.0,82.0,,false
1235,60.0,93.0,,false
1236,100.0,237.0,,false
1237,100.0,192.0,,false
1238,900.0,9.0,,false
1239,1150.0,15.0,,false
1240,1000.0,8.0,,false
1241,1350.0,48.0,,true
1242,500.0,56.0,,true
1243,5000.0,19.0,,true
1244,2200.0,136.0,,true
1245,3500.0,382.0,,true
1246,5000.0,600.0,,true
1247,500.0,143.0,,true
1248,125.0,534.0,,true
1249,40.0,392.0,,true
1250,350.0,146.0,,true
1251,500.0,183.0,,false
1252,500.0,356.0,,false
1253,3300.0,29.0,,false
1254,3300.0,30.0,,false
1255,3300.0,30.0,,false
1256,60.0,238.0,,false
1257,60.0,233.0,,false
1258,60.0,218.0,,false
1259,800.0,6.0,,false
1260,60.0,95.0,,false
1261,60.0,96.0,,false
1262,60.0,109.0,,false
1263,60.0,90.0,,false
1264,60.0,93.0,,false
1265,60.0,111.0,,false
1266,100.0,198.0,,false
1267,100.0,232.0,,false
1268,900.0,8.0,,false
1269,1150.0,17.0,,false
1270,1000.0,8.0,,false
1271,1350.0,50.0,,true
1272,500.0,60.0,,true
1273,5000.0,19.0,,true
1274,2200.0,135.0,,true
1275,3500.0,381.0,,true
1276,5000.0,600.0,,true
1277,500.0,158.0,,true
1278,125.0,513.0,,true
1279,40.0,392.0,,true
1280,350.0,161.0,,true
1281,500.0,199.0,,false
1282,500.0,477.0,,false
1283,3300.0,21.0,,false
1284,3300.0,23.0,,false
1285,3300.0,26.0,,false
1286,60.0,245.0,,false
1287,60.0,246.0,,false
1288,60.0,227.0,,false
1289,60.0,220.0,,false
1290,800.0,6.0,,false
1291,60.0,118.0,,false
1292,60.0,102.0,,false
1293,60.0,99.0,,false
1294,60.0,86.0,,false
1295,60.0,94.0,,false
1296,60.0,99.0,,false
1297,60.0,111.0,,false
1298,60.0,90.0,,false
1299,60.0,83.0,,false
1300,60.0,91.0,,false
1301,100.0,193.0,,false
1302,100.0,184.0,,false
1303,900.0,10.0,,false
1304,1150.0,17.0,,false
1305,1000.0,8.0,,false
1306,1350.0,47.0,,true
1307,500.0,60.0,,true
1308,5000.0,19.0,,true
1309,2200.0,135.0,,true
1310,3500.0,294.0,,true
1311,5000.0,600.0,,true
1312,500.0,143.0,,true
1313,125.0,459.0,,true
1314,40.0,434.0,,true
1315,350.0,146.0,,true
1316,500.0,174.0,,false
1317,500.0,545.0,,false
1318,3300.0,30.0,,false
1319,3300.0,23.0,,false
1320,3300.0,21.0,,false
1321,60.0,208.0,,false
1322,60.0,162.0,,false
1323,60.0,207.0,,false
1324,60.0,233.0,,false
1325,800.0,5.0,,false
1326,60.0,117.0,,false
1327,60.0,120.0,,false
1328,60.0,114.0,,false
1329,60.0,93.0,,false
1330,60.0,103.0,,false
1331,60.0,89.0,,false
1332,60.0,97.0,,false
1333,60.0,111.0,,false
1334,60.0,93.0,,false
1335,100.0,236.0,,false
1336,100.0,213.0,,false
1337,900.0,10.0,,false
1338,1150.0,17.0,,false
1339,1000.0,6.0,,false
1340,1350.0,47.0,,true
1341,500.0,58.0,,true
1342,5000.0,16.0,,true
1343,2200.0,135.0,,true
1344,3500.0,278.0,,true
1345,5000.0,600.0,,true
1346,500.0,142.0,,true
1347,125.0,508.0,,true
1348,40.0,434.0,,true
1349,350.0,156.0,,true
1350,500.0,181.0,,false
1351,500.0,412.0,,false
1352,3300.0,25.0,,false
1353,3300.0,25.0,,false
1354,3300.0,26.0,,false
1355,60.0,158.0,,false
1356,60.0,168.0,,false
1357,60.0,164.0,,false
1358,800.0,6.0,,false
1359,60.0,104.0,,false
1360,60.0,111.0,,false
1361,60.0,106.0,,false
1362,60.0,114.0,,false
1363,60.0,101.0,,false
1364,60.0,83.0,,false
1365,100.0,215.0,,false
1366,100.0,226.0,,false
1367,900.0,9.0,,false
1368,1150.0,13.0,,false
1369,1000.0,6.0,,false
1370,1350.0,47.0,,true
1371,500.0,56.0,,true
1372,5000.0,16.0,,true
1373,2200.0,139.0,,true
1374,3500.0,362.0,,true
1375,5000.0,600.0,,true
1376,500.0,145.0,,true
1377,125.0,452.0,,true
1378,40.0,356.0,,true
1379,350.0,141.0,,true
1380,500.0,185.0,,false
1381,500.0,591.0,,false
1382,3300.0,22.0,,false
1383,3300.0,27.0,,false
1384,3300.0,29.0,,false
1385,60.0,208.0,,false
1386,60.0,191.0,,false
1387,60.0,173.0,,false
1388,60.0,172.0,,false
1389,800.0,5.0,,false
1390,60.0,111.0,,false
1391,60.0,111.0,,false
1392,60.0,106.0,,false
1393,60.0,93.0,,false
1394,60.0,108.0,,false
1395,60.0,108.0,,false
1396,60.0,119.0,,false
1397,60.0,118.0,,false
1398,60.0,86.0,,false
1399,60.0,91.0,,false
1400,100.0,209.0,,false
1401,100.0,213.0,,false
1402,900.0,9.0,,false
1403,1150.0,16.0,,false
1404,1000.0,7.0,,false
1405,1350.0,48.0,,true
1406,500.0,58.0,,true
1407,5000.0,17.0,,true
1408,2200.0,132.0,,true
1409,3500.0,355.0,,true
1410,5000.0,600.0,,true
1411,500.0,143.0,,true
1412,125.0,516.0,,true
1413,40.0,409.0,,true
1414,350.0,156.0,,true
1415,500.0,173.0,,false
1416,500.0,318.0,,false
1417,3300.0,21.0,,false
1418,3300.0,29.0,,false
1419,3300.0,27.0,,false
1420,60.0,176.0,,false
1421,60.0,223.0,,false
1422,60.0,241.0,,false
1423,800.0,6.0,,false
1424,60.0,92.0,,false
1425,60.0,120.0,,false
1426,60.0,118.0,,false
1427,60.0,102.0,,false
1428,60.0,102.0,,false
1429,60.0,107.0,,false
1430,60.0,96.0,,false
1431,60.0,93.0,,false
1432,100.0,229.0,,false
1433,100.0,223.0,,false
1434,900.0,8.0,,false
1435,1150.0,16.0,,false
1436,1000.0,7.0,,false
1437,1350.0,48.0,,true
1438,500.0,57.0,,true
1439,5000.0,17.0,,true
1440,2200.0,139.0,,true
1441,3500.0,374.0,,true
1442,5000.0,600.0,,true
1443,500.0,145.0,,true
1444,125.0,486.0,,true
1445,40.0,401.0,,true
1446,350.0,167.0,,true
1447,500.0,176.0,,false
1448,500.0,483.0,,false
1449,3300.0,28.0,,false
1450,3300.0,25.0,,false
1451,3300.0,29.0,,false
1452,60.0,169.0,,false
1453,60.0,161.0,,false
1454,60.0,248.0,,false
1455,800.0,5.0,,false
1456,60.0,101.0,,false
1457,60.0,87.0,,false
1458,60.0,83.0,,false
1459,60.0,118.0,,false
1460,60.0,95.0,,false
1461,60.0,86.0,,false
1462,100.0,208.0,,false
1463,100.0,213.0,,false
1464,900.0,10.0,,false
1465,1150.0,14.0,,false
1466,1000.0,7.0,,false
1467,1350.0,48.0,,true
1468,500.0,56.0,,true
1469,5000.0,18.0,,true
1470,2200.0,135.0,,true
1471,3500.0,384.0,,true
1472,5000.0,600.0,,true
1473,500.0,148.0,,true
1474,125.0,471.0,,true
1475,40.0,457.0,,true
1476,350.0,170.0,,true
1477,500.0,174.0,,false
1478,500.0,441.0,,false
1479,3300.0,23.0,,false
1480,3300.0,27.0,,false
1481,3300.0,27.0,,false
1482,60.0,245.0,,false
1483,60.0,181.0,,false
1484,60.0,155.0,,false
1485,60.0,204.0,,false
1486,800.0,6.0,,false
1487,60.0,87.0,,false
1488,60.0,97.0,,false
1489,60.0,82.0,,false
1490,60.0,117.0,,false
1491,60.0,115.0,,false
1492,60.0,104.0,,false
1493,60.0,87.0,,false
1494,60.0,104.0,,false
1495,60.0,108.0,,false
1496,60.0,96.0,,false
1497,100.0,203.0,,false
1498,100.0,243.0,,false
1499,900.0,9.0,,false
1500,1150.0,18.0,,false
1501,1000.0,6.0,,false
1502,1350.0,48.0,,true
1503,500.0,59.0,,true
1504,5000.0,16.0,,true
1505,2200.0,134.0,,true
1506,3500.0,344.0,,true
1507,5000.0,600.0,,true
1508,500.0,145.0,,true
1509,125.0,485.0,,true
1510,40.0,391.0,,true
1511,350.0,179.0,,true
1512,500.0,175.0,,false
1513,500.0,414.0,,false
1514,3300.0,23.0,,false
1515,3300.0,22.0,,false
1516,3300.0,27.0,,false
1517,60.0,172.0,,false
1518,60.0,191.0,,false
1519,60.0,220.0,,false
1520,800.0,4.0,,false
1521,60.0,84.0,,false
1522,60.0,116.0,,false
1523,60.0,84.0,,false
1524,60.0,117.0,,false
1525,60.0,110.0,,false
1526,60.0,120.0,,false
1527,60.0,90.0,,false
1528,60.0,91.0,,false
1529,100.0,238.0,,false
1530,100.0,220.0,,false
1531,900.0,7.0,,false
1532,1150.0,18.0,,false
1533,1000.0,5.0,,false
1534,1350.0,46.0,,true
1535,500.0,59.0,,true
1536,5000.0,18.0,,true
1537,2200.0,137.0,,true
1538,3500.0,229.0,,true
1539,5000.0,600.0,,true
1540,500.0,158.0,,true
1541,125.0,464.0,,true
1542,40.0,354.0,,true
1543,350.0,150.0,,true
1544,500.0,188.0,,false
1545,500.0,444.0,,false
1546,3300.0,30.0,,false
1547,3300.0,24.0,,false
1548,3300.0,30.0,,false
1549,60.0,227.0,,false
1550,60.0,162.0,,false
1551,60.0,239.0,,false
1552,800.0,5.0,,false
1553,60.0,98.0,,false
1554,60.0,108.0,,false
1555,60.0,94.0,,false
1556,60.0,115.0,,false
1557,60.0,113.0,,false
1558,60.0,97.0,,false
1559,60.0,99.0,,false
1560,60.0,89.0,,false
1561,60.0,119.0,,false
1562,60.0,106.0,,false
1563,100.0,228.0,,false
1564,100.0,243.0,,false
1565,900.0,10.0,,false
1566,1150.0,16.0,,false
1567,1000.0,7.0,,false
1568,1350.0,48.0,,true
1569,500.0,58.0,,true
1570,5000.0,19.0,,true
1571,2200.0,140.0,,true
1572,3500.0,266.0,,true
1573,5000.0,600.0,,true
1574,500.0,145.0,,true
1575,125.0,521.0,,true
1576,40.0,391.0,,true
1577,350.0,161.0,,true
1578,500.0,177.0,,false
1579,500.0,301.0,,false
1580,3300.0,21.0,,false
1581,3300.0,21.0,,false
1582,3300.0,24.0,,false
1583,60.0,152.0,,false
1584,60.0,188.0,,false
1585,60.0,193.0,,false
1586,800.0,4.0,,false
1587,60.0,91.0,,false
1588,60.0,87.0,,false
1589,60.0,88.0,,false
1590,60.0,107.0,,false
1591,60.0,83.0,,false
1592,60.0,96.0,,false
1593,60.0,106.0,,false
1594,60.0,88.0,,false
1595,100.0,216.0,,false
1596,100.0,214.0,,false
1597,900.0,9.0,,false
1598,1150.0,18.0,,false
1599,1000.0,8.0,,false
1600,1350.0,47.0,,true
1601,500.0,57.0,,true
1602,5000.0,17.0,,true
1603,2200.0,133.0,,true
1604,3500.0,351.0,,true
1605,5000.0,600.0,,true
1606,500.0,158.0,,true
1607,125.0,549.0,,true
1608,40.0,457.0,,true
1609,350.0,146.0,,true
1610,500.0,179.0,,false
1611,500.0,480.0,,false
1612,3300.0,27.0,,false
1613,3300.0,28.0,,false
1614,3300.0,28.0,,false
1615,60.0,227.0,,false
1616,60.0,175.0,,false
1617,60.0,165.0,,false
1618,60.0,169.0,,false
1619,800.0,5.0,,false
1620,60.0,107.0,,false
1621,60.0,108.0,,false
1622,60.0,89.0,,false
1623,60.0,101.0,,false
1624,60.0,85.0,,false
1625,60.0,92.0,,false
1626,100.0,229.0,,false
1627,100.0,207.0,,false
1628,900.0,10.0,,false
1629,1150.0,16.0,,false
1630,1000.0,5.0,,false
