Reference,height,width,stripwidth,preemptable
1,1350.0,48.0,720,true
2,500.0,57.0,,true
3,5000.0,16.0,,true
4,2200.0,134.0,,true
5,3500.0,233.0,,true
6,5000.0,600.0,,true
7,500.0,153.0,,true
8,125.0,456.0,,true
9,40.0,435.0,,true
10,350.0,153.0,,true
11,500.0,173.0,,false
12,500.0,560.0,,false
13,3300.0,26.0,,false
14,3300.0,29.0,,false
15,3300.0,25.0,,false
16,60.0,178.0,,false
17,60.0,243.0,,false
18,60.0,151.0,,false
19,800.0,4.0,,false
20,60.0,109.0,,false
21,60.0,105.0,,false
22,60.0,102.0,,false
23,60.0,101.0,,false
24,60.0,90.0,,false
25,60.0,109.0,,false
26,60.0,112.0,,false
27,100.0,233.0,,false
28,100.0,227.0,,false
29,900.0,9.0,,false
30,1150.0,16.0,,false
31,1000.0,7.0,,false
32,1350.0,47.0,,true
33,500.0,56.0,,true
34,5000.0,20.0,,true
35,2200.0,132.0,,true
36,3500.0,232.0,,true
37,5000.0,600.0,,true
38,500.0,158.0,,true
39,125.0,454.0,,true
40,40.0,453.0,,true
41,350.0,142.0,,true
42,500.0,178.0,,false
43,500.0,531.0,,false
44,3300.0,25.0,,false
45,3300.0,21.0,,false
46,3300.0,23.0,,false
47,60.0,220.0,,false
48,60.0,222.0,,false
49,60.0,201.0,,false
50,800.0,4.0,,false
51,60.0,107.0,,false
52,60.0,111.0,,false
53,60.0,111.0,,false
54,60.0,98.0,,false
55,60.0,86.0,,false
56,60.0,109.0,,false
57,60.0,88.0,,false
58,60.0,94.0,,false
59,100.0,190.0,,false
60,100.0,239.0,,false
61,900.0,7.0,,false
62,1150.0,18.0,,false
63,1000.0,5.0,,false
64,1350.0,46.0,,true
65,500.0,58.0,,true
66,5000.0,19.0,,true
67,2200.0,135.0,,true
68,3500.0,255.0,,true
69,5000.0,600.0,,true
70,500.0,144.0,,true
71,125.0,478.0,,true
72,40.0,376.0,,true
73,350.0,166.0,,true
74,500.0,190.0,,false
75,500.0,309.0,,false
76,3300.0,21.0,,false
77,3300.0,29.0,,false
78,3300.0,26.0,,false
79,60.0,155.0,,false
80,60.0,213.0,,false
81,60.0,246.0,,false
82,60.0,190.0,,false
83,800.0,5.0,,false
84,60.0,86.0,,false
85,60.0,99.0,,false
86,60.0,83.0,,false
87,60.0,95.0,,false
88,60.0,87.0,,false
89,60.0,97.0,,false
90,60.0,96.0,,false
91,60.0,120.0,,false
92,60.0,101.0,,false
93,100.0,189.0,,false
94,100.0,218.0,,false
95,900.0,10.0,,false
96,1150.0,18.0,,false
97,1000.0,6.0,,false
98,1350.0,48.0,,true
99,500.0,56.0,,true
100,5000.0,16.0,,true
101,2200.0,131.0,,true
102,3500.0,229.0,,true
103,5000.0,600.0,,true
104,500.0,147.0,,true
105,125.0,534.0,,true
106,40.0,397.0,,true
107,350.0,145.0,,true
108,500.0,175.0,,false
109,500.0,379.0,,false
110,3300.0,21.0,,false
111,3300.0,27.0,,false
112,3300.0,23.0,,false
113,60.0,239.0,,false
114,60.0,230.0,,false
115,60.0,210.0,,false
116,60.0,158.0,,false
117,800.0,5.0,,false
118,60.0,104.0,,false
119,60.0,110.0,,false
120,60.0,100.0,,false
121,60.0,89.0,,false
122,60.0,90.0,,false
123,60.0,81.0,,false
124,60.0,107.0,,false
125,60.0,105.0,,false
126,60.0,120.0,,false
127,100.0,184.0,,false
128,100.0,207.0,,false
129,900.0,7.0,,false
130,1150.0,13.0,,false
131,1000.0,7.0,,false
132,1350.0,46.0,,true
133,500.0,59.0,,true
134,5000.0,16.0,,true
135,2200.0,140.0,,true
136,3500.0,242.0,,true
137,5000.0,600.0,,true
138,500.0,142.0,,true
139,125.0,479.0,,true
140,40.0,362.0,,true
141,350.0,171.0,,true
142,500.0,193.0,,false
143,500.0,572.0,,false
144,3300.0,21.0,,false
145,3300.0,27.0,,false
146,3300.0,26.0,,false
147,60.0,218.0,,false
148,60.0,171.0,,false
149,60.0,152.0,,false
150,800.0,5.0,,false
151,60.0,109.0,,false
152,60.0,82.0,,false
153,60.0,90.0,,false
154,60.0,96.0,,false
155,60.0,116.0,,false
156,60.0,85.0,,false
157,100.0,194.0,,false
158,100.0,218.0,,false
159,900.0,8.0,,false
160,1150.0,18.0,,false
161,1000.0,7.0,,false
162,1350.0,48.0,,true
163,500.0,56.0,,true
164,5000.0,17.0,,true
165,2200.0,135.0,,true
166,3500.0,327.0,,true
167,5000.0,600.0,,true
168,500.0,144.0,,true
169,125.0,487.0,,true
170,40.0,359.0,,true
171,350.0,144.0,,true
172,500.0,197.0,,false
173,500.0,344.0,,false
174,3300.0,23.0,,false
175,3300.0,25.0,,false
176,3300.0,27.0,,false
177,60.0,193.0,,false
178,60.0,242.0,,false
179,60.0,203.0,,false
180,800.0,5.0,,false
181,60.0,117.0,,false
182,60.0,83.0,,false
183,60.0,93.0,,false
184,60.0,95.0,,false
185,60.0,91.0,,false
186,60.0,88.0,,false
187,60.0,102.0,,false
188,60.0,95.0,,false
189,100.0,250.0,,false
190,100.0,184.0,,false
191,900.0,9.0,,false
192,1150.0,16.0,,false
193,1000.0,6.0,,false
194,1350.0,47.0,,true
195,500.0,59.0,,true
196,5000.0,18.0,,true
197,2200.0,135.0,,true
198,3500.0,314.0,,true
199,5000.0,600.0,,true
200,500.0,155.0,,true
201,125.0,477.0,,true
202,40.0,389.0,,true
203,350.0,176.0,,true
204,500.0,182.0,,false
205,500.0,403.0,,false
206,3300.0,29.0,,false
207,3300.0,25.0,,false
208,3300.0,22.0,,false
209,60.0,186.0,,false
210,60.0,186.0,,false
211,60.0,237.0,,false
212,60.0,157.0,,false
213,800.0,4.0,,false
214,60.0,108.0,,false
215,60.0,120.0,,false
216,60.0,81.0,,false
217,60.0,90.0,,false
218,60.0,105.0,,false
219,60.0,105.0,,false
220,100.0,209.0,,false
221,100.0,189.0,,false
222,900.0,7.0,,false
223,1150.0,15.0,,false
224,1000.0,6.0,,false
225,1350.0,50.0,,true
226,500.0,59.0,,true
227,5000.0,19.0,,true
228,2200.0,140.0,,true
229,3500.0,262.0,,true
230,5000.0,600.0,,true
231,500.0,154.0,,true
232,125.0,550.0,,true
233,40.0,357.0,,true
234,350.0,176.0,,true
235,500.0,187.0,,false
236,500.0,495.0,,false
237,3300.0,22.0,,false
238,3300.0,24.0,,false
239,3300.0,24.0,,false
240,60.0,205.0,,false
241,60.0,180.0,,false
242,60.0,224.0,,false
243,800.0,6.0,,false
244,60.0,83.0,,false
245,60.0,103.0,,false
246,60.0,104.0,,false
247,60.0,93.0,,false
248,60.0,101.0,,false
249,60.0,82.0,,false
250,60.0,101.0,,false
251,100.0,217.0,,false
252,100.0,186.0,,false
253,900.0,7.0,,false
254,1150.0,15.0,,false
255,1000.0,5.0,,false
256,1350.0,46.0,,true
257,500.0,57.0,,true
258,5000.0,18.0,,true
259,2200.0,140.0,,true
260,3500.0,400.0,,true
261,5000.0,600.0,,true
262,500.0,151.0,,true
263,125.0,454.0,,true
264,40.0,425.0,,true
265,350.0,176.0,,true
266,500.0,200.0,,false
267,500.0,348.0,,false
268,3300.0,27.0,,false
269,3300.0,29.0,,false
270,3300.0,26.0,,false
271,60.0,163.0,,false
272,60.0,214.0,,false
273,60.0,184.0,,false
274,60.0,173.0,,false
275,800.0,4.0,,false
276,60.0,99.0,,false
277,60.0,100.0,,false
278,60.0,95.0,,false
279,60.0,120.0,,false
280,60.0,87.0,,false
281,60.0,114.0,,false
282,60.0,85.0,,false
283,60.0,102.0,,false
284,60.0,98.0,,false
285,100.0,226.0,,false
286,100.0,199.0,,false
287,900.0,7.0,,false
288,1150.0,15.0,,false
289,1000.0,5.0,,false
290,1350.0,48.0,,true
291,500.0,59.0,,true
292,5000.0,16.0,,true
293,2200.0,137.0,,true
294,3500.0,251.0,,true
295,5000.0,600.0,,true
296,500.0,145.0,,true
297,125.0,536.0,,true
298,40.0,447.0,,true
299,350.0,151.0,,true
300,500.0,175.0,,false
301,500.0,370.0,,false
302,3300.0,29.0,,false
303,3300.0,23.0,,false
304,3300.0,28.0,,false
305,60.0,171.0,,false
306,60.0,242.0,,false
307,60.0,168.0,,false
308,60.0,168.0,,false
309,800.0,6.0,,false
310,60.0,118.0,,false
311,60.0,105.0,,false
312,60.0,93.0,,false
313,60.0,97.0,,false
314,60.0,109.0,,false
315,60.0,82.0,,false
316,60.0,119.0,,false
317,100.0,224.0,,false
318,100.0,187.0,,false
319,900.0,9.0,,false
320,1150.0,15.0,,false
321,1000.0,5.0,,false
322,1350.0,49.0,,true
323,500.0,56.0,,true
324,5000.0,19.0,,true
325,2200.0,132.0,,true
326,3500.0,396.0,,true
327,5000.0,600.0,,true
328,500.0,143.0,,true
329,125.0,476.0,,true
330,40.0,417.0,,true
331,350.0,146.0,,true
332,500.0,199.0,,false
333,500.0,407.0,,false
334,3300.0,30.0,,false
335,3300.0,23.0,,false
336,3300.0,27.0,,false
337,60.0,206.0,,false
338,60.0,250.0,,false
339,60.0,189.0,,false
340,800.0,6.0,,false
341,60.0,99.0,,false
342,60.0,97.0,,false
343,60.0,119.0,,false
344,60.0,96.0,,false
345,60.0,112.0,,false
346,60.0,84.0,,false
347,60.0,113.0,,false
348,60.0,88.0,,false
349,60.0,116.0,,false
350,100.0,239.0,,false
351,100.0,196.0,,false
352,900.0,10.0,,false
353,1150.0,13.0,,false
354,1000.0,7.0,,false
355,1350.0,48.0,,true
356,500.0,58.0,,true
357,5000.0,17.0,,true
358,2200.0,135.0,,true
359,3500.0,207.0,,true
360,5000.0,600.0,,true
361,500.0,154.0,,true
362,125.0,524.0,,true
363,40.0,435.0,,true
364,350.0,148.0,,true
365,500.0,188.0,,false
366,500.0,406.0,,false
367,3300.0,22.0,,false
368,3300.0,24.0,,false
369,3300.0,25.0,,false
370,60.0,219.0,,false
371,60.0,220.0,,false
372,60.0,217.0,,false
373,60.0,199.0,,false
374,800.0,6.0,,false
375,60.0,94.0,,false
376,60.0,83.0,,false
377,60.0,88.0,,false
378,60.0,100.0,,false
379,60.0,91.0,,false
380,60.0,102.0,,false
381,60.0,98.0,,false
382,60.0,118.0,,false
383,60.0,108.0,,false
384,60.0,111.0,,false
385,100.0,214.0,,false
386,100.0,204.0,,false
387,900.0,9.0,,false
388,1150.0,13.0,,false
389,1000.0,7.0,,false
390,1350.0,46.0,,true
391,500.0,56.0,,true
392,5000.0,18.0,,true
393,2200.0,135.0,,true
394,3500.0,333.0,,true
395,5000.0,600.0,,true
396,500.0,155.0,,true
397,125.0,495.0,,true
398,40.0,380.0,,true
399,350.0,169.0,,true
400,500.0,196.0,,false
401,500.0,308.0,,false
402,3300.0,22.0,,false
403,3300.0,21.0,,false
404,3300.0,29.0,,false
405,60.0,163.0,,false
406,60.0,158.0,,false
407,60.0,157.0,,false
408,800.0,6.0,,false
409,60.0,84.0,,false
410,60.0,113.0,,false
411,60.0,106.0,,false
412,60.0,103.0,,false
413,60.0,88.0,,false
414,60.0,110.0,,false
415,60.0,85.0,,false
416,60.0,100.0,,false
417,100.0,186.0,,false
418,100.0,183.0,,false
419,900.0,7.0,,false
420,1150.0,18.0,,false
421,1000.0,5.0,,false
422,1350.0,46.0,,true
423,500.0,60.0,,true
424,5000.0,17.0,,true
425,2200.0,140.0,,true
426,3500.0,212.0,,true
427,5000.0,600.0,,true
428,500.0,158.0,,true
429,125.0,477.0,,true
430,40.0,391.0,,true
431,350.0,153.0,,true
432,500.0,184.0,,false
433,500.0,599.0,,false
434,3300.0,28.0,,false
435,3300.0,24.0,,false
436,3300.0,24.0,,false
437,60.0,242.0,,false
438,60.0,249.0,,false
439,60.0,153.0,,false
440,800.0,5.0,,false
441,60.0,97.0,,false
442,60.0,94.0,,false
443,60.0,111.0,,false
444,60.0,106.0,,false
445,60.0,109.0,,false
446,60.0,87.0,,false
447,60.0,89.0,,false
448,60.0,104.0,,false
449,60.0,83.0,,false
450,100.0,209.0,,false
451,100.0,185.0,,false
452,900.0,7.0,,false
453,1150.0,13.0,,false
454,1000.0,7.0,,false
455,1350.0,46.0,,true
456,500.0,56.0,,true
457,5000.0,20.0,,true
458,2200.0,135.0,,true
459,3500.0,243.0,,true
460,5000.0,600.0,,true
461,500.0,142.0,,true
462,125.0,497.0,,true
463,40.0,427.0,,true
464,350.0,176.0,,true
465,500.0,178.0,,false
466,500.0,531.0,,false
467,3300.0,26.0,,false
468,3300.0,25.0,,false
469,3300.0,28.0,,false
470,60.0,247.0,,false
471,60.0,222.0,,false
472,60.0,218.0,,false
473,60.0,242.0,,false
474,800.0,6.0,,false
475,60.0,90.0,,false
476,60.0,88.0,,false
477,60.0,120.0,,false
478,60.0,88.0,,false
479,60.0,108.0,,false
480,60.0,99.0,,false
481,60.0,97.0,,false
482,60.0,89.0,,false
483,60.0,96.0,,false
484,60.0,120.0,,false
485,100.0,241.0,,false
486,100.0,229.0,,false
487,900.0,8.0,,false
488,1150.0,18.0,,false
489,1000.0,5.0,,false
490,1350.0,46.0,,true
491,500.0,56.0,,true
492,5000.0,20.0,,true
493,2200.0,135.0,,true
494,3500.0,228.0,,true
495,5000.0,600.0,,true
496,500.0,146.0,,true
497,125.0,486.0,,true
498,40.0,401.0,,true
499,350.0,145.0,,true
500,500.0,182.0,,false
501,500.0,469.0,,false
502,3300.0,22.0,,false
503,3300.0,22.0,,false
504,3300.0,23.0,,false
505,60.0,178.0,,false
506,60.0,231.0,,false
507,60.0,160.0,,false
508,800.0,6.0,,false
509,60.0,102.0,,false
510,60.0,104.0,,false
511,60.0,108.0,,false
512,60.0,87.0,,false
513,60.0,106.0,,false
514,60.0,83.0,,false
515,100.0,242.0,,false
516,100.0,248.0,,false
517,900.0,7.0,,false
518,1150.0,17.0,,false
519,1000.0,8.0,,false
520,1350.0,47.0,,true
521,500.0,58.0,,true
522,5000.0,17.0,,true
523,2200.0,137.0,,true
524,3500.0,203.0,,true
525,5000.0,600.0,,true
526,500.0,151.0,,true
527,125.0,540.0,,true
528,40.0,452.0,,true
529,350.0,145.0,,true
530,500.0,178.0,,false
531,500.0,495.0,,false
532,3300.0,29.0,,false
533,3300.0,27.0,,false
534,3300.0,23.0,,false
535,60.0,152.0,,false
536,60.0,188.0,,false
537,60.0,157.0,,false
538,800.0,5.0,,false
539,60.0,114.0,,false
540,60.0,89.0,,false
541,60.0,111.0,,false
542,60.0,102.0,,false
543,60.0,107.0,,false
544,60.0,108.0,,false
545,60.0,120.0,,false
546,60.0,105.0,,false
547,60.0,110.0,,false
548,100.0,232.0,,false
549,100.0,190.0,,false
550,900.0,9.0,,false
551,1150.0,18.0,,false
552,1000.0,6.0,,false
553,1350.0,49.0,,true
554,500.0,56.0,,true
555,5000.0,16.0,,true
556,2200.0,135.0,,true
557,3500.0,254.0,,true
558,5000.0,600.0,,true
559,500.0,142.0,,true
560,125.0,472.0,,true
561,40.0,441.0,,true
562,350.0,151.0,,true
563,500.0,192.0,,false
564,500.0,585.0,,false
565,3300.0,23.0,,false
566,3300.0,25.0,,false
567,3300.0,26.0,,false
568,60.0,248.0,,false
569,60.0,225.0,,false
570,60.0,215.0,,false
571,60.0,178.0,,false
572,800.0,4.0,,false
573,60.0,87.0,,false
574,60.0,97.0,,false
575,60.0,85.0,,false
576,60.0,93.0,,false
577,60.0,102.0,,false
578,60.0,96.0,,false
579,100.0,242.0,,false
580,100.0,184.0,,false
581,900.0,9.0,,false
582,1150.0,18.0,,false
583,1000.0,7.0,,false
584,1350.0,49.0,,true
585,500.0,56.0,,true
586,5000.0,17.0,,true
587,2200.0,134.0,,true
588,3500.0,214.0,,true
589,5000.0,600.0,,true
590,500.0,149.0,,true
591,125.0,492.0,,true
592,40.0,451.0,,true
593,350.0,175.0,,true
594,500.0,172.0,,false
595,500.0,310.0,,false
596,3300.0,22.0,,false
597,3300.0,27.0,,false
598,3300.0,23.0,,false
599,60.0,199.0,,false
600,60.0,241.0,,false
601,60.0,173.0,,false
602,60.0,242.0,,false
603,800.0,5.0,,false
604,60.0,87.0,,false
605,60.0,111.0,,false
606,60.0,100.0,,false
607,60.0,96.0,,false
608,60.0,103.0,,false
609,60.0,92.0,,false
610,60.0,81.0,,false
611,60.0,95.0,,false
612,60.0,107.0,,false
613,100.0,245.0,,false
614,100.0,186.0,,false
615,900.0,8.0,,false
616,1150.0,15.0,,false
617,1000.0,7.0,,false
618,1350.0,49.0,,true
619,500.0,59.0,,true
620,5000.0,17.0,,true
621,2200.0,139.0,,true
622,3500.0,248.0,,true
623,5000.0,600.0,,true
624,500.0,147.0,,true
625,125.0,547.0,,true
626,40.0,404.0,,true
627,350.0,147.0,,true
628,500.0,195.0,,false
629,500.0,517.0,,false
630,3300.0,22.0,,false
631,3300.0,27.0,,false
632,3300.0,30.0,,false
633,60.0,153.0,,false
634,60.0,235.0,,false
635,60.0,197.0,,false
636,800.0,5.0,,false
637,60.0,82.0,,false
638,60.0,103.0,,false
639,60.0,99.0,,false
640,60.0,119.0,,false
641,60.0,92.0,,false
642,60.0,93.0,,false
643,60.0,96.0,,false
644,100.0,234.0,,false
645,100.0,233.0,,false
646,900.0,10.0,,false
647,1150.0,17.0,,false
648,1000.0,6.0,,false
649,1350.0,47.0,,true
650,500.0,58.0,,true
651,5000.0,19.0,,true
652,2200.0,132.0,,true
653,3500.0,244.0,,true
654,5000.0,600.0,,true
655,500.0,142.0,,true
656,125.0,546.0,,true
657,40.0,432.0,,true
658,350.0,167.0,,true
659,500.0,185.0,,false
660,500.0,536.0,,false
661,3300.0,25.0,,false
662,3300.0,22.0,,false
663,3300.0,28.0,,false
664,60.0,248.0,,false
665,60.0,218.0,,false
666,60.0,202.0,,false
667,800.0,6.0,,false
668,60.0,120.0,,false
669,60.0,96.0,,false
670,60.0,95.0,,false
671,60.0,81.0,,false
672,60.0,82.0,,false
673,60.0,102.0,,false
674,60.0,102.0,,false
675,60.0,109.0,,false
676,60.0,106.0,,false
677,60.0,92.0,,false
678,100.0,187.0,,false
679,100.0,216.0,,false
680,900.0,10.0,,false
681,1150.0,13.0,,false
682,1000.0,8.0,,false
683,1350.0,48.0,,true
684,500.0,57.0,,true
685,5000.0,20.0,,true
686,2200.0,133.0,,true
687,3500.0,255.0,,true
688,5000.0,600.0,,true
689,500.0,147.0,,true
690,125.0,495.0,,true
691,40.0,408.0,,true
692,350.0,168.0,,true
693,500.0,177.0,,false
694,500.0,488.0,,false
695,3300.0,29.0,,false
696,3300.0,26.0,,false
697,3300.0,27.0,,false
698,60.0,204.0,,false
699,60.0,158.0,,false
700,60.0,192.0,,false
701,800.0,6.0,,false
702,60.0,91.0,,false
703,60.0,95.0,,false
704,60.0,110.0,,false
705,60.0,83.0,,false
706,60.0,100.0,,false
707,60.0,115.0,,false
708,60.0,92.0,,false
709,60.0,100.0,,false
710,100.0,188.0,,false
711,100.0,184.0,,false
712,900.0,7.0,,false
713,1150.0,13.0,,false
714,1000.0,5.0,,false
715,1350.0,48.0,,true
716,500.0,59.0,,true
717,5000.0,17.0,,true
718,2200.0,135.0,,true
719,3500.0,308.0,,true
720,5000.0,600.0,,true
721,500.0,145.0,,true
722,125.0,544.0,,true
723,40.0,392.0,,true
724,350.0,147.0,,true
725,500.0,174.0,,false
726,500.0,443.0,,false
727,3300.0,22.0,,false
728,3300.0,24.0,,false
729,3300.0,24.0,,false
730,60.0,153.0,,false
731,60.0,241.0,,false
732,60.0,225.0,,false
733,800.0,5.0,,false
734,60.0,95.0,,false
735,60.0,117.0,,false
736,60.0,91.0,,false
737,60.0,118.0,,false
738,60.0,83.0,,false
739,60.0,109.0,,false
740,100.0,233.0,,false
741,100.0,250.0,,false
742,900.0,7.0,,false
743,1150.0,16.0,,false
744,1000.0,6.0,,false
745,1350.0,50.0,,true
746,500.0,56.0,,true
747,5000.0,20.0,,true
748,2200.0,137.0,,true
749,3500.0,367.0,,true
750,5000.0,600.0,,true
751,500.0,149.0,,true
752,125.0,469.0,,true
753,40.0,453.0,,true
754,350.0,171.0,,true
755,500.0,196.0,,false
756,500.0,588.0,,false
757,3300.0,24.0,,false
758,3300.0,23.0,,false
759,3300.0,24.0,,false
760,60.0,241.0,,false
761,60.0,164.0,,false
762,60.0,164.0,,false
763,60.0,223.0,,false
764,800.0,6.0,,false
765,60.0,94.0,,false
766,60.0,98.0,,false
767,60.0,90.0,,false
768,60.0,118.0,,false
769,60.0,89.0,,false
770,60.0,96.0,,false
771,60.0,116.0,,false
772,100.0,229.0,,false
773,100.0,250.0,,false
774,900.0,9.0,,false
775,1150.0,18.0,,false
776,1000.0,5.0,,false
777,1350.0,46.0,,true
778,500.0,59.0,,true
779,5000.0,19.0,,true
780,2200.0,131.0,,true
781,3500.0,252.0,,true
782,5000.0,600.0,,true
783,500.0,157.0,,true
784,125.0,527.0,,true
785,40.0,364.0,,true
786,350.0,174.0,,true
787,500.0,185.0,,false
788,500.0,593.0,,false
789,3300.0,23.0,,false
790,3300.0,27.0,,false
791,3300.0,26.0,,false
792,60.0,185.0,,false
793,60.0,157.0,,false
794,60.0,189.0,,false
795,60.0,166.0,,false
796,800.0,4.0,,false
797,60.0,87.0,,false
798,60.0,105.0,,false
799,60.0,83.0,,false
800,60.0,102.0,,false
801,60.0,113.0,,false
802,60.0,88.0,,false
803,60.0,107.0,,false
804,60.0,86.0,,false
805,60.0,109.0,,false
806,60.0,104.0,,false
807,100.0,206.0,,false
808,100.0,195.0,,false
809,900.0,7.0,,false
810,1150.0,13.0,,false
811,1000.0,8.0,,false
812,1350.0,49.0,,true
813,500.0,59.0,,true
814,5000.0,19.0,,true
815,2200.0,136.0,,true
816,3500.0,292.0,,true
817,5000.0,600.0,,true
818,500.0,150.0,,true
819,125.0,506.0,,true
820,40.0,390.0,,true
821,350.0,169.0,,true
822,500.0,189.0,,false
823,500.0,534.0,,false
824,3300.0,25.0,,false
825,3300.0,26.0,,false
826,3300.0,27.0,,false
827,60.0,161.0,,false
828,60.0,153.0,,false
829,60.0,211.0,,false
830,800.0,6.0,,false
831,60.0,96.0,,false
832,60.0,118.0,,false
833,60.0,99.0,,false
834,60.0,106.0,,false
835,60.0,118.0,,false
836,60.0,105.0,,false
837,60.0,84.0,,false
838,100.0,205.0,,false
839,100.0,243.0,,false
840,900.0,8.0,,false
841,1150.0,16.0,,false
842,1000.0,8.0,,false
843,1350.0,49.0,,true
844,500.0,56.0,,true
845,5000.0,17.0,,true
846,2200.0,140.0,,true
847,3500.0,370.0,,true
848,5000.0,600.0,,true
849,500.0,151.0,,true
850,125.0,453.0,,true
851,40.0,410.0,,true
852,350.0,143.0,,true
853,500.0,186.0,,false
854,500.0,403.0,,false
855,3300.0,24.0,,false
856,3300.0,28.0,,false
857,3300.0,27.0,,false
858,60.0,237.0,,false
859,60.0,250.0,,false
860,60.0,153.0,,false
861,800.0,4.0,,false
862,60.0,104.0,,false
863,60.0,98.0,,false
864,60.0,115.0,,false
865,60.0,109.0,,false
866,60.0,95.0,,false
867,60.0,108.0,,false
868,60.0,84.0,,false
869,60.0,94.0,,false
870,100.0,210.0,,false
871,100.0,182.0,,false
872,900.0,10.0,,false
873,1150.0,18.0,,false
874,1000.0,7.0,,false
875,1350.0,47.0,,true
876,500.0,57.0,,true
877,5000.0,18.0,,true
878,2200.0,131.0,,true
879,3500.0,400.0,,true
880,5000.0,600.0,,true
881,500.0,157.0,,true
882,125.0,468.0,,true
883,40.0,430.0,,true
884,350.0,179.0,,true
885,500.0,179.0,,false
886,500.0,462.0,,false
887,3300.0,26.0,,false
888,3300.0,28.0,,false
889,3300.0,21.0,,false
890,60.0,202.0,,false
891,60.0,247.0,,false
892,60.0,195.0,,false
893,60.0,185.0,,false
894,800.0,5.0,,false
895,60.0,88.0,,false
896,60.0,108.0,,false
897,60.0,108.0,,false
898,60.0,103.0,,false
899,60.0,101.0,,false
900,60.0,98.0,,false
901,60.0,87.0,,false
902,100.0,186.0,,false
903,100.0,186.0,,false
904,900.0,9.0,,false
905,1150.0,13.0,,false
906,1000.0,6.0,,false
907,1350.0,49.0,,true
908,500.0,58.0,,true
909,5000.0,16.0,,true
910,2200.0,132.0,,true
911,3500.0,243.0,,true
912,5000.0,600.0,,true
913,500.0,155.0,,true
914,125.0,531.0,,true
915,40.0,353.0,,true
916,350.0,149.0,,true
917,500.0,190.0,,false
918,500.0,408.0,,false
919,3300.0,25.0,,false
920,3300.0,25.0,,false
921,3300.0,21.0,,false
922,60.0,167.0,,false
923,60.0,190.0,,false
924,60.0,156.0,,false
925,60.0,157.0,,false
926,800.0,5.0,,false
927,60.0,86.0,,false
928,60.0,110.0,,false
929,60.0,94.0,,false
930,60.0,108.0,,false
931,60.0,89.0,,false
932,60.0,113.0,,false
933,60.0,95.0,,false
934,100.0,212.0,,false
935,100.0,228.0,,false
936,900.0,10.0,,false
937,1150.0,14.0,,false
938,1000.0,8.0,,false
939,1350.0,46.0,,true
940,500.0,60.0,,true
941,5000.0,17.0,,true
942,2200.0,133.0,,true
943,3500.0,267.0,,true
944,5000.0,600.0,,true
945,500.0,159.0,,true
946,125.0,474.0,,true
947,40.0,427.0,,true
948,350.0,147.0,,true
949,500.0,182.0,,false
950,500.0,499.0,,false
951,3300.0,25.0,,false
952,3300.0,25.0,,false
953,3300.0,29.0,,false
954,60.0,190.0,,false
955,60.0,209.0,,false
956,60.0,241.0,,false
957,60.0,232.0,,false
958,800.0,4.0,,false
959,60.0,99.0,,false
960,60.0,96.0,,false
961,60.0,116.0,,false
962,60.0,111.0,,false
963,60.0,97.0,,false
964,60.0,94.0,,false
965,60.0,95.0,,false
966,60.0,88.0,,false
967,100.0,198.0,,false
968,100.0,232.0,,false
969,900.0,7.0,,false
970,1150.0,18.0,,false
971,1000.0,8.0,,false
972,1350.0,48.0,,true
973,500.0,60.0,,true
974,5000.0,17.0,,true
975,2200.0,132.0,,true
976,3500.0,319.0,,true
977,5000.0,600.0,,true
978,500.0,144.0,,true
979,125.0,467.0,,true
980,40.0,438.0,,true
981,350.0,151.0,,true
982,500.0,196.0,,false
983,500.0,461.0,,false
984,3300.0,25.0,,false
985,3300.0,24.0,,false
986,3300.0,25.0,,false
987,60.0,160.0,,false
988,60.0,153.0,,false
989,60.0,198.0,,false
990,60.0,213.0,,false
991,800.0,5.0,,false
992,60.0,92.0,,false
993,60.0,116.0,,false
994,60.0,82.0,,false
995,60.0,111.0,,false
996,60.0,112.0,,false
997,60.0,117.0,,false
998,60.0,103.0,,false
999,100.0,193.0,,false
1000,100.0,185.0,,false
1001,900.0,8.0,,false
1002,1150.0,16.0,,false
1003,1000.0,7.0,,false
1004,1350.0,49.0,,true
1005,500.0,57.0,,true
1006,5000.0,16.0,,true
1007,2200.0,138.0,,true
1008,3500.0,382.0,,true
1009,5000.0,600.0,,true
1010,500.0,154.0,,true
1011,125.0,465.0,,true
1012,40.0,447.0,,true
1013,350.0,158.0,,true
1014,500.0,188.0,,false
1015,500.0,446.0,,false
1016,3300.0,21.0,,false
1017,3300.0,24.0,,false
1018,3300.0,24.0,,false
1019,60.0,215.0,,false
1020,60.0,193.0,,false
1021,60.0,180.0,,false
1022,60.0,226.0,,false
1023,800.0,4.0,,false
1024,60.0,120.0,,false
1025,60.0,99.0,,false
1026,60.0,83.0,,false
1027,60.0,88.0,,false
1028,60.0,97.0,,false
1029,60.0,88.0,,false
1030,60.0,106.0,,false
1031,60.0,104.0,,false
1032,60.0,104.0,,false
1033,100.0,203.0,,false
1034,100.0,185.0,,false
1035,900.0,9.0,,false
1036,1150.0,13.0,,false
1037,1000.0,5.0,,false
1038,1350.0,49.0,,true
1039,500.0,60.0,,true
1040,5000.0,18.0,,true
1041,2200.0,134.0,,true
1042,3500.0,307.0,,true
1043,5000.0,600.0,,true
1044,500.0,158.0,,true
1045,125.0,454.0,,true
1046,40.0,393.0,,true
1047,350.0,162.0,,true
1048,500.0,178.0,,false
1049,500.0,459.0,,false
1050,3300.0,25.0,,false
1051,3300.0,22.0,,false
1052,3300.0,23.0,,false
1053,60.0,185.0,,false
1054,60.0,179.0,,false
1055,60.0,243.0,,false
1056,60.0,166.0,,false
1057,800.0,6.0,,false
1058,60.0,97.0,,false
1059,60.0,106.0,,false
1060,60.0,100.0,,false
1061,60.0,88.0,,false
1062,60.0,109.0,,false
1063,60.0,86.0,,false
1064,60.0,111.0,,false
1065,100.0,224.0,,false
1066,100.0,232.0,,false
1067,900.0,10.0,,false
1068,1150.0,16.0,,false
1069,1000.0,7.0,,false
1070,1350.0,46.0,,true
1071,500.0,56.0,,true
1072,5000.0,16.0,,true
1073,2200.0,133.0,,true
1074,3500.0,396.0,,true
1075,5000.0,600.0,,true
1076,500.0,142.0,,true
1077,125.0,489.0,,true
1078,40.0,371.0,,true
1079,350.0,152.0,,true
1080,500.0,173.0,,false
1081,500.0,523.0,,false
1082,3300.0,22.0,,false
1083,3300.0,30.0,,false
1084,3300.0,25.0,,false
1085,60.0,196.0,,false
1086,60.0,232.0,,false
1087,60.0,243.0,,false
1088,60.0,219.0,,false
1089,800.0,5.0,,false
1090,60.0,99.0,,false
1091,60.0,103.0,,false
1092,60.0,111.0,,false
1093,60.0,90.0,,false
1094,60.0,109.0,,false
1095,60.0,111.0,,false
1096,60.0,117.0,,false
1097,60.0,93.0,,false
1098,100.0,240.0,,false
1099,100.0,224.0,,false
1100,900.0,9.0,,false
1101,1150.0,14.0,,false
1102,1000.0,5.0,,false
1103,1350.0,46.0,,true
1104,500.0,60.0,,true
1105,5000.0,20.0,,true
1106,2200.0,132.0,,true
1107,3500.0,390.0,,true
1108,5000.0,600.0,,true
1109,500.0,146.0,,true
1110,125.0,526.0,,true
1111,40.0,388.0,,true
1112,350.0,146.0,,true
1113,500.0,185.0,,false
1114,500.0,511.0,,false
1115,3300.0,30.0,,false
1116,3300.0,22.0,,false
1117,3300.0,27.0,,false
1118,60.0,188.0,,false
1119,60.0,199.0,,false
1120,60.0,248.0,,false
1121,60.0,201.0,,false
1122,800.0,5.0,,false
1123,60.0,112.0,,false
1124,60.0,112.0,,false
1125,60.0,98.0,,false
1126,60.0,98.0,,false
1127,60.0,118.0,,false
1128,60.0,119.0,,false
1129,60.0,109.0,,false
1130,60.0,101.0,,false
1131,60.0,91.0,,false
1132,60.0,114.0,,false
1133,100.0,224.0,,false
1134,100.0,215.0,,false
1135,900.0,8.0,,false
1136,1150.0,14.0,,false
1137,1000.0,6.0,,false
1138,1350.0,46.0,,true
1139,500.0,59.0,,true
1140,5000.0,20.0,,true
1141,2200.0,131.0,,true
1142,3500.0,358.0,,true
1143,5000.0,600.0,,true
1144,500.0,160.0,,true
1145,125.0,512.0,,true
1146,40.0,377.0,,true
1147,350.0,167.0,,true
1148,500.0,182.0,,false
1149,500.0,575.0,,false
1150,3300.0,30.0,,false
1151,3300.0,25.0,,false
1152,3300.0,28.0,,false
1153,60.0,198.0,,false
1154,60.0,189.0,,false
1155,60.0,155.0,,false
1156,60.0,229.0,,false
1157,800.0,5.0,,false
1158,60.0,95.0,,false
1159,60.0,90.0,,false
1160,60.0,107.0,,false
1161,60.0,105.0,,false
1162,60.0,120.0,,false
1163,60.0,109.0,,false
1164,60.0,111.0,,false
1165,60.0,83.0,,false
1166,60.0,86.0,,false
1167,60.0,82.0,,false
1168,100.0,235.0,,false
1169,100.0,207.0,,false
1170,900.0,8.0,,false
1171,1150.0,16.0,,false
1172,1000.0,8.0,,false
1173,1350.0,46.0,,true
1174,500.0,58.0,,true
1175,5000.0,17.0,,true
1176,2200.0,132.0,,true
1177,3500.0,226.0,,true
1178,5000.0,600.0,,true
1179,500.0,157.0,,true
1180,125.0,497.0,,true
1181,40.0,451.0,,true
1182,350.0,154.0,,true
1183,500.0,176.0,,false
1184,500.0,386.0,,false
1185,3300.0,22.0,,false
1186,3300.0,23.0,,false
1187,3300.0,26.0,,false
1188,60.0,169.0,,false
1189,60.0,209.0,,false
1190,60.0,203.0,,false
1191,60.0,242.0,,false
1192,800.0,4.0,,false
1193,60.0,114.0,,false
1194,60.0,112.0,,false
1195,60.0,96.0,,false
1196,60.0,84.0,,false
1197,60.0,88.0,,false
1198,60.0,93.0,,false
1199,60.0,104.0,,false
1200,100.0,185.0,,false
1201,100.0,232.0,,false
1202,900.0,10.0,,false
1203,1150.0,13.0,,false
1204,1000.0,8.0,,false
1205,1350.0,46.0,,true
1206,500.0,60.0,,true
1207,5000.0,17.0,,true
1208,2200.0,134.0,,true
1209,3500.0,240.0,,true
1210,5000.0,600.0,,true
1211,500.0,143.0,,true
1212,125.0,491.0,,true
1213,40.0,443.0,,true
1214,350.0,179.0,,true
1215,500.0,178.0,,false
1216,500.0,586.0,,false
1217,3300.0,30.0,,false
1218,3300.0,27.0,,false
1219,3300.0,22.0,,false
1220,60.0,174.0,,false
1221,60.0,179.0,,false
1222,60.0,246.0,,false
1223,800.0,5.0,,false
1224,60.0,117.0,,false
1225,60.0,94.0,,false
1226,60.0,118.0,,false
1227,60.0,90.0,,false
1228,60.0,107.0,,false
1229,60.0,117.0,,false
1230,60.0,118.0,,false
1231,100.0,228.0,,false
1232,100.0,228.0,,false
1233,900.0,9.0,,false
1234,1150.0,13.0,,false
1235,1000.0,8.0,,false
1236,1350.0,48.0,,true
1237,500.0,57.0,,true
1238,5000.0,20.0,,true
1239,2200.0,139.0,,true
1240,3500.0,216.0,,true
1241,5000.0,600.0,,true
1242,500.0,143.0,,true
1243,125.0,482.0,,true
1244,40.0,428.0,,true
1245,350.0,172.0,,true
1246,500.0,182.0,,false
1247,500.0,351.0,,false
1248,3300.0,23.0,,false
1249,3300.0,23.0,,false
1250,3300.0,25.0,,false
1251,60.0,176.0,,false
1252,60.0,202.0,,false
1253,60.0,235.0,,false
1254,800.0,5.0,,false
1255,60.0,119.0,,false
1256,60.0,113.0,,false
1257,60.0,91.0,,false
1258,60.0,96.0,,false
1259,60.0,107.0,,false
1260,60.0,95.0,,false
1261,60.0,98.0,,false
1262,60.0,115.0,,false
1263,60.0,89.0,,false
1264,100.0,249.0,,false
1265,100.0,219.0,,false
1266,900.0,8.0,,false
1267,1150.0,16.0,,false
1268,1000.0,8.0,,false
1269,1350.0,48.0,,true
1270,500.0,60.0,,true
1271,5000.0,18.0,,true
1272,2200.0,133.0,,true
1273,3500.0,258.0,,true
1274,5000.0,600.0,,true
1275,500.0,146.0,,true
1276,125.0,468.0,,true
1277,40.0,411.0,,true
1278,350.0,156.0,,true
1279,500.0,178.0,,false
1280,500.0,575.0,,false
1281,3300.0,28.0,,false
1282,3300.0,25.0,,false
1283,3300.0,24.0,,false
1284,60.0,222.0,,false
1285,60.0,175.0,,false
1286,60.0,237.0,,false
1287,800.0,6.0,,false
1288,60.0,94.0,,false
1289,60.0,116.0,,false
1290,60.0,114.0,,false
1291,60.0,111.0,,false
1292,60.0,117.0,,false
1293,60.0,104.0,,false
1294,60.0,93.0,,false
1295,60.0,87.0,,false
1296,60.0,104.0,,false
1297,60.0,105.0,,false
1298,100.0,219.0,,false
1299,100.0,209.0,,false
1300,900.0,7.0,,false
1301,1150.0,15.0,,false
1302,1000.0,6.0,,false
1303,1350.0,47.0,,true
1304,500.0,56.0,,true
1305,5000.0,20.0,,true
1306,2200.0,138.0,,true
1307,3500.0,252.0,,true
1308,5000.0,600.0,,true
1309,500.0,159.0,,true
1310,125.0,468.0,,true
1311,40.0,361.0,,true
1312,350.0,148.0,,true
1313,500.0,197.0,,false
1314,500.0,365.0,,false
1315,3300.0,29.0,,false
1316,3300.0,30.0,,false
1317,3300.0,23.0,,false
1318,60.0,163.0,,false
1319,60.0,178.0,,false
1320,60.0,226.0,,false
1321,800.0,5.0,,false
1322,60.0,115.0,,false
1323,60.0,103.0,,false
1324,60.0,120.0,,false
1325,60.0,118.0,,false
1326,60.0,95.0,,false
1327,60.0,83.0,,false
1328,60.0,120.0,,false
1329,60.0,114.0,,false
1330,60.0,83.0,,false
1331,60.0,85.0,,false
1332,100.0,237.0,,false
1333,100.0,183.0,,false
1334,900.0,8.0,,false
1335,1150.0,15.0,,false
1336,1000.0,6.0,,false
1337,1350.0,46.0,,true
1338,500.0,57.0,,true
1339,5000.0,17.0,,true
1340,2200.0,137.0,,true
1341,3500.0,316.0,,true
1342,5000.0,600.0,,true
1343,500.0,149.0,,true
1344,125.0,516.0,,true
1345,40.0,380.0,,true
1346,350.0,156.0,,true
1347,500.0,180.0,,false
1348,500.0,470.0,,false
1349,3300.0,26.0,,false
1350,3300.0,22.0,,false
1351,3300.0,23.0,,false
1352,60.0,151.0,,false
1353,60.0,166.0,,false
1354,60.0,235.0,,false
1355,60.0,246.0,,false
1356,800.0,5.0,,false
1357,60.0,116.0,,false
1358,60.0,106.0,,false
1359,60.0,107.0,,false
1360,60.0,81.0,,false
1361,60.0,111.0,,false
1362,60.0,96.0,,false
1363,60.0,91.0,,false
1364,60.0,90.0,,false
1365,60.0,109.0,,false
1366,100.0,206.0,,false
1367,100.0,242.0,,false
1368,900.0,10.0,,false
1369,1150.0,18.0,,false
1370,1000.0,8.0,,false
1371,1350.0,49.0,,true
1372,500.0,56.0,,true
1373,5000.0,18.0,,true
1374,2200.0,139.0,,true
1375,3500.0,299.0,,true
1376,5000.0,600.0,,true
1377,500.0,152.0,,true
1378,125.0,479.0,,true
1379,40.0,449.0,,true
1380,350.0,151.0,,true
1381,500.0,171.0,,false
1382,500.0,481.0,,false
1383,3300.0,24.0,,false
1384,3300.0,22.0,,false
1385,3300.0,25.0,,false
1386,60.0,248.0,,false
1387,60.0,202.0,,false
1388,60.0,159.0,,false
1389,60.0,225.0,,false
1390,800.0,4.0,,false
1391,60.0,104.0,,false
1392,60.0,120.0,,false
1393,60.0,114.0,,false
1394,60.0,86.0,,false
1395,60.0,98.0,,false
1396,60.0,91.0,,false
1397,60.0,93.0,,false
1398,60.0,111.0,,false
1399,60.0,82.0,,false
1400,60.0,114.0,,false
1401,100.0,181.0,,false
1402,100.0,243.0,,false
1403,900.0,7.0,,false
1404,1150.0,14.0,,false
1405,1000.0,7.0,,false
1406,1350.0,49.0,,true
1407,500.0,59.0,,true
1408,5000.0,18.0,,true
1409,2200.0,138.0,,true
1410,3500.0,252.0,,true
1411,5000.0,600.0,,true
1412,500.0,160.0,,true
1413,125.0,452.0,,true
1414,40.0,411.0,,true
1415,350.0,166.0,,true
1416,500.0,182.0,,false
1417,500.0,455.0,,false
1418,3300.0,21.0,,false
1419,3300.0,28.0,,false
1420,3300.0,27.0,,false
1421,60.0,216.0,,false
1422,60.0,176.0,,false
1423,60.0,215.0,,false
1424,60.0,229.0,,false
1425,800.0,6.0,,false
1426,60.0,107.0,,false
1427,60.0,90.0,,false
1428,60.0,115.0,,false
1429,60.0,86.0,,false
1430,60.0,109.0,,false
1431,60.0,91.0,,false
1432,60.0,119.0,,false
1433,100.0,247.0,,false
1434,100.0,207.0,,false
1435,900.0,8.0,,false
1436,1150.0,14.0,,false
1437,1000.0,5.0,,false
1438,1350.0,47.0,,true
1439,500.0,56.0,,true
1440,5000.0,16.0,,true
1441,2200.0,132.0,,true
1442,3500.0,353.0,,true
1443,5000.0,600.0,,true
1444,500.0,160.0,,true
1445,125.0,549.0,,true
1446,40.0,429.0,,true
1447,350.0,171.0,,true
1448,500.0,175.0,,false
1449,500.0,392.0,,false
1450,3300.0,27.0,,false
1451,3300.0,29.0,,false
1452,3300.0,30.0,,false
1453,60.0,241.0,,false
1454,60.0,173.0,,false
1455,60.0,164.0,,false
1456,800.0,5.0,,false
1457,60.0,96.0,,false
1458,60.0,112.0,,false
1459,60.0,104.0,,false
1460,60.0,112.0,,false
1461,60.0,101.0,,false
1462,60.0,104.0,,false
1463,60.0,119.0,,false
1464,60.0,86.0,,false
1465,60.0,117.0,,false
1466,60.0,105.0,,false
1467,100.0,208.0,,false
1468,100.0,227.0,,false
1469,900.0,7.0,,false
1470,1150.0,14.0,,false
1471,1000.0,8.0,,false
1472,1350.0,46.0,,true
1473,500.0,60.0,,true
1474,5000.0,16.0,,true
1475,2200.0,131.0,,true
1476,3500.0,239.0,,true
1477,5000.0,600.0,,true
1478,500.0,145.0,,true
1479,125.0,485.0,,true
1480,40.0,445.0,,true
1481,350.0,141.0,,true
1482,500.0,192.0,,false
1483,500.0,580.0,,false
1484,3300.0,27.0,,false
1485,3300.0,26.0,,false
1486,3300.0,27.0,,false
1487,60.0,172.0,,false
1488,60.0,195.0,,false
1489,60.0,158.0,,false
1490,800.0,5.0,,false
1491,60.0,98.0,,false
1492,60.0,103.0,,false
1493,60.0,112.0,,false
1494,60.0,103.0,,false
1495,60.0,119.0,,false
1496,60.0,102.0,,false
1497,60.0,93.0,,false
1498,60.0,111.0,,false
1499,100.0,212.0,,false
1500,100.0,183.0,,false
1501,900.0,7.0,,false
1502,1150.0,16.0,,false
1503,1000.0,5.0,,false
1504,1350.0,48.0,,true
1505,500.0,59.0,,true
1506,5000.0,20.0,,true
1507,2200.0,135.0,,true
1508,3500.0,298.0,,true
1509,5000.0,600.0,,true
1510,500.0,153.0,,true
1511,125.0,474.0,,true
1512,40.0,393.0,,true
1513,350.0,169.0,,true
1514,500.0,196.0,,false
1515,500.0,441.0,,false
1516,3300.0,29.0,,false
1517,3300.0,25.0,,false
1518,3300.0,21.0,,false
1519,60.0,191.0,,false
1520,60.0,153.0,,false
1521,60.0,198.0,,false
1522,60.0,210.0,,false
1523,800.0,6.0,,false
1524,60.0,98.0,,false
1525,60.0,98.0,,false
1526,60.0,107.0,,false
1527,60.0,114.0,,false
1528,60.0,90.0,,false
1529,60.0,92.0,,false
1530,60.0,93.0,,false
1531,60.0,88.0,,false
1532,60.0,115.0,,false
1533,100.0,209.0,,false
1534,100.0,250.0,,false
1535,900.0,9.0,,false
1536,1150.0,16.0,,false
1537,1000.0,5.0,,false
1538,1350.0,48.0,,true
1539,500.0,60.0,,true
1540,5000.0,19.0,,true
1541,2200.0,137.0,,true
1542,3500.0,207.0,,true
1543,5000.0,600.0,,true
1544,500.0,152.0,,true
1545,125.0,463.0,,true
1546,40.0,433.0,,true
1547,350.0,144.0,,true
1548,500.0,175.0,,false
1549,500.0,577.0,,false
1550,3300.0,26.0,,false
1551,3300.0,29.0,,false
1552,3300.0,29.0,,false
1553,60.0,229.0,,false
1554,60.0,165.0,,false
1555,60.0,240.0,,false
1556,800.0,5.0,,false
1557,60.0,107.0,,false
1558,60.0,101.0,,false
1559,60.0,120.0,,false
1560,60.0,108.0,,false
1561,60.0,100.0,,false
1562,60.0,111.0,,false
1563,60.0,86.0,,false
1564,60.0,109.0,,false
1565,100.0,244.0,,false
1566,100.0,236.0,,false
1567,900.0,10.0,,false
1568,1150.0,18.0,,false
1569,1000.0,5.0,,false
1570,1350.0,46.0,,true
1571,500.0,56.0,,true
1572,5000.0,19.0,,true
1573,2200.0,131.0,,true
1574,3500.0,302.0,,true
1575,5000.0,600.0,,true
1576,500.0,150.0,,true
1577,125.0,476.0,,true
1578,40.0,414.0,,true
1579,350.0,146.0,,true
1580,500.0,198.0,,false
1581,500.0,395.0,,false
1582,3300.0,22.0,,false
1583,3300.0,26.0,,false
1584,3300.0,29.0,,false
1585,60.0,163.0,,false
1586,60.0,211.0,,false
1587,60.0,242.0,,false
1588,60.0,179.0,,false
1589,800.0,6.0,,false
1590,60.0,117.0,,false
1591,60.0,105.0,,false
1592,60.0,88.0,,false
1593,60.0,83.0,,false
1594,60.0,114.0,,false
1595,60.0,113.0,,false
1596,60.0,113.0,,false
1597,100.0,185.0,,false
1598,100.0,196.0,,false
1599,900.0,9.0,,false
1600,1150.0,14.0,,false
1601,1000.0,7.0,,false
1602,1350.0,50.0,,true
1603,500.0,56.0,,true
1604,5000.0,17.0,,true
1605,2200.0,134.0,,true
1606,3500.0,270.0,,true
1607,5000.0,600.0,,true
1608,500.0,143.0,,true
1609,125.0,502.0,,true
1610,40.0,392.0,,true
1611,350.0,165.0,,true
1612,500.0,191.0,,false
1613,500.0,417.0,,false
1614,3300.0,21.0,,false
1615,3300.0,21.0,,false
1616,3300.0,22.0,,false
1617,60.0,236.0,,false
1618,60.0,235.0,,false
1619,60.0,194.0,,false
1620,800.0,5.0,,false
1621,60.0,109.0,,false
1622,60.0,115.0,,false
1623,60.0,106.0,,false
1624,60.0,105.0,,false
1625,60.0,116.0,,false
1626,60.0,109.0,,false
1627,60.0,110.0,,false
1628,60.0,120.0,,false
1629,60.0,87.0,,false
1630,60.0,90.0,,false
1631,100.0,199.0,,false
1632,100.0,203.0,,false
1633,900.0,7.0,,false
1634,1150.0,13.0,,false
1635,1000.0,8.0,,false
