0 00011 00000 00011 00000 00001 100000	64	LW	R3, 96(R0)
0 00011 00000 00100 00000 00001 100100	68	LW	R4, 100(R0)
1 01001 00011 00100 00101 00000 000000	72	AND	R5, R3, R4
1 00001 00011 00100 00110 00000 000000	76	NOR	R6, R3, R4
1 10010 00011 00111 00000 00000 011001	80	ANDI	R7, R3, #25
1 10011 00100 01000 00000 00000 101010	84	ORI	R8, R4, #42
1 01011 00111 01000 01001 00000 000000	88	SLT	R9, R7, R8
0 00000 00000 00000 00000 00000 001101	92	BREAK
00000000000000000000000000101100	96	44
00000000000000000000000001010001	100	81
00000000000000000000000000000000	104	0
00000000000000000000000000000000	108	0
00000000000000000000000000000000	112	0
00000000000000000000000000000000	116	0
00000000000000000000000000000000	120	0
00000000000000000000000000000000	124	0
