--------------------
Cycle:1	64	LW	R3, 96(R0)

Registers
R00:	0	0	0	44	0	0	0	0
R08:	0	0	0	0	0	0	0	0
R16:	0	0	0	0	0	0	0	0
R24:	0	0	0	0	0	0	0	0

Data
96:	44	81	0	0	0	0	0	0
--------------------
Cycle:2	68	LW	R4, 100(R0)

Registers
R00:	0	0	0	44	81	0	0	0
R08:	0	0	0	0	0	0	0	0
R16:	0	0	0	0	0	0	0	0
R24:	0	0	0	0	0	0	0	0

Data
96:	44	81	0	0	0	0	0	0
--------------------
Cycle:3	72	AND	R5, R3, R4

Registers
R00:	0	0	0	44	81	0	0	0
R08:	0	0	0	0	0	0	0	0
R16:	0	0	0	0	0	0	0	0
R24:	0	0	0	0	0	0	0	0

Data
96:	44	81	0	0	0	0	0	0
--------------------
Cycle:4	76	NOR	R6, R3, R4

Registers
R00:	0	0	0	44	81	0	-126	0
R08:	0	0	0	0	0	0	0	0
R16:	0	0	0	0	0	0	0	0
R24:	0	0	0	0	0	0	0	0

Data
96:	44	81	0	0	0	0	0	0
--------------------
Cycle:5	80	ANDI	R7, R3, #25

Registers
R00:	0	0	0	44	81	0	-126	8
R08:	0	0	0	0	0	0	0	0
R16:	0	0	0	0	0	0	0	0
R24:	0	0	0	0	0	0	0	0

Data
96:	44	81	0	0	0	0	0	0
--------------------
Cycle:6	84	ORI	R8, R4, #42

Registers
R00:	0	0	0	44	81	0	-126	8
R08:	123	0	0	0	0	0	0	0
R16:	0	0	0	0	0	0	0	0
R24:	0	0	0	0	0	0	0	0

Data
96:	44	81	0	0	0	0	0	0
--------------------
Cycle:7	88	SLT	R9, R7, R8

Registers
R00:	0	0	0	44	81	0	-126	8
R08:	123	1	0	0	0	0	0	0
R16:	0	0	0	0	0	0	0	0
R24:	0	0	0	0	0	0	0	0

Data
96:	44	81	0	0	0	0	0	0
--------------------
Cycle:8	92	BREAK

Registers
R00:	0	0	0	44	81	0	-126	8
R08:	123	1	0	0	0	0	0	0
R16:	0	0	0	0	0	0	0	0
R24:	0	0	0	0	0	0	0	0

Data
96:	44	81	0	0	0	0	0	0