Reference,height,width,stripwidth,preemptable
1,1350.0,47.0,720,true
2,500.0,60.0,,true
3,5000.0,19.0,,true
4,2200.0,138.0,,true
5,3500.0,271.0,,true
6,5000.0,600.0,,true
7,500.0,160.0,,true
8,125.0,465.0,,true
9,40.0,442.0,,true
10,350.0,160.0,,true
11,500.0,174.0,,false
12,500.0,599.0,,false
13,3300.0,27.0,,false
14,3300.0,23.0,,false
15,3300.0,26.0,,false
16,60.0,159.0,,false
17,60.0,158.0,,false
18,60.0,205.0,,false
19,60.0,238.0,,false
20,800.0,5.0,,false
21,60.0,111.0,,false
22,60.0,113.0,,false
23,60.0,105.0,,false
24,60.0,95.0,,false
25,60.0,88.0,,false
26,60.0,95.0,,false
27,60.0,96.0,,false
28,60.0,114.0,,false
29,60.0,81.0,,false
30,100.0,223.0,,false
31,100.0,234.0,,false
32,900.0,10.0,,false
33,1150.0,17.0,,false
34,1000.0,5.0,,false
35,1350.0,48.0,,true
36,500.0,60.0,,true
37,5000.0,20.0,,true
38,2200.0,132.0,,true
39,3500.0,391.0,,true
40,5000.0,600.0,,true
41,500.0,160.0,,true
42,125.0,481.0,,true
43,40.0,449.0,,true
44,350.0,152.0,,true
45,500.0,180.0,,false
46,500.0,555.0,,false
47,3300.0,27.0,,false
48,3300.0,25.0,,false
49,3300.0,28.0,,false
50,60.0,231.0,,false
51,60.0,197.0,,false
52,60.0,246.0,,false
53,60.0,233.0,,false
54,800.0,5.0,,false
55,60.0,108.0,,false
56,60.0,120.0,,false
57,60.0,113.0,,false
58,60.0,99.0,,false
59,60.0,115.0,,false
60,60.0,92.0,,false
61,60.0,104.0,,false
62,60.0,108.0,,false
63,100.0,241.0,,false
64,100.0,218.0,,false
65,900.0,7.0,,false
66,1150.0,14.0,,false
67,1000.0,7.0,,false
68,1350.0,47.0,,true
69,500.0,56.0,,true
70,5000.0,18.0,,true
71,2200.0,136.0,,true
72,3500.0,320.0,,true
73,5000.0,600.0,,true
74,500.0,156.0,,true
75,125.0,513.0,,true
76,40.0,399.0,,true
77,350.0,175.0,,true
78,500.0,188.0,,false
79,500.0,537.0,,false
80,3300.0,25.0,,false
81,3300.0,29.0,,false
82,3300.0,24.0,,false
83,60.0,214.0,,false
84,60.0,216.0,,false
85,60.0,181.0,,false
86,60.0,154.0,,false
87,800.0,6.0,,false
88,60.0,107.0,,false
89,60.0,98.0,,false
90,60.0,118.0,,false
91,60.0,101.0,,false
92,60.0,108.0,,false
93,60.0,101.0,,false
94,100.0,196.0,,false
95,100.0,243.0,,false
96,900.0,10.0,,false
97,1150.0,16.0,,false
98,1000.0,8.0,,false
99,1350.0,48.0,,true
100,500.0,60.0,,true
101,5000.0,17.0,,true
102,2200.0,139.0,,true
103,3500.0,332.0,,true
104,5000.0,600.0,,true
105,500.0,146.0,,true
106,125.0,501.0,,true
107,40.0,384.0,,true
108,350.0,178.0,,true
109,500.0,191.0,,false
110,500.0,538.0,,false
111,3300.0,26.0,,false
112,3300.0,24.0,,false
113,3300.0,28.0,,false
114,60.0,195.0,,false
115,60.0,242.0,,false
116,60.0,202.0,,false
117,60.0,240.0,,false
118,800.0,6.0,,false
119,60.0,105.0,,false
120,60.0,84.0,,false
121,60.0,89.0,,false
122,60.0,88.0,,false
123,60.0,104.0,,false
124,60.0,103.0,,false
125,100.0,191.0,,false
126,100.0,223.0,,false
127,900.0,8.0,,false
128,1150.0,15.0,,false
129,1000.0,7.0,,false
130,1350.0,46.0,,true
131,500.0,56.0,,true
132,5000.0,18.0,,true
133,2200.0,139.0,,true
134,3500.0,247.0,,true
135,5000.0,600.0,,true
136,500.0,145.0,,true
137,125.0,516.0,,true
138,40.0,458.0,,true
139,350.0,178.0,,true
140,500.0,179.0,,false
141,500.0,546.0,,false
142,3300.0,21.0,,false
143,3300.0,29.0,,false
144,3300.0,23.0,,false
145,60.0,197.0,,false
146,60.0,157.0,,false
147,60.0,221.0,,false
148,800.0,5.0,,false
149,60.0,94.0,,false
150,60.0,87.0,,false
151,60.0,96.0,,false
152,60.0,119.0,,false
153,60.0,119.0,,false
154,60.0,111.0,,false
155,60.0,82.0,,false
156,100.0,191.0,,false
157,100.0,205.0,,false
158,900.0,9.0,,false
159,1150.0,13.0,,false
160,1000.0,5.0,,false
161,1350.0,49.0,,true
162,500.0,56.0,,true
163,5000.0,19.0,,true
164,2200.0,131.0,,true
165,3500.0,206.0,,true
166,5000.0,600.0,,true
167,500.0,150.0,,true
168,125.0,550.0,,true
169,40.0,371.0,,true
170,350.0,145.0,,true
171,500.0,192.0,,false
172,500.0,316.0,,false
173,3300.0,22.0,,false
174,3300.0,21.0,,false
175,3300.0,30.0,,false
176,60.0,194.0,,false
177,60.0,162.0,,false
178,60.0,245.0,,false
179,60.0,232.0,,false
180,800.0,6.0,,false
181,60.0,98.0,,false
182,60.0,87.0,,false
183,60.0,95.0,,false
184,60.0,84.0,,false
185,60.0,102.0,,false
186,60.0,82.0,,false
187,60.0,101.0,,false
188,100.0,223.0,,false
189,100.0,217.0,,false
190,900.0,7.0,,false
191,1150.0,13.0,,false
192,1000.0,8.0,,false
193,1350.0,49.0,,true
194,500.0,59.0,,true
195,5000.0,17.0,,true
196,2200.0,138.0,,true
197,3500.0,286.0,,true
198,5000.0,600.0,,true
199,500.0,143.0,,true
200,125.0,526.0,,true
201,40.0,412.0,,true
202,350.0,151.0,,true
203,500.0,198.0,,false
204,500.0,356.0,,false
205,3300.0,22.0,,false
206,3300.0,23.0,,false
207,3300.0,21.0,,false
208,60.0,218.0,,false
209,60.0,194.0,,false
210,60.0,154.0,,false
211,800.0,6.0,,false
212,60.0,106.0,,false
213,60.0,106.0,,false
214,60.0,81.0,,false
215,60.0,117.0,,false
216,60.0,87.0,,false
217,60.0,113.0,,false
218,60.0,99.0,,false
219,60.0,95.0,,false
220,60.0,112.0,,false
221,100.0,214.0,,false
222,100.0,194.0,,false
223,900.0,7.0,,false
224,1150.0,17.0,,false
225,1000.0,7.0,,false
226,1350.0,48.0,,true
227,500.0,59.0,,true
228,5000.0,20.0,,true
229,2200.0,134.0,,true
230,3500.0,395.0,,true
231,5000.0,600.0,,true
232,500.0,156.0,,true
233,125.0,537.0,,true
234,40.0,390.0,,true
235,350.0,150.0,,true
236,500.0,189.0,,false
237,500.0,464.0,,false
238,3300.0,25.0,,false
239,3300.0,27.0,,false
240,3300.0,25.0,,false
241,60.0,250.0,,false
242,60.0,212.0,,false
243,60.0,161.0,,false
244,800.0,6.0,,false
245,60.0,105.0,,false
246,60.0,120.0,,false
247,60.0,90.0,,false
248,60.0,110.0,,false
249,60.0,88.0,,false
250,60.0,101.0,,false
251,60.0,102.0,,false
252,100.0,210.0,,false
253,100.0,246.0,,false
254,900.0,8.0,,false
255,1150.0,13.0,,false
256,1000.0,8.0,,false
257,1350.0,50.0,,true
258,500.0,60.0,,true
259,5000.0,20.0,,true
260,2200.0,140.0,,true
261,3500.0,210.0,,true
262,5000.0,600.0,,true
263,500.0,152.0,,true
264,125.0,524.0,,true
265,40.0,362.0,,true
266,350.0,165.0,,true
267,500.0,188.0,,false
268,500.0,427.0,,false
269,3300.0,27.0,,false
270,3300.0,29.0,,false
271,3300.0,24.0,,false
272,60.0,231.0,,false
273,60.0,166.0,,false
274,60.0,177.0,,false
275,60.0,169.0,,false
276,800.0,6.0,,false
277,60.0,84.0,,false
278,60.0,100.0,,false
279,60.0,115.0,,false
280,60.0,102.0,,false
281,60.0,81.0,,false
282,60.0,89.0,,false
283,60.0,104.0,,false
284,60.0,103.0,,false
285,100.0,188.0,,false
286,100.0,211.0,,false
287,900.0,10.0,,false
288,1150.0,14.0,,false
289,1000.0,6.0,,false
290,1350.0,46.0,,true
291,500.0,57.0,,true
292,5000.0,20.0,,true
293,2200.0,140.0,,true
294,3500.0,322.0,,true
295,5000.0,600.0,,true
296,500.0,150.0,,true
297,125.0,537.0,,true
298,40.0,393.0,,true
299,350.0,162.0,,true
300,500.0,193.0,,false
301,500.0,490.0,,false
302,3300.0,26.0,,false
303,3300.0,28.0,,false
304,3300.0,27.0,,false
305,60.0,152.0,,false
306,60.0,182.0,,false
307,60.0,174.0,,false
308,60.0,178.0,,false
309,800.0,6.0,,false
310,60.0,108.0,,false
311,60.0,87.0,,false
312,60.0,102.0,,false
313,60.0,95.0,,false
314,60.0,88.0,,false
315,60.0,85.0,,false
316,60.0,110.0,,false
317,60.0,84.0,,false
318,60.0,82.0,,false
319,100.0,185.0,,false
320,100.0,224.0,,false
321,900.0,10.0,,false
322,1150.0,14.0,,false
323,1000.0,5.0,,false
