Reference,height,width,stripwidth,preemptable
1,1350.0,50.0,720,true
2,500.0,58.0,,true
3,5000.0,16.0,,true
4,2200.0,139.0,,true
5,3500.0,212.0,,true
6,5000.0,600.0,,true
7,500.0,153.0,,true
8,125.0,541.0,,true
9,40.0,408.0,,true
10,350.0,153.0,,true
11,500.0,180.0,,false
12,500.0,547.0,,false
13,3300.0,30.0,,false
14,3300.0,30.0,,false
15,3300.0,24.0,,false
16,60.0,197.0,,false
17,60.0,186.0,,false
18,60.0,215.0,,false
19,60.0,178.0,,false
20,800.0,6.0,,false
21,60.0,116.0,,false
22,60.0,98.0,,false
23,60.0,86.0,,false
24,60.0,99.0,,false
25,60.0,104.0,,false
26,60.0,116.0,,false
27,100.0,202.0,,false
28,100.0,247.0,,false
29,900.0,10.0,,false
30,1150.0,16.0,,false
31,1000.0,8.0,,false
32,1350.0,48.0,,true
33,500.0,56.0,,true
34,5000.0,17.0,,true
35,2200.0,138.0,,true
36,3500.0,297.0,,true
37,5000.0,600.0,,true
38,500.0,146.0,,true
39,125.0,481.0,,true
40,40.0,382.0,,true
41,350.0,158.0,,true
42,500.0,197.0,,false
43,500.0,369.0,,false
44,3300.0,30.0,,false
45,3300.0,30.0,,false
46,3300.0,23.0,,false
47,60.0,172.0,,false
48,60.0,240.0,,false
49,60.0,199.0,,false
50,800.0,6.0,,false
51,60.0,93.0,,false
52,60.0,117.0,,false
53,60.0,96.0,,false
54,60.0,104.0,,false
55,60.0,86.0,,false
56,60.0,107.0,,false
57,100.0,195.0,,false
58,100.0,227.0,,false
59,900.0,9.0,,false
60,1150.0,16.0,,false
61,1000.0,7.0,,false
62,1350.0,50.0,,true
63,500.0,57.0,,true
64,5000.0,18.0,,true
65,2200.0,140.0,,true
66,3500.0,222.0,,true
67,5000.0,600.0,,true
68,500.0,145.0,,true
69,125.0,474.0,,true
70,40.0,384.0,,true
71,350.0,147.0,,true
72,500.0,181.0,,false
73,500.0,517.0,,false
74,3300.0,23.0,,false
75,3300.0,21.0,,false
76,3300.0,30.0,,false
77,60.0,159.0,,false
78,60.0,197.0,,false
79,60.0,180.0,,false
80,800.0,6.0,,false
81,60.0,105.0,,false
82,60.0,115.0,,false
83,60.0,93.0,,false
84,60.0,82.0,,false
85,60.0,107.0,,false
86,60.0,106.0,,false
87,100.0,196.0,,false
88,100.0,218.0,,false
89,900.0,7.0,,false
90,1150.0,15.0,,false
91,1000.0,5.0,,false
92,1350.0,48.0,,true
93,500.0,59.0,,true
94,5000.0,17.0,,true
95,2200.0,137.0,,true
96,3500.0,364.0,,true
97,5000.0,600.0,,true
98,500.0,153.0,,true
99,125.0,544.0,,true
100,40.0,393.0,,true
101,350.0,161.0,,true
102,500.0,177.0,,false
103,500.0,371.0,,false
104,3300.0,26.0,,false
105,3300.0,30.0,,false
106,3300.0,25.0,,false
107,60.0,222.0,,false
108,60.0,206.0,,false
109,60.0,156.0,,false
110,800.0,6.0,,false
111,60.0,82.0,,false
112,60.0,95.0,,false
113,60.0,86.0,,false
114,60.0,118.0,,false
115,60.0,112.0,,false
116,60.0,81.0,,false
117,100.0,245.0,,false
118,100.0,242.0,,false
119,900.0,8.0,,false
120,1150.0,17.0,,false
121,1000.0,5.0,,false
122,1350.0,46.0,,true
123,500.0,56.0,,true
124,5000.0,20.0,,true
125,2200.0,132.0,,true
126,3500.0,277.0,,true
127,5000.0,600.0,,true
128,500.0,155.0,,true
129,125.0,532.0,,true
130,40.0,438.0,,true
131,350.0,148.0,,true
132,500.0,178.0,,false
133,500.0,422.0,,false
134,3300.0,27.0,,false
135,3300.0,21.0,,false
136,3300.0,25.0,,false
137,60.0,234.0,,false
138,60.0,165.0,,false
139,60.0,193.0,,false
140,60.0,169.0,,false
141,800.0,6.0,,false
142,60.0,109.0,,false
143,60.0,103.0,,false
144,60.0,108.0,,false
145,60.0,90.0,,false
146,60.0,83.0,,false
147,60.0,99.0,,false
148,60.0,119.0,,false
149,100.0,188.0,,false
150,100.0,238.0,,false
151,900.0,9.0,,false
152,1150.0,17.0,,false
153,1000.0,5.0,,false
154,1350.0,50.0,,true
155,500.0,56.0,,true
156,5000.0,20.0,,true
157,2200.0,133.0,,true
158,3500.0,255.0,,true
159,5000.0,600.0,,true
160,500.0,147.0,,true
161,125.0,475.0,,true
162,40.0,392.0,,true
163,350.0,175.0,,true
164,500.0,192.0,,false
165,500.0,592.0,,false
166,3300.0,23.0,,false
167,3300.0,29.0,,false
168,3300.0,27.0,,false
169,60.0,187.0,,false
170,60.0,248.0,,false
171,60.0,178.0,,false
172,60.0,198.0,,false
173,800.0,4.0,,false
174,60.0,91.0,,false
175,60.0,97.0,,false
176,60.0,107.0,,false
177,60.0,82.0,,false
178,60.0,98.0,,false
179,60.0,85.0,,false
180,60.0,113.0,,false
181,60.0,103.0,,false
182,60.0,102.0,,false
183,100.0,237.0,,false
184,100.0,200.0,,false
185,900.0,8.0,,false
186,1150.0,15.0,,false
187,1000.0,5.0,,false
188,1350.0,47.0,,true
189,500.0,58.0,,true
190,5000.0,18.0,,true
191,2200.0,138.0,,true
192,3500.0,327.0,,true
193,5000.0,600.0,,true
194,500.0,145.0,,true
195,125.0,472.0,,true
196,40.0,419.0,,true
197,350.0,143.0,,true
198,500.0,188.0,,false
199,500.0,445.0,,false
200,3300.0,23.0,,false
201,3300.0,24.0,,false
202,3300.0,26.0,,false
203,60.0,159.0,,false
204,60.0,169.0,,false
205,60.0,182.0,,false
206,60.0,242.0,,false
207,800.0,6.0,,false
208,60.0,117.0,,false
209,60.0,102.0,,false
210,60.0,96.0,,false
211,60.0,93.0,,false
212,60.0,81.0,,false
213,60.0,100.0,,false
214,100.0,191.0,,false
215,100.0,236.0,,false
216,900.0,7.0,,false
217,1150.0,18.0,,false
218,1000.0,5.0,,false
219,1350.0,48.0,,true
220,500.0,60.0,,true
221,5000.0,17.0,,true
222,2200.0,139.0,,true
223,3500.0,208.0,,true
224,5000.0,600.0,,true
225,500.0,149.0,,true
226,125.0,539.0,,true
227,40.0,427.0,,true
228,350.0,161.0,,true
229,500.0,200.0,,false
230,500.0,567.0,,false
231,3300.0,23.0,,false
232,3300.0,22.0,,false
233,3300.0,26.0,,false
234,60.0,177.0,,false
235,60.0,200.0,,false
236,60.0,227.0,,false
237,60.0,161.0,,false
238,800.0,5.0,,false
239,60.0,91.0,,false
240,60.0,119.0,,false
241,60.0,93.0,,false
242,60.0,97.0,,false
243,60.0,96.0,,false
244,60.0,112.0,,false
245,60.0,82.0,,false
246,60.0,89.0,,false
247,60.0,113.0,,false
248,60.0,114.0,,false
249,100.0,197.0,,false
250,100.0,181.0,,false
251,900.0,7.0,,false
252,1150.0,18.0,,false
253,1000.0,5.0,,false
254,1350.0,46.0,,true
255,500.0,56.0,,true
256,5000.0,20.0,,true
257,2200.0,138.0,,true
258,3500.0,370.0,,true
259,5000.0,600.0,,true
260,500.0,142.0,,true
261,125.0,467.0,,true
262,40.0,399.0,,true
263,350.0,147.0,,true
264,500.0,198.0,,false
265,500.0,520.0,,false
266,3300.0,27.0,,false
267,3300.0,24.0,,false
268,3300.0,23.0,,false
269,60.0,154.0,,false
270,60.0,231.0,,false
271,60.0,241.0,,false
272,800.0,6.0,,false
273,60.0,110.0,,false
274,60.0,112.0,,false
275,60.0,88.0,,false
276,60.0,88.0,,false
277,60.0,95.0,,false
278,60.0,95.0,,false
279,60.0,100.0,,false
280,60.0,109.0,,false
281,100.0,201.0,,false
282,100.0,192.0,,false
283,900.0,8.0,,false
284,1150.0,14.0,,false
285,1000.0,6.0,,false
286,1350.0,49.0,,true
287,500.0,56.0,,true
288,5000.0,20.0,,true
289,2200.0,139.0,,true
290,3500.0,206.0,,true
291,5000.0,600.0,,true
292,500.0,153.0,,true
293,125.0,543.0,,true
294,40.0,447.0,,true
295,350.0,164.0,,true
296,500.0,197.0,,false
297,500.0,390.0,,false
298,3300.0,21.0,,false
299,3300.0,22.0,,false
300,3300.0,28.0,,false
301,60.0,247.0,,false
302,60.0,217.0,,false
303,60.0,239.0,,false
304,60.0,183.0,,false
305,800.0,4.0,,false
306,60.0,89.0,,false
307,60.0,106.0,,false
308,60.0,104.0,,false
309,60.0,112.0,,false
310,60.0,114.0,,false
311,60.0,89.0,,false
312,60.0,97.0,,false
313,60.0,120.0,,false
314,60.0,94.0,,false
315,100.0,225.0,,false
316,100.0,195.0,,false
317,900.0,8.0,,false
318,1150.0,18.0,,false
319,1000.0,6.0,,false
