Reference,height,width,stripwidth,preemptable
1,1350.0,47.0,720,true
2,500.0,59.0,,true
3,5000.0,16.0,,true
4,2200.0,138.0,,true
5,3500.0,330.0,,true
6,5000.0,600.0,,true
7,500.0,149.0,,true
8,125.0,518.0,,true
9,40.0,370.0,,true
10,350.0,158.0,,true
11,500.0,173.0,,false
12,500.0,466.0,,false
13,3300.0,25.0,,false
14,3300.0,23.0,,false
15,3300.0,22.0,,false
16,60.0,242.0,,false
17,60.0,171.0,,false
18,60.0,249.0,,false
19,60.0,212.0,,false
20,800.0,6.0,,false
21,60.0,118.0,,false
22,60.0,87.0,,false
23,60.0,114.0,,false
24,60.0,114.0,,false
25,60.0,95.0,,false
26,60.0,84.0,,false
27,60.0,112.0,,false
28,60.0,90.0,,false
29,60.0,115.0,,false
30,100.0,223.0,,false
31,100.0,182.0,,false
32,900.0,9.0,,false
33,1150.0,14.0,,false
34,1000.0,6.0,,false
35,1350.0,49.0,,true
36,500.0,57.0,,true
37,5000.0,20.0,,true
38,2200.0,140.0,,true
39,3500.0,367.0,,true
40,5000.0,600.0,,true
41,500.0,158.0,,true
42,125.0,487.0,,true
43,40.0,453.0,,true
44,350.0,172.0,,true
45,500.0,199.0,,false
46,500.0,426.0,,false
47,3300.0,22.0,,false
48,3300.0,23.0,,false
49,3300.0,30.0,,false
50,60.0,178.0,,false
51,60.0,156.0,,false
52,60.0,198.0,,false
53,800.0,4.0,,false
54,60.0,109.0,,false
55,60.0,84.0,,false
56,60.0,114.0,,false
57,60.0,96.0,,false
58,60.0,86.0,,false
59,60.0,114.0,,false
60,60.0,102.0,,false
61,60.0,113.0,,false
62,60.0,88.0,,false
63,100.0,234.0,,false
64,100.0,223.0,,false
65,900.0,9.0,,false
66,1150.0,13.0,,false
67,1000.0,7.0,,false
68,1350.0,48.0,,true
69,500.0,60.0,,true
70,5000.0,20.0,,true
71,2200.0,139.0,,true
72,3500.0,386.0,,true
73,5000.0,600.0,,true
74,500.0,150.0,,true
75,125.0,528.0,,true
76,40.0,409.0,,true
77,350.0,176.0,,true
78,500.0,190.0,,false
79,500.0,337.0,,false
80,3300.0,22.0,,false
81,3300.0,26.0,,false
82,3300.0,27.0,,false
83,60.0,192.0,,false
84,60.0,165.0,,false
85,60.0,224.0,,false
86,60.0,245.0,,false
87,800.0,6.0,,false
88,60.0,117.0,,false
89,60.0,95.0,,false
90,60.0,119.0,,false
91,60.0,109.0,,false
92,60.0,106.0,,false
93,60.0,119.0,,false
94,60.0,108.0,,false
95,60.0,107.0,,false
96,60.0,103.0,,false
97,100.0,217.0,,false
98,100.0,243.0,,false
99,900.0,9.0,,false
100,1150.0,18.0,,false
101,1000.0,8.0,,false
102,1350.0,46.0,,true
103,500.0,60.0,,true
104,5000.0,18.0,,true
105,2200.0,132.0,,true
106,3500.0,368.0,,true
107,5000.0,600.0,,true
108,500.0,160.0,,true
109,125.0,491.0,,true
110,40.0,358.0,,true
111,350.0,151.0,,true
112,500.0,173.0,,false
113,500.0,395.0,,false
114,3300.0,29.0,,false
115,3300.0,24.0,,false
116,3300.0,29.0,,false
117,60.0,204.0,,false
118,60.0,165.0,,false
119,60.0,223.0,,false
120,800.0,6.0,,false
121,60.0,113.0,,false
122,60.0,97.0,,false
123,60.0,105.0,,false
124,60.0,95.0,,false
125,60.0,117.0,,false
126,60.0,100.0,,false
127,60.0,96.0,,false
128,60.0,101.0,,false
129,60.0,119.0,,false
130,100.0,249.0,,false
131,100.0,236.0,,false
132,900.0,9.0,,false
133,1150.0,13.0,,false
134,1000.0,8.0,,false
135,1350.0,49.0,,true
136,500.0,58.0,,true
137,5000.0,17.0,,true
138,2200.0,135.0,,true
139,3500.0,372.0,,true
140,5000.0,600.0,,true
141,500.0,158.0,,true
142,125.0,518.0,,true
143,40.0,427.0,,true
144,350.0,167.0,,true
145,500.0,172.0,,false
146,500.0,572.0,,false
147,3300.0,24.0,,false
148,3300.0,29.0,,false
149,3300.0,28.0,,false
150,60.0,156.0,,false
151,60.0,237.0,,false
152,60.0,163.0,,false
153,60.0,200.0,,false
154,800.0,6.0,,false
155,60.0,82.0,,false
156,60.0,91.0,,false
157,60.0,120.0,,false
158,60.0,111.0,,false
159,60.0,91.0,,false
160,60.0,84.0,,false
161,60.0,98.0,,false
162,60.0,88.0,,false
163,100.0,187.0,,false
164,100.0,216.0,,false
165,900.0,8.0,,false
166,1150.0,16.0,,false
167,1000.0,7.0,,false
168,1350.0,46.0,,true
169,500.0,58.0,,true
170,5000.0,19.0,,true
171,2200.0,139.0,,true
172,3500.0,249.0,,true
173,5000.0,600.0,,true
174,500.0,159.0,,true
175,125.0,477.0,,true
176,40.0,447.0,,true
177,350.0,145.0,,true
178,500.0,200.0,,false
179,500.0,514.0,,false
180,3300.0,25.0,,false
181,3300.0,23.0,,false
182,3300.0,29.0,,false
183,60.0,244.0,,false
184,60.0,219.0,,false
185,60.0,189.0,,false
186,800.0,6.0,,false
187,60.0,112.0,,false
188,60.0,111.0,,false
189,60.0,89.0,,false
190,60.0,83.0,,false
191,60.0,82.0,,false
192,60.0,119.0,,false
193,100.0,205.0,,false
194,100.0,198.0,,false
195,900.0,7.0,,false
196,1150.0,18.0,,false
197,1000.0,7.0,,false
198,1350.0,46.0,,true
199,500.0,60.0,,true
200,5000.0,16.0,,true
201,2200.0,132.0,,true
202,3500.0,264.0,,true
203,5000.0,600.0,,true
204,500.0,145.0,,true
205,125.0,529.0,,true
206,40.0,365.0,,true
207,350.0,155.0,,true
208,500.0,197.0,,false
209,500.0,559.0,,false
210,3300.0,29.0,,false
211,3300.0,26.0,,false
212,3300.0,21.0,,false
213,60.0,185.0,,false
214,60.0,226.0,,false
215,60.0,244.0,,false
216,60.0,173.0,,false
217,800.0,6.0,,false
218,60.0,100.0,,false
219,60.0,87.0,,false
220,60.0,81.0,,false
221,60.0,119.0,,false
222,60.0,119.0,,false
223,60.0,110.0,,false
224,60.0,101.0,,false
225,60.0,116.0,,false
226,60.0,99.0,,false
227,60.0,95.0,,false
228,100.0,207.0,,false
229,100.0,239.0,,false
230,900.0,8.0,,false
231,1150.0,14.0,,false
232,1000.0,6.0,,false
233,1350.0,47.0,,true
234,500.0,58.0,,true
235,5000.0,20.0,,true
236,2200.0,132.0,,true
237,3500.0,268.0,,true
238,5000.0,600.0,,true
239,500.0,148.0,,true
240,125.0,484.0,,true
241,40.0,397.0,,true
242,350.0,151.0,,true
243,500.0,175.0,,false
244,500.0,567.0,,false
245,3300.0,28.0,,false
246,3300.0,29.0,,false
247,3300.0,30.0,,false
248,60.0,199.0,,false
249,60.0,224.0,,false
250,60.0,165.0,,false
251,800.0,4.0,,false
252,60.0,88.0,,false
253,60.0,95.0,,false
254,60.0,84.0,,false
255,60.0,85.0,,false
256,60.0,118.0,,false
257,60.0,84.0,,false
258,60.0,92.0,,false
259,60.0,85.0,,false
260,100.0,219.0,,false
261,100.0,250.0,,false
262,900.0,9.0,,false
263,1150.0,14.0,,false
264,1000.0,8.0,,false
265,1350.0,49.0,,true
266,500.0,56.0,,true
267,5000.0,17.0,,true
268,2200.0,136.0,,true
269,3500.0,298.0,,true
270,5000.0,600.0,,true
271,500.0,141.0,,true
272,125.0,500.0,,true
273,40.0,390.0,,true
274,350.0,145.0,,true
275,500.0,176.0,,false
276,500.0,387.0,,false
277,3300.0,25.0,,false
278,3300.0,24.0,,false
279,3300.0,23.0,,false
280,60.0,250.0,,false
281,60.0,223.0,,false
282,60.0,230.0,,false
283,800.0,4.0,,false
284,60.0,94.0,,false
285,60.0,86.0,,false
286,60.0,82.0,,false
287,60.0,106.0,,false
288,60.0,87.0,,false
289,60.0,91.0,,false
290,60.0,108.0,,false
291,100.0,198.0,,false
292,100.0,227.0,,false
293,900.0,7.0,,false
294,1150.0,18.0,,false
295,1000.0,5.0,,false
296,1350.0,48.0,,true
297,500.0,58.0,,true
298,5000.0,19.0,,true
299,2200.0,139.0,,true
300,3500.0,310.0,,true
301,5000.0,600.0,,true
302,500.0,160.0,,true
303,125.0,487.0,,true
304,40.0,433.0,,true
305,350.0,170.0,,true
306,500.0,193.0,,false
307,500.0,495.0,,false
308,3300.0,28.0,,false
309,3300.0,29.0,,false
310,3300.0,23.0,,false
311,60.0,172.0,,false
312,60.0,158.0,,false
313,60.0,242.0,,false
314,60.0,161.0,,false
315,800.0,6.0,,false
316,60.0,120.0,,false
317,60.0,116.0,,false
318,60.0,81.0,,false
319,60.0,101.0,,false
320,60.0,85.0,,false
321,60.0,99.0,,false
322,60.0,107.0,,false
323,60.0,96.0,,false
324,60.0,115.0,,false
325,100.0,249.0,,false
326,100.0,242.0,,false
327,900.0,7.0,,false
328,1150.0,18.0,,false
329,1000.0,8.0,,false
