50
4 6 4
1 4 2 1
100 10 1
1
5 5 10
2 4 2 3 4 2 1 2 1 3
1 1 1
1
100 2 2
1 2
1000 100 10
4 3 9 1 2 5 6 9 1 10
1 10 10
4 3 4 1 2 5 6 9 1 10
1 10 9
1 1 1 1 1 1 1 1 1
1000 10 9
1 1 1 1 1 1 1 1 1
934 9 10
8 8 8 8 8 8 8 8 8 8
734 3 10
1 2 3 3 2 1 1 2 3 1
345 19 10
10 10 10 10 10 10 10 10 10 10
765 10 10
10 1 10 1 10 1 10 1 10 1
1000 100 10
10 10 10 10 10 10 10 10 10 10
734 20 10
1 2 3 4 5 6 7 8 9 10
631 16 10
10 9 8 7 6 5 4 3 2 1
2 9 6
7 3 7 6 8 4
4 10 5
4 5 7 7 3
4 9 6
7 2 8 8 5 6
3 13 9
7 10 1 3 3 4 3 3 3
740 12 9
6 10 6 2 8 4 4 10 8
247 12 9
9 5 7 4 4 5 3 2 6
754 8 9
4 8 1 3 2 4 7 4 5
690 11 10
4 3 7 4 10 7 8 8 1 4
5 23 10
6 6 5 2 1 3 2 9 5 6
5 23 10
1 4 10 10 10 6 2 8 9 3
8 27 10
4 3 5 10 2 10 7 8 3 7
7 23 9
7 1 3 3 1 5 6 10 6
106 16 10
9 9 5 7 6 9 8 8 8 7
56 29 10
9 6 6 6 7 6 9 7 5 8
117 19 8
9 5 5 5 8 6 7 6
266 23 10
9 9 8 6 7 7 6 6 5 7
479 27 8
6 5 7 9 9 7 8 8
284 61 9
9 7 8 5 5 8 7 9 9
425 77 8
9 8 8 5 8 5 9 5
168 59 10
7 6 7 8 6 6 6 7 5 5
677 68 8
6 5 5 5 8 5 7 9
524 24 9
8 5 9 9 8 5 9 7 8
232 83 5
7 8 7 9 6
3 55 7
8 7 9 5 5 9 8
567 66 8
6 5 5 7 6 8 9 5
913 44 6
5 8 5 5 7 7
942 100 8
5 9 5 5 5 7 6 5
975 74 5
7 9 5 6 5
274 96 8
7 8 6 7 6 9 8 6
149 2 7
2 2 2 2 2 2 2
666 75 7
6 9 9 5 6 5 7
450 99 5
6 6 9 6 5
994 32 8
6 7 5 7 6 7 6 5
787 36 8
7 7 9 8 9 6 9 6
