1000
50 700 2
19 57 3
1 1000 2
24 97 2
1283 359157888 6
342325610 640231517 4
147 1087 7
139 583008256 4
8549491 148674637 5
245031 245032000 10
363 763363328 8
265369637 749920755 8
34 12306 3
69 683593750 5
3687 217713663 9
2568 79534935 9
5914371 739296375 5
19015818 909237675 9
402605285 433629992 9
5 2688268 4
76 745 10
3 536870912 2
105663768 304452178 7
86026 27513696 7
20 244697 3
30283 992313345 2
281788773 564387096 5
3 339515 9
658 7679 8
357566497 410696678 9
9 30 7
93778808 937788079 10
2 11009 2
192 1380446 9
157642564 308194807 10
159975390 994409526 8
38392 49754736 6
175211728 403395056 3
105356730 700629809 4
718499790 851674706 4
92908762 783696161 6
166534917 274118429 4
18 301989889 8
113110640 999409893 5
2780 182124544 4
16890318 50670951 3
14496159 14845774 7
607626191 851605742 10
6 4068 3
98723862 739215124 10
2 8 5
5524640 279261400 7
5609698 359933839 9
18175 181760000 10
95943232 676946414 4
8 1982650 7
29 234881024 2
480 255465 9
14884 52612 10
860535889 874662175 8
3646 170107777 6
27584146 197734383 9
292198983 739216564 7
2 567 5
4 1295 9
422709593 846846320 10
340 89410060 10
1 282475249 7
19741 177039609 5
497333721 558978704 6
3 427459789 8
108403 888037377 2
68 39457283 10
24768626 188627437 8
2498 654835712 4
345 447072 3
109116667 974595724 10
35 449200308 6
707100655 741987469 10
6035 791019520 2
22067876 551696925 5
78654225 985425188 8
338605815 382816637 7
1348818 21581088 4
3035597 194278144 8
9820 1129974 6
2493 4610073 3
220321936 527253464 9
3040 177360 8
1 14847879 9
62611 978296875 5
195359325 445026919 3
12 58 5
106384015 489710296 3
6 167772160 2
622158940 964846583 10
3931 77354190 3
666891350 792029270 5
622942515 996766639 7
26396878 345323765 9
1 536870913 2
548326830 734307175 10
243486498 417210451 7
108677680 319490053 10
1 244140625 5
475795501 547010062 4
7520901 134410549 4
833346361 992704026 4
663428926 850229673 9
2 774840978 3
30162429 461227467 5
95030 389238784 4
42 12041 3
496916365 563399308 3
3 268435456 8
1235 145296514 7
139795177 624754822 7
590736 144414407 6
864 163603 10
948 949000000 10
233914061 748193146 6
366233695 452634004 7
116291894 902518987 4
32371 181926895 6
27932 469453124 7
119472446 588125543 10
10 604661760 6
380 1158 7
160 507571 9
2700330 926213533 7
34386616 65924827 2
6585 48232 2
289982924 626984287 6
65 640000000 10
128069 307493670 7
782310929 969493278 3
4 3479 6
3 134217728 4
1349942 463030106 7
529222906 831598827 7
8 840621785 3
32320153 946073819 6
9 3432 4
963 56923236 3
6 402653184 4
182 10705 4
19166388 306662224 4
263 34340864 2
1 8 7
584321375 720268152 7
86 38829 7
5788672 153196080 3
760042856 818550731 5
170876002 734145010 6
5121 167804929 8
1 536870911 2
86988871 595224351 5
9319151 692462736 4
172348600 849962318 10
963 511777683 9
52 103154 6
457454695 884255169 5
478 2913 5
10683 742763 6
448991453 897982905 2
614462 447942797 3
802720297 876386491 4
157157 64358830 8
59 48589036 7
3147969 201470080 2
2097 549715969 2
3497188 895280128 2
18 28697814 3
9193 348715 7
31933292 52488413 9
832360798 847845522 3
723353082 994436338 5
66985 5182403 7
71 318 5
1622 294901 7
263098256 431115061 5
577169623 994603698 7
13 822657 6
146774446 522476523 5
589640419 739944481 10
2 725594112 6
2 982911732 5
117909065 172047118 7
775 6629 8
12665 747855584 9
226993990 797927425 3
9 77 9
418089865 521126969 6
1578002 340848433 6
8618002 86180030 10
2718557 692673213 9
50137 15608512 7
6 805306369 2
96600 395669504 2
7 755429064 10
11282 4636495 6
8 14527 9
2196 857812500 5
163200326 979201957 6
2489 163119105 2
440231017 718039215 8
3115944 311594400 10
53040986 265204929 5
5123216 640402001 5
518757591 883208195 5
192 918330049 9
4 7897502 7
6383 100137784 10
6 188 9
9 30965 3
14867954 524815056 8
625805013 823303943 2
210707 22833368 8
6610 433192961 4
2459 145201490 3
3 313439 7
211918180 340256378 8
4 421 4
187635453 242685087 4
1383185 177047552 2
125749266 527563206 8
24 419430400 4
3377 885260287 8
2745967 19566478 5
88 880000001 10
154400993 463202979 3
5 645700814 3
1446334 144633399 10
3676571 235300544 8
57327 3246387 10
8 18 4
3585 634894848 3
26 358722675 3
514775104 976211053 10
723 841455 5
98 769333 6
1117623 572222976 8
580854280 846734523 5
35705682 964053387 3
21 30888454 9
71639 146716672 2
85523 855230000 10
7 134217728 2
641374503 679495815 3
29 1803268 10
6490 101406249 5
3 387420490 3
715349047 770972991 6
907889 661851081 9
75926 182298326 7
39 2731319 9
241015559 482031119 2
3 240298 6
28250852 857336928 8
42 98658872 5
1427217 115604576 3
5 11 7
1084082 69381248 4
197633217 988166090 5
600 64672489 3
438 449335425 10
127969 524165120 8
218275132 249384356 8
391 27565 10
670 8441410 5
533850574 717397886 4
696 369882937 9
284000375 635372720 3
141492019 535006311 7
1201033 614929408 8
9214 1511571 10
133490435 814302213 5
1148077 836948134 9
592732 592731999 10
650809074 898462777 6
10191423 711539462 3
822277769 872264811 6
6135 18981 8
110530341 329187657 9
2 60466176 6
236894861 704073818 10
105700290 422801160 4
4381 342343750 5
303493465 581887784 4
35 587202559 8
25 12219 4
2687 36178503 4
499924816 744168171 3
4 201326592 2
513600247 723999780 5
174859736 576984433 6
66 665127937 6
2806420 718443521 4
131383016 550638077 6
201448 536025 7
170 813104730 9
71669732 358348660 5
516575631 802477473 5
96399691 782287087 5
290648181 708432898 5
180886619 699230282 8
760 625892680 7
25 244140624 5
441576893 981735950 7
7344802 359895298 7
92796447 818166660 3
573 299892736 2
48022662 768362608 2
5950 1285035 9
47733 98899 7
5 244 6
5559 555900001 10
20441591 511039775 5
14 33967 10
1714891 15207701 5
795692533 994488409 9
581 147418 9
790948264 839485423 3
7 130814 5
28709311 689109271 10
848 16876268 7
328619462 683730524 10
153963093 244519180 8
26643093 719363538 3
98 6494 8
191413685 812328934 8
119754 23091628 10
3020804 652493663 6
1 1000000000 10
665 80219 7
47556199 500784506 6
14709 86594004 4
480648541 575316005 10
292007193 800039862 5
12848 842006527 2
1248845 95115735 6
1094959 6086049 10
7 939524096 8
563022 7599743 5
2869 508234743 3
1 171983 4
36 1039 2
1 2508965 4
740230347 839287952 5
482717 86908421 3
13 656 4
57 121748 5
10845 710737920 2
7 487245265 6
4710215 41548419 3
21 14677081 8
1978285 506440961 2
366176062 546862569 10
10 201 3
495184672 865688132 7
2 23 2
696040400 860442606 4
81111 3216045 6
13945 108833 6
15 906992641 6
3964 838095545 3
294763933 798755804 7
14170 132037 9
132 221709312 6
809372 590032188 3
23 990074583 3
154195082 181483133 3
74703159 590623772 7
19404 34346 6
188004823 770053832 8
972 89697 4
168 328125001 5
36115254 899315787 3
60657974 470588019 9
68716564 302213719 8
45631 37923873 3
509796491 912229344 7
560 4168513 9
111289 911679487 2
72360355 651243194 3
527020390 695901402 9
176292 385550604 3
2 86093442 9
111127721 376307015 9
87 261166 9
1 90144 7
37439 89888638 7
173154 354621440 2
400718928 521546923 5
199175460 788720249 7
281931372 591654291 10
114 211206 9
390795 127210834 8
321119299 550172261 10
13 145788 3
6 163246818 10
365 382730240 4
499166160 814601741 8
385421 1527079 2
530692553 580426294 2
180308698 565159082 10
1 1000000000 10
14 13282403 8
51 358162 3
167 696254464 4
3 847425748 7
18 479 6
20 903981141 9
1246 326631424 8
2644 740150783 6
226 947912705 2
5 244140626 5
622736 389210625 5
631 802 6
823794602 981482421 8
514 538968065 4
7 258280326 3
2 1245 9
3 121060820 7
1 457786 6
29591666 207141661 7
483130421 675236093 9
12268470 196295519 2
10386 26645 6
846839 617345630 9
1362810 981993421 10
1 8161 8
490020635 853290545 10
51 239148450 3
415 695361024 6
253563 328618944 6
5532 5570109 5
249 484375000 5
74249 74249000 10
453042539 988824408 8
359601617 646299586 2
587366237 934737085 4
6 774840978 3
705 275390626 5
673264863 712533698 6
1429397 245943858 2
2251 58606408 8
6 36138 4
37355792 886247141 10
11649 35569 6
3 2703333 6
392181 517581099 6
650903464 915966913 4
186111828 808895030 7
1897 336047860 3
1 999999999 10
567517347 626475944 7
315 76971 6
502990812 919024244 8
339 57480112 8
38486875 346381876 3
277394 568100864 2
2 536870912 4
10 3862094 6
3 67760 8
48856713 759169979 9
137823540 951293727 5
68311343 406400334 10
6803 680200000 10
2065 128242626 9
15966479 399161974 5
52537228 472835052 3
2 774840977 3
240531959 459369050 8
1656455 402518322 3
65278865 839635941 7
1 268435456 4
42556 697237504 4
66 10840120 9
196261 10330102 8
160 694 6
638760438 951352203 8
228698 786506003 4
8230606 915135931 7
104590 686214989 3
330760874 937132155 9
257268590 916386076 5
75662616 208479066 8
6639 12392 3
8 387420489 3
80948 809479999 10
1391515 356227840 4
3 46 9
156 3204312 5
53520 351144720 9
584 227734375 5
435 1374756 5
49773575 760817434 6
633884 162274048 2
11154 658632546 3
762010961 839068377 4
61 604661760 6
658201027 915537064 7
1185791 12389628 7
425510411 717369902 4
74 641212 8
291892095 869421851 10
262886088 701630056 5
7245 1564920 6
53286693 426293544 2
2716 2472393 2
34818510 97754354 9
746307303 940744032 4
215762529 312457035 7
532 1988 8
6636511 849473409 2
165587179 525675935 5
119061 372065625 5
330 11112 9
20998 113862 2
18949 372973167 3
320708033 923325068 4
105 668302 10
6756083 864778624 2
16 645700815 9
236107858 240321498 8
440476 963321011 3
202 6892374 5
7585 1174138 8
5 335544321 4
602886849 784714331 10
705314 722241536 4
676585906 955648830 8
16449660 806033341 7
262490782 882538368 5
62747 411683068 3
395683210 739730164 7
2879881 638358073 4
20 587 8
53780407 482336217 6
14333869 92500040 8
94 157883905 6
148095788 402703229 7
517653639 665399838 3
382241 391414785 2
1 268435456 2
902314037 911121512 4
213818 124481483 9
12 12000000 10
1561 2161390 3
11727469 82092284 7
3 169840354 6
281 5219553 8
28074772 449196336 4
63 1549 7
9 800000000 10
445801487 989155968 6
12124 203768067 7
23911 1851852 8
305386102 893167063 9
30 15728641 2
221066041 337344780 9
13569959 902277321 4
6 10 7
116 668716916 7
93322 382246912 8
123837298 453513470 5
385167805 919364012 5
346025502 384518773 10
57 956301312 2
2362893 85064147 6
24920023 897120828 6
13 28 8
8 13227325 10
827 216793089 8
68971863 137943726 2
423 249887669 9
600171105 964936978 9
110388 94928433 9
85318864 262351697 5
914976 468467711 8
87118245 390610238 5
82329 15901995 10
261829 6647527 5
21 287 8
435162380 590431500 8
645840879 713422495 4
77 368288613 3
15034124 930560479 6
288 9954758 7
79963 524637244 9
129692817 297554814 4
1971 2329119 10
2573 425964977 4
652 341835776 2
168336462 673345852 2
5538 651540163 7
2 8 8
191596910 924049931 5
167810796 365520243 5
439117225 903280563 5
388504008 839389203 5
1614886 161488700 10
16 8744 10
437 13529587 5
9401055 761485456 3
189132 245115072 6
8122471 657920151 9
79 1501317 9
108343776 963379008 8
2723 320358227 7
50596 828964864 2
4153 25211 10
401176367 679579729 4
925 102149 9
631011783 808624992 6
24 968486569 7
32907 511409238 5
1 203977 9
426 5761 6
2 511679 7
1812690 262592526 7
160 675282944 4
124 32243712 2
298008 651743497 3
37380352 224282106 6
4 976562501 5
197682612 919652965 6
3018 235781250 5
761534 549579198 3
16 288 7
1 18851047 10
1 536870912 2
341009646 972408909 3
9047482 732846123 9
238517903 272028311 5
1055 16618 10
172112868 779639050 8
8043 131792896 4
695979742 812162837 7
160123044 702067722 6
330037369 911338550 5
424939542 802708758 5
213 889192448 2
281676822 812581679 9
136960889 689628964 3
2096 637024680 10
86919178 671023224 7
101526 789466177 6
65222037 357830803 10
45876 751648768 2
48 1735227 7
38766959 406659931 9
43 721420288 8
753305950 967017786 8
260426703 685492468 9
2 200000000 10
4057715 328674914 9
238095149 644019644 8
47 209742 4
92603100 833427891 9
720 23592960 2
12662053 202592848 2
5 67108864 4
273 3246 2
5634269 209781786 8
103164303 928478727 9
271057878 462554954 10
50341282 453071539 9
2258 125118820 8
2975402 70605522 4
369205811 992654697 4
109500538 785469100 4
2 36 7
495385910 547007157 9
104286700 932645396 8
239130808 453640421 9
1891 5253594 9
5069869 351803955 10
234958756 259819910 8
423804847 485598310 5
849166 54346560 4
406580181 802724420 9
21271 456896 9
11227 6772689 7
116384014 404126195 3
55 537109375 5
522038327 809570947 6
188 27301 3
22516 43640 10
221384 906788864 4
1699 105444388 7
221587138 773903143 6
547141 68392500 5
342396008 449779758 9
6941 323839295 6
489159706 630536783 8
321879298 635130743 6
9 168 4
22977 752910335 8
72731 565548480 6
494 262000413 9
346148131 484944455 10
203 4446285 6
141176523 901172129 8
140581365 845684650 3
19047 6677229 7
237817998 462723441 6
2 1160922 4
615910604 813054111 10
21 610202 3
521441645 699986163 7
92117 754622464 2
674589455 816542892 7
36 153078409 6
3 402653183 2
765339204 870470666 4
21 704643072 2
536012028 657892627 7
439755685 771369614 5
158535714 711908155 5
477991304 781516480 9
24173 500562 2
7087 196301 7
6592035 421890176 2
11 6292 9
822270 842004481 4
54552 357915671 9
3492459 223517440 8
113366665 470392690 4
651044935 882945880 2
63183390 675262423 3
320690082 486989897 6
1 134217728 2
765 801112064 2
1 536870912 2
132 378546576 10
162785415 450964991 2
155286079 397140414 5
341686746 628528594 9
94235293 565411758 6
357291 25716018 8
3809922 308603682 3
415244279 720798610 6
149170170 340916902 7
1062993 258307299 3
13287 784643112 9
219 918552576 2
325327432 938553316 7
3 235197 4
22 184549377 2
577909942 891473207 4
195449006 748471953 3
519590582 789292341 9
20534204 657094529 2
664625753 717611784 5
273876377 886652803 8
51 427819008 2
4 112 10
546113689 668574279 10
373173920 923975953 2
586251939 828267085 6
364 574371704 8
434582310 629887220 10
32666857 228667999 7
131283892 812287991 9
1187 29973 9
2120916 20788633 4
91279561 730236489 2
91026828 961735157 3
4 805306368 4
164 779623947 9
131872 412100001 5
62295025 533949301 6
493739836 509070214 10
301950151 968605611 8
248920311 995681240 4
22113 371653192 7
13855 46013049 9
24 380 6
1 268435456 8
360820241 415616630 9
494513646 573605541 10
61284122 787241431 6
102067249 877301791 9
50282 766359044 3
38391 348641404 9
9813260 265130208 7
1578578 808231937 2
3 31833475 6
6404 13396 3
20740 1104989 4
1936554 991515648 2
581870414 872130135 3
41 1436061 9
68904 9737450 6
869991516 973617881 7
232726207 673245329 3
39868506 917393729 7
125 262144000 8
1677 891226557 3
572866 7155628 3
2 215 7
238898003 875427276 6
3 5 10
8589371 274859840 2
1519 807790320 3
399 836763647 2
48897824 332513174 9
2295394 20337316 3
2 127724774 8
893102 914535424 2
34475355 938340856 10
20393 63728124 5
330949 1523117 8
37960960 379609600 10
222404174 677262096 10
5897 63942 5
5279 527900000 10
28933268 739990876 5
707264 19096128 3
449698445 787258551 10
438927369 853237257 4
466475019 952931319 8
637848180 807745371 9
15182 95727 5
189 49545216 2
129149873 964943035 2
376384027 470166362 7
6 59575455 5
19720054 157760440 8
3178 208273408 4
106342475 850739800 8
3 725594112 6
418 878706688 2
2 97656250 5
11530794 415108585 6
131 8492 7
167826517 749540072 6
1 29 10
16104 814717816 10
444408345 756988870 6
30133 493699071 2
835042 427541503 2
15324076 490370432 2
248317758 405609408 8
511461 319663124 5
165 1104 2
94 541891293 7
113402627 907221015 8
97434167 389736669 4
2 774840977 9
212 337996475 3
922 966787073 2
128883 527904768 2
216775 887906304 8
17 170000000 10
182 4611788 7
1 10323527 4
338658 15220168 5
5 600000000 10
84156068 746394017 10
197462767 450981917 5
360637196 818571501 8
135247 138492928 2
1 244140624 5
519397410 705578630 7
17 686011319 7
28 469762047 2
389187728 611692761 6
12446 972343749 5
293391712 695565509 10
1 774840978 3
209337913 837351648 2
94835271 955198006 4
1 362797057 6
167675201 806715622 6
9 143489070 3
7643249 185332036 9
412109769 953030837 4
545555445 926331572 7
1054908 16291689 4
18692 439347485 3
38 637534208 4
420819 263011875 5
1938 13544 9
597 624951296 4
170466421 511399266 3
300 565 8
51244 67212327 9
162619148 192015639 9
457087154 784607833 10
280 22925 10
738738 756467711 4
136312242 864334389 6
373581201 885850521 8
335488723 801058933 7
2 564950497 7
67 350201 8
13 11721 6
82834 832325983 5
696 49412841 10
59890133 769553098 5
11 738197504 2
813531 52065985 4
451490031 502225906 10
1528 400556033 4
626 625999999 10
29 292253184 6
15938 10110345 8
27 131539 7
35 73400320 2
2184785 117748310 8
19 927734374 5
152579239 302524674 8
741313138 818365125 9
18170 847739520 6
1213 6113386 7
611894781 890225507 6
43935007 954394462 4
6585 863109121 2
583 480125570 7
5861 1771732 3
173 181403648 2
8919 69354144 6
428539742 590744703 9
239571718 654060117 9
383603297 542002821 8
12867274 15603356 4
361 577144926 3
21904 717750272 8
831010540 895881334 5
4 447604829 10
67 961376769 3
141153 926104833 3
218207 893775873 2
78790504 744611940 5
2 112 4
217700106 870800424 2
83001865 202845380 4
1 387420489 9
30676 479312501 5
2773 726663168 4
2356084 115448115 7
575876713 672583357 6
102761599 761621239 9
91975 169765773 10
3 402653184 2
24432 800587775 2
32458101 719819472 9
104 5481 6
379725461 737856203 8
408 114213889 6
307388163 492065502 9
114 550041435 3
20 10376 4
8512704 544813056 2
174565575 802305453 3
80979509 647836071 2
121788393 815698804 3
80 167772159 8
18 603979777 2
44 253651245 7
352258292 413753528 9
1143711 11601427 6
346135966 897534101 10
50666402 674473496 4
53829 881917952 4
100398 411234304 4
28306573 337980415 4
124817244 221001473 10
2 774840979 9
962114 701381835 3
16068 316266445 3
3666157 74570668 3
71668 927885 2
14 1434386 4
3085 18542331 8
222725928 760050546 10
684 362974203 3
543192317 974076444 4
1112724 4235357 10
470 917968750 5
477 5237600 8
60762390 387619457 8
225238544 308931890 10
15043791 117988130 7
100315563 437082821 6
3146697 764647372 3
3552935 909551359 4
628620 215616317 7
4167 29682101 8
364 2446654 5
5 2532107 4
129 993 3
811946500 855271652 6
346523296 987269892 6
248375741 838081319 7
5700422 108475167 10
277176 34797792 8
