Beasley
FileName	Non-Pre		Pre		PreDW		PreIW		Mixed
GCUT01.csv	1016.000000	743.000000	743.000000	743.000000	1016.000000	
NGCUT12.csv	104.000000	89.000000	89.000000	89.000000	95.000000	
NGCUT03.csv	34.000000	31.000000	31.000000	31.000000	37.000000	
NGCUT04.csv	23.000000	23.000000	23.000000	23.000000	23.000000	
NGCUT05.csv	46.000000	37.000000	37.000000	37.000000	37.000000	
NGCUT02.csv	33.000000	30.000000	30.000000	30.000000	33.000000	
NGCUT08.csv	44.000000	38.000000	38.000000	38.000000	38.000000	
NGCUT01.csv	25.000000	23.000000	23.000000	23.000000	25.000000	
NGCUT06.csv	42.000000	36.000000	36.000000	36.000000	38.000000	
GCUT04.csv	3992.000000	3026.000000	3026.000000	3026.000000	3343.000000	
GCUT03.csv	1971.000000	1691.000000	1691.000000	1691.000000	1839.000000	
NGCUT10.csv	85.000000	85.000000	85.000000	85.000000	85.000000	
NGCUT07.csv	21.000000	21.000000	21.000000	21.000000	21.000000	
NGCUT09.csv	66.000000	58.000000	58.000000	58.000000	58.000000	
GCUT02.csv	1564.000000	1191.000000	1191.000000	1191.000000	1278.000000	
NGCUT11.csv	69.000000	66.000000	66.000000	66.000000	69.000000	
Burke
FileName	Non-Pre		Pre		PreDW		PreIW		Mixed
N1Burke.csv	48.000000	46.000000	46.000000	46.000000	48.000000	
N10Burke.csv	198.000000	190.000000	190.000000	190.000000	196.000000	
N9Burke.csv	209.000000	177.000000	177.000000	177.000000	179.000000	
Error in file: N6Burke.csv
N7Burke.csv	165.000000	160.000000	160.000000	160.000000	163.000000	
N8Burke.csv	112.000000	108.000000	108.000000	108.000000	108.000000	
N11Burke.csv	193.000000	167.000000	167.000000	167.000000	180.000000	
N12Burke.csv	380.000000	371.000000	371.000000	371.000000	374.000000	
N4Burke.csv	130.000000	126.000000	126.000000	126.000000	130.000000	
N3Burke.csv	58.000000	55.000000	55.000000	55.000000	55.000000	
Error in file: N5Burke.csv
N2Burke.csv	71.000000	59.000000	59.000000	59.000000	63.000000	
ChristWhitLock
FileName	Non-Pre		Pre		PreDW		PreIW		Mixed
CGCUT02.csv	83.000000	74.000000	74.000000	74.000000	83.000000	
CGCUT03.csv	937.000000	648.000000	648.000000	648.000000	740.000000	
CGCUT01.csv	31.000000	28.000000	28.000000	28.000000	30.000000	
Hopper2
FileName	Non-Pre		Pre		PreDW		PreIW		Mixed
c6-p1.csv	144.000000	136.000000	136.000000	136.000000	139.000000	
HT08.csv	38.000000	36.000000	36.000000	36.000000	36.000000	
HT06.csv	17.000000	16.000000	16.000000	16.000000	16.000000	
c7-p2.csv	220.000000	203.000000	203.000000	203.000000	205.000000	
HT01.csv	25.000000	25.000000	25.000000	25.000000	27.000000	
c6-p3.csv	151.000000	139.000000	139.000000	139.000000	147.000000	
HT07.csv	40.000000	39.000000	39.000000	39.000000	39.000000	
HT09.csv	40.000000	36.000000	36.000000	36.000000	40.000000	
c5-p2.csv	120.000000	106.000000	106.000000	106.000000	115.000000	
c4-p1.csv	79.000000	74.000000	74.000000	74.000000	79.000000	
c4-p3.csv	89.000000	80.000000	80.000000	80.000000	80.000000	
c5-p3.csv	123.000000	106.000000	106.000000	106.000000	107.000000	
HT04.csv	19.000000	16.000000	16.000000	16.000000	19.000000	
HT03.csv	28.000000	28.000000	28.000000	28.000000	28.000000	
c4-p2.csv	80.000000	74.000000	74.000000	74.000000	77.000000	
c5-p1.csv	105.000000	100.000000	100.000000	100.000000	103.000000	
c7-p3.csv	202.000000	195.000000	195.000000	195.000000	197.000000	
c7-p1.csv	191.000000	183.000000	183.000000	183.000000	190.000000	
c6-p2.csv	162.000000	145.000000	145.000000	145.000000	156.000000	
HT02.csv	32.000000	27.000000	27.000000	27.000000	30.000000	
HT05.csv	21.000000	19.000000	19.000000	19.000000	20.000000	
FileName	Non-Pre		Pre		PreDW		PreIW		Mixed
c6-p1.csv	144.000000	136.000000	136.000000	136.000000	139.000000	
HT08.csv	38.000000	36.000000	36.000000	36.000000	36.000000	
HT06.csv	17.000000	16.000000	16.000000	16.000000	18.000000	
c7-p2.csv	220.000000	203.000000	203.000000	203.000000	210.000000	
HT01.csv	25.000000	25.000000	25.000000	25.000000	25.000000	
c6-p3.csv	151.000000	139.000000	139.000000	139.000000	140.000000	
HT07.csv	40.000000	39.000000	39.000000	39.000000	40.000000	
HT09.csv	40.000000	36.000000	36.000000	36.000000	40.000000	
c5-p2.csv	120.000000	106.000000	106.000000	106.000000	114.000000	
c4-p1.csv	79.000000	74.000000	74.000000	74.000000	74.000000	
c4-p3.csv	89.000000	80.000000	80.000000	80.000000	84.000000	
c5-p3.csv	123.000000	106.000000	106.000000	106.000000	109.000000	
HT04.csv	19.000000	16.000000	16.000000	16.000000	19.000000	
HT03.csv	28.000000	28.000000	28.000000	28.000000	28.000000	
c4-p2.csv	80.000000	74.000000	74.000000	74.000000	77.000000	
c5-p1.csv	105.000000	100.000000	100.000000	100.000000	104.000000	
c7-p3.csv	202.000000	195.000000	195.000000	195.000000	197.000000	
c7-p1.csv	191.000000	183.000000	183.000000	183.000000	196.000000	
c6-p2.csv	162.000000	145.000000	145.000000	145.000000	156.000000	
HT02.csv	32.000000	27.000000	27.000000	27.000000	30.000000	
HT05.csv	21.000000	19.000000	19.000000	19.000000	19.000000	
