1 942 1760 10000 
2 1430 920  
3 499 1760  
4 1020 835  
5 1170 727  
6 1170 646  
7 1170 626  
8 488 1480  
9 1140 633  
10 755 953  
11 1070 674  
12 698 1030  
13 503 1430  
14 1180 609  
15 1050 682  
16 933 753  
17 718 968  
18 717 968  
19 538 1280  
20 686 1010  
21 1500 458  
22 1050 653  
23 602 1140  
24 1130 609  
25 523 1310  
26 540 1260  
27 607 1120  
28 1170 584  
29 425 1600  
30 700 971  
31 954 711  
32 794 849  
33 602 1110  
34 415 1600  
35 1080 615  
36 1070 616  
37 1090 607  
38 1120 590  
39 1220 526  
40 878 717  
41 632 992  
42 742 837  
43 1110 559  
44 1350 459  
45 873 708  
46 865 708  
47 656 917  
48 699 837  
49 925 628  
50 694 828  
51 1110 516  
52 823 694  
53 399 1430  
54 869 654  
55 710 798  
56 715 792  
57 538 1040  
58 785 711  
59 575 960  
60 843 654  
61 768 710  
62 754 717  
63 548 984  
64 531 1010  
65 607 873  
66 648 808  
67 1010 517  
68 584 890  
69 436 1180  
70 784 653  
71 1170 438  
72 1030 493  
73 513 984  
74 1040 481  
75 846 590  
76 618 808  
77 984 506  
78 628 792  
79 794 623  
80 549 897  
81 718 682  
82 681 710  
83 1070 451  
84 737 654  
85 573 826  
86 823 572  
87 388 1210  
88 397 1180  
89 749 622  
90 1000 464  
91 577 804  
92 739 626  
93 1020 450  
94 563 808  
95 794 571  
96 970 465  
97 417 1080  
98 416 1080  
99 623 717  
100 458 971  
101 1010 439  
102 704 630  
103 1110 397  
104 371 1180  
105 955 458  
106 795 550  
107 709 616  
108 633 689  
109 674 646  
110 1210 358  
111 427 1010  
112 692 622  
113 933 460  
114 1030 410  
115 469 903  
116 549 771  
117 920 459  
118 683 615  
119 794 528  
120 643 648  
121 465 890  
122 908 455  
123 449 920  
124 509 807  
125 665 616  
126 664 615  
127 645 626  
128 710 565  
129 396 1010  
130 611 653  
131 635 628  
132 491 810  
133 439 903  
134 613 646  
135 427 917  
136 743 526  
137 402 971  
138 472 828  
139 841 464  
140 1070 366  
141 500 779  
142 321 1210  
143 538 720  
144 500 774  
145 326 1180  
146 844 455  
147 795 483  
148 387 992  
149 398 964  
150 800 478  
151 397 964  
152 776 491  
153 1070 356  
154 828 459  
155 933 407  
156 364 1040  
157 359 1060  
158 734 516  
159 984 384  
160 418 903  
161 941 401  
162 573 659  
163 1090 347  
164 575 656  
165 1160 324  
166 538 698  
167 756 497  
168 1160 323  
169 558 671  
170 584 640  
171 575 649  
172 443 842  
173 464 804  
174 779 478  
175 482 772  
176 412 903  
177 748 497  
178 1170 319  
179 704 527  
180 517 717  
181 1160 318  
182 540 682  
183 568 648  
184 1130 324  
185 941 390  
186 454 808  
187 533 689  
188 1160 316  
189 443 826  
190 796 459  
191 796 459  
192 345 1060  
193 482 757  
194 491 742  
195 1130 321  
196 776 469  
197 794 458  
198 782 465  
199 579 626  
200 558 593  