1.371
1.325
1.328
1.331
1.3989999999999998
1.3934
1.464
1.3001000000000003
1.3839
1.2400000000000002
1.3425
1.2235
1.295
1.2837
1.3763999999999998
1.401
1.2930000000000001
1.351
1.47
1.4450000000000003
1.2990000000000002
1.2562
1.2592999999999999
1.4398
1.3763999999999998
1.2371
1.202
1.376
1.435
1.259
1.24
1.2535
1.338
1.2569000000000001
1.2681000000000002
1.246
1.347
1.371
1.359
1.4208
1.2956999999999999
1.3873000000000002
1.3980000000000001
1.567
1.3799000000000001
1.2630000000000001
1.4485
1.3982999999999999
1.2472
1.16
