FileName	Non-Pre		Pre		PreDW		PreIW		Mixed
path24.200.csv	150.958000	144.287000	144.287000	144.287000	149.249000	
path21.100.csv	154.463000	144.384000	144.384000	144.384000	154.463000	
path25.100.csv	152.049000	131.016000	131.016000	131.016000	146.238000	
path20.200.csv	159.214000	156.937000	156.937000	156.937000	157.560000	
nice46.50.csv	132.800000	121.990000	121.990000	121.990000	121.990000	
path41.25.csv	124.900000	124.900000	124.900000	124.900000	124.900000	
path28.200.csv	162.687000	158.298000	158.298000	158.298000	158.355000	
path17.50.csv	133.519000	132.671000	132.671000	132.671000	132.671000	
nice10.25.csv	129.300000	129.300000	129.300000	129.300000	129.300000	
path29.100.csv	172.397000	168.454000	168.454000	168.454000	169.534000	
nice50.25.csv	140.100000	128.400000	128.400000	128.400000	140.100000	
path8.100.csv	176.316000	174.437000	174.437000	174.437000	175.986000	
nice46.25.csv	135.100000	123.500000	123.500000	123.500000	135.100000	
path9.200.csv	127.617000	124.526000	124.526000	124.526000	125.777000	
path41.50.csv	160.300000	159.680000	159.680000	159.680000	159.680000	
path17.25.csv	132.984000	129.234000	129.234000	129.234000	129.234000	
nice10.50.csv	123.320000	120.210000	120.210000	120.210000	121.260000	
path1.200.csv	128.033000	121.535000	121.535000	121.535000	122.652000	
path4.100.csv	166.753000	165.036000	165.036000	165.036000	166.183000	
path5.200.csv	128.286000	126.479000	126.479000	126.479000	127.258000	
nice50.50.csv	127.590000	125.270000	125.270000	125.270000	125.670000	
nice33.100.csv	121.280000	118.830000	118.830000	118.830000	119.950000	
nice36.200.csv	118.850000	113.500000	113.500000	113.500000	117.400000	
nice1.50.csv	141.700000	131.070000	131.070000	131.070000	132.200000	
nice27.50.csv	121.280000	112.660000	112.660000	112.660000	119.630000	
path20.25.csv	155.700000	155.700000	155.700000	155.700000	155.700000	
nice32.200.csv	109.170000	107.930000	107.930000	107.930000	109.030000	
nice37.100.csv	118.280000	112.260000	112.260000	112.260000	112.530000	
nice31.25.csv	129.500000	125.890000	125.890000	125.890000	129.500000	
path36.50.csv	178.960000	151.710000	151.710000	151.710000	166.490000	
nice14.100.csv	120.360000	118.370000	118.370000	118.370000	120.360000	
nice11.200.csv	114.800000	112.590000	112.590000	112.590000	113.680000	
nice6.200.csv	112.500000	110.190000	110.190000	110.190000	111.500000	
nice3.100.csv	119.980000	112.830000	112.830000	112.830000	117.580000	
path48.100.csv	146.654000	135.407000	135.407000	135.407000	136.935000	
nice1.25.csv	134.250000	121.600000	121.600000	121.600000	125.300000	
nice27.25.csv	128.370000	120.060000	120.060000	120.060000	128.370000	
path10.500.csv	160.163000	158.145000	158.145000	158.145000	159.429000	
path20.50.csv	166.950000	156.470000	156.470000	156.470000	164.440000	
path49.200.csv	175.386000	170.990000	170.990000	170.990000	172.670000	
nice7.100.csv	119.780000	113.090000	113.090000	113.090000	119.370000	
nice2.200.csv	115.320000	110.260000	110.260000	110.260000	114.160000	
nice15.200.csv	112.330000	107.860000	107.860000	107.860000	111.650000	
nice10.100.csv	115.500000	114.130000	114.130000	114.130000	114.580000	
path41.200.csv	161.690000	161.380000	161.380000	161.380000	161.690000	
path44.100.csv	137.180000	127.750000	127.750000	127.750000	128.965000	
nice18.100.csv	124.880000	119.640000	119.640000	119.640000	124.390000	
nice31.50.csv	121.390000	119.140000	119.140000	119.140000	119.440000	
path36.25.csv	172.620000	165.620000	165.620000	165.620000	172.620000	
nice19.200.csv	120.500000	116.200000	116.200000	116.200000	119.650000	
path40.100.csv	148.830000	143.967000	143.967000	143.967000	148.830000	
path45.200.csv	158.049000	156.363000	156.363000	156.363000	157.044000	
path18.25.csv	162.900000	152.010000	152.010000	152.010000	153.030000	
path15.50.csv	170.222000	167.122000	167.122000	167.122000	167.546000	
nice12.25.csv	125.620000	122.100000	122.100000	122.100000	122.100000	
nice44.50.csv	133.990000	124.030000	124.030000	124.030000	125.530000	
nice23.200.csv	113.890000	109.480000	109.480000	109.480000	109.670000	
path43.25.csv	126.800000	124.900000	124.900000	124.900000	126.800000	
nice26.100.csv	128.390000	122.450000	122.450000	122.450000	122.690000	
nice22.100.csv	117.000000	111.110000	111.110000	111.110000	116.390000	
nice27.200.csv	114.210000	110.370000	110.370000	110.370000	111.150000	
nice49.25.csv	143.980000	134.600000	134.600000	134.600000	134.600000	
path18.50.csv	154.445000	143.240000	143.240000	143.240000	144.090000	
path3.500.csv	149.054000	145.508000	145.508000	145.508000	146.327000	
path7.500.csv	162.288000	160.526000	160.526000	160.526000	161.766000	
path15.25.csv	166.085900	166.085900	166.085900	166.085900	166.085900	
nice12.50.csv	121.980000	112.150000	112.150000	112.150000	120.050000	
path50.200.csv	163.085000	157.356000	157.356000	157.356000	162.587000	
nice44.25.csv	123.710000	119.060000	119.060000	119.060000	120.450000	
path43.50.csv	150.580000	131.880000	131.880000	131.880000	150.580000	
nice49.50.csv	125.740000	123.380000	123.380000	123.380000	123.380000	
path38.100.csv	163.803000	149.013000	149.013000	149.013000	162.241000	
nice33.25.csv	147.000000	146.600000	146.600000	146.600000	146.600000	
path34.50.csv	152.460000	152.460000	152.460000	152.460000	152.460000	
path39.25.csv	189.598000	173.068000	173.068000	173.068000	176.988000	
path39.200.csv	138.428000	128.363000	128.363000	128.363000	133.702000	
path34.100.csv	142.360000	142.360000	142.360000	142.360000	142.360000	
path31.200.csv	120.521000	117.736000	117.736000	117.736000	118.891000	
nice25.50.csv	126.000000	117.500000	117.500000	117.500000	124.700000	
nice3.50.csv	120.980000	116.090000	116.090000	116.090000	118.690000	
path22.25.csv	148.990000	148.990000	148.990000	148.990000	148.990000	
path35.200.csv	142.851000	130.874000	130.874000	130.874000	132.190000	
path30.100.csv	161.070000	161.070000	161.070000	161.070000	161.070000	
nice28.25.csv	144.500000	129.500000	129.500000	129.500000	129.500000	
path2.25.csv	134.580000	133.080000	133.080000	133.080000	134.580000	
nice33.50.csv	126.440000	118.830000	118.830000	118.830000	126.240000	
path34.25.csv	153.800000	153.800000	153.800000	153.800000	153.800000	
nice46.200.csv	110.640000	108.640000	108.640000	108.640000	110.010000	
nice43.100.csv	117.170000	111.820000	111.820000	111.820000	116.960000	
nice8.500.csv	111.300000	108.360000	108.360000	108.360000	109.060000	
nice47.100.csv	122.090000	116.240000	116.240000	116.240000	121.290000	
path39.50.csv	186.659000	172.059000	172.059000	172.059000	173.159000	
nice42.200.csv	113.290000	111.460000	111.460000	111.460000	111.920000	
nice4.500.csv	109.560000	106.520000	106.520000	106.520000	107.040000	
path13.100.csv	176.547400	163.373300	163.373300	163.373300	172.898900	
path16.200.csv	141.516000	131.342000	131.342000	131.342000	140.571000	
nice25.25.csv	129.900000	114.200000	114.200000	114.200000	122.980000	
nice3.25.csv	146.400000	146.200000	146.200000	146.200000	146.400000	
path22.50.csv	155.450000	155.220000	155.220000	155.220000	155.220000	
path12.200.csv	132.910000	131.643000	131.643000	131.643000	132.188000	
path17.100.csv	139.441000	134.661000	134.661000	134.661000	136.112000	
nice28.50.csv	116.810000	114.160000	114.160000	114.160000	116.810000	
path2.50.csv	153.670000	141.670000	141.670000	141.670000	153.670000	
nice27.100.csv	116.960000	113.600000	113.600000	113.600000	115.860000	
nice22.200.csv	116.210000	110.100000	110.100000	110.100000	110.860000	
nice19.25.csv	133.100000	129.100000	129.100000	129.100000	129.700000	
nice14.50.csv	120.390000	112.540000	112.540000	112.540000	119.200000	
path13.25.csv	185.160000	181.180000	181.180000	181.180000	185.160000	
nice26.200.csv	118.970000	114.380000	114.380000	114.380000	118.240000	
nice23.100.csv	116.790000	114.700000	114.700000	114.700000	116.430000	
path45.50.csv	149.280000	147.460000	147.460000	147.460000	149.280000	
nice42.25.csv	139.900000	126.000000	126.000000	126.000000	139.900000	
path48.25.csv	171.790000	165.350000	165.350000	165.350000	171.790000	
nice19.50.csv	122.870000	114.700000	114.700000	114.700000	122.870000	
nice14.25.csv	139.340000	136.350000	136.350000	136.350000	138.950000	
path13.50.csv	173.480000	166.650000	166.650000	166.650000	169.929000	
path45.25.csv	144.160000	144.160000	144.160000	144.160000	144.160000	
nice42.50.csv	130.880000	121.120000	121.120000	121.120000	129.940000	
path50.100.csv	164.996000	156.475000	156.475000	156.475000	158.937000	
path2.500.csv	141.171000	137.812000	137.812000	137.812000	138.255000	
path6.500.csv	138.013000	131.273000	131.273000	131.273000	134.290000	
path48.50.csv	143.987000	137.560000	137.560000	137.560000	143.252000	
path30.200.csv	158.040000	158.040000	158.040000	158.040000	158.040000	
path35.100.csv	125.819000	120.464000	120.464000	120.464000	121.633000	
path32.25.csv	149.500000	146.250000	146.250000	146.250000	146.250000	
nice35.50.csv	128.990000	120.730000	120.730000	120.730000	128.860000	
path31.100.csv	121.670000	120.870000	120.870000	120.870000	121.670000	
path34.200.csv	157.800000	151.965000	151.965000	151.965000	157.100000	
nice38.25.csv	137.100000	126.100000	126.100000	126.100000	136.700000	
path39.100.csv	185.539000	173.408000	173.408000	173.408000	183.369000	
path9.25.csv	108.790000	108.790000	108.790000	108.790000	108.790000	
path24.50.csv	188.020000	172.740000	172.740000	172.740000	175.150000	
nice5.25.csv	125.930000	115.800000	115.800000	115.800000	125.930000	
nice23.25.csv	132.500000	116.300000	116.300000	116.300000	128.200000	
nice8.50.csv	120.400000	110.780000	110.780000	110.780000	112.400000	
path29.25.csv	154.060000	152.310000	152.310000	152.310000	154.060000	
path38.200.csv	160.852000	158.378000	158.378000	158.378000	159.189000	
path4.50.csv	163.804000	163.010000	163.010000	163.010000	163.804000	
nice5.500.csv	109.350000	106.110000	106.110000	106.110000	107.090000	
path17.200.csv	140.219000	132.813000	132.813000	132.813000	139.335000	
path12.100.csv	165.298000	158.306000	158.306000	158.306000	158.818000	
path32.50.csv	161.490000	158.940000	158.940000	158.940000	158.960000	
nice35.25.csv	132.800000	122.300000	122.300000	122.300000	132.800000	
path16.100.csv	150.301000	129.737000	129.737000	129.737000	138.146000	
path13.200.csv	177.751000	172.799000	172.799000	172.799000	175.413000	
nice38.50.csv	134.690000	122.410000	122.410000	122.410000	122.410000	
nice1.500.csv	109.710000	108.170000	108.170000	108.170000	109.340000	
path9.50.csv	126.350000	126.350000	126.350000	126.350000	126.350000	
nice42.100.csv	120.750000	117.880000	117.880000	117.880000	118.490000	
path24.25.csv	192.890000	174.480000	174.480000	174.480000	184.720000	
nice47.200.csv	113.140000	110.940000	110.940000	110.940000	111.840000	
nice5.50.csv	131.470000	120.300000	120.300000	120.300000	124.540000	
nice23.50.csv	130.020000	120.380000	120.380000	120.380000	122.970000	
nice9.500.csv	108.980000	107.990000	107.990000	107.990000	108.750000	
nice8.25.csv	137.640000	136.950000	136.950000	136.950000	136.950000	
nice43.200.csv	111.330000	106.750000	106.750000	106.750000	110.720000	
path29.50.csv	162.829000	157.150000	157.150000	157.150000	157.150000	
nice46.100.csv	116.520000	108.980000	108.980000	108.980000	115.590000	
path4.25.csv	182.390000	170.800000	170.800000	170.800000	182.390000	
path29.200.csv	174.598000	170.778000	170.778000	170.778000	173.930000	
path28.100.csv	147.939000	144.758000	144.758000	144.758000	145.648000	
path47.50.csv	145.977000	133.857000	133.857000	133.857000	135.250000	
nice40.25.csv	124.000000	122.350000	122.350000	122.350000	124.000000	
nice16.50.csv	115.950000	112.950000	112.950000	112.950000	115.110000	
path11.25.csv	150.830000	150.830000	150.830000	150.830000	150.830000	
path20.100.csv	160.540000	159.050000	159.050000	159.050000	160.540000	
path25.200.csv	136.456000	131.268000	131.268000	131.268000	134.840000	
path21.200.csv	161.201000	149.785000	149.785000	149.785000	151.201000	
path24.100.csv	188.372000	181.409000	181.409000	181.409000	186.200000	
path5.100.csv	184.359000	175.660000	175.660000	175.660000	176.437000	
path4.200.csv	170.905000	167.858000	167.858000	167.858000	168.591000	
path1.100.csv	145.748000	138.128000	138.128000	138.128000	145.748000	
path47.25.csv	140.312000	136.110000	136.110000	136.110000	140.312000	
nice40.50.csv	129.530000	119.550000	119.550000	119.550000	120.710000	
nice16.25.csv	122.350000	121.870000	121.870000	121.870000	122.350000	
path11.50.csv	153.320000	152.510000	152.510000	152.510000	152.510000	
path9.100.csv	127.063000	123.590000	123.590000	123.590000	123.823000	
path8.200.csv	163.175000	161.390000	161.390000	161.390000	162.731000	
path6.50.csv	159.664000	138.225000	138.225000	138.225000	142.137000	
path26.50.csv	140.130000	129.950000	129.950000	129.950000	140.130000	
nice21.25.csv	130.010000	120.000000	120.000000	120.000000	120.000000	
nice7.25.csv	137.640000	136.950000	136.950000	136.950000	136.950000	
nice37.200.csv	117.810000	112.450000	112.450000	112.450000	113.170000	
nice32.100.csv	124.700000	114.730000	114.730000	114.730000	119.930000	
path30.25.csv	146.300000	146.300000	146.300000	146.300000	146.300000	
nice37.50.csv	131.180000	119.800000	119.800000	119.800000	120.090000	
nice36.100.csv	118.600000	111.360000	111.360000	111.360000	117.230000	
nice33.200.csv	114.300000	109.850000	109.850000	109.850000	111.000000	
path45.100.csv	153.589000	150.063000	150.063000	150.063000	152.409000	
path6.25.csv	163.727000	144.477000	144.477000	144.477000	144.950000	
path40.200.csv	151.540000	148.386000	148.386000	148.386000	149.077000	
nice19.100.csv	125.590000	119.680000	119.680000	119.680000	120.450000	
nice18.200.csv	118.960000	114.290000	114.290000	114.290000	117.680000	
path26.25.csv	140.330000	137.700000	137.700000	137.700000	137.700000	
nice21.50.csv	117.300000	115.780000	115.780000	115.780000	117.300000	
nice7.50.csv	122.360000	115.780000	115.780000	115.780000	122.360000	
path44.200.csv	135.467000	132.727000	132.727000	132.727000	134.125000	
path41.100.csv	163.260000	159.870000	159.870000	159.870000	163.260000	
nice2.100.csv	116.280000	108.840000	108.840000	108.840000	114.020000	
nice7.200.csv	116.180000	111.990000	111.990000	111.990000	112.390000	
nice10.200.csv	117.640000	112.590000	112.590000	112.590000	117.100000	
nice15.100.csv	117.450000	111.220000	111.220000	111.220000	116.120000	
path49.100.csv	172.331000	165.702000	165.702000	165.702000	166.514000	
path30.50.csv	137.000000	137.000000	137.000000	137.000000	137.000000	
nice37.25.csv	138.390000	122.790000	122.790000	122.790000	125.610000	
path48.200.csv	152.143000	142.537000	142.537000	142.537000	147.156000	
nice11.100.csv	119.970000	112.690000	112.690000	112.690000	112.960000	
nice14.200.csv	119.050000	115.160000	115.160000	115.160000	118.700000	
nice3.200.csv	116.060000	114.630000	114.630000	114.630000	115.480000	
nice6.100.csv	124.020000	115.900000	115.900000	115.900000	123.480000	
nice39.50.csv	131.050000	122.830000	122.830000	122.830000	124.060000	
path33.50.csv	156.040000	152.670000	152.670000	152.670000	152.670000	
nice34.25.csv	156.700000	141.100000	141.100000	141.100000	156.700000	
path8.500.csv	134.869000	129.950000	129.950000	129.950000	134.057000	
nice9.25.csv	125.350000	124.760000	124.760000	124.760000	124.940000	
path28.50.csv	154.055000	151.505000	151.505000	151.505000	151.855000	
path5.25.csv	172.120000	167.960000	167.960000	167.960000	167.960000	
path8.50.csv	178.670000	167.930000	167.930000	167.930000	178.670000	
path4.500.csv	163.389000	160.922000	160.922000	160.922000	161.906000	
path25.25.csv	166.940000	145.890000	145.890000	145.890000	163.390000	
nice22.50.csv	125.530000	114.980000	114.980000	114.980000	123.470000	
nice4.50.csv	124.010000	122.170000	122.170000	122.170000	122.270000	
nice39.25.csv	137.990000	127.830000	127.830000	127.830000	128.210000	
nice25.100.csv	123.800000	122.800000	122.800000	122.800000	123.620000	
nice20.200.csv	113.830000	111.180000	111.180000	111.180000	112.340000	
path33.25.csv	189.750000	154.950000	154.950000	154.950000	173.050000	
nice24.200.csv	115.440000	109.170000	109.170000	109.170000	109.710000	
nice21.100.csv	119.630000	113.950000	113.950000	113.950000	114.170000	
nice34.50.csv	133.290000	132.170000	132.170000	132.170000	132.600000	
nice9.50.csv	118.970000	107.620000	107.620000	107.620000	117.610000	
path28.25.csv	117.230000	113.330000	113.330000	113.330000	113.330000	
path5.50.csv	179.670000	172.530000	172.530000	172.530000	179.670000	
nice29.100.csv	114.560000	111.990000	111.990000	111.990000	112.560000	
path8.25.csv	176.610000	170.760000	170.760000	170.760000	175.820000	
nice28.200.csv	115.430000	113.520000	113.520000	113.520000	115.430000	
path25.50.csv	156.676000	136.756000	136.756000	136.756000	153.446000	
nice22.25.csv	126.300000	125.500000	133.700000	125.500000	125.500000	
nice4.25.csv	125.690000	115.200000	115.200000	115.200000	125.690000	
nice49.200.csv	117.080000	111.760000	111.760000	111.760000	112.620000	
nice7.500.csv	111.050000	107.920000	107.920000	107.920000	108.750000	
nice10.500.csv	109.520000	106.210000	106.210000	106.210000	108.860000	
nice15.25.csv	129.570000	129.280000	129.280000	129.280000	129.280000	
path12.50.csv	143.087000	142.180000	142.180000	142.180000	142.180000	
path15.200.csv	147.388000	141.860000	141.860000	141.860000	145.841000	
path10.100.csv	142.840000	141.710000	141.710000	141.710000	142.140000	
nice18.50.csv	123.840000	121.690000	121.690000	121.690000	123.840000	
path14.100.csv	128.027000	123.357000	123.357000	123.357000	127.137000	
path11.200.csv	156.508000	154.009000	154.009000	154.009000	156.151000	
nice48.100.csv	121.970000	113.190000	113.190000	113.190000	118.970000	
nice3.500.csv	108.800000	105.390000	105.390000	105.390000	107.810000	
path19.200.csv	170.699000	169.975000	169.975000	169.975000	170.360000	
nice40.100.csv	120.660000	118.670000	118.670000	118.670000	120.190000	
nice45.200.csv	113.740000	111.360000	111.360000	111.360000	113.020000	
path49.50.csv	181.820000	163.360000	163.360000	163.360000	163.720000	
nice41.200.csv	112.530000	107.930000	107.930000	107.930000	111.830000	
path44.25.csv	144.420000	144.420000	144.420000	144.420000	144.420000	
nice44.100.csv	117.910000	111.330000	111.330000	111.330000	117.220000	
nice43.50.csv	120.560000	117.920000	117.920000	117.920000	120.560000	
path18.100.csv	165.894000	162.749000	162.749000	162.749000	164.152000	
nice15.50.csv	121.910000	110.310000	110.310000	110.310000	121.310000	
path12.25.csv	138.320000	138.320000	138.320000	138.320000	138.320000	
path32.200.csv	163.450000	153.445000	153.445000	153.445000	163.450000	
path37.100.csv	165.180000	163.690000	163.690000	163.690000	163.720000	
nice18.25.csv	138.730000	129.100000	129.100000	129.100000	138.730000	
path33.100.csv	166.360000	159.890000	159.890000	159.890000	166.000000	
path36.200.csv	136.305000	123.795000	123.795000	123.795000	129.005000	
path49.25.csv	174.930000	163.610000	163.610000	163.610000	165.390000	
path44.50.csv	186.810000	159.610000	159.610000	159.610000	173.250000	
nice43.25.csv	139.800000	125.900000	125.900000	125.900000	127.900000	
path27.25.csv	134.007000	132.707000	109.707000	132.707000	134.007000	
nice6.50.csv	123.250000	116.160000	116.160000	116.160000	117.260000	
nice20.50.csv	131.040000	123.070000	123.070000	123.070000	123.080000	
nice50.200.csv	111.880000	107.450000	107.450000	107.450000	107.870000	
path7.100.csv	155.023000	151.003000	151.003000	151.003000	153.239000	
path2.200.csv	152.337000	150.472000	150.472000	150.472000	151.728000	
path6.200.csv	150.026000	138.788000	138.788000	138.788000	146.535000	
path3.100.csv	175.470000	166.220000	166.220000	166.220000	168.910000	
path7.25.csv	165.810000	155.880000	155.880000	155.880000	158.910000	
path31.50.csv	130.620000	123.740000	123.740000	123.740000	124.590000	
nice36.25.csv	124.720000	114.400000	114.400000	114.400000	124.360000	
path27.50.csv	133.927000	132.217000	132.217000	132.217000	132.217000	
nice6.25.csv	143.500000	134.220000	134.220000	134.220000	143.500000	
nice20.25.csv	116.000000	111.890000	111.890000	111.890000	111.890000	
path7.50.csv	158.343000	153.043000	153.043000	153.043000	155.960000	
path31.25.csv	128.170000	123.810000	123.810000	123.810000	123.810000	
nice36.50.csv	131.710000	122.820000	122.820000	122.820000	123.230000	
path22.100.csv	162.340000	160.100000	160.100000	160.100000	161.250000	
path27.200.csv	147.083000	137.292000	137.292000	137.292000	139.285000	
path23.200.csv	161.656000	156.941000	156.941000	156.941000	158.846000	
path26.100.csv	146.787000	141.510000	141.510000	141.510000	146.207000	
path47.100.csv	141.513000	137.213000	137.213000	137.213000	140.946000	
path42.200.csv	158.773000	143.651000	143.651000	143.651000	152.540000	
path46.25.csv	141.200000	138.000000	138.000000	138.000000	141.200000	
nice9.200.csv	116.730000	111.700000	111.700000	111.700000	115.220000	
nice41.50.csv	127.860000	124.820000	124.820000	124.820000	125.000000	
nice8.100.csv	117.980000	112.670000	112.670000	112.670000	113.340000	
path46.200.csv	144.444000	139.458000	139.458000	139.458000	141.923000	
path43.100.csv	147.240000	132.120000	132.120000	132.120000	133.300000	
nice12.200.csv	117.480000	112.130000	112.130000	112.130000	112.530000	
nice17.100.csv	118.250000	112.330000	112.330000	112.330000	118.250000	
nice5.200.csv	114.440000	113.280000	113.280000	113.280000	113.930000	
path50.50.csv	163.800000	154.790000	154.790000	154.790000	162.560000	
nice17.25.csv	144.850000	130.300000	130.300000	130.300000	130.300000	
path10.50.csv	155.960000	153.100000	153.100000	153.100000	153.100000	
nice1.200.csv	120.510000	114.770000	114.770000	114.770000	119.400000	
nice4.100.csv	116.770000	115.070000	115.070000	115.070000	115.740000	
nice13.100.csv	116.170000	109.050000	109.050000	109.050000	114.540000	
nice16.200.csv	112.370000	110.080000	110.080000	110.080000	111.030000	
nice39.200.csv	117.650000	116.740000	116.740000	116.740000	117.450000	
path46.50.csv	137.060000	133.830000	133.830000	133.830000	135.010000	
nice41.25.csv	139.830000	137.100000	137.100000	137.100000	138.440000	
nice38.100.csv	128.960000	121.930000	121.930000	121.930000	122.230000	
nice35.200.csv	111.750000	110.450000	110.450000	110.450000	111.400000	
nice30.100.csv	114.790000	109.690000	109.690000	109.690000	114.680000	
path50.25.csv	169.260000	157.740000	157.740000	157.740000	166.410000	
nice17.50.csv	137.240000	128.630000	128.630000	128.630000	129.960000	
path10.25.csv	167.870000	167.420000	167.420000	167.420000	167.870000	
nice34.100.csv	119.040000	117.490000	117.490000	117.490000	118.090000	
nice31.200.csv	112.180000	110.690000	110.690000	110.690000	111.840000	
nice26.25.csv	125.900000	122.300000	122.300000	122.300000	122.300000	
path21.50.csv	178.510000	148.580000	148.580000	148.580000	173.430000	
path1.50.csv	137.990000	133.470000	133.470000	133.470000	135.060000	
nice30.50.csv	127.140000	117.960000	117.960000	117.960000	120.770000	
path37.25.csv	154.720000	154.720000	154.720000	154.720000	154.720000	
path3.200.csv	170.210000	167.460000	167.460000	167.460000	169.070000	
path6.100.csv	144.760000	139.753000	139.753000	139.753000	140.364000	
path2.100.csv	147.615000	145.060000	145.060000	145.060000	145.974000	
nice50.100.csv	122.860000	116.140000	116.140000	116.140000	122.060000	
path7.200.csv	157.031000	151.283000	151.283000	151.283000	152.079000	
nice26.50.csv	128.520000	121.440000	121.440000	121.440000	121.720000	
path21.25.csv	139.800000	139.800000	139.800000	139.800000	139.800000	
path26.200.csv	147.369000	139.620000	139.620000	139.620000	141.760000	
path23.100.csv	150.335000	148.726000	148.726000	148.726000	149.745000	
path27.100.csv	131.644000	121.919000	121.919000	121.919000	126.592000	
path1.25.csv	153.610000	153.610000	153.610000	153.610000	153.610000	
path22.200.csv	174.790000	174.082000	174.082000	174.082000	174.625000	
nice30.25.csv	124.000000	120.530000	120.530000	120.530000	121.600000	
path37.50.csv	150.820000	150.060000	150.060000	150.060000	150.060000	
nice4.200.csv	113.550000	112.180000	112.180000	112.180000	112.950000	
nice1.100.csv	124.200000	118.810000	118.810000	118.810000	123.080000	
nice16.100.csv	118.310000	111.240000	111.240000	111.240000	117.770000	
nice13.200.csv	114.110000	109.360000	109.360000	109.360000	109.820000	
nice47.25.csv	120.200000	118.300000	118.300000	118.300000	120.000000	
path40.50.csv	168.440000	164.280000	164.280000	164.280000	164.280000	
nice17.200.csv	115.490000	109.950000	109.950000	109.950000	114.020000	
nice12.100.csv	123.080000	114.900000	114.900000	114.900000	120.460000	
nice5.100.csv	130.600000	123.260000	123.260000	123.260000	123.610000	
path43.200.csv	138.672000	122.765000	122.765000	122.765000	132.266000	
path46.100.csv	142.667000	136.580000	136.580000	136.580000	139.497000	
nice8.200.csv	114.450000	109.560000	109.560000	109.560000	110.500000	
path16.25.csv	130.540000	124.570000	124.570000	124.570000	124.570000	
nice11.50.csv	122.180000	114.250000	114.250000	114.250000	115.500000	
nice9.100.csv	113.880000	112.690000	112.690000	112.690000	113.870000	
path42.100.csv	173.022000	149.578000	149.578000	149.578000	166.592000	
path47.200.csv	147.019000	143.961000	143.961000	143.961000	144.719000	
nice31.100.csv	120.590000	116.210000	116.210000	116.210000	116.740000	
nice34.200.csv	117.310000	115.690000	115.690000	115.690000	116.680000	
nice47.50.csv	125.160000	123.390000	123.390000	123.390000	125.160000	
path40.25.csv	152.600000	152.600000	152.600000	152.600000	152.600000	
nice30.200.csv	112.080000	110.970000	110.970000	110.970000	111.710000	
nice35.100.csv	121.920000	112.510000	112.510000	112.510000	116.540000	
nice38.200.csv	114.360000	110.470000	110.470000	110.470000	114.000000	
nice39.100.csv	119.930000	116.720000	116.720000	116.720000	117.350000	
path16.50.csv	140.940000	132.360000	132.360000	132.360000	140.940000	
nice11.25.csv	137.600000	132.410000	132.410000	132.410000	132.410000	
path38.50.csv	169.403000	157.113000	157.113000	157.113000	158.180000	
path1.500.csv	135.041000	132.203000	132.203000	132.203000	132.890000	
path5.500.csv	130.188000	128.763000	128.763000	128.763000	129.814000	
nice32.50.csv	120.900000	112.330000	112.330000	112.330000	120.450000	
path35.25.csv	136.180000	133.780000	133.780000	133.780000	136.180000	
nice29.50.csv	125.960000	114.570000	114.570000	114.570000	117.090000	
path3.50.csv	147.620000	147.620000	147.620000	147.620000	147.620000	
nice2.25.csv	142.080000	128.380000	128.380000	128.380000	128.790000	
nice24.25.csv	134.700000	132.000000	132.000000	132.000000	134.700000	
path23.50.csv	143.720000	143.630000	143.630000	143.630000	143.630000	
path9.500.csv	132.824000	128.193000	128.193000	128.193000	129.192000	
path38.25.csv	184.460000	159.480000	159.480000	159.480000	180.870000	
nice28.100.csv	115.280000	112.680000	112.680000	112.680000	114.430000	
nice29.200.csv	113.870000	108.680000	108.680000	108.680000	110.360000	
nice32.25.csv	137.100000	132.840000	132.840000	132.840000	135.300000	
path35.50.csv	141.252000	118.312000	118.312000	118.312000	141.252000	
nice21.200.csv	118.890000	116.820000	116.820000	116.820000	117.210000	
nice24.100.csv	119.400000	112.160000	112.160000	112.160000	118.770000	
nice29.25.csv	135.900000	131.900000	131.900000	131.900000	133.600000	
path3.25.csv	145.520000	142.690000	142.690000	142.690000	145.520000	
nice2.50.csv	123.470000	116.070000	116.070000	116.070000	123.220000	
nice24.50.csv	128.320000	117.690000	117.690000	117.690000	118.790000	
nice20.100.csv	117.780000	115.570000	115.570000	115.570000	116.390000	
path23.25.csv	158.820000	156.900000	156.900000	156.900000	157.000000	
nice25.200.csv	115.140000	112.010000	112.010000	112.010000	114.450000	
path18.200.csv	150.738000	144.595000	144.595000	144.595000	145.375000	
path14.25.csv	159.260000	159.210000	159.210000	159.210000	159.210000	
nice44.200.csv	113.340000	109.820000	109.820000	109.820000	113.240000	
nice41.100.csv	119.940000	115.780000	115.780000	115.780000	116.290000	
nice13.50.csv	119.060000	114.270000	114.270000	114.270000	119.060000	
nice45.100.csv	128.630000	121.120000	121.120000	121.120000	122.750000	
nice40.200.csv	113.470000	108.080000	108.080000	108.080000	112.040000	
path19.50.csv	150.900000	149.860000	149.860000	149.860000	150.900000	
path19.100.csv	159.440000	157.010000	157.010000	157.010000	157.010000	
nice48.200.csv	116.260000	111.720000	111.720000	111.720000	116.190000	
nice6.500.csv	110.990000	108.160000	108.160000	108.160000	108.680000	
nice48.50.csv	137.740000	123.570000	123.570000	123.570000	124.340000	
path11.100.csv	150.760000	149.170000	149.170000	149.170000	150.760000	
path14.200.csv	127.648000	123.969000	123.969000	123.969000	126.177000	
nice45.25.csv	133.800000	129.960000	129.960000	129.960000	130.880000	
path42.50.csv	179.740000	158.940000	158.940000	158.940000	179.740000	
path10.200.csv	149.920000	146.420000	146.420000	146.420000	146.560000	
path15.100.csv	136.156000	125.045000	125.045000	125.045000	127.028000	
nice49.100.csv	125.740000	117.820000	117.820000	117.820000	125.510000	
nice2.500.csv	111.560000	108.590000	108.590000	108.590000	111.110000	
path14.50.csv	146.633000	140.643000	140.643000	140.643000	146.468000	
nice13.25.csv	126.810000	120.000000	120.000000	120.000000	120.000000	
path19.25.csv	145.050000	144.780000	144.780000	144.780000	145.050000	
nice48.25.csv	124.600000	124.600000	124.600000	124.600000	124.600000	
path36.100.csv	166.339000	152.478000	152.478000	152.478000	159.169000	
path33.200.csv	170.926000	160.760000	160.760000	160.760000	163.246000	
nice45.50.csv	124.780000	116.740000	116.740000	116.740000	118.160000	
path42.25.csv	173.550000	162.750000	162.750000	162.750000	162.750000	
path37.200.csv	171.504000	166.950000	166.950000	166.950000	170.460000	
path32.100.csv	164.616000	162.943000	162.943000	162.943000	164.551000	
