>>99 1
99 2
100 3
98 1
99 2
100 3
98 2
98 2
98 2
99 4
98 3
98 3
98 3
100 6
95 1
96 2
97 3
96 2
98 4
100 6
96 2
95 1
97 4
96 3
98 5
97 4
100 7
99 6
96 4
93 1
98 6
93 1
95 3
100 8
95 3
100 8
95 4
93 2
92 1
99 8
98 7
94 3
93 2
96 5
95 4
95 4
94 3
100 9
95 5
96 6
100 10
94 4
97 7
97 7
94 4
100 10
100 10
100 11
96 7
98 9
92 3
98 9
98 9
92 3
99 10
93 4
91 2
92 3
94 5
90 2
98 10
93 5
100 12
94 6
93 5
90 2
99 11
100 12
91 3
96 8
100 13
95 8
91 4
97 10
97 10
94 7
100 13
97 10
93 6
90 3
88 1
96 9
89 2
99 12
94 7
92 5
95 9
97 11
90 4
90 4
89 3
93 7
100 14
87 1
95 9
86 1
86 1
87 2
91 6
89 4
90 5
89 4
96 11
100 15
91 6
87 2
97 12
98 13
99 14
93 8
88 3
88 4
92 8
99 15
95 11
96 12
90 6
97 13
93 9
92 8
95 11
86 2
90 6
96 13
84 1
86 3
99 16
85 2
86 3
95 12
98 15
90 7
100 17
95 12
84 1
84 1
92 9
100 17
94 11
99 16
90 8
98 16
94 12
86 4
95 13
86 4
88 6
97 15
97 15
89 7
90 8
97 15
88 6
95 13
86 4
90 8
88 6
93 11
94 12
96 15
84 3
89 8
94 13
85 4
88 7
82 1
92 11
96 15
92 11
94 13
81 1
100 20
92 12
96 16
91 11
96 16
99 19
83 3
90 10
85 5
81 1
97 17
86 6
87 7
94 14
86 6
84 4
91 12
100 21
87 8
97 18
94 15
84 5
92 13
93 14
90 11
91 12
88 9
88 9
99 20
98 19
93 14
98 19
84 5
80 2
79 1
92 14
100 22
86 8
96 18
85 7
82 4
89 11
94 16
95 17
80 2
95 17
100 22
91 13
82 4
96 18
89 11
92 14
79 1
85 7
85 7
80 2
93 15
88 10
84 6
95 17
84 6
98 20
93 15
83 5
93 16
98 21
81 4
81 4
86 9
89 12
91 14
91 14
100 23
84 7
93 16
87 10
92 15
96 19
88 11
90 13
89 12
98 21
96 19
95 18
95 18
91 14
95 18
79 2
96 20
93 17
81 5
80 4
94 18
77 1
91 15
96 20
94 18
89 13
96 20
82 6
92 16
80 4
88 12
84 8
93 17
79 3
91 15
77 1
94 18
79 3
99 23
82 6
82 6
83 7
77 2
79 4
92 17
83 8
85 10
84 9
83 8
85 10
79 4
97 22
96 21
92 17
83 8
97 22
88 13
91 16
99 24
91 16
83 8
86 11
80 5
100 25
84 9
76 1
89 14
76 1
96 22
96 22
91 17
79 5
84 10
90 16
90 16
99 25
99 25
93 19
76 2
92 18
92 18
86 12
80 6
80 6
92 18
98 24
96 22
79 5
100 26
78 5
80 7
76 3
98 25
94 21
85 12
94 21
81 8
94 21
92 19
90 17
80 7
87 14
76 3
94 21
77 4
95 22
76 3
91 18
93 20
76 3
74 1
95 22
81 8
97 24
76 3
98 25
85 12
74 1
81 8
100 28
76 4
83 11
83 11
81 9
91 19
91 19
85 13
78 6
83 11
88 16
75 3
93 21
85 13
96 24
82 10
73 1
77 5
85 13
83 11
97 25
88 16
87 15
76 4
78 6
75 3
90 18
79 7
83 11
96 24
83 11
98 27
89 18
85 14
82 11
82 11
91 20
95 24
78 7
73 2
78 7
73 2
80 9
95 24
92 21
72 1
95 24
90 19
100 29
93 22
95 24
80 9
86 15
77 6
83 12
84 13
95 24
72 1
87 16
100 29
99 28
97 26
85 14
81 10
88 17
87 16
72 2
74 4
74 4
100 30
100 30
90 20
84 14
78 8
98 28
74 4
77 7
77 7
71 1
82 12
73 3
78 8
87 17
91 21
92 22
93 23
85 15
77 7
95 25
96 26
89 19
91 21
80 10
88 18
91 21
95 25
78 9
84 15
80 11
98 29
71 2
80 11
96 27
96 27
71 2
88 19
76 7
93 24
82 13
80 11
71 2
90 21
71 2
85 16
73 4
81 12
86 18
77 9
91 23
81 13
70 2
69 1
97 29
98 30
82 14
84 16
85 17
94 26
91 23
99 31
80 12
77 9
80 12
77 9
73 5
91 23
85 17
78 10
71 3
82 14
72 4
85 17
91 23
71 4
87 20
90 23
94 27
97 30
95 28
82 15
92 25
80 13
75 8
98 31
84 17
73 6
90 23
80 13
74 7
77 10
97 30
95 28
74 7
80 13
85 18
76 9
97 30
84 17
92 25
92 25
80 13
68 1
99 32
89 22
99 32
79 12
84 17
87 20
79 12
74 7
79 12
74 7
82 16
94 28
86 20
88 22
76 10
84 18
89 23
67 1
82 16
99 33
70 4
93 27
86 20
87 21
79 13
69 3
74 8
74 8
100 34
78 12
100 34
80 14
74 8
67 1
89 23
83 17
70 4
85 19
77 11
77 11
77 11
86 20
72 6
98 32
100 34
95 29
71 5
78 12
89 24
94 29
78 13
84 19
80 15
79 14
97 32
80 15
97 32
71 6
90 25
85 20
99 34
95 30
100 35
78 13
70 5
74 9
71 6
72 7
80 15
71 6
98 33
66 1
82 17
87 22
77 12
86 21
82 17
84 19
68 3
67 2
74 9
77 13
79 15
96 32
95 31
95 31
66 2
99 35
95 31
65 1
71 7
90 26
65 1
86 22
97 33
81 17
93 29
92 28
82 18
97 33
80 16
66 2
91 27
89 25
77 13
89 25
65 1
73 9
71 7
89 25
77 13
76 12
70 6
77 13
70 6
81 17
66 3
67 4
64 1
77 14
84 21
72 9
90 27
82 19
77 14
85 22
95 32
78 15
88 25
91 28
80 17
81 18
86 23
93 30
71 8
74 11
74 11
92 29
77 14
65 2
91 28
75 12
71 8
72 9
91 28
87 24
78 15
81 18
86 23
85 22
84 21
100 37
80 18
69 7
64 2
65 3
88 26
97 35
82 20
69 7
92 30
63 1
82 20
64 2
69 7
68 6
92 30
93 31
100 38
66 4
67 5
96 34
88 26
79 17
74 12
82 20
71 9
81 19
67 5
87 25
100 38
77 15
70 8
85 23
92 30
64 2
84 22
93 31
68 6
80 18
79 17
93 31
69 7
84 22
77 15
94 32
73 11
64 3
64 3
95 34
82 21
90 29
88 27
80 19
87 26
87 26
91 30
75 14
89 28
95 34
75 14
63 2
62 1
96 35
82 21
94 33
75 14
86 25
77 16
62 1
85 24
100 39
67 6
73 12
64 3
65 4
76 15
83 22
73 12
87 26
79 18
66 5
68 7
71 10
96 35
97 36
71 10
62 1
97 36
83 22
71 10
71 10
78 17
92 32
84 24
67 7
66 6
73 13
69 9
84 24
93 33
91 31
70 10
90 30
87 27
93 33
71 11
71 11
69 9
75 15
90 30
78 18
68 8
96 36
86 26
66 6
99 39
65 5
80 20
70 10
73 13
78 18
78 18
84 24
68 8
97 37
99 39
70 10
78 18
98 38
68 8
75 15
93 33
91 32
99 40
70 11
93 34
77 18
65 6
89 30
89 30
88 29
97 38
74 15
63 4
68 9
92 33
61 2
87 28
74 15
87 28
85 26
99 40
66 7
70 11
91 32
63 4
79 20
79 20
100 41
82 23
100 41
91 32
79 20
98 39
67 8
86 27
63 4
82 23
82 23
65 6
95 36
86 27
84 25
89 30
68 9
61 2
80 22
92 34
59 1
94 36
93 35
87 29
70 12
76 18
98 40
96 38
75 17
68 10
65 7
79 21
73 15
66 8
84 26
70 12
78 20
80 22
75 17
66 8
94 36
64 6
60 2
86 28
72 14
89 31
94 36
84 26
93 35
73 15
76 18
61 3
74 16
89 31
98 40
67 9
82 24
70 12
74 16
86 28
83 25
94 37
92 35
76 19
58 1
73 16
75 18
73 16
69 12
84 27
64 7
89 32
91 34
75 18
74 17
78 21
97 40
89 32
89 32
67 10
95 38
62 5
98 41
73 16
92 35
81 24
66 9
92 35
78 21
58 1
72 15
80 23
60 3
68 11
66 9
58 1
69 13
96 40
87 31
81 25
87 31
84 28
88 32
57 1
91 35
83 27
98 42
65 9
64 8
68 12
79 23
64 8
58 2
92 36
70 14
84 28
84 28
83 27
84 28
75 19
69 13
84 28
66 10
98 42
68 12
68 12
76 20
67 11
71 15
76 20
58 2
85 29
73 17
92 36
96 40
89 33
100 44
57 2
87 32
86 31
82 27
79 24
76 21
83 28
59 4
58 3
99 44
91 36
84 29
61 6
76 21
91 36
71 16
67 12
86 31
84 29
77 22
80 25
94 39
92 37
98 43
83 28
79 24
87 32
70 15
70 15
88 33
79 24
100 45
93 38
63 8
78 23
88 33
79 24
80 25
72 17
80 25
82 27
81 26
72 17
76 22
71 17
100 46
63 9
90 36
84 30
60 6
88 34
93 39
62 8
89 35
87 33
92 38
97 43
89 35
60 6
84 30
81 27
92 38
93 39
83 29
96 42
96 42
67 13
87 33
55 1
92 38
82 28
89 35
100 46
70 16
77 23
75 21
74 20
74 20
56 2
76 22
66 12
85 31
93 39
60 6
90 36
90 36
99 45
100 46
71 17
93 39
99 45
71 18
78 25
73 20
87 34
79 26
59 6
78 25
93 40
73 20
78 25
69 16
75 22
79 26
66 13
72 19
84 31
91 38
62 9
80 27
56 3
79 26
71 18
92 39
57 4
96 43
93 40
72 19
73 20
59 6
63 10
91 38
82 29
82 29
69 16
62 9
76 23
100 47
82 29
74 21
73 20
66 13
72 19
77 24
76 23
58 5
62 9
69 16
100 47
68 15
77 25
63 11
58 6
58 6
88 36
62 10
75 23
100 48
77 25
97 45
72 20
90 38
84 32
76 24
59 7
64 12
81 29
93 41
78 26
70 18
93 41
71 19
79 27
85 33
77 25
59 7
79 27
67 15
60 8
99 47
82 30
81 29
55 3
76 24
72 20
82 30
89 37
72 20
80 28
70 18
59 7
56 4
85 33
91 39
100 48
78 26
66 15
63 12
74 23
86 35
85 34
84 33
92 41
59 8
75 24
71 20
98 47
76 25
83 32
68 17
55 4
92 41
90 39
70 19
74 23
80 29
100 49
70 19
77 26
53 2
59 8
62 11
86 35
76 25
98 47
93 42
65 14
95 44
79 28
56 5
100 49
98 47
53 2
70 19
55 4
95 44
93 43
81 31
52 2
79 29
52 2
88 38
61 11
85 35
76 26
95 45
82 32
69 19
79 29
60 10
58 8
83 33
70 20
55 5
51 1
57 7
57 7
98 48
54 4
51 1
82 32
89 39
66 16
51 1
80 30
63 13
82 32
61 11
65 15
54 4
51 1
92 42
78 28
81 31
52 2
64 14
71 21
100 50
89 39
95 45
89 39
59 9
56 7
51 2
80 31
97 48
73 24
60 11
93 44
95 46
64 15
84 35
92 43
99 50
100 51
60 11
82 33
63 14
84 35
51 2
62 13
82 33
68 19
56 7
97 48
50 1
88 39
98 49
59 10
62 13
84 35
97 48
90 41
65 16
75 26
58 9
66 17
79 30
63 14
87 38
59 10
89 40
63 14
74 25
54 5
75 26
80 31
92 43
84 35
58 9
79 30
65 16
53 4
88 39
61 12
56 7
70 21
97 48
61 12
86 37
63 14
96 47
61 13
61 13
57 9
81 33
68 20
99 51
84 36
93 45
75 27
77 29
82 34
62 14
97 49
68 20
85 37
50 2
92 44
94 46
93 45
81 33
92 44
78 30
77 29
54 6
75 27
49 1
52 4
63 15
55 7
66 18
79 31
65 17
65 17
55 7
89 41
67 19
92 44
51 3
73 25
61 13
99 52
68 21
58 11
55 8
64 17
88 41
88 41
91 44
89 42
80 33
49 2
91 44
84 37
72 25
58 11
75 28
97 50
57 10
95 48
59 12
56 9
86 39
100 53
50 3
96 49
59 12
100 53
90 43
80 33
72 25
84 37
78 31
74 27
84 37
95 48
87 40
57 10
81 34
97 50
57 10
89 42
68 22
58 12
58 12
55 9
71 25
77 31
97 51
77 31
82 36
89 43
57 11
68 22
62 16
82 36
71 25
73 27
90 44
94 48
75 29
75 29
92 46
61 15
61 15
72 26
98 52
78 32
49 3
48 2
81 35
49 3
94 48
94 48
51 5
49 3
67 21
75 29
70 24
76 30
75 29
61 15
47 1
90 44
59 13
68 22
78 32
48 2
50 4
56 10
91 45
67 22
89 44
47 2
98 53
72 27
86 41
70 25
79 34
69 24
46 1
78 33
57 12
51 6
49 4
98 53
98 53
49 4
89 44
64 19
53 8
66 21
87 42
74 29
58 13
47 2
67 22
75 30
93 48
100 55
90 45
98 53
93 48
67 22
49 4
51 6
83 38
64 19
71 26
94 49
79 34
72 27
73 28
80 35
93 48
82 37
99 54
49 5
53 9
89 45
73 29
80 36
100 56
56 12
93 49
70 26
81 37
94 50
60 16
84 40
81 37
88 44
57 13
68 24
90 46
65 21
90 46
85 41
99 55
67 23
65 21
48 4
95 51
55 11
51 7
57 13
57 13
69 25
75 31
95 51
86 42
51 7
87 43
63 19
93 49
81 37
85 41
65 21
58 14
65 21
59 15
76 32
72 28
49 5
47 3
74 30
50 6
66 22
87 43
81 37
96 52
56 12
63 19
78 34
78 34
50 6
73 29
69 25
72 29
75 32
90 47
97 54
87 44
46 3
86 43
72 29
68 25
75 32
47 4
84 41
62 19
97 54
64 21
89 46
64 21
44 1
88 45
60 17
50 7
60 17
54 11
100 57
83 40
83 40
74 31
49 6
59 16
61 18
77 34
54 11
85 42
93 50
79 36
52 9
75 32
65 22
83 40
55 12
66 23
90 47
48 5
66 23
58 15
53 10
48 5
50 7
95 52
45 2
76 33
49 6
76 33
48 5
90 47
50 7
70 27
83 40
74 31
74 31
52 9
98 55
66 23
71 29
54 12
59 17
89 47
58 16
57 15
100 58
78 36
100 58
99 57
58 16
72 30
92 50
55 13
95 53
81 39
47 5
45 3
51 9
98 56
59 17
60 18
68 26
77 35
95 53
56 14
45 3
50 8
46 4
43 1
100 58
59 17
98 56
46 4
78 36
93 51
91 49
66 24
63 21
91 49
76 34
53 11
49 7
70 28
91 49
55 13
48 6
65 23
92 50
94 52
87 45
92 51
69 28
58 17
52 11
97 56
82 41
99 58
48 7
53 12
75 34
46 5
52 11
83 42
88 47
97 56
78 37
77 36
90 49
100 59
70 29
82 41
79 38
50 9
66 25
90 49
66 25
72 31
94 53
99 58
97 56
49 8
43 2
73 32
99 58
53 12
66 25
67 26
69 28
61 20
66 25
45 4
76 35
72 31
97 56
50 9
62 21
67 26
55 14
70 29
92 51
43 2
82 41
92 51
51 10
86 45
53 12
45 4
66 25
91 50
67 26
61 20
74 33
86 46
48 8
51 11
60 20
57 17
75 35
83 43
78 38
49 9
80 40
44 4
89 49
51 11
79 39
53 13
93 53
61 21
94 54
92 52
76 36
75 35
72 32
45 5
92 52
87 47
43 3
81 41
83 43
50 10
72 32
78 38
95 55
71 31
69 29
70 30
43 3
42 2
43 3
85 45
98 58
61 21
79 39
85 45
66 26
87 47
65 25
97 57
51 11
96 56
70 30
86 46
81 41
47 7
55 15
86 46
47 7
46 6
62 22
95 56
90 51
48 9
72 33
60 21
40 1
100 61
67 28
71 32
62 23
76 37
84 45
83 44
92 53
74 35
84 45
65 26
74 35
43 4
83 44
90 51
89 50
47 8
59 20
70 31
44 5
76 37
61 22
48 9
52 13
83 44
74 35
68 29
59 20
48 9
49 10
47 8
56 17
97 58
97 58
84 45
50 11
49 10
62 23
53 14
66 28
91 53
67 29
60 22
84 46
89 51
71 33
83 45
50 12
93 55
76 38
54 16
94 56
58 20
63 25
92 54
39 1
85 47
47 9
76 38
87 49
64 26
95 57
88 50
41 3
51 13
61 23
100 62
53 15
92 54
70 32
77 39
88 50
100 62
97 59
79 41
80 42
96 58
77 39
71 33
55 17
45 7
94 56
86 48
39 1
65 27
92 54
63 25
42 4
88 50
51 13
87 49
45 7
43 5
73 35
89 51
89 51
82 44
46 8
47 9
97 59
95 58
41 4
42 5
40 3
87 50
96 59
53 16
94 57
97 60
86 49
83 46
77 40
81 44
71 34
52 15
70 33
54 17
51 14
79 42
90 53
91 54
79 42
100 63
80 43
70 33
51 14
45 8
62 25
94 57
50 13
76 39
84 47
43 6
66 29
92 55
89 52
85 48
67 30
64 27
80 43
88 51
58 21
65 28
92 55
70 33
55 18
88 51
89 52
68 31
82 45
88 51
92 55
43 6
51 14
43 6
66 29
96 59
58 21
49 12
56 19
89 52
75 38
74 37
62 25
54 17
38 1
57 20
55 18
70 33
66 29
86 49
38 1
96 59
62 26
55 19
50 14
98 62
62 26
78 42
74 38
78 42
74 38
45 9
85 49
74 38
64 28
53 17
43 7
70 34
70 34
55 19
55 19
69 33
41 5
62 26
74 38
46 10
84 48
46 10
94 58
43 7
56 20
73 37
71 35
68 32
76 40
43 7
95 59
56 20
86 50
60 24
85 49
50 14
73 37
65 29
92 56
87 51
96 60
39 3
59 23
78 42
40 4
38 2
72 36
96 60
41 5
86 50
63 27
50 14
62 26
99 63
38 2
78 42
39 3
93 57
97 61
60 24
99 63
44 8
46 11
91 56
41 6
97 62
58 23
85 50
84 49
39 4
97 62
53 18
54 19
72 37
98 63
92 57
49 14
79 44
61 26
80 45
42 7
46 11
62 27
51 16
79 44
81 46
87 52
64 29
78 43
56 21
49 14
80 45
57 22
94 59
83 48
97 62
46 11
65 30
69 34
51 16
44 9
43 8
86 51
37 2
75 40
44 9
94 59
83 48
65 30
90 55
79 44
96 61
75 40
66 31
82 47
57 22
56 21
45 10
43 8
56 21
55 20
76 41
43 8
87 52
92 57
59 24
69 34
38 3
90 55
99 64
49 15
58 24
95 61
38 4
37 3
95 61
56 22
64 30
75 41
39 5
92 58
41 7
87 53
87 53
100 66
78 44
94 60
35 1
85 51
35 1
76 42
49 15
97 63
66 32
79 45
39 5
87 53
96 62
58 24
55 21
81 47
82 48
69 35
96 62
69 35
73 39
41 7
49 15
61 27
47 13
93 59
88 54
74 40
39 5
64 30
98 64
86 52
62 28
71 37
49 15
72 38
50 16
95 61
52 18
65 31
74 40
52 18
98 64
58 24
66 32
54 20
79 45
50 16
50 16
78 44
94 60
81 47
83 49
79 45
95 61
64 30
45 11
80 46
75 41
45 11
73 40
94 61
63 30
100 67
41 8
68 35
38 5
90 57
77 44
80 47
88 55
66 33
38 5
92 59
92 59
56 23
58 25
90 57
48 15
50 17
53 20
82 49
39 6
98 65
79 46
57 24
80 47
57 24
95 62
65 32
91 58
95 62
100 67
82 49
73 40
35 2
56 23
96 63
100 67
94 61
60 27
83 50
58 25
82 49
49 16
92 59
66 33
42 9
50 17
48 15
39 6
79 46
43 10
98 65
77 44
97 64
61 28
88 55
74 41
50 17
88 55
98 65
92 59
66 33
76 43
87 54
90 57
80 47
67 35
48 16
67 35
93 61
65 33
81 49
51 19
71 39
42 10
70 38
34 2
98 66
80 48
55 23
56 24
84 52
91 59
80 48
61 29
70 38
99 67
59 27
82 50
96 64
33 1
93 61
64 32
61 29
40 8
90 58
48 16
69 37
95 63
35 3
65 33
92 60
84 52
45 13
72 40
77 45
72 40
67 35
62 30
37 5
89 57
89 57
50 18
76 44
78 46
39 7
56 24
75 43
65 33
94 62
42 10
88 56
48 16
66 34
85 53
50 18
57 25
93 61
48 16
85 53
76 44
64 32
40 8
71 39
72 40
58 26
48 16
45 13
87 55
95 63
96 64
89 57
70 38
55 24
43 12
40 9
50 19
54 23
37 6
61 30
44 13
32 1
37 6
57 26
43 12
59 28
93 62
41 10
68 37
47 16
96 65
60 29
94 63
56 25
87 56
43 12
88 57
33 2
49 18
44 13
99 68
71 40
64 33
34 3
100 69
53 22
97 66
76 45
64 33
32 1
54 23
49 18
60 29
51 20
49 18
61 30
36 5
75 44
35 4
58 27
96 65
77 46
97 66
65 34
72 41
98 67
54 23
46 15
91 60
69 38
56 25
84 53
35 4
95 64
61 30
62 31
89 58
39 8
78 47
90 59
74 43
62 31
63 32
78 47
62 31
76 45
70 39
49 18
80 50
83 53
77 47
32 2
72 42
39 9
63 33
100 70
74 44
90 60
62 32
98 68
96 66
37 7
71 41
77 47
43 13
74 44
92 62
97 67
70 40
32 2
59 29
50 20
93 63
80 50
40 10
47 17
70 40
97 67
47 17
64 34
83 53
82 52
93 63
90 60
92 62
58 28
75 45
42 12
66 36
85 55
39 9
74 44
95 65
80 50
64 34
55 25
59 29
74 44
57 27
36 7
90 61
54 25
82 53
94 65
93 64
85 56
73 44
55 26
96 67
94 65
62 33
99 70
56 27
91 62
83 54
47 18
34 5
96 67
87 58
46 17
70 41
59 30
68 39
70 41
95 66
41 12
94 65
42 13
65 36
39 10
64 35
50 21
97 68
58 29
63 34
97 68
42 13
84 55
36 7
48 19
85 56
89 60
33 4
58 29
43 14
55 26
87 58
87 58
87 58
67 38
89 60
71 42
44 15
99 70
64 35
87 58
38 9
89 60
41 13
30 2
68 40
100 72
99 71
93 65
92 64
64 36
38 10
55 27
49 21
80 52
40 12
45 17
100 72
32 4
74 46
100 72
71 43
95 67
64 36
35 7
45 17
70 42
84 56
93 65
82 54
43 15
39 11
60 32
32 4
93 65
60 32
35 7
69 41
89 61
55 27
47 19
82 54
63 35
53 25
77 49
71 43
38 10
43 15
72 44
95 67
33 5
57 29
49 21
68 40
95 67
84 56
61 33
54 26
87 59
62 34
89 61
53 25
30 2
84 56
90 62
52 24
54 26
72 44
64 36
93 65
98 70
46 18
51 23
99 71
45 17
30 2
39 11
31 3
94 66
92 64
39 11
31 3
76 48
64 36
40 12
83 55
64 36
98 70
30 2
44 16
92 64
43 15
86 58
44 16
61 34
31 4
64 37
96 69
80 53
43 16
37 10
35 8
70 43
43 16
39 12
58 31
45 18
87 60
91 64
77 50
49 22
50 23
56 29
30 3
63 36
83 56
86 59
82 55
88 61
96 69
87 60
35 8
95 68
46 19
40 13
93 66
69 42
44 17
29 2
60 33
100 73
59 32
65 38
28 1
71 44
96 69
81 54
56 29
33 6
95 68
72 45
45 18
90 63
33 6
88 61
84 57
99 72
36 9
33 6
46 19
36 9
29 2
70 43
56 29
62 35
31 4
36 9
78 51
92 65
38 11
57 30
72 45
62 35
53 26
53 26
43 17
45 19
64 38
37 11
64 38
95 69
53 27
40 14
90 64
27 1
43 17
55 29
85 59
28 2
97 71
92 66
70 44
72 46
72 46
59 33
78 52
62 36
63 37
45 19
68 42
83 57
35 9
97 71
52 26
32 6
89 63
84 58
62 36
28 2
46 20
85 59
100 74
34 8
49 23
76 50
68 42
91 65
59 33
67 41
29 3
58 32
48 22
91 65
95 69
39 13
83 57
82 56
68 42
78 52
79 53
28 2
65 39
83 57
44 18
50 24
43 17
85 59
80 54
32 6
79 53
50 25
64 39
81 56
97 72
59 34
48 23
56 31
40 15
52 27
89 64
58 33
36 11
83 58
54 29
40 15
34 9
44 19
95 70
77 52
36 11
94 69
88 63
88 63
67 42
98 73
94 69
89 64
28 3
80 55
44 19
84 59
75 50
56 31
74 49
65 40
75 50
51 26
74 49
54 29
73 48
95 70
66 41
53 28
89 64
92 67
62 37
84 59
56 31
63 38
75 50
80 55
56 31
75 50
76 51
75 50
82 57
64 39
31 6
61 36
70 45
77 52
45 20
57 32
99 74
61 36
48 23
77 52
37 12
55 30
78 53
41 16
87 62
99 74
89 64
94 70
91 67
42 18
90 66
58 34
25 1
53 29
58 34
73 49
54 30
81 57
29 5
63 39
60 36
71 47
80 56
89 65
91 67
65 41
57 33
97 73
33 9
87 63
81 57
70 46
31 7
81 57
64 40
38 14
98 74
98 74
49 25
93 69
92 68
100 76
41 17
63 39
75 51
53 29
51 27
25 1
66 42
85 61
63 39
28 4
43 19
32 8
28 4
98 74
73 49
81 57
47 23
92 68
94 70
27 3
95 71
31 7
61 37
75 51
57 33
58 34
38 14
69 45
46 22
26 2
63 39
71 47
72 48
86 62
82 58
49 25
90 66
89 65
73 49
41 17
41 17
65 41
93 69
25 1
49 25
89 65
91 67
25 2
29 6
80 57
51 28
54 31
60 37
86 63
37 14
34 11
59 36
55 32
67 44
85 62
31 8
37 14
52 29
60 37
90 67
98 75
64 41
62 39
90 67
75 52
41 18
86 63
83 60
35 12
70 47
67 44
100 77
93 70
26 3
78 55
89 66
76 53
90 67
85 62
93 70
29 6
85 62
91 68
73 50
32 9
30 7
52 29
24 1
72 49
82 59
73 50
84 61
58 35
41 18
24 1
27 4
45 22
86 63
62 39
34 11
74 51
43 20
77 54
93 70
88 65
45 22
41 18
62 39
95 72
76 53
86 63
95 72
40 17
69 46
60 37
84 61
71 48
36 14
56 34
92 70
40 18
79 57
80 58
70 48
39 17
64 42
46 24
93 71
38 16
87 65
80 58
79 57
30 8
46 24
61 39
81 59
29 7
77 55
84 62
69 47
29 7
58 36
87 65
69 47
96 74
88 66
33 11
97 75
28 6
25 3
72 50
80 58
59 37
86 64
52 30
96 74
57 35
58 36
93 71
84 62
43 21
84 62
60 38
32 10
50 28
79 57
53 31
43 21
86 64
37 15
98 76
71 49
80 58
31 9
42 20
33 11
87 65
86 64
95 73
98 76
75 53
88 66
47 25
95 73
23 1
25 3
55 33
31 9
45 23
86 64
87 65
27 5
63 41
87 65
40 18
28 6
37 15
32 10
50 28
100 79
52 31
38 17
99 78
66 45
60 39
80 59
99 78
81 60
82 61
91 70
50 29
58 37
24 3
30 9
64 43
40 19
48 27
62 41
49 28
82 61
66 45
48 27
27 6
38 17
33 12
46 25
38 17
55 34
74 53
89 68
23 2
62 41
22 1
91 70
67 46
40 19
60 39
33 12
36 15
24 3
77 56
65 44
50 29
26 5
66 45
50 29
76 55
23 2
70 49
66 45
24 3
56 35
72 51
63 42
52 31
93 72
88 67
83 62
86 65
83 62
44 23
72 51
60 39
87 66
46 25
88 67
57 36
25 4
70 49
96 75
83 62
88 67
92 71
85 64
61 40
24 3
36 16
92 72
64 44
36 16
98 78
66 46
92 72
78 58
57 37
63 43
53 33
60 40
43 23
42 22
48 28
24 4
32 12
78 58
33 13
33 13
36 16
43 23
40 20
76 56
23 3
79 59
84 64
21 1
54 34
25 5
31 11
88 68
100 80
79 59
81 61
78 58
50 30
81 61
59 39
45 25
26 6
91 71
55 35
44 24
78 58
45 25
22 2
95 75
23 3
58 38
69 49
86 66
64 44
62 42
98 78
21 1
41 21
83 63
27 7
78 58
38 18
41 21
84 64
59 39
89 69
59 39
66 46
45 25
54 34
51 31
79 59
88 68
33 13
49 29
89 69
85 65
55 35
80 60
61 41
99 79
77 57
43 23
43 23
43 23
79 59
96 76
36 16
73 53
96 77
51 32
100 81
79 60
51 32
56 37
59 40
71 52
82 63
55 36
48 29
50 31
47 28
35 16
56 37
29 10
82 63
52 33
46 27
78 59
76 57
59 40
87 68
80 61
62 43
55 36
64 45
68 49
95 76
52 33
66 47
47 28
74 55
41 22
54 35
41 22
75 56
46 27
53 34
74 55
64 45
28 9
22 3
85 66
35 16
99 80
86 67
72 53
21 2
40 21
94 75
84 65
76 57
85 66
65 46
98 79
42 23
92 73
90 71
78 59
61 42
91 72
65 46
94 75
85 66
53 34
93 74
71 52
99 80
98 79
65 46
52 33
89 70
21 2
31 12
38 19
44 25
92 73
89 70
79 60
57 38
34 15
69 50
70 51
28 9
50 32
61 43
68 50
94 76
21 3
86 68
83 65
26 8
70 52
82 64
98 80
26 8
73 55
97 79
61 43
25 7
27 9
22 4
82 64
91 73
97 79
69 51
99 81
27 9
57 39
28 10
90 72
81 63
51 33
84 66
19 1
21 3
52 34
20 2
94 76
100 82
84 66
36 18
89 71
68 50
61 43
98 80
23 5
72 54
49 31
64 46
39 21
75 57
55 37
42 24
40 22
25 7
50 32
54 36
69 51
81 63
31 13
27 9
100 82
27 9
82 64
63 45
100 82
95 77
55 37
92 74
64 46
41 23
31 13
78 60
64 46
74 56
47 29
78 60
69 51
99 82
24 7
32 15
41 24
18 1
63 46
46 29
89 72
39 22
35 18
19 2
56 39
71 54
30 13
20 3
41 24
73 56
39 22
19 2
70 53
54 37
56 39
93 76
41 24
79 62
53 36
18 1
73 56
88 71
36 19
72 55
98 81
83 66
58 41
19 2
77 60
38 21
36 19
83 66
94 77
45 28
36 19
50 33
27 10
41 24
89 72
89 72
44 27
62 45
92 75
34 17
22 5
63 46
23 6
40 23
81 64
65 48
22 5
41 24
54 37
19 2
22 5
18 1
47 30
32 15
36 19
30 13
69 52
90 74
51 35
62 46
37 21
45 29
64 48
21 5
82 66
57 41
64 48
71 55
82 66
30 14
45 29
86 70
94 78
36 20
50 34
71 55
93 77
93 77
63 47
73 57
26 10
39 23
96 80
59 43
73 57
61 45
55 39
71 55
17 1
43 27
88 72
96 80
25 9
78 62
37 21
78 62
91 75
94 78
90 74
100 84
42 26
76 60
83 67
37 21
39 23
61 45
59 43
25 9
53 37
70 54
28 12
34 18
45 29
28 12
43 27
37 21
50 34
28 12
39 23
48 32
32 16
73 57
33 17
52 36
21 5
67 51
20 4
32 16
89 73
38 22
64 48
72 56
71 55
20 4
21 5
87 71
37 21
71 55
59 43
70 54
22 6
98 82
38 22
55 39
71 55
83 67
63 47
70 54
98 82
55 39
42 26
74 59
26 11
37 22
77 62
50 35
58 43
68 53
36 21
93 78
80 65
97 82
83 68
68 53
21 6
85 70
98 83
71 56
16 1
26 11
23 8
49 34
47 32
62 47
87 72
71 56
18 3
90 75
34 19
81 66
80 65
98 83
63 48
18 3
53 38
95 80
73 58
58 43
58 43
49 34
86 71
23 8
84 69
29 14
38 23
19 4
62 47
28 13
58 43
30 15
56 41
54 39
36 21
78 63
92 77
24 9
73 58
78 63
47 32
67 52
32 17
53 38
22 7
59 44
75 60
67 52
27 12
24 9
70 55
66 51
25 10
38 23
89 74
55 40
24 10
30 16
94 80
80 66
36 22
42 28
81 67
27 13
89 75
92 78
85 71
85 71
34 20
77 63
86 72
27 13
80 66
22 8
25 11
100 86
20 6
73 59
52 38
54 40
59 45
24 10
15 1
22 8
27 13
59 45
36 22
45 31
93 79
100 86
85 71
84 70
63 49
79 65
25 11
50 36
30 16
48 34
79 65
35 21
56 42
81 67
38 24
100 86
45 31
18 4
24 10
47 33
72 58
20 6
29 15
64 50
24 10
79 65
70 56
77 63
64 50
96 82
63 49
62 48
75 61
75 61
52 38
58 44
82 68
76 62
24 10
57 43
19 5
26 12
93 79
46 32
67 53
74 60
22 8
20 6
21 7
70 56
28 14
59 45
84 71
81 68
53 40
67 54
65 52
27 14
33 20
72 59
22 9
65 52
15 2
95 82
80 67
55 42
50 37
99 86
70 57
20 7
17 4
60 47
64 51
79 66
36 23
59 46
82 69
48 35
65 52
35 22
70 57
43 30
81 68
37 24
22 9
35 22
15 2
15 2
46 33
93 80
79 66
66 53
85 72
44 31
80 67
64 51
51 38
92 79
23 10
55 42
33 20
82 69
22 9
17 4
81 68
61 48
63 50
59 46
96 83
38 25
89 76
26 13
51 38
38 25
36 23
64 51
19 6
35 22
72 59
99 86
78 65
25 12
22 9
97 84
27 14
40 27
18 5
51 38
15 2
48 35
88 75
79 66
21 8
47 34
87 74
78 65
64 51
84 71
73 61
79 67
75 63
21 9
62 50
71 59
88 76
39 27
17 5
21 9
52 40
36 24
92 80
21 9
84 72
48 36
96 84
70 58
67 55
17 5
18 6
37 25
72 60
60 48
69 57
66 54
53 41
88 76
81 69
71 59
71 59
63 51
59 47
94 82
75 63
52 40
90 78
95 83
27 15
62 50
65 53
20 8
60 48
98 86
61 49
32 20
78 66
53 41
20 8
17 5
94 82
46 34
95 83
97 85
72 60
44 32
97 85
67 55
33 21
74 62
83 71
83 71
17 5
75 63
79 67
51 39
41 29
93 81
46 34
16 4
46 34
43 31
69 57
48 36
77 65
28 16
83 71
27 15
66 54
65 53
77 65
62 50
38 26
100 88
72 60
85 73
77 65
55 43
43 31
80 68
39 27
66 54
99 87
50 38
68 56
27 15
97 86
30 19
84 73
75 64
53 42
97 86
99 88
23 12
32 21
74 63
80 69
83 72
39 28
49 38
70 59
20 9
17 6
23 12
95 84
23 12
21 10
20 9
46 35
28 17
44 33
65 54
87 76
34 23
15 4
91 80
18 7
13 2
46 35
70 59
15 4
27 16
86 75
27 16
36 25
40 29
100 89
65 54
88 77
46 35
56 45
29 18
97 86
19 8
48 37
53 42
100 89
39 28
78 67
77 66
96 85
36 25
48 37
77 66
14 3
64 53
17 6
98 87
65 54
67 56
41 30
69 58
95 84
47 36
86 75
80 69
99 88
21 10
34 23
73 62
31 20
89 78
29 18
59 48
40 29
33 22
88 77
61 50
33 22
77 66
28 17
51 40
95 85
11 1
67 57
77 67
44 34
62 52
22 12
75 65
68 58
34 24
80 70
42 32
48 38
96 86
80 70
76 66
28 18
60 50
20 10
71 61
47 37
70 60
89 79
53 43
88 78
17 7
18 8
76 66
94 84
26 16
57 47
52 42
98 88
18 8
72 62
37 27
21 11
81 71
74 64
64 54
93 83
29 19
50 40
32 22
93 83
13 3
75 65
60 50
23 13
64 54
24 14
61 51
29 19
32 22
40 30
83 73
23 13
21 11
36 26
24 14
41 31
76 66
52 42
94 84
59 49
40 30
32 22
12 2
36 26
64 54
66 56
29 19
27 17
63 53
42 32
39 29
68 58
31 21
84 74
25 15
84 74
81 71
49 39
59 49
46 36
97 87
13 3
59 49
100 90
75 65
56 47
31 22
21 12
35 26
62 53
22 13
97 88
84 75
39 30
74 65
23 14
23 14
43 34
15 6
84 75
70 61
61 52
20 11
100 91
67 58
28 19
13 4
86 77
50 41
80 71
63 54
11 2
49 40
17 8
23 14
65 56
84 75
23 14
45 36
67 58
64 55
48 39
12 3
26 17
55 46
58 49
65 56
98 89
91 82
99 90
36 27
65 56
27 18
69 60
45 36
64 55
81 72
13 4
45 36
88 79
72 63
67 58
88 79
91 82
11 2
60 51
83 74
99 90
91 82
47 38
77 68
33 24
27 18
17 8
69 60
32 23
76 67
89 80
41 32
99 90
50 41
88 79
43 34
69 60
98 89
94 85
44 35
32 23
56 47
67 58
42 33
37 29
47 39
63 55
22 14
84 76
71 63
88 80
38 30
80 72
95 87
98 90
36 28
32 24
85 77
51 43
69 61
53 45
24 16
35 27
39 31
10 2
90 82
62 54
69 61
74 66
9 1
87 79
71 63
82 74
40 32
84 76
59 51
87 79
40 32
99 91
100 92
97 89
77 69
86 78
91 83
36 28
91 83
100 92
93 85
85 77
68 60
16 8
98 90
53 45
81 73
36 28
32 24
54 46
69 61
57 49
15 7
30 22
68 60
19 11
73 65
15 7
67 59
73 65
18 10
56 48
43 35
28 20
90 82
64 56
83 75
88 80
99 91
14 6
67 59
23 15
69 61
24 16
86 78
38 30
29 21
40 32
43 35
42 34
62 54
95 87
56 48
23 15
99 91
29 21
76 68
47 39
71 63
36 28
60 52
56 48
50 43
26 19
35 28
12 5
52 45
27 20
76 69
44 37
20 13
39 32
71 64
18 11
20 13
16 9
17 10
71 64
16 9
66 59
61 54
15 8
36 29
81 74
95 88
17 10
88 81
94 87
30 23
20 13
66 59
43 36
18 11
30 23
64 57
56 49
93 86
63 56
97 90
52 45
36 29
94 87
73 66
20 13
72 65
93 86
38 31
21 14
47 40
92 85
16 9
74 67
79 72
80 73
19 12
98 91
29 22
61 54
61 54
100 93
9 2
32 25
27 20
32 25
78 71
8 1
17 10
82 75
64 57
51 44
85 78
57 50
39 32
43 36
9 2
44 37
85 78
86 79
68 61
40 33
93 86
18 11
15 8
69 62
87 80
57 50
33 26
30 23
34 27
42 35
30 23
22 15
71 64
93 86
55 48
57 50
94 87
37 30
42 35
62 55
24 17
21 14
54 48
45 39
30 24
49 43
99 93
26 20
99 93
72 66
24 18
52 46
32 26
95 89
28 22
9 3
91 85
24 18
100 94
37 31
33 27
8 2
69 63
13 7
82 76
98 92
84 78
15 9
62 56
25 19
28 22
65 59
67 61
80 74
14 8
24 18
100 94
88 82
98 92
78 72
13 7
37 31
14 8
88 82
80 74
50 44
72 66
52 46
20 14
37 31
78 72
93 87
32 26
92 86
84 78
75 69
51 45
39 33
78 72
41 35
94 88
41 35
88 82
56 50
27 21
100 94
76 70
35 29
34 28
60 54
37 31
39 33
36 30
82 76
44 38
27 21
85 79
36 30
82 76
96 90
22 16
62 56
60 54
53 47
98 92
79 73
15 9
88 82
29 23
34 28
55 49
10 4
90 84
64 58
47 41
60 54
61 55
14 8
48 42
53 47
48 42
75 69
32 26
36 30
100 94
83 77
60 54
59 54
44 39
90 85
64 59
57 52
45 40
18 13
52 47
28 23
21 16
92 87
30 25
38 33
8 3
83 78
33 28
36 31
27 22
65 60
24 19
25 20
97 92
79 74
63 58
77 72
11 6
62 57
90 85
75 70
99 94
63 58
7 2
55 50
48 43
42 37
52 47
91 86
39 34
12 7
93 88
41 36
59 54
38 33
56 51
57 52
96 91
6 1
99 94
54 49
36 31
55 50
97 92
27 22
90 85
92 87
91 86
71 66
22 17
74 69
6 1
91 86
48 43
32 27
69 64
13 8
10 5
90 85
67 62
70 65
35 30
63 58
61 56
86 81
20 15
93 88
8 3
56 51
92 87
54 49
29 24
38 33
84 79
36 31
52 47
33 28
53 48
23 18
82 77
71 66
65 61
21 17
19 15
20 16
36 32
80 76
59 55
49 45
15 11
97 93
66 62
98 94
52 48
62 58
39 35
49 45
88 84
67 63
66 62
10 6
21 17
81 77
61 57
59 55
99 95
69 65
48 44
58 54
10 6
90 86
99 95
94 90
48 44
93 89
19 15
82 78
34 30
55 51
63 59
67 63
35 31
10 6
41 37
80 76
14 10
52 48
21 17
38 34
82 78
61 57
16 12
74 70
6 2
83 79
89 85
39 35
37 33
96 92
67 63
13 9
83 79
54 50
66 62
78 74
48 44
46 42
46 42
93 89
35 31
36 32
67 63
48 44
45 41
91 87
12 8
84 80
58 54
24 20
44 40
100 96
94 90
16 12
71 67
61 57
65 61
15 11
34 30
65 61
27 23
30 26
40 36
59 55
15 11
22 18
48 44
64 60
70 66
96 92
89 85
23 19
32 28
20 16
42 38
86 82
85 81
73 69
79 75
100 96
61 58
24 21
60 57
62 59
30 27
61 58
90 87
30 27
60 57
49 46
83 80
89 86
81 78
36 33
48 45
24 21
75 72
5 2
91 88
90 87
89 86
61 58
4 1
89 86
23 20
37 34
18 15
21 18
47 44
95 92
35 32
88 85
9 6
74 71
96 93
42 39
37 34
15 12
67 64
78 75
41 38
27 24
59 56
22 19
61 58
55 52
87 84
23 20
21 18
9 6
45 42
16 13
85 82
11 8
80 77
96 93
47 44
42 39
49 46
30 27
18 15
33 30
70 67
56 53
50 47
42 39
96 93
47 44
76 73
96 93
40 37
72 69
89 86
6 3
15 12
83 80
11 8
39 36
13 10
76 73
85 82
75 72
90 87
56 53
70 67
60 57
52 50
17 15
81 79
52 50
84 82
86 84
68 66
25 23
46 44
5 3
84 82
80 78
75 73
50 48
14 12
12 10
64 62
30 28
41 39
60 58
100 98
29 27
23 21
93 91
100 98
8 6
50 48
42 40
36 34
80 78
70 68
69 67
56 54
82 80
87 85
41 39
27 25
12 10
20 18
70 68
82 80
19 17
6 4
66 64
4 2
98 96
86 84
3 1
33 31
43 41
72 70
17 15
83 81
81 79
39 37
92 90
85 83
82 80
92 90
74 72
78 76
9 7
96 94
22 20
92 90
35 33
73 71
97 95
5 3
75 73
41 39
89 87
65 63
69 67
85 83
50 48
82 80
66 64
64 62
68 66
77 75
37 35
32 30
21 19
6 4
78 76
81 79
26 24
25 23
42 40
79 77
84 82
34 32
20 18
60 58
43 41
96 94
41 39
98 96
91 89
38 36
66 64
97 95
78 76
49 47
50 48
6 5
81 80
5 4
72 71
63 62
24 23
48 47
32 31
19 18
9 8
88 87
7 6
95 94
29 28
2 1
34 33
63 62
58 57
19 18
13 12
43 42
47 46
71 70
34 33
13 12
38 37
17 16
43 42
69 68
88 87
2 1
81 80
59 58
6 5
83 82
52 51
61 60
22 21
12 11
65 64
14 13
48 47
87 86
96 95
78 77
70 69
73 72
33 32
13 12
46 45
42 41
27 26
99 98
31 30
53 52
48 47
88 87
17 16
40 39
26 25
19 18
42 41
42 41
90 89
58 57
52 51
47 46
49 48
53 52
81 80
99 98
60 59
36 35
93 92
58 57
99 98
83 82
78 77
82 81
87 86
74 73
41 40
81 80
60 59
96 95
35 34
23 22
28 27
91 90
48 47
92 91
36 35
98 97
25 24
48 47
7 6
35 34
24 23
21 20
61 60
67 66
73 72
35 34
65 64
44 43
63 62
23 22
14 13
58 57
53 52
86 85
16 15
76 75
75 74
91 90
19 18
50 49
51 51
28 28
19 19
36 36
33 33
55 55
69 69
82 82
40 40
27 27
96 96
98 98
77 77
54 54
15 15
82 82
19 19
24 24
83 83
40 40
88 88
62 62
67 67
37 37
8 8
86 86
91 91
92 92
18 18
69 69
79 79
54 54
74 74
88 88
40 40
55 55
90 90
20 20
44 44
17 17
65 65
57 57
62 62
83 83
98 98
29 29
88 88
62 62
58 58
56 56
88 88
61 61
95 95
89 89
97 97
45 45
7 7
4 4
70 70
16 16
64 64
27 27
72 72
84 84
63 63
50 50
16 16
18 18
4 4
85 85
27 27
33 33
93 93
91 91
10 10
85 85
22 22
38 38
84 84
38 38
43 43
53 53
33 33
42 42
53 53
24 24
100 100
91 91
89 89
48 48
78 78
32 32
51 51
46 46
22 22
8 8
41 41
62 62
55 55
100 100
36 36
84 84
74 74
38 38
36 36
14 15
59 60
29 30
10 11
63 64
67 68
70 71
20 21
15 16
9 10
81 82
11 12
27 28
15 16
13 14
52 53
37 38
40 41
11 12
93 94
59 60
42 43
4 5
68 69
11 12
34 35
51 52
34 35
92 93
65 66
23 24
96 97
47 48
21 22
4 5
29 30
9 10
73 74
52 53
81 82
23 24
47 48
2 3
47 48
73 74
76 77
28 29
46 47
46 47
16 17
8 9
14 15
29 30
20 21
49 50
11 12
65 66
80 81
30 31
88 89
90 91
7 8
17 18
46 47
48 49
46 47
75 76
62 63
94 95
71 72
13 14
42 43
57 58
90 91
39 40
8 9
94 95
95 96
58 59
66 67
91 92
92 93
66 67
6 7
53 54
90 91
67 68
51 52
51 52
22 23
82 83
2 3
14 15
38 39
97 98
86 87
58 59
17 18
75 76
48 49
28 30
78 80
67 69
7 9
14 16
33 35
43 45
53 55
12 14
76 78
73 75
72 74
86 88
53 55
13 15
34 36
62 64
47 49
8 10
84 86
11 13
85 87
57 59
18 20
38 40
96 98
43 45
41 43
94 96
3 5
4 6
70 72
82 84
13 15
76 78
34 36
59 61
20 22
46 48
19 21
97 99
66 68
34 36
23 25
91 93
42 44
18 20
70 72
28 30
49 51
23 25
86 88
69 71
72 74
92 94
87 89
1 3
84 86
66 68
68 70
82 84
51 53
4 6
11 13
68 70
53 55
57 59
51 53
83 85
86 88
6 8
28 30
73 75
66 68
80 82
30 32
81 83
96 98
7 9
85 87
23 25
1 3
4 6
7 9
87 89
8 10
54 56
13 15
44 47
9 12
84 87
43 46
57 60
58 61
46 49
88 91
27 30
30 33
6 9
24 27
85 88
42 45
3 6
80 83
35 38
60 63
24 27
31 34
38 41
47 50
27 30
55 58
86 89
48 51
9 12
58 61
34 37
54 57
24 27
45 48
17 20
5 8
49 52
73 76
87 90
40 43
54 57
57 60
67 70
42 45
49 52
92 95
57 60
82 85
82 85
55 58
6 9
54 57
74 77
26 29
83 86
30 33
73 76
36 39
75 78
91 94
34 37
8 11
54 57
36 39
62 65
63 66
18 21
90 93
20 23
84 87
97 100
35 38
8 11
48 51
34 37
61 64
30 33
64 67
13 16
38 41
41 44
56 59
50 53
22 25
67 70
92 95
78 81
24 27
94 97
95 98
61 64
24 27
19 22
93 96
53 57
13 17
22 26
20 24
72 76
32 36
85 89
59 63
56 60
74 78
26 30
61 65
44 48
53 57
46 50
16 20
57 61
63 67
70 74
63 67
78 82
96 100
30 34
96 100
60 64
76 80
73 77
42 46
30 34
62 66
66 70
59 63
57 61
67 71
95 99
69 73
59 63
69 73
54 58
58 62
20 24
90 94
26 30
40 44
34 38
18 22
51 55
26 30
20 24
9 13
4 8
3 7
61 65
59 63
8 12
57 61
69 73
18 22
95 99
91 95
5 9
46 50
51 55
1 5
30 34
27 31
96 100
17 21
49 53
12 16
52 56
6 10
22 26
20 24
70 74
69 73
20 24
22 26
73 77
85 89
30 34
88 92
16 20
75 79
61 65
78 82
46 50
68 73
29 34
21 26
12 17
80 85
55 60
32 37
49 54
62 67
74 79
72 77
91 96
1 6
18 23
80 85
44 49
9 14
50 55
83 88
87 92
70 75
64 69
81 86
15 20
30 35
33 38
67 72
85 90
34 39
56 61
17 22
76 81
40 45
59 64
64 69
56 61
33 38
86 91
82 87
28 33
62 67
41 46
55 60
11 16
7 12
5 10
50 55
46 51
47 52
87 92
19 24
49 54
77 82
87 92
54 59
41 46
95 100
47 52
67 72
75 80
91 96
60 65
9 14
20 25
31 36
49 54
11 16
60 65
82 87
58 63
50 55
78 83
72 77
11 16
85 90
23 28
21 26
5 10
60 65
20 25
92 97
39 45
55 61
55 61
11 17
42 48
79 85
49 55
18 24
86 92
45 51
34 40
76 82
75 81
91 97
22 28
76 82
87 93
66 72
57 63
49 55
55 61
92 98
35 41
7 13
34 40
58 64
70 76
25 31
49 55
28 34
88 94
8 14
10 16
54 60
69 75
15 21
90 96
16 22
93 99
28 34
59 65
37 43
88 94
91 97
76 82
49 55
90 96
20 26
11 17
81 87
52 58
12 18
25 31
76 82
89 95
76 82
32 38
41 47
20 26
14 20
54 60
57 63
16 22
80 86
68 74
1 7
39 45
16 22
6 12
66 72
26 32
53 59
45 51
67 73
59 65
35 41
25 31
73 79
64 70
76 82
51 57
71 77
32 38
24 30
23 29
80 86
64 70
68 74
74 80
82 88
43 49
19 25
1 7
21 27
85 92
92 99
61 68
52 59
23 30
34 41
25 32
56 63
77 84
8 15
46 53
21 28
47 54
40 47
1 8
39 46
69 76
55 62
1 8
52 59
12 19
65 72
49 56
2 9
29 36
7 14
22 29
20 27
68 75
93 100
51 58
53 60
16 23
34 41
16 23
53 60
44 51
50 57
72 79
40 47
22 29
37 44
62 69
56 63
23 30
28 35
12 19
71 78
86 93
12 19
25 32
53 60
46 53
75 82
4 11
14 21
69 76
36 43
69 76
54 61
36 43
89 96
18 25
3 10
23 30
40 47
25 32
22 29
31 38
71 78
68 75
74 81
37 44
55 62
15 22
31 38
56 63
8 16
38 46
18 26
25 33
52 60
77 85
85 93
2 10
89 97
71 79
72 80
23 31
18 26
90 98
88 96
3 11
88 96
45 53
3 11
80 88
86 94
78 86
51 59
57 65
5 13
59 67
54 62
79 87
46 54
27 35
81 89
77 85
72 80
36 44
50 58
76 84
66 74
37 45
39 47
18 26
40 48
72 80
49 57
77 85
3 11
21 29
23 31
79 87
13 21
10 18
34 42
31 39
13 21
54 62
75 83
15 23
64 72
78 86
75 83
83 91
75 83
14 22
74 82
18 26
88 96
38 46
9 17
85 93
23 31
83 91
36 44
87 95
24 32
60 68
39 47
80 88
73 81
27 35
12 20
48 56
86 94
23 31
87 95
26 34
38 46
84 92
39 47
32 40
82 90
75 83
30 38
52 60
64 72
62 70
22 30
73 81
12 20
58 66
7 15
44 52
50 58
19 27
85 93
24 32
51 60
26 35
7 16
33 42
44 53
53 62
20 29
41 50
26 35
6 15
5 14
18 27
14 23
6 15
47 56
61 70
30 39
12 21
79 88
24 33
73 82
7 16
70 79
41 50
9 18
26 35
19 28
38 47
75 84
62 71
2 11
65 74
64 73
79 88
45 54
21 30
70 79
76 85
40 49
5 14
75 84
35 44
63 72
61 70
33 42
81 90
33 42
90 99
54 63
17 26
70 79
45 54
61 70
29 38
42 51
90 99
17 26
60 69
47 56
65 74
42 51
29 38
75 84
91 100
14 23
88 97
31 40
27 36
90 99
91 100
34 43
71 80
40 49
1 10
15 24
78 87
76 85
10 19
78 87
47 56
57 66
55 64
77 86
2 11
14 23
50 59
60 69
42 51
48 57
86 95
51 60
88 98
37 47
40 50
88 98
52 62
6 16
69 79
53 63
75 85
76 86
73 83
72 82
20 30
52 62
6 16
86 96
6 16
82 92
21 31
44 54
76 86
20 30
22 32
35 45
35 45
8 18
35 45
49 59
62 72
60 70
3 13
3 13
52 62
32 42
74 84
86 96
36 46
35 45
38 48
38 48
78 88
75 85
1 11
78 88
59 69
80 90
53 63
46 56
83 93
4 14
40 50
37 47
39 49
77 87
15 25
71 81
79 89
53 63
83 93
53 63
39 49
28 38
68 78
51 61
25 35
71 81
19 29
38 48
9 19
45 55
67 77
58 68
5 15
21 31
36 46
21 31
67 77
81 91
88 98
55 65
70 80
22 32
8 18
24 34
15 26
17 28
69 80
63 74
26 37
76 87
62 73
25 36
54 65
42 53
5 16
84 95
30 41
38 49
50 61
64 75
59 70
67 78
48 59
85 96
74 85
35 46
14 25
43 54
42 53
52 63
19 30
81 92
35 46
82 93
68 79
84 95
81 92
83 94
14 25
74 85
40 51
56 67
80 91
11 22
63 74
51 62
32 43
75 86
3 14
67 78
59 70
86 97
10 21
79 90
78 89
71 82
33 44
79 90
1 12
26 37
13 24
37 48
34 45
16 27
60 71
64 75
36 47
81 92
34 45
32 43
24 35
46 57
52 63
51 62
9 20
88 99
89 100
32 43
14 25
56 67
9 20
74 85
46 57
26 37
13 24
28 39
79 90
19 30
16 27
54 66
65 77
20 32
33 45
44 56
12 24
39 51
4 16
61 73
81 93
8 20
84 96
46 58
16 28
66 78
37 49
57 69
19 31
1 13
38 50
4 16
65 77
68 80
74 86
35 47
44 56
14 26
65 77
55 67
62 74
58 70
73 85
9 21
34 46
5 17
8 20
61 73
19 31
12 24
1 13
85 97
59 71
30 42
3 15
82 94
53 65
86 98
50 62
42 54
79 91
86 98
57 69
33 45
21 33
4 16
10 22
31 43
80 92
63 75
38 50
72 84
39 51
25 37
29 41
42 54
49 61
35 47
11 23
40 52
7 19
82 94
79 91
37 49
86 98
14 26
13 25
60 72
31 43
80 92
12 24
12 24
32 44
26 38
63 75
16 28
24 36
47 59
71 83
77 90
13 26
41 54
43 56
75 88
7 20
39 52
41 54
77 90
65 78
35 48
71 84
8 21
26 39
76 89
26 39
47 60
87 100
20 33
38 51
33 46
23 36
46 59
18 31
1 14
64 77
13 26
44 57
69 82
24 37
63 76
53 66
26 39
57 70
72 85
87 100
4 17
9 22
40 53
43 56
56 69
10 23
73 86
56 69
17 30
81 94
73 86
32 45
67 80
54 67
17 30
9 22
4 17
30 43
42 55
15 28
5 18
15 28
44 57
34 47
54 67
23 36
13 26
48 61
50 63
59 72
47 60
73 86
8 21
35 48
48 61
80 93
83 96
1 14
32 45
77 90
49 62
54 67
53 66
39 52
39 52
51 64
73 86
35 48
25 38
31 44
27 40
67 80
48 61
55 68
69 82
12 25
61 74
79 92
67 80
64 77
62 75
25 38
53 67
45 59
41 55
82 96
63 77
60 74
52 66
18 32
55 69
35 49
5 19
31 45
74 88
28 42
86 100
58 72
37 51
75 89
14 28
16 30
36 50
69 83
70 84
15 29
21 35
83 97
73 87
15 29
55 69
63 77
57 71
79 93
59 73
55 69
35 49
32 46
6 20
32 46
71 85
7 21
71 85
11 25
37 51
53 67
19 33
40 54
29 43
5 19
43 57
83 97
73 87
48 62
40 54
79 93
34 48
86 100
55 69
70 84
73 87
67 81
65 79
76 90
56 70
65 79
36 50
71 85
58 72
25 39
79 93
83 97
40 54
77 91
14 28
55 69
31 45
83 97
33 47
56 70
65 79
64 78
84 98
85 99
11 25
73 87
64 78
55 69
41 55
35 49
60 74
45 59
49 63
41 55
71 86
40 55
84 99
47 62
78 93
40 55
29 44
35 50
18 33
83 98
3 18
6 21
8 23
23 38
14 29
73 88
23 38
13 28
22 37
48 63
39 54
23 38
23 38
3 18
6 21
51 66
21 36
12 27
24 39
49 64
23 38
40 55
53 68
69 84
10 25
23 38
79 94
77 92
31 46
40 55
71 86
22 37
24 39
30 45
43 58
49 64
42 57
67 82
36 51
15 30
57 72
63 78
71 86
52 67
61 76
57 72
24 39
67 82
20 35
50 65
22 37
58 73
16 31
45 60
24 39
34 49
58 73
31 46
78 93
57 72
73 88
7 22
10 25
13 28
54 69
66 81
16 31
2 17
55 70
59 74
59 74
56 71
52 67
8 23
5 20
22 37
51 66
72 88
46 62
57 73
28 44
68 84
47 63
53 69
30 46
81 97
4 20
1 17
8 24
44 60
3 19
22 38
49 65
11 27
8 24
13 29
3 19
28 44
5 21
72 88
37 53
47 63
29 45
72 88
74 90
24 40
54 70
69 85
37 53
67 83
52 68
79 95
19 35
56 72
8 24
74 90
8 24
21 37
71 87
32 48
49 65
56 72
4 20
50 66
80 96
19 35
63 79
48 64
23 39
84 100
27 43
47 63
33 49
39 55
80 96
78 94
29 45
47 63
42 58
1 17
63 79
15 31
14 30
71 87
67 83
77 93
30 46
59 75
68 84
29 45
37 53
14 31
49 66
49 66
71 88
46 63
62 79
4 21
75 92
42 59
12 29
13 30
62 79
22 39
56 73
15 32
6 23
51 68
51 68
66 83
8 25
65 82
18 35
57 74
77 94
44 61
52 69
72 89
4 21
21 38
60 77
47 64
17 34
1 18
72 89
39 56
51 68
54 71
82 99
53 70
72 89
74 91
65 82
21 38
78 95
63 80
33 50
78 95
21 38
47 64
25 42
32 49
6 23
73 90
28 45
17 34
70 87
48 65
46 63
20 37
36 53
35 52
75 92
28 45
12 29
76 93
31 48
72 89
57 74
65 82
11 28
80 97
67 84
16 33
14 31
34 51
44 61
3 20
51 68
26 43
74 91
53 70
43 60
36 53
16 33
38 55
75 92
64 81
13 30
46 63
20 38
4 22
51 69
54 72
64 82
37 55
23 41
60 78
2 20
18 36
57 75
53 71
42 60
69 87
64 82
61 79
50 68
16 34
6 24
11 29
45 63
81 99
65 83
40 58
42 60
26 44
10 28
72 90
67 85
41 59
32 50
76 94
20 38
29 47
44 62
49 67
72 90
5 23
33 51
58 76
70 88
71 89
33 51
41 59
46 64
54 72
48 66
19 37
8 26
71 89
19 37
81 99
67 85
54 72
18 36
82 100
20 38
56 74
60 78
54 72
13 31
7 25
20 38
61 79
62 80
79 97
22 40
61 79
62 80
64 82
63 81
43 61
43 61
77 95
3 21
39 57
38 56
77 95
9 27
72 90
69 87
75 93
48 66
17 36
39 58
58 77
25 44
18 37
80 99
33 52
57 76
5 24
49 68
74 93
81 100
58 77
15 34
8 27
12 31
61 80
1 20
21 40
14 33
33 52
4 23
5 24
14 33
15 34
42 61
3 22
58 77
56 75
55 74
67 86
70 89
68 87
14 33
79 98
55 74
32 51
11 30
57 76
40 59
80 99
81 100
75 94
6 25
20 39
33 52
22 41
51 70
40 59
19 38
8 27
10 29
17 36
64 83
66 85
20 39
66 85
12 31
78 97
23 42
58 77
15 34
37 56
70 89
26 45
33 52
24 43
63 82
3 22
53 72
59 78
16 35
43 62
17 36
56 75
11 30
66 85
4 23
18 37
57 76
80 99
78 98
10 30
1 21
21 41
12 32
62 82
23 43
36 56
54 74
40 60
73 93
61 81
80 100
56 76
38 58
68 88
59 79
64 84
77 97
56 76
46 66
34 54
69 89
40 60
34 54
43 63
77 97
8 28
62 82
53 73
41 61
35 55
38 58
23 43
8 28
36 56
73 93
45 65
34 54
68 88
78 98
24 44
74 94
28 48
15 35
10 30
51 71
17 37
48 68
41 61
42 62
77 97
2 22
74 94
16 36
78 98
14 34
54 74
42 62
4 24
64 84
36 56
69 89
66 86
60 80
32 52
40 60
22 42
47 67
60 80
78 98
10 30
12 32
32 52
5 25
43 63
53 73
68 88
67 87
3 23
31 51
71 91
24 44
33 53
22 42
80 100
78 98
34 54
15 35
17 38
38 59
6 27
79 100
51 72
4 25
70 91
62 83
52 73
25 46
75 96
37 58
46 67
24 45
58 79
24 45
61 82
64 85
36 57
78 99
72 93
70 91
44 65
47 68
28 49
43 64
75 96
46 67
33 54
4 25
55 76
6 27
75 96
17 38
58 79
5 26
16 37
1 22
68 89
41 62
17 38
72 93
49 70
3 24
78 99
15 36
8 29
72 93
33 54
29 50
15 36
61 82
74 95
47 68
15 36
69 90
14 35
59 80
78 99
28 49
50 71
40 61
77 98
28 49
51 72
17 38
12 33
32 53
79 100
54 75
72 93
2 23
30 51
69 91
10 32
36 58
48 70
50 72
68 90
29 51
48 70
6 28
32 54
7 29
44 66
14 36
12 34
41 63
29 51
1 23
67 89
15 37
21 43
61 83
44 66
70 92
74 96
16 38
15 37
10 32
24 46
39 61
76 98
53 75
67 89
18 40
29 51
46 68
55 77
28 50
18 40
26 48
77 99
40 62
75 97
56 78
53 75
78 100
28 50
49 71
55 77
49 71
9 31
35 57
21 43
1 23
76 98
46 68
40 62
8 30
74 96
21 43
24 46
40 62
26 48
45 67
32 54
46 68
27 49
48 70
55 77
45 67
55 77
18 40
78 100
61 83
5 27
30 52
26 48
32 54
33 55
8 30
30 52
58 80
39 61
5 27
11 34
43 66
28 51
55 78
76 99
20 43
25 48
25 48
24 47
76 99
2 25
69 92
44 67
4 27
63 86
34 57
11 34
22 45
72 95
52 75
75 98
24 47
31 54
12 35
30 53
16 39
3 26
76 99
48 71
25 48
77 100
57 80
65 88
75 98
1 24
75 98
30 53
49 72
15 38
47 70
77 100
18 41
65 88
33 56
35 58
18 41
63 86
77 100
5 28
51 74
5 28
44 67
64 87
11 34
16 39
65 88
50 73
52 75
75 98
44 67
72 95
19 42
15 38
56 79
18 41
67 90
72 95
25 48
42 65
23 46
35 58
3 26
73 96
55 78
46 69
63 86
10 33
21 45
24 48
45 69
7 31
6 30
11 35
13 37
28 52
17 41
44 68
66 90
31 55
45 69
75 99
20 44
59 83
73 97
62 86
23 47
6 30
27 51
47 71
27 51
69 93
48 72
42 66
18 42
48 72
47 71
20 44
59 83
18 42
43 67
56 80
57 81
17 41
40 64
65 89
37 61
1 25
3 27
45 69
13 37
52 76
6 30
6 30
12 36
1 25
34 58
35 59
8 32
56 80
5 29
19 43
3 27
31 55
2 26
52 76
15 39
49 73
71 95
48 72
47 71
68 92
76 100
33 57
29 53
41 66
34 59
46 71
54 79
28 53
9 34
51 76
28 53
51 76
44 69
48 73
74 99
74 99
34 59
45 70
58 83
17 42
70 95
52 77
24 49
37 62
9 34
23 48
4 29
60 85
48 73
26 51
52 77
30 55
67 92
61 86
52 77
45 70
52 77
16 41
69 94
7 32
53 78
23 48
15 40
67 92
10 35
71 96
61 86
63 88
30 55
43 68
52 77
29 54
67 92
43 68
42 67
74 99
48 73
50 75
69 94
42 67
36 61
6 31
11 36
17 42
64 89
2 27
68 93
2 27
55 80
53 78
68 93
73 99
1 27
18 44
65 91
62 88
70 96
8 34
32 58
22 48
23 49
54 80
32 58
39 65
21 47
49 75
20 46
37 63
37 63
74 100
6 32
12 38
72 98
59 85
5 31
13 39
27 53
35 61
11 37
47 73
45 71
19 45
42 68
67 93
15 41
19 45
29 55
2 28
17 43
50 76
4 30
61 87
21 47
57 83
40 66
38 64
22 48
46 72
20 46
50 76
54 80
50 76
70 96
63 89
38 64
44 70
9 35
7 33
18 44
4 30
22 48
41 67
4 30
49 75
68 94
7 33
47 73
15 41
41 67
20 46
20 46
9 35
59 85
57 83
55 81
23 49
54 80
62 88
52 78
70 97
49 76
33 60
45 72
4 31
56 83
44 71
65 92
59 86
65 92
67 94
50 77
17 44
56 83
66 93
36 63
21 48
14 41
41 68
1 28
35 62
37 64
38 65
33 60
3 30
40 67
22 49
8 35
40 67
40 67
50 77
69 96
73 100
27 54
33 60
20 47
53 80
55 82
46 73
22 49
68 95
72 99
20 47
4 31
41 68
44 71
22 49
3 30
15 42
32 59
6 33
9 36
33 60
7 34
29 56
71 98
5 32
35 62
70 98
4 32
58 86
46 74
9 37
60 88
21 49
40 68
30 58
59 87
21 49
45 73
5 33
67 95
62 90
67 95
32 60
44 72
10 38
9 37
57 85
5 33
20 48
70 98
53 81
17 45
51 79
40 68
44 72
13 41
32 60
22 50
52 80
42 70
33 61
39 67
41 69
48 76
67 95
27 55
67 95
55 83
24 52
45 73
6 34
9 37
33 61
58 86
9 37
7 35
66 94
49 77
72 100
40 68
22 50
20 48
10 38
26 54
25 53
57 85
40 68
25 53
36 64
25 53
19 47
70 98
58 86
45 73
9 37
45 73
13 41
10 38
54 82
54 82
71 99
35 63
33 61
40 68
11 39
4 33
14 43
38 67
65 94
2 31
34 63
18 47
2 31
9 38
6 35
44 73
3 32
47 76
14 43
65 94
38 67
5 34
49 78
41 70
58 87
16 45
21 50
25 54
59 88
66 95
31 60
64 93
26 55
16 45
49 78
31 60
17 46
34 63
31 60
59 88
61 90
39 68
35 64
49 78
6 35
24 53
4 33
33 62
11 40
22 51
38 67
8 37
67 96
14 43
27 56
20 49
29 58
31 60
12 41
51 80
52 81
17 46
31 60
65 94
57 86
44 73
55 84
40 69
51 80
43 72
13 42
16 45
26 55
71 100
51 80
3 32
9 38
70 99
32 61
10 39
57 86
10 39
46 75
62 91
53 82
7 36
58 87
16 45
69 98
60 89
43 72
34 63
46 76
54 84
48 78
65 95
11 41
49 79
64 94
44 74
13 43
24 54
36 66
22 52
10 40
35 65
25 55
1 31
42 72
10 40
70 100
47 77
24 54
50 80
50 80
64 94
64 94
2 32
45 75
65 95
1 31
46 76
16 46
41 71
44 74
52 82
38 68
36 66
26 56
10 40
51 81
22 52
22 52
35 65
16 46
4 34
26 56
11 41
28 58
11 41
37 67
49 79
50 80
51 81
57 87
30 60
45 75
56 86
18 48
8 38
57 87
27 57
15 45
9 39
12 42
4 34
51 81
34 64
22 52
49 79
3 33
24 54
15 45
40 70
41 71
5 35
30 60
8 39
46 77
40 71
20 51
45 76
29 60
45 76
3 34
17 48
21 52
6 37
43 74
65 96
43 74
10 41
39 70
23 54
49 80
63 94
29 60
32 63
40 71
9 40
48 79
31 62
48 79
36 67
61 92
54 85
59 90
32 63
34 65
5 36
27 58
28 59
48 79
25 56
63 94
6 37
28 59
4 35
24 55
31 62
43 74
15 46
56 87
34 65
32 63
24 55
1 32
5 36
15 46
59 90
9 40
2 33
21 52
42 73
43 74
4 35
12 43
48 79
59 90
32 63
57 88
16 48
17 49
18 50
67 99
28 60
32 64
52 84
12 44
25 57
24 56
49 81
42 74
48 80
58 90
8 40
20 52
26 58
20 52
12 44
17 49
16 48
15 47
35 67
56 88
25 57
17 49
65 97
10 42
25 57
3 35
54 86
41 73
63 95
3 35
21 53
4 36
30 62
56 88
47 79
48 80
30 62
33 65
23 55
35 67
4 36
21 53
61 93
25 57
46 78
23 55
40 72
37 69
8 40
16 48
14 46
21 53
21 53
10 42
53 85
31 63
56 88
16 48
49 81
41 73
10 42
57 89
36 69
65 98
12 45
35 68
22 55
38 71
2 35
35 68
34 67
18 51
58 91
43 76
64 97
4 37
27 60
25 58
52 85
28 61
67 100
52 85
47 80
17 50
2 35
37 70
55 88
53 86
64 97
14 47
21 54
28 61
57 90
59 92
16 49
65 98
53 86
67 100
38 71
17 50
2 35
23 56
33 66
42 75
65 98
54 87
58 91
38 71
2 35
46 79
39 72
31 64
65 98
28 61
39 72
54 87
62 95
19 52
52 85
41 74
19 52
57 90
6 39
59 92
16 49
10 43
66 99
37 70
45 79
56 90
8 42
53 87
16 50
32 66
48 82
28 62
66 100
1 35
21 55
28 62
16 50
10 44
52 86
65 99
27 61
61 95
23 57
21 55
11 45
6 40
15 49
54 88
23 57
3 37
38 72
13 47
38 72
46 80
47 81
2 36
43 77
55 89
24 58
19 53
3 37
47 81
26 60
66 100
22 56
23 57
53 87
64 98
45 79
11 45
5 39
66 100
7 41
30 64
49 83
54 88
19 53
36 70
3 37
62 96
44 78
24 58
13 47
60 94
61 95
7 41
22 56
57 91
26 60
50 84
4 38
30 65
22 57
10 45
19 54
16 51
51 86
16 51
64 99
58 93
32 67
36 71
62 97
41 76
17 52
11 46
53 88
40 75
38 73
11 46
39 74
42 77
22 57
37 72
64 99
46 81
35 70
48 83
10 45
18 53
16 51
33 68
22 57
20 55
36 71
42 77
22 57
36 71
58 93
4 39
41 76
39 74
26 61
51 86
52 87
1 36
12 47
32 67
16 51
19 54
56 91
8 43
6 41
61 96
54 89
60 95
49 84
1 36
55 90
9 44
14 49
55 90
8 43
38 73
9 45
31 67
54 90
8 44
58 94
53 89
4 40
28 64
36 72
1 37
10 46
1 37
1 37
5 41
61 97
21 57
34 70
46 82
24 60
12 48
44 80
5 41
44 80
44 80
10 46
8 44
7 43
49 85
32 68
41 77
3 39
49 85
29 65
31 67
28 64
31 67
42 78
60 96
9 45
41 77
42 78
35 71
45 81
8 44
50 86
62 98
42 78
34 70
32 68
16 52
17 53
19 55
8 44
34 70
26 62
33 69
44 80
56 92
49 86
11 48
25 62
14 51
14 51
44 81
21 58
53 90
33 70
48 85
45 82
31 68
1 38
27 64
4 41
5 42
6 43
51 88
49 86
31 68
53 90
32 69
47 84
11 48
1 38
36 73
46 83
58 95
59 96
54 91
34 71
54 91
36 73
49 86
33 70
28 65
36 73
22 59
41 78
13 50
9 46
59 96
41 78
19 56
25 62
38 75
17 54
9 46
44 81
35 72
5 42
5 42
24 61
20 57
39 76
61 98
44 81
7 44
48 86
38 76
6 44
37 75
55 93
23 61
54 92
2 40
28 66
51 89
42 80
54 92
19 57
52 90
11 49
4 42
57 95
28 66
34 72
27 65
23 61
24 62
50 88
26 64
12 50
4 42
50 88
49 87
43 81
14 52
11 49
5 43
19 57
55 93
41 79
55 93
43 81
14 52
60 98
31 69
3 41
10 48
22 60
35 73
48 86
52 90
24 62
48 86
49 87
57 95
42 80
41 80
58 97
13 52
24 63
22 61
26 65
52 91
43 82
54 93
49 88
2 41
35 74
58 97
31 70
11 50
58 97
31 70
10 49
21 60
47 86
14 53
26 65
15 54
34 73
29 68
32 71
57 96
54 93
16 55
57 96
29 68
2 41
29 68
25 64
38 77
56 95
34 73
44 83
40 79
55 94
57 96
48 87
60 99
50 89
47 86
53 93
21 61
15 55
33 73
42 82
60 100
35 75
32 72
42 82
40 80
12 52
20 60
32 72
47 87
60 100
13 53
44 84
26 66
24 64
4 44
18 58
56 96
24 64
28 68
13 53
49 89
27 67
59 99
30 70
12 52
50 90
15 55
14 54
1 41
46 86
58 98
59 99
51 91
59 99
19 59
50 90
5 45
22 62
24 64
35 75
22 62
16 56
36 76
21 61
42 82
3 43
37 77
60 100
50 90
19 59
45 85
60 100
5 45
9 49
18 58
36 76
47 87
35 75
1 41
55 95
28 68
30 70
23 63
24 64
42 82
13 53
12 53
48 89
25 66
41 82
50 91
52 93
1 42
35 76
23 64
53 94
4 45
23 64
12 53
48 89
40 81
19 60
37 78
8 49
30 71
17 58
47 88
21 62
16 57
1 42
3 44
1 42
10 51
41 82
2 43
6 47
15 56
7 48
50 91
1 42
24 65
29 70
41 82
57 98
34 75
8 49
52 93
44 85
10 51
56 97
34 75
10 51
3 44
28 69
2 43
38 79
34 75
10 51
44 85
49 90
14 55
50 91
55 96
11 52
18 59
59 100
8 50
31 73
21 63
33 75
9 51
38 80
54 96
21 63
53 95
21 63
34 76
25 67
36 78
33 75
9 51
28 70
24 66
24 66
47 89
57 99
9 51
45 87
24 66
32 74
51 93
26 68
15 57
58 100
39 81
48 90
41 83
44 86
46 88
9 51
53 95
56 98
14 56
55 97
38 80
12 54
27 69
32 74
24 66
50 92
8 50
13 55
14 56
43 85
34 76
51 93
14 56
37 79
23 65
16 58
38 80
12 54
33 75
55 98
29 72
29 72
1 44
57 100
17 60
37 80
52 95
1 44
15 58
54 97
47 90
5 48
49 92
34 77
29 72
6 49
5 48
28 71
15 58
55 98
23 66
41 84
50 93
21 64
5 48
18 61
17 60
2 45
51 94
48 91
32 75
5 48
56 99
47 90
51 94
49 92
52 95
15 58
27 70
16 59
15 58
50 93
18 61
37 80
26 69
52 95
48 91
6 49
6 49
25 68
15 58
19 62
56 99
42 85
6 49
23 67
26 70
1 45
7 51
21 65
39 83
16 60
50 94
39 83
5 49
43 87
18 62
32 76
23 67
12 56
41 85
18 62
52 96
36 80
7 51
29 73
9 53
48 92
45 89
33 77
2 46
28 72
27 71
23 67
14 58
1 45
36 80
18 62
27 71
40 84
48 92
52 96
41 85
3 47
25 69
31 75
1 45
23 67
42 86
56 100
31 75
2 46
25 69
21 65
22 66
36 80
21 65
25 69
48 92
19 63
48 92
28 72
33 77
5 49
52 96
55 99
50 94
41 85
4 48
55 99
10 54
37 81
53 97
2 46
34 78
40 85
20 65
17 62
50 95
29 74
22 67
10 55
38 83
24 69
13 58
12 57
40 85
21 66
51 96
55 100
10 55
6 51
41 86
6 51
46 91
51 96
4 49
11 56
20 65
46 91
39 84
40 85
7 52
20 65
46 91
55 100
27 72
52 97
18 63
40 85
5 50
22 67
40 85
52 97
41 86
15 60
9 54
3 48
53 98
6 51
29 74
28 73
2 47
43 88
41 86
10 55
6 51
29 74
54 99
30 75
45 91
24 70
54 100
28 74
54 100
50 96
26 72
31 77
15 61
43 89
6 52
8 54
27 73
7 53
25 71
2 48
7 53
15 61
52 98
5 51
49 95
54 100
52 98
30 76
29 75
18 64
41 87
8 54
17 63
32 78
29 75
53 99
9 55
20 66
31 77
48 94
6 52
3 49
29 75
18 64
19 65
8 54
7 53
30 76
36 82
54 100
2 48
48 94
52 98
46 92
24 70
1 47
33 79
8 54
25 71
28 74
53 99
23 69
46 92
51 97
34 80
54 100
54 100
40 86
52 99
30 77
20 67
5 52
32 79
8 55
9 56
45 92
41 88
38 85
49 96
13 60
33 80
11 58
35 82
11 58
42 89
15 62
43 90
10 57
50 97
34 81
20 67
34 81
34 81
7 54
32 79
32 79
49 96
40 87
45 92
11 58
46 93
9 56
41 88
53 100
12 59
11 58
44 91
48 95
4 51
29 76
26 73
48 95
6 53
38 85
26 73
10 58
20 68
11 59
36 84
38 86
14 62
21 69
15 63
26 74
34 82
52 100
48 96
18 66
43 91
47 95
20 68
31 79
20 68
15 63
49 97
36 84
25 73
32 80
38 86
36 84
12 60
42 90
49 97
1 49
51 99
38 86
35 83
2 50
20 68
52 100
12 60
3 51
30 78
50 98
38 86
13 61
16 64
20 68
8 56
42 90
20 68
42 90
46 94
13 61
8 56
16 64
11 59
38 86
46 94
45 93
4 53
29 78
49 98
1 50
11 60
16 65
16 65
40 89
15 64
41 90
10 59
16 65
50 99
49 98
38 87
25 74
23 72
6 55
48 97
22 71
51 100
13 62
42 91
18 67
34 83
7 56
11 60
22 71
3 52
4 53
15 64
40 89
13 62
5 54
2 51
40 89
40 89
31 80
20 70
9 59
11 61
39 89
50 100
15 65
3 53
49 99
9 59
20 70
47 97
5 55
30 80
44 94
4 54
26 76
26 76
49 99
16 66
49 99
39 89
36 86
47 97
20 70
17 67
49 99
3 53
38 88
41 91
48 98
45 95
13 63
10 60
30 80
43 93
33 83
31 81
49 99
33 83
17 67
15 65
21 71
8 58
45 96
13 64
28 79
31 82
20 71
31 82
5 56
16 67
31 82
48 99
11 62
13 64
3 54
32 83
25 76
19 70
25 76
20 71
9 60
7 58
33 84
27 78
12 63
22 73
2 53
10 61
24 75
3 54
33 84
49 100
22 73
3 54
17 68
9 60
47 98
47 98
40 91
15 66
31 82
15 66
36 87
29 80
25 76
43 94
2 53
2 54
2 54
12 64
20 72
5 57
24 76
11 63
46 98
20 72
13 65
39 91
34 86
20 72
10 62
25 77
2 54
24 76
48 100
24 76
42 94
6 58
15 67
45 97
22 74
35 87
24 76
25 77
32 84
30 82
15 67
1 53
6 58
38 90
2 54
3 55
11 63
29 81
41 93
18 70
40 92
36 88
48 100
8 60
15 67
22 74
47 100
22 75
6 59
36 89
47 100
25 78
24 77
44 97
37 90
8 61
27 80
11 64
17 70
10 63
16 69
2 55
15 68
45 98
33 86
20 73
23 76
35 88
27 80
25 78
38 91
13 66
11 64
11 64
32 85
33 86
7 60
23 76
17 70
16 69
15 68
9 62
10 63
13 66
42 95
30 83
35 88
6 59
28 81
14 67
42 95
35 88
8 61
44 97
9 62
4 58
7 61
44 98
10 64
14 68
45 99
14 68
17 71
30 84
15 69
31 85
5 59
39 93
14 68
8 62
25 79
6 60
38 92
8 62
35 89
12 66
33 87
31 85
22 76
45 99
3 57
6 60
37 91
20 74
46 100
43 97
29 83
41 95
14 68
44 98
2 56
21 75
1 55
18 72
32 86
40 94
31 85
38 92
13 68
37 92
24 79
29 84
37 92
2 57
8 63
38 93
15 70
8 63
16 71
13 68
39 94
37 92
20 75
26 81
11 66
36 91
25 80
26 81
21 76
39 94
32 87
42 97
8 63
26 81
26 81
18 73
8 63
31 86
2 57
14 69
23 78
30 85
12 67
30 85
12 67
18 73
30 85
43 98
28 83
25 80
8 63
44 99
2 57
1 56
15 70
23 78
27 82
8 63
33 88
25 80
5 60
40 95
44 99
41 96
12 67
16 71
44 99
5 60
4 59
38 93
7 63
39 95
20 76
1 57
19 75
5 61
41 97
14 70
26 82
1 57
33 89
5 61
21 77
24 80
37 93
13 69
40 96
24 80
16 72
41 97
40 96
25 81
5 61
19 75
14 70
34 90
40 96
25 81
42 98
21 77
2 58
2 58
37 93
24 80
16 72
19 75
2 58
44 100
11 67
20 76
33 89
35 91
32 88
28 84
42 98
18 74
20 76
3 59
36 92
43 100
14 71
32 89
19 76
14 71
25 82
28 85
13 70
12 69
42 99
24 81
17 74
16 73
7 64
21 78
18 75
28 85
29 86
19 76
1 58
7 64
17 74
6 63
20 77
32 89
17 74
17 74
1 58
34 91
20 77
17 74
34 91
31 88
6 63
17 74
5 62
9 66
11 68
25 82
30 87
41 98
13 70
17 74
34 92
5 63
28 86
20 78
18 76
2 60
38 96
35 93
24 82
6 64
18 76
15 73
39 97
14 72
16 74
12 70
6 64
41 99
22 80
37 95
12 70
23 81
39 97
18 76
41 99
21 79
19 77
5 63
40 98
38 96
23 81
35 93
38 96
38 96
18 76
34 92
17 75
27 85
24 82
25 83
23 81
26 84
30 88
10 68
12 70
16 75
26 85
1 60
23 82
30 89
19 78
2 61
5 64
32 91
18 77
23 82
18 77
39 98
33 92
20 79
29 88
36 95
29 88
4 63
35 94
9 68
21 80
33 92
1 60
28 87
35 94
2 61
33 92
2 61
12 71
20 79
31 90
21 80
7 66
11 70
20 79
19 78
23 82
9 68
26 85
37 96
9 68
40 99
28 88
25 85
31 91
25 85
27 87
8 68
15 75
21 81
8 68
35 95
27 87
27 87
35 95
9 69
20 80
21 81
38 98
2 62
29 89
32 92
3 63
10 70
34 94
13 73
16 76
27 87
19 79
18 78
29 89
21 81
6 66
6 66
10 70
34 94
7 68
30 91
8 69
17 78
21 82
30 91
16 77
20 81
17 78
22 83
21 82
21 82
34 95
30 91
15 76
16 77
28 89
13 74
20 81
28 89
24 85
33 94
30 91
30 91
12 73
33 94
5 66
22 83
31 92
34 95
5 66
1 62
34 95
5 66
16 77
30 91
4 65
31 92
34 95
24 85
15 76
17 78
11 72
27 88
14 75
38 100
1 63
16 78
21 83
3 65
24 86
23 85
37 99
11 73
32 94
1 63
29 91
31 93
6 68
19 81
35 97
13 75
22 84
7 69
27 89
17 79
19 81
21 83
26 88
5 67
12 74
18 80
7 69
17 79
31 93
7 69
25 87
1 63
23 85
26 88
15 77
16 78
31 93
29 91
16 78
8 70
36 98
7 69
29 92
36 99
16 79
22 85
23 86
29 92
3 66
6 69
3 66
3 66
37 100
22 85
19 82
24 87
31 94
10 73
36 99
35 98
29 92
35 98
9 72
26 89
36 99
11 74
28 91
4 67
31 94
31 94
9 72
20 83
37 100
25 88
34 98
26 90
30 94
34 98
2 66
15 79
5 69
13 77
11 75
13 77
22 86
29 93
2 66
28 92
36 100
5 69
8 72
15 79
1 65
17 81
17 81
1 65
11 75
8 72
23 87
12 76
29 93
9 73
5 69
5 69
20 84
8 72
16 80
31 95
5 69
27 92
22 87
22 87
32 97
24 89
16 81
32 97
12 77
24 89
5 70
2 67
28 93
8 73
20 85
31 96
13 78
30 95
22 87
23 88
24 89
12 77
12 77
2 67
28 93
33 98
15 80
34 99
2 67
14 79
3 68
14 79
18 83
5 70
18 83
5 70
2 67
15 80
2 67
33 98
1 66
22 87
28 93
22 87
27 92
10 75
17 82
4 70
24 90
9 75
18 84
34 100
29 95
10 76
28 94
29 95
6 72
25 91
3 69
14 80
6 72
11 77
3 69
34 100
29 95
22 88
10 76
16 82
8 74
1 67
30 96
4 70
5 71
32 98
4 70
19 85
5 71
1 67
17 83
20 87
13 80
14 81
27 94
22 89
30 97
4 71
7 74
30 97
12 79
31 98
18 85
9 76
3 70
11 78
3 70
27 94
13 80
27 95
6 74
17 85
28 96
8 76
10 78
1 69
8 76
21 89
10 78
19 87
7 75
29 97
4 72
4 72
11 79
18 86
1 69
9 77
25 93
4 72
9 78
11 80
13 82
26 95
21 90
14 83
16 85
27 96
23 92
6 75
18 87
12 81
17 86
4 73
15 84
17 86
5 74
19 88
12 81
17 86
9 78
11 81
19 89
1 71
25 95
30 100
21 91
30 100
1 71
15 85
17 87
9 79
6 76
20 90
12 82
18 88
3 73
30 100
23 93
14 84
10 80
17 87
18 88
15 85
6 76
10 80
10 80
15 85
18 88
25 95
17 87
15 85
24 94
19 89
25 95
10 81
6 77
13 84
25 96
11 82
23 94
14 85
2 73
15 86
5 76
5 76
4 75
28 99
4 75
17 88
20 91
7 78
29 100
7 78
9 80
8 79
4 75
26 97
21 92
19 90
27 98
12 83
6 77
7 78
14 85
24 95
15 86
11 82
6 77
25 97
13 85
11 83
20 92
9 81
16 88
7 79
1 73
21 93
15 87
22 94
25 97
2 74
23 95
19 91
24 96
24 96
5 77
21 93
21 93
4 76
4 76
24 96
11 83
17 89
16 88
19 91
2 74
18 90
20 92
26 98
13 85
22 94
23 95
22 94
9 81
19 91
9 81
9 81
4 77
11 84
19 92
19 92
24 97
7 80
12 85
10 83
3 76
20 93
15 88
9 82
22 95
6 79
13 86
13 86
26 99
3 76
5 78
12 85
7 80
22 95
16 89
10 83
22 95
10 83
27 100
4 77
16 89
27 100
7 80
26 99
3 76
23 96
2 75
17 91
21 95
20 94
11 85
23 97
14 88
2 76
17 91
10 84
11 85
16 90
11 85
25 99
13 87
4 78
21 95
20 94
11 85
12 86
26 100
20 94
9 83
22 96
26 100
3 77
24 98
1 75
5 79
1 75
25 99
19 93
5 79
10 84
6 81
9 84
18 93
20 95
7 82
19 94
24 99
20 95
18 93
21 96
9 84
10 85
21 96
24 99
5 80
21 96
18 93
8 83
18 93
10 85
21 96
3 78
20 95
14 89
19 95
2 78
10 86
2 78
21 97
22 98
5 81
8 84
16 92
8 84
13 89
6 82
2 78
1 77
6 82
4 80
18 94
11 87
1 77
18 94
5 81
12 88
18 94
2 78
11 87
17 93
23 99
6 83
5 82
16 93
20 97
7 84
21 98
9 86
23 100
21 98
8 85
17 94
14 91
18 95
18 95
3 80
14 91
21 98
20 97
5 82
15 92
5 82
22 99
15 92
3 80
22 99
14 91
17 94
21 98
15 92
3 80
5 82
22 99
18 96
19 97
5 83
10 88
4 82
14 92
8 86
10 88
5 83
21 99
8 86
2 80
1 79
9 87
22 100
14 92
16 95
11 90
20 99
15 94
19 98
5 84
20 99
12 91
1 80
9 88
7 86
4 83
18 97
3 82
21 100
8 87
8 87
9 88
16 95
10 89
19 98
20 99
5 84
19 98
14 93
4 83
12 91
17 96
8 87
10 89
19 98
15 94
15 94
16 95
15 95
15 95
10 90
20 100
3 83
8 88
17 97
14 94
6 86
18 98
8 88
11 91
16 96
10 91
3 84
5 86
15 96
5 86
16 97
15 96
7 88
5 86
16 97
16 97
9 90
10 91
1 82
18 99
16 97
17 98
6 87
12 93
10 91
8 89
17 99
15 97
14 96
14 96
6 88
2 84
14 96
10 92
9 91
12 94
7 89
2 84
10 92
6 88
4 86
3 85
11 93
5 87
10 92
16 98
2 84
2 84
3 85
14 96
7 89
2 84
10 92
1 83
11 93
2 84
17 99
3 85
11 94
13 96
5 88
2 85
12 95
17 100
14 97
13 96
7 90
10 93
2 85
1 84
2 85
1 84
14 97
6 89
17 100
13 96
14 97
4 87
7 91
13 97
9 93
5 89
10 94
10 94
11 95
5 89
5 89
2 86
1 85
14 98
15 99
2 86
4 88
12 96
7 92
5 90
4 89
7 92
14 99
8 93
2 87
6 91
1 86
9 94
5 90
1 86
11 96
3 88
9 94
1 87
7 93
1 87
3 89
7 93
14 100
4 90
3 89
11 97
9 95
8 94
12 98
8 94
12 98
10 96
11 97
3 90
10 97
2 89
7 94
5 92
11 98
1 88
1 88
3 90
3 90
7 94
11 98
8 95
6 93
7 94
9 96
10 98
1 89
10 98
8 96
3 91
1 89
1 89
11 99
9 98
1 90
1 90
9 98
2 91
2 91
7 96
8 97
4 93
3 92
7 96
2 91
4 93
4 93
5 94
3 92
7 97
3 93
1 91
7 97
3 93
7 97
4 94
5 95
10 100
8 98
1 91
1 92
6 97
1 92
1 92
4 95
7 98
8 99
5 97
2 94
6 98
8 100
6 98
6 98
1 93
3 96
2 95
1 94
3 96
4 97
1 94
2 96
6 100
1 95
6 100
2 96
4 99
1 96
4 99
4 99
4 99
1 96
5 100
2 97
4 99
2 98
1 97
1 97
2 98
1 97
1 97
3 100
2 99
3 100
3 100
