00001100000000110000000001101100
00001100000001000000000001110000
00000000000000110010100011000010
00000000000001000011000100000011
00101100000001010000000001110100
00001100000010000000000010010000
00000001000000000000000000001000
00101100000001100000000001111000
11000000101010100000000000000100
00101100000010100000000001111100
00000000000000000000000000001101
00000000000000000000000000001000
11111111111111111111111111111101
00000000000000000000000000000000
00000000000000000000000000000000
00000000000000000000000000000000
00000000000000000000000000000000
00000000000000000000000000000000
00000000000000000000000000000000
00000000000000000000000000000000
00000000000000000000000001100000
00000000000000000000000000000000
00000000000000000000000000000000
00000000000000000000000000000000
00000000000000000000000000000000
00000000000000000000000000000000
11111111111111111111111111111111