Reference,height,width,stripwidth,preemptable
1,1350.0,49.0,720,true
2,500.0,60.0,,true
3,5000.0,20.0,,true
4,2200.0,137.0,,true
5,3500.0,345.0,,true
6,5000.0,600.0,,true
7,500.0,144.0,,true
8,125.0,534.0,,true
9,40.0,396.0,,true
10,350.0,164.0,,true
11,500.0,176.0,,false
12,500.0,567.0,,false
13,3300.0,21.0,,false
14,3300.0,27.0,,false
15,3300.0,27.0,,false
16,60.0,249.0,,false
17,60.0,250.0,,false
18,60.0,216.0,,false
19,800.0,4.0,,false
20,60.0,115.0,,false
21,60.0,101.0,,false
22,60.0,116.0,,false
23,60.0,95.0,,false
24,60.0,83.0,,false
25,60.0,113.0,,false
26,60.0,98.0,,false
27,60.0,116.0,,false
28,60.0,93.0,,false
29,100.0,184.0,,false
30,100.0,181.0,,false
31,900.0,7.0,,false
32,1150.0,14.0,,false
33,1000.0,8.0,,false
34,1350.0,50.0,,true
35,500.0,56.0,,true
36,5000.0,18.0,,true
37,2200.0,131.0,,true
38,3500.0,215.0,,true
39,5000.0,600.0,,true
40,500.0,156.0,,true
41,125.0,491.0,,true
42,40.0,427.0,,true
43,350.0,149.0,,true
44,500.0,174.0,,false
45,500.0,543.0,,false
46,3300.0,23.0,,false
47,3300.0,25.0,,false
48,3300.0,23.0,,false
49,60.0,216.0,,false
50,60.0,235.0,,false
51,60.0,203.0,,false
52,800.0,6.0,,false
53,60.0,82.0,,false
54,60.0,117.0,,false
55,60.0,89.0,,false
56,60.0,88.0,,false
57,60.0,118.0,,false
58,60.0,83.0,,false
59,60.0,118.0,,false
60,60.0,102.0,,false
61,60.0,89.0,,false
62,60.0,112.0,,false
63,100.0,250.0,,false
64,100.0,222.0,,false
65,900.0,9.0,,false
66,1150.0,17.0,,false
67,1000.0,5.0,,false
68,1350.0,47.0,,true
69,500.0,60.0,,true
70,5000.0,16.0,,true
71,2200.0,134.0,,true
72,3500.0,351.0,,true
73,5000.0,600.0,,true
74,500.0,145.0,,true
75,125.0,539.0,,true
76,40.0,452.0,,true
77,350.0,150.0,,true
78,500.0,189.0,,false
79,500.0,311.0,,false
80,3300.0,22.0,,false
81,3300.0,30.0,,false
82,3300.0,30.0,,false
83,60.0,189.0,,false
84,60.0,198.0,,false
85,60.0,167.0,,false
86,60.0,163.0,,false
87,800.0,5.0,,false
88,60.0,91.0,,false
89,60.0,104.0,,false
90,60.0,116.0,,false
91,60.0,96.0,,false
92,60.0,99.0,,false
93,60.0,84.0,,false
94,60.0,97.0,,false
95,60.0,113.0,,false
96,60.0,108.0,,false
97,100.0,188.0,,false
98,100.0,218.0,,false
99,900.0,9.0,,false
100,1150.0,13.0,,false
101,1000.0,8.0,,false
102,1350.0,46.0,,true
103,500.0,58.0,,true
104,5000.0,20.0,,true
105,2200.0,140.0,,true
106,3500.0,207.0,,true
107,5000.0,600.0,,true
108,500.0,146.0,,true
109,125.0,506.0,,true
110,40.0,427.0,,true
111,350.0,161.0,,true
112,500.0,185.0,,false
113,500.0,358.0,,false
114,3300.0,30.0,,false
115,3300.0,24.0,,false
116,3300.0,26.0,,false
117,60.0,250.0,,false
118,60.0,229.0,,false
119,60.0,172.0,,false
120,800.0,4.0,,false
121,60.0,99.0,,false
122,60.0,84.0,,false
123,60.0,98.0,,false
124,60.0,112.0,,false
125,60.0,119.0,,false
126,60.0,87.0,,false
127,60.0,101.0,,false
128,100.0,249.0,,false
129,100.0,215.0,,false
130,900.0,7.0,,false
131,1150.0,14.0,,false
132,1000.0,8.0,,false
133,1350.0,50.0,,true
134,500.0,60.0,,true
135,5000.0,16.0,,true
136,2200.0,135.0,,true
137,3500.0,222.0,,true
138,5000.0,600.0,,true
139,500.0,149.0,,true
140,125.0,479.0,,true
141,40.0,443.0,,true
142,350.0,146.0,,true
143,500.0,173.0,,false
144,500.0,534.0,,false
145,3300.0,29.0,,false
146,3300.0,30.0,,false
147,3300.0,29.0,,false
148,60.0,168.0,,false
149,60.0,174.0,,false
150,60.0,200.0,,false
151,60.0,184.0,,false
152,800.0,5.0,,false
153,60.0,119.0,,false
154,60.0,88.0,,false
155,60.0,88.0,,false
156,60.0,106.0,,false
157,60.0,120.0,,false
158,60.0,101.0,,false
159,60.0,104.0,,false
160,60.0,107.0,,false
161,100.0,222.0,,false
162,100.0,181.0,,false
163,900.0,9.0,,false
164,1150.0,15.0,,false
165,1000.0,6.0,,false
166,1350.0,48.0,,true
167,500.0,60.0,,true
168,5000.0,18.0,,true
169,2200.0,135.0,,true
170,3500.0,223.0,,true
171,5000.0,600.0,,true
172,500.0,152.0,,true
173,125.0,531.0,,true
174,40.0,366.0,,true
175,350.0,143.0,,true
176,500.0,180.0,,false
177,500.0,342.0,,false
178,3300.0,23.0,,false
179,3300.0,22.0,,false
180,3300.0,23.0,,false
181,60.0,232.0,,false
182,60.0,205.0,,false
183,60.0,162.0,,false
184,60.0,211.0,,false
185,800.0,6.0,,false
186,60.0,95.0,,false
187,60.0,87.0,,false
188,60.0,117.0,,false
189,60.0,119.0,,false
190,60.0,85.0,,false
191,60.0,84.0,,false
192,60.0,110.0,,false
193,60.0,105.0,,false
194,60.0,85.0,,false
195,100.0,199.0,,false
196,100.0,228.0,,false
197,900.0,8.0,,false
198,1150.0,15.0,,false
199,1000.0,5.0,,false
200,1350.0,47.0,,true
201,500.0,56.0,,true
202,5000.0,20.0,,true
203,2200.0,132.0,,true
204,3500.0,390.0,,true
205,5000.0,600.0,,true
206,500.0,149.0,,true
207,125.0,495.0,,true
208,40.0,394.0,,true
209,350.0,162.0,,true
210,500.0,195.0,,false
211,500.0,482.0,,false
212,3300.0,25.0,,false
213,3300.0,26.0,,false
214,3300.0,28.0,,false
215,60.0,190.0,,false
216,60.0,207.0,,false
217,60.0,218.0,,false
218,800.0,4.0,,false
219,60.0,97.0,,false
220,60.0,108.0,,false
221,60.0,93.0,,false
222,60.0,81.0,,false
223,60.0,94.0,,false
224,60.0,101.0,,false
225,60.0,104.0,,false
226,100.0,229.0,,false
227,100.0,226.0,,false
228,900.0,8.0,,false
229,1150.0,14.0,,false
230,1000.0,8.0,,false
231,1350.0,46.0,,true
232,500.0,56.0,,true
233,5000.0,20.0,,true
234,2200.0,136.0,,true
235,3500.0,237.0,,true
236,5000.0,600.0,,true
237,500.0,151.0,,true
238,125.0,466.0,,true
239,40.0,398.0,,true
240,350.0,142.0,,true
241,500.0,173.0,,false
242,500.0,517.0,,false
243,3300.0,26.0,,false
244,3300.0,29.0,,false
245,3300.0,30.0,,false
246,60.0,178.0,,false
247,60.0,220.0,,false
248,60.0,173.0,,false
249,800.0,6.0,,false
250,60.0,84.0,,false
251,60.0,113.0,,false
252,60.0,116.0,,false
253,60.0,120.0,,false
254,60.0,103.0,,false
255,60.0,91.0,,false
256,60.0,120.0,,false
257,60.0,117.0,,false
258,60.0,117.0,,false
259,100.0,218.0,,false
260,100.0,236.0,,false
261,900.0,8.0,,false
262,1150.0,15.0,,false
263,1000.0,8.0,,false
264,1350.0,47.0,,true
265,500.0,59.0,,true
266,5000.0,18.0,,true
267,2200.0,139.0,,true
268,3500.0,390.0,,true
269,5000.0,600.0,,true
270,500.0,148.0,,true
271,125.0,499.0,,true
272,40.0,354.0,,true
273,350.0,155.0,,true
274,500.0,189.0,,false
275,500.0,367.0,,false
276,3300.0,29.0,,false
277,3300.0,28.0,,false
278,3300.0,30.0,,false
279,60.0,205.0,,false
280,60.0,187.0,,false
281,60.0,162.0,,false
282,800.0,5.0,,false
283,60.0,82.0,,false
284,60.0,117.0,,false
285,60.0,98.0,,false
286,60.0,99.0,,false
287,60.0,110.0,,false
288,60.0,111.0,,false
289,100.0,207.0,,false
290,100.0,220.0,,false
291,900.0,8.0,,false
292,1150.0,14.0,,false
293,1000.0,5.0,,false
294,1350.0,48.0,,true
295,500.0,59.0,,true
296,5000.0,19.0,,true
297,2200.0,139.0,,true
298,3500.0,316.0,,true
299,5000.0,600.0,,true
300,500.0,147.0,,true
301,125.0,508.0,,true
302,40.0,408.0,,true
303,350.0,152.0,,true
304,500.0,186.0,,false
305,500.0,337.0,,false
306,3300.0,24.0,,false
307,3300.0,21.0,,false
308,3300.0,26.0,,false
309,60.0,211.0,,false
310,60.0,225.0,,false
311,60.0,185.0,,false
312,60.0,167.0,,false
313,800.0,4.0,,false
314,60.0,98.0,,false
315,60.0,115.0,,false
316,60.0,103.0,,false
317,60.0,119.0,,false
318,60.0,112.0,,false
319,60.0,88.0,,false
320,60.0,83.0,,false
321,60.0,98.0,,false
322,60.0,97.0,,false
323,60.0,108.0,,false
324,100.0,200.0,,false
325,100.0,191.0,,false
326,900.0,10.0,,false
327,1150.0,17.0,,false
328,1000.0,8.0,,false
329,1350.0,50.0,,true
330,500.0,60.0,,true
331,5000.0,16.0,,true
332,2200.0,134.0,,true
333,3500.0,392.0,,true
334,5000.0,600.0,,true
335,500.0,146.0,,true
336,125.0,481.0,,true
337,40.0,440.0,,true
338,350.0,170.0,,true
339,500.0,180.0,,false
340,500.0,516.0,,false
341,3300.0,27.0,,false
342,3300.0,28.0,,false
343,3300.0,26.0,,false
344,60.0,180.0,,false
345,60.0,194.0,,false
346,60.0,197.0,,false
347,60.0,177.0,,false
348,800.0,4.0,,false
349,60.0,91.0,,false
350,60.0,109.0,,false
351,60.0,91.0,,false
352,60.0,111.0,,false
353,60.0,109.0,,false
354,60.0,90.0,,false
355,60.0,92.0,,false
356,100.0,222.0,,false
357,100.0,243.0,,false
358,900.0,9.0,,false
359,1150.0,16.0,,false
360,1000.0,5.0,,false
361,1350.0,46.0,,true
362,500.0,57.0,,true
363,5000.0,18.0,,true
364,2200.0,132.0,,true
365,3500.0,329.0,,true
366,5000.0,600.0,,true
367,500.0,160.0,,true
368,125.0,458.0,,true
369,40.0,377.0,,true
370,350.0,142.0,,true
371,500.0,171.0,,false
372,500.0,355.0,,false
373,3300.0,25.0,,false
374,3300.0,24.0,,false
375,3300.0,24.0,,false
376,60.0,175.0,,false
377,60.0,199.0,,false
378,60.0,240.0,,false
379,60.0,249.0,,false
380,800.0,4.0,,false
381,60.0,115.0,,false
382,60.0,106.0,,false
383,60.0,119.0,,false
384,60.0,97.0,,false
385,60.0,84.0,,false
386,60.0,110.0,,false
387,60.0,100.0,,false
388,60.0,116.0,,false
389,100.0,188.0,,false
390,100.0,247.0,,false
391,900.0,10.0,,false
392,1150.0,14.0,,false
393,1000.0,6.0,,false
394,1350.0,46.0,,true
395,500.0,59.0,,true
396,5000.0,16.0,,true
397,2200.0,134.0,,true
398,3500.0,357.0,,true
399,5000.0,600.0,,true
400,500.0,143.0,,true
401,125.0,468.0,,true
402,40.0,412.0,,true
403,350.0,157.0,,true
404,500.0,200.0,,false
405,500.0,345.0,,false
406,3300.0,28.0,,false
407,3300.0,23.0,,false
408,3300.0,23.0,,false
409,60.0,213.0,,false
410,60.0,196.0,,false
411,60.0,154.0,,false
412,60.0,220.0,,false
413,800.0,5.0,,false
414,60.0,87.0,,false
415,60.0,119.0,,false
416,60.0,115.0,,false
417,60.0,112.0,,false
418,60.0,92.0,,false
419,60.0,87.0,,false
420,60.0,112.0,,false
421,60.0,111.0,,false
422,60.0,93.0,,false
423,100.0,215.0,,false
424,100.0,182.0,,false
425,900.0,10.0,,false
426,1150.0,17.0,,false
427,1000.0,7.0,,false
428,1350.0,47.0,,true
429,500.0,60.0,,true
430,5000.0,19.0,,true
431,2200.0,136.0,,true
432,3500.0,337.0,,true
433,5000.0,600.0,,true
434,500.0,149.0,,true
435,125.0,481.0,,true
436,40.0,426.0,,true
437,350.0,175.0,,true
438,500.0,185.0,,false
439,500.0,349.0,,false
440,3300.0,24.0,,false
441,3300.0,25.0,,false
442,3300.0,21.0,,false
443,60.0,191.0,,false
444,60.0,225.0,,false
445,60.0,204.0,,false
446,800.0,5.0,,false
447,60.0,102.0,,false
448,60.0,106.0,,false
449,60.0,107.0,,false
450,60.0,114.0,,false
451,60.0,83.0,,false
452,60.0,105.0,,false
453,100.0,188.0,,false
454,100.0,212.0,,false
455,900.0,9.0,,false
456,1150.0,17.0,,false
457,1000.0,8.0,,false
458,1350.0,49.0,,true
459,500.0,58.0,,true
460,5000.0,16.0,,true
461,2200.0,133.0,,true
462,3500.0,356.0,,true
463,5000.0,600.0,,true
464,500.0,144.0,,true
465,125.0,452.0,,true
466,40.0,372.0,,true
467,350.0,158.0,,true
468,500.0,173.0,,false
469,500.0,354.0,,false
470,3300.0,25.0,,false
471,3300.0,29.0,,false
472,3300.0,22.0,,false
473,60.0,223.0,,false
474,60.0,202.0,,false
475,60.0,172.0,,false
476,800.0,6.0,,false
477,60.0,90.0,,false
478,60.0,104.0,,false
479,60.0,111.0,,false
480,60.0,107.0,,false
481,60.0,109.0,,false
482,60.0,119.0,,false
483,60.0,120.0,,false
484,100.0,220.0,,false
485,100.0,196.0,,false
486,900.0,10.0,,false
487,1150.0,18.0,,false
488,1000.0,6.0,,false
489,1350.0,46.0,,true
490,500.0,56.0,,true
491,5000.0,18.0,,true
492,2200.0,135.0,,true
493,3500.0,298.0,,true
494,5000.0,600.0,,true
495,500.0,153.0,,true
496,125.0,511.0,,true
497,40.0,411.0,,true
498,350.0,152.0,,true
499,500.0,200.0,,false
500,500.0,563.0,,false
501,3300.0,24.0,,false
502,3300.0,23.0,,false
503,3300.0,28.0,,false
504,60.0,185.0,,false
505,60.0,186.0,,false
506,60.0,184.0,,false
507,60.0,170.0,,false
508,800.0,6.0,,false
509,60.0,99.0,,false
510,60.0,88.0,,false
511,60.0,86.0,,false
512,60.0,90.0,,false
513,60.0,95.0,,false
514,60.0,104.0,,false
515,60.0,118.0,,false
516,100.0,237.0,,false
517,100.0,212.0,,false
518,900.0,7.0,,false
519,1150.0,15.0,,false
520,1000.0,7.0,,false
521,1350.0,48.0,,true
522,500.0,59.0,,true
523,5000.0,19.0,,true
524,2200.0,138.0,,true
525,3500.0,361.0,,true
526,5000.0,600.0,,true
527,500.0,151.0,,true
528,125.0,532.0,,true
529,40.0,373.0,,true
530,350.0,154.0,,true
531,500.0,195.0,,false
532,500.0,416.0,,false
533,3300.0,25.0,,false
534,3300.0,24.0,,false
535,3300.0,30.0,,false
536,60.0,205.0,,false
537,60.0,233.0,,false
538,60.0,200.0,,false
539,800.0,5.0,,false
540,60.0,84.0,,false
541,60.0,102.0,,false
542,60.0,95.0,,false
543,60.0,98.0,,false
544,60.0,117.0,,false
545,60.0,107.0,,false
546,60.0,82.0,,false
547,100.0,246.0,,false
548,100.0,201.0,,false
549,900.0,7.0,,false
550,1150.0,18.0,,false
551,1000.0,5.0,,false
552,1350.0,48.0,,true
553,500.0,60.0,,true
554,5000.0,16.0,,true
555,2200.0,134.0,,true
556,3500.0,206.0,,true
557,5000.0,600.0,,true
558,500.0,149.0,,true
559,125.0,495.0,,true
560,40.0,381.0,,true
561,350.0,168.0,,true
562,500.0,189.0,,false
563,500.0,335.0,,false
564,3300.0,28.0,,false
565,3300.0,26.0,,false
566,3300.0,22.0,,false
567,60.0,224.0,,false
568,60.0,156.0,,false
569,60.0,194.0,,false
570,800.0,6.0,,false
571,60.0,89.0,,false
572,60.0,102.0,,false
573,60.0,117.0,,false
574,60.0,93.0,,false
575,60.0,115.0,,false
576,60.0,113.0,,false
577,60.0,98.0,,false
578,60.0,101.0,,false
579,100.0,230.0,,false
580,100.0,237.0,,false
581,900.0,10.0,,false
582,1150.0,15.0,,false
583,1000.0,8.0,,false
584,1350.0,46.0,,true
585,500.0,57.0,,true
586,5000.0,18.0,,true
587,2200.0,134.0,,true
588,3500.0,282.0,,true
589,5000.0,600.0,,true
590,500.0,144.0,,true
591,125.0,536.0,,true
592,40.0,394.0,,true
593,350.0,160.0,,true
594,500.0,187.0,,false
595,500.0,440.0,,false
596,3300.0,25.0,,false
597,3300.0,28.0,,false
598,3300.0,24.0,,false
599,60.0,209.0,,false
600,60.0,154.0,,false
601,60.0,202.0,,false
602,60.0,169.0,,false
603,800.0,4.0,,false
604,60.0,91.0,,false
605,60.0,85.0,,false
606,60.0,83.0,,false
607,60.0,105.0,,false
608,60.0,115.0,,false
609,60.0,98.0,,false
610,60.0,87.0,,false
611,60.0,103.0,,false
612,60.0,85.0,,false
613,60.0,108.0,,false
614,100.0,199.0,,false
615,100.0,239.0,,false
616,900.0,7.0,,false
617,1150.0,14.0,,false
618,1000.0,5.0,,false
619,1350.0,49.0,,true
620,500.0,59.0,,true
621,5000.0,16.0,,true
622,2200.0,138.0,,true
623,3500.0,279.0,,true
624,5000.0,600.0,,true
625,500.0,141.0,,true
626,125.0,501.0,,true
627,40.0,418.0,,true
628,350.0,169.0,,true
629,500.0,181.0,,false
630,500.0,328.0,,false
631,3300.0,29.0,,false
632,3300.0,24.0,,false
633,3300.0,24.0,,false
634,60.0,164.0,,false
635,60.0,208.0,,false
636,60.0,194.0,,false
637,60.0,227.0,,false
638,800.0,5.0,,false
639,60.0,95.0,,false
640,60.0,92.0,,false
641,60.0,83.0,,false
642,60.0,115.0,,false
643,60.0,115.0,,false
644,60.0,85.0,,false
645,60.0,101.0,,false
646,60.0,97.0,,false
647,100.0,239.0,,false
648,100.0,234.0,,false
649,900.0,10.0,,false
650,1150.0,16.0,,false
651,1000.0,5.0,,false
652,1350.0,50.0,,true
653,500.0,57.0,,true
654,5000.0,19.0,,true
655,2200.0,134.0,,true
656,3500.0,327.0,,true
657,5000.0,600.0,,true
658,500.0,143.0,,true
659,125.0,491.0,,true
660,40.0,365.0,,true
661,350.0,163.0,,true
662,500.0,184.0,,false
663,500.0,551.0,,false
664,3300.0,24.0,,false
665,3300.0,23.0,,false
666,3300.0,28.0,,false
667,60.0,244.0,,false
668,60.0,199.0,,false
669,60.0,188.0,,false
670,800.0,5.0,,false
671,60.0,108.0,,false
672,60.0,109.0,,false
673,60.0,91.0,,false
674,60.0,87.0,,false
675,60.0,94.0,,false
676,60.0,120.0,,false
677,60.0,109.0,,false
678,60.0,90.0,,false
679,100.0,216.0,,false
680,100.0,202.0,,false
681,900.0,7.0,,false
682,1150.0,15.0,,false
683,1000.0,8.0,,false
684,1350.0,48.0,,true
685,500.0,59.0,,true
686,5000.0,16.0,,true
687,2200.0,139.0,,true
688,3500.0,252.0,,true
689,5000.0,600.0,,true
690,500.0,150.0,,true
691,125.0,480.0,,true
692,40.0,391.0,,true
693,350.0,172.0,,true
694,500.0,196.0,,false
695,500.0,363.0,,false
696,3300.0,21.0,,false
697,3300.0,30.0,,false
698,3300.0,25.0,,false
699,60.0,211.0,,false
700,60.0,210.0,,false
701,60.0,174.0,,false
702,800.0,5.0,,false
703,60.0,108.0,,false
704,60.0,92.0,,false
705,60.0,88.0,,false
706,60.0,116.0,,false
707,60.0,107.0,,false
708,60.0,117.0,,false
709,100.0,186.0,,false
710,100.0,231.0,,false
711,900.0,9.0,,false
712,1150.0,17.0,,false
713,1000.0,6.0,,false
714,1350.0,48.0,,true
715,500.0,59.0,,true
716,5000.0,16.0,,true
717,2200.0,131.0,,true
718,3500.0,260.0,,true
719,5000.0,600.0,,true
720,500.0,142.0,,true
721,125.0,547.0,,true
722,40.0,396.0,,true
723,350.0,154.0,,true
724,500.0,188.0,,false
725,500.0,305.0,,false
726,3300.0,29.0,,false
727,3300.0,25.0,,false
728,3300.0,27.0,,false
729,60.0,185.0,,false
730,60.0,248.0,,false
731,60.0,179.0,,false
732,60.0,214.0,,false
733,800.0,6.0,,false
734,60.0,86.0,,false
735,60.0,117.0,,false
736,60.0,84.0,,false
737,60.0,88.0,,false
738,60.0,101.0,,false
739,60.0,117.0,,false
740,60.0,117.0,,false
741,60.0,95.0,,false
742,60.0,94.0,,false
743,100.0,228.0,,false
744,100.0,215.0,,false
745,900.0,7.0,,false
746,1150.0,14.0,,false
747,1000.0,5.0,,false
748,1350.0,50.0,,true
749,500.0,56.0,,true
750,5000.0,17.0,,true
751,2200.0,137.0,,true
752,3500.0,322.0,,true
753,5000.0,600.0,,true
754,500.0,159.0,,true
755,125.0,550.0,,true
756,40.0,389.0,,true
757,350.0,177.0,,true
758,500.0,199.0,,false
759,500.0,371.0,,false
760,3300.0,21.0,,false
761,3300.0,24.0,,false
762,3300.0,28.0,,false
763,60.0,201.0,,false
764,60.0,249.0,,false
765,60.0,160.0,,false
766,60.0,202.0,,false
767,800.0,4.0,,false
768,60.0,107.0,,false
769,60.0,87.0,,false
770,60.0,116.0,,false
771,60.0,85.0,,false
772,60.0,83.0,,false
773,60.0,93.0,,false
774,60.0,104.0,,false
775,100.0,203.0,,false
776,100.0,208.0,,false
777,900.0,7.0,,false
778,1150.0,15.0,,false
779,1000.0,6.0,,false
780,1350.0,46.0,,true
781,500.0,56.0,,true
782,5000.0,20.0,,true
783,2200.0,138.0,,true
784,3500.0,216.0,,true
785,5000.0,600.0,,true
786,500.0,150.0,,true
787,125.0,483.0,,true
788,40.0,454.0,,true
789,350.0,150.0,,true
790,500.0,185.0,,false
791,500.0,348.0,,false
792,3300.0,28.0,,false
793,3300.0,23.0,,false
794,3300.0,26.0,,false
795,60.0,204.0,,false
796,60.0,178.0,,false
797,60.0,165.0,,false
798,60.0,227.0,,false
799,800.0,5.0,,false
800,60.0,116.0,,false
801,60.0,107.0,,false
802,60.0,91.0,,false
803,60.0,95.0,,false
804,60.0,101.0,,false
805,60.0,93.0,,false
806,60.0,90.0,,false
807,100.0,241.0,,false
808,100.0,229.0,,false
809,900.0,10.0,,false
810,1150.0,16.0,,false
811,1000.0,7.0,,false
812,1350.0,50.0,,true
813,500.0,59.0,,true
814,5000.0,17.0,,true
815,2200.0,137.0,,true
816,3500.0,232.0,,true
817,5000.0,600.0,,true
818,500.0,141.0,,true
819,125.0,494.0,,true
820,40.0,361.0,,true
821,350.0,146.0,,true
822,500.0,200.0,,false
823,500.0,535.0,,false
824,3300.0,29.0,,false
825,3300.0,29.0,,false
826,3300.0,30.0,,false
827,60.0,235.0,,false
828,60.0,235.0,,false
829,60.0,184.0,,false
830,800.0,4.0,,false
831,60.0,82.0,,false
832,60.0,81.0,,false
833,60.0,86.0,,false
834,60.0,118.0,,false
835,60.0,85.0,,false
836,60.0,92.0,,false
837,60.0,118.0,,false
838,100.0,223.0,,false
839,100.0,203.0,,false
840,900.0,8.0,,false
841,1150.0,17.0,,false
842,1000.0,5.0,,false
843,1350.0,46.0,,true
844,500.0,60.0,,true
845,5000.0,16.0,,true
846,2200.0,139.0,,true
847,3500.0,370.0,,true
848,5000.0,600.0,,true
849,500.0,146.0,,true
850,125.0,469.0,,true
851,40.0,447.0,,true
852,350.0,169.0,,true
853,500.0,197.0,,false
854,500.0,391.0,,false
855,3300.0,27.0,,false
856,3300.0,21.0,,false
857,3300.0,21.0,,false
858,60.0,187.0,,false
859,60.0,198.0,,false
860,60.0,228.0,,false
861,800.0,5.0,,false
862,60.0,93.0,,false
863,60.0,105.0,,false
864,60.0,100.0,,false
865,60.0,107.0,,false
866,60.0,110.0,,false
867,60.0,116.0,,false
868,60.0,82.0,,false
869,100.0,203.0,,false
870,100.0,250.0,,false
871,900.0,8.0,,false
872,1150.0,17.0,,false
873,1000.0,7.0,,false
874,1350.0,50.0,,true
875,500.0,57.0,,true
876,5000.0,16.0,,true
877,2200.0,136.0,,true
878,3500.0,351.0,,true
879,5000.0,600.0,,true
880,500.0,159.0,,true
881,125.0,539.0,,true
882,40.0,399.0,,true
883,350.0,148.0,,true
884,500.0,195.0,,false
885,500.0,501.0,,false
886,3300.0,22.0,,false
887,3300.0,30.0,,false
888,3300.0,25.0,,false
889,60.0,212.0,,false
890,60.0,206.0,,false
891,60.0,233.0,,false
892,60.0,226.0,,false
893,800.0,4.0,,false
894,60.0,117.0,,false
895,60.0,101.0,,false
896,60.0,95.0,,false
897,60.0,100.0,,false
898,60.0,101.0,,false
899,60.0,112.0,,false
900,100.0,189.0,,false
901,100.0,206.0,,false
902,900.0,7.0,,false
903,1150.0,13.0,,false
904,1000.0,6.0,,false
905,1350.0,46.0,,true
906,500.0,60.0,,true
907,5000.0,20.0,,true
908,2200.0,136.0,,true
909,3500.0,259.0,,true
910,5000.0,600.0,,true
911,500.0,155.0,,true
912,125.0,515.0,,true
913,40.0,456.0,,true
914,350.0,164.0,,true
915,500.0,185.0,,false
916,500.0,429.0,,false
917,3300.0,25.0,,false
918,3300.0,21.0,,false
919,3300.0,21.0,,false
920,60.0,238.0,,false
921,60.0,229.0,,false
922,60.0,166.0,,false
923,60.0,166.0,,false
924,800.0,4.0,,false
925,60.0,86.0,,false
926,60.0,115.0,,false
927,60.0,89.0,,false
928,60.0,120.0,,false
929,60.0,117.0,,false
930,60.0,98.0,,false
931,60.0,94.0,,false
932,60.0,101.0,,false
933,60.0,87.0,,false
934,60.0,84.0,,false
935,100.0,246.0,,false
936,100.0,198.0,,false
937,900.0,7.0,,false
938,1150.0,14.0,,false
939,1000.0,7.0,,false
940,1350.0,47.0,,true
941,500.0,59.0,,true
942,5000.0,20.0,,true
943,2200.0,134.0,,true
944,3500.0,382.0,,true
945,5000.0,600.0,,true
946,500.0,152.0,,true
947,125.0,490.0,,true
948,40.0,440.0,,true
949,350.0,147.0,,true
950,500.0,180.0,,false
951,500.0,582.0,,false
952,3300.0,25.0,,false
953,3300.0,27.0,,false
954,3300.0,25.0,,false
955,60.0,219.0,,false
956,60.0,212.0,,false
957,60.0,223.0,,false
958,800.0,4.0,,false
959,60.0,102.0,,false
960,60.0,98.0,,false
961,60.0,86.0,,false
962,60.0,83.0,,false
963,60.0,95.0,,false
964,60.0,87.0,,false
965,60.0,119.0,,false
966,60.0,110.0,,false
967,60.0,109.0,,false
968,60.0,98.0,,false
969,100.0,192.0,,false
970,100.0,200.0,,false
971,900.0,8.0,,false
972,1150.0,18.0,,false
973,1000.0,8.0,,false
974,1350.0,47.0,,true
975,500.0,57.0,,true
976,5000.0,16.0,,true
977,2200.0,137.0,,true
978,3500.0,320.0,,true
979,5000.0,600.0,,true
980,500.0,142.0,,true
981,125.0,504.0,,true
982,40.0,440.0,,true
983,350.0,160.0,,true
984,500.0,177.0,,false
985,500.0,517.0,,false
986,3300.0,30.0,,false
987,3300.0,28.0,,false
988,3300.0,25.0,,false
989,60.0,231.0,,false
990,60.0,157.0,,false
991,60.0,196.0,,false
992,60.0,237.0,,false
993,800.0,4.0,,false
994,60.0,114.0,,false
995,60.0,114.0,,false
996,60.0,118.0,,false
997,60.0,92.0,,false
998,60.0,96.0,,false
999,60.0,97.0,,false
1000,100.0,186.0,,false
1001,100.0,233.0,,false
1002,900.0,8.0,,false
1003,1150.0,17.0,,false
1004,1000.0,6.0,,false
1005,1350.0,47.0,,true
1006,500.0,60.0,,true
1007,5000.0,16.0,,true
1008,2200.0,134.0,,true
1009,3500.0,307.0,,true
1010,5000.0,600.0,,true
1011,500.0,153.0,,true
1012,125.0,470.0,,true
1013,40.0,354.0,,true
1014,350.0,141.0,,true
1015,500.0,186.0,,false
1016,500.0,312.0,,false
1017,3300.0,23.0,,false
1018,3300.0,25.0,,false
1019,3300.0,29.0,,false
1020,60.0,217.0,,false
1021,60.0,242.0,,false
1022,60.0,213.0,,false
1023,60.0,236.0,,false
1024,800.0,5.0,,false
1025,60.0,83.0,,false
1026,60.0,85.0,,false
1027,60.0,85.0,,false
1028,60.0,109.0,,false
1029,60.0,116.0,,false
1030,60.0,118.0,,false
1031,100.0,200.0,,false
1032,100.0,192.0,,false
1033,900.0,10.0,,false
1034,1150.0,14.0,,false
1035,1000.0,7.0,,false
1036,1350.0,46.0,,true
1037,500.0,56.0,,true
1038,5000.0,17.0,,true
1039,2200.0,135.0,,true
1040,3500.0,224.0,,true
1041,5000.0,600.0,,true
1042,500.0,147.0,,true
1043,125.0,482.0,,true
1044,40.0,419.0,,true
1045,350.0,170.0,,true
1046,500.0,176.0,,false
1047,500.0,320.0,,false
1048,3300.0,26.0,,false
1049,3300.0,21.0,,false
1050,3300.0,29.0,,false
1051,60.0,177.0,,false
1052,60.0,154.0,,false
1053,60.0,200.0,,false
1054,800.0,6.0,,false
1055,60.0,87.0,,false
1056,60.0,96.0,,false
1057,60.0,89.0,,false
1058,60.0,111.0,,false
1059,60.0,104.0,,false
1060,60.0,117.0,,false
1061,60.0,119.0,,false
1062,100.0,214.0,,false
1063,100.0,206.0,,false
1064,900.0,7.0,,false
1065,1150.0,18.0,,false
1066,1000.0,7.0,,false
1067,1350.0,49.0,,true
1068,500.0,59.0,,true
1069,5000.0,17.0,,true
1070,2200.0,132.0,,true
1071,3500.0,285.0,,true
1072,5000.0,600.0,,true
1073,500.0,154.0,,true
1074,125.0,517.0,,true
1075,40.0,359.0,,true
1076,350.0,163.0,,true
1077,500.0,187.0,,false
1078,500.0,536.0,,false
1079,3300.0,24.0,,false
1080,3300.0,27.0,,false
1081,3300.0,23.0,,false
1082,60.0,246.0,,false
1083,60.0,194.0,,false
1084,60.0,159.0,,false
1085,60.0,168.0,,false
1086,800.0,6.0,,false
1087,60.0,114.0,,false
1088,60.0,86.0,,false
1089,60.0,102.0,,false
1090,60.0,99.0,,false
1091,60.0,93.0,,false
1092,60.0,93.0,,false
1093,60.0,107.0,,false
1094,60.0,93.0,,false
1095,60.0,119.0,,false
1096,60.0,103.0,,false
1097,100.0,185.0,,false
1098,100.0,236.0,,false
1099,900.0,10.0,,false
1100,1150.0,16.0,,false
1101,1000.0,5.0,,false
1102,1350.0,49.0,,true
1103,500.0,59.0,,true
1104,5000.0,19.0,,true
1105,2200.0,137.0,,true
1106,3500.0,303.0,,true
1107,5000.0,600.0,,true
1108,500.0,152.0,,true
1109,125.0,515.0,,true
1110,40.0,398.0,,true
1111,350.0,155.0,,true
1112,500.0,190.0,,false
1113,500.0,349.0,,false
1114,3300.0,24.0,,false
1115,3300.0,30.0,,false
1116,3300.0,22.0,,false
1117,60.0,195.0,,false
1118,60.0,198.0,,false
1119,60.0,154.0,,false
1120,60.0,217.0,,false
1121,800.0,6.0,,false
1122,60.0,100.0,,false
1123,60.0,115.0,,false
1124,60.0,100.0,,false
1125,60.0,108.0,,false
1126,60.0,87.0,,false
1127,60.0,85.0,,false
1128,60.0,89.0,,false
1129,60.0,111.0,,false
1130,60.0,87.0,,false
1131,60.0,107.0,,false
1132,100.0,249.0,,false
1133,100.0,223.0,,false
1134,900.0,9.0,,false
1135,1150.0,13.0,,false
1136,1000.0,7.0,,false
1137,1350.0,50.0,,true
1138,500.0,56.0,,true
1139,5000.0,16.0,,true
1140,2200.0,139.0,,true
1141,3500.0,224.0,,true
1142,5000.0,600.0,,true
1143,500.0,147.0,,true
1144,125.0,484.0,,true
1145,40.0,401.0,,true
1146,350.0,149.0,,true
1147,500.0,195.0,,false
1148,500.0,483.0,,false
1149,3300.0,25.0,,false
1150,3300.0,24.0,,false
1151,3300.0,21.0,,false
1152,60.0,174.0,,false
1153,60.0,188.0,,false
1154,60.0,175.0,,false
1155,60.0,184.0,,false
1156,800.0,6.0,,false
1157,60.0,85.0,,false
1158,60.0,85.0,,false
1159,60.0,96.0,,false
1160,60.0,83.0,,false
1161,60.0,92.0,,false
1162,60.0,85.0,,false
1163,60.0,114.0,,false
1164,100.0,221.0,,false
1165,100.0,185.0,,false
1166,900.0,7.0,,false
1167,1150.0,13.0,,false
1168,1000.0,5.0,,false
1169,1350.0,47.0,,true
1170,500.0,58.0,,true
1171,5000.0,16.0,,true
1172,2200.0,140.0,,true
1173,3500.0,374.0,,true
1174,5000.0,600.0,,true
1175,500.0,157.0,,true
1176,125.0,462.0,,true
1177,40.0,370.0,,true
1178,350.0,161.0,,true
1179,500.0,182.0,,false
1180,500.0,451.0,,false
1181,3300.0,25.0,,false
1182,3300.0,21.0,,false
1183,3300.0,28.0,,false
1184,60.0,241.0,,false
1185,60.0,169.0,,false
1186,60.0,194.0,,false
1187,60.0,222.0,,false
1188,800.0,5.0,,false
1189,60.0,101.0,,false
1190,60.0,118.0,,false
1191,60.0,115.0,,false
1192,60.0,119.0,,false
1193,60.0,105.0,,false
1194,60.0,87.0,,false
1195,60.0,84.0,,false
1196,100.0,215.0,,false
1197,100.0,191.0,,false
1198,900.0,8.0,,false
1199,1150.0,16.0,,false
1200,1000.0,7.0,,false
1201,1350.0,47.0,,true
1202,500.0,57.0,,true
1203,5000.0,16.0,,true
1204,2200.0,131.0,,true
1205,3500.0,208.0,,true
1206,5000.0,600.0,,true
1207,500.0,154.0,,true
1208,125.0,479.0,,true
1209,40.0,440.0,,true
1210,350.0,179.0,,true
1211,500.0,183.0,,false
1212,500.0,312.0,,false
1213,3300.0,26.0,,false
1214,3300.0,24.0,,false
1215,3300.0,24.0,,false
1216,60.0,232.0,,false
1217,60.0,245.0,,false
1218,60.0,153.0,,false
1219,60.0,182.0,,false
1220,800.0,6.0,,false
1221,60.0,85.0,,false
1222,60.0,112.0,,false
1223,60.0,93.0,,false
1224,60.0,120.0,,false
1225,60.0,104.0,,false
1226,60.0,98.0,,false
1227,100.0,197.0,,false
1228,100.0,242.0,,false
1229,900.0,7.0,,false
1230,1150.0,15.0,,false
1231,1000.0,6.0,,false
1232,1350.0,47.0,,true
1233,500.0,59.0,,true
1234,5000.0,20.0,,true
1235,2200.0,139.0,,true
1236,3500.0,269.0,,true
1237,5000.0,600.0,,true
1238,500.0,149.0,,true
1239,125.0,482.0,,true
1240,40.0,424.0,,true
1241,350.0,177.0,,true
1242,500.0,173.0,,false
1243,500.0,500.0,,false
1244,3300.0,28.0,,false
1245,3300.0,30.0,,false
1246,3300.0,27.0,,false
1247,60.0,159.0,,false
1248,60.0,244.0,,false
1249,60.0,213.0,,false
1250,800.0,5.0,,false
1251,60.0,82.0,,false
1252,60.0,93.0,,false
1253,60.0,108.0,,false
1254,60.0,104.0,,false
1255,60.0,115.0,,false
1256,60.0,100.0,,false
1257,100.0,207.0,,false
1258,100.0,185.0,,false
1259,900.0,8.0,,false
1260,1150.0,16.0,,false
1261,1000.0,8.0,,false
1262,1350.0,47.0,,true
1263,500.0,59.0,,true
1264,5000.0,19.0,,true
1265,2200.0,137.0,,true
1266,3500.0,220.0,,true
1267,5000.0,600.0,,true
1268,500.0,146.0,,true
1269,125.0,459.0,,true
1270,40.0,453.0,,true
1271,350.0,145.0,,true
1272,500.0,183.0,,false
1273,500.0,510.0,,false
1274,3300.0,29.0,,false
1275,3300.0,28.0,,false
1276,3300.0,23.0,,false
1277,60.0,160.0,,false
1278,60.0,190.0,,false
1279,60.0,215.0,,false
1280,60.0,236.0,,false
1281,800.0,6.0,,false
1282,60.0,101.0,,false
1283,60.0,110.0,,false
1284,60.0,90.0,,false
1285,60.0,93.0,,false
1286,60.0,108.0,,false
1287,60.0,111.0,,false
1288,60.0,113.0,,false
1289,100.0,221.0,,false
1290,100.0,226.0,,false
1291,900.0,8.0,,false
1292,1150.0,18.0,,false
1293,1000.0,7.0,,false
1294,1350.0,49.0,,true
1295,500.0,59.0,,true
1296,5000.0,17.0,,true
1297,2200.0,134.0,,true
1298,3500.0,314.0,,true
1299,5000.0,600.0,,true
1300,500.0,154.0,,true
1301,125.0,513.0,,true
1302,40.0,455.0,,true
1303,350.0,180.0,,true
1304,500.0,193.0,,false
1305,500.0,342.0,,false
1306,3300.0,22.0,,false
1307,3300.0,27.0,,false
1308,3300.0,21.0,,false
1309,60.0,173.0,,false
1310,60.0,167.0,,false
1311,60.0,181.0,,false
1312,800.0,5.0,,false
1313,60.0,88.0,,false
1314,60.0,94.0,,false
1315,60.0,107.0,,false
1316,60.0,95.0,,false
1317,60.0,96.0,,false
1318,60.0,119.0,,false
1319,60.0,104.0,,false
1320,60.0,104.0,,false
1321,60.0,113.0,,false
1322,100.0,185.0,,false
1323,100.0,206.0,,false
1324,900.0,7.0,,false
1325,1150.0,18.0,,false
1326,1000.0,6.0,,false
1327,1350.0,50.0,,true
1328,500.0,60.0,,true
1329,5000.0,20.0,,true
1330,2200.0,134.0,,true
1331,3500.0,245.0,,true
1332,5000.0,600.0,,true
1333,500.0,158.0,,true
1334,125.0,539.0,,true
1335,40.0,353.0,,true
1336,350.0,172.0,,true
1337,500.0,184.0,,false
1338,500.0,416.0,,false
1339,3300.0,28.0,,false
1340,3300.0,21.0,,false
1341,3300.0,26.0,,false
1342,60.0,237.0,,false
1343,60.0,157.0,,false
1344,60.0,187.0,,false
1345,60.0,243.0,,false
1346,800.0,6.0,,false
1347,60.0,103.0,,false
1348,60.0,98.0,,false
1349,60.0,89.0,,false
1350,60.0,92.0,,false
1351,60.0,96.0,,false
1352,60.0,114.0,,false
1353,60.0,119.0,,false
1354,60.0,105.0,,false
1355,60.0,120.0,,false
1356,60.0,101.0,,false
1357,100.0,210.0,,false
1358,100.0,201.0,,false
1359,900.0,9.0,,false
1360,1150.0,15.0,,false
1361,1000.0,8.0,,false
1362,1350.0,48.0,,true
1363,500.0,57.0,,true
1364,5000.0,20.0,,true
1365,2200.0,138.0,,true
1366,3500.0,361.0,,true
1367,5000.0,600.0,,true
1368,500.0,158.0,,true
1369,125.0,479.0,,true
1370,40.0,397.0,,true
1371,350.0,180.0,,true
1372,500.0,177.0,,false
1373,500.0,410.0,,false
1374,3300.0,25.0,,false
1375,3300.0,30.0,,false
1376,3300.0,28.0,,false
1377,60.0,181.0,,false
1378,60.0,174.0,,false
1379,60.0,194.0,,false
1380,800.0,4.0,,false
1381,60.0,109.0,,false
1382,60.0,110.0,,false
1383,60.0,117.0,,false
1384,60.0,117.0,,false
1385,60.0,95.0,,false
1386,60.0,106.0,,false
1387,60.0,85.0,,false
1388,60.0,81.0,,false
1389,60.0,120.0,,false
1390,100.0,215.0,,false
1391,100.0,212.0,,false
1392,900.0,9.0,,false
1393,1150.0,15.0,,false
1394,1000.0,8.0,,false
1395,1350.0,47.0,,true
1396,500.0,56.0,,true
1397,5000.0,19.0,,true
1398,2200.0,136.0,,true
1399,3500.0,320.0,,true
1400,5000.0,600.0,,true
1401,500.0,154.0,,true
1402,125.0,548.0,,true
1403,40.0,434.0,,true
1404,350.0,169.0,,true
1405,500.0,181.0,,false
1406,500.0,580.0,,false
1407,3300.0,27.0,,false
1408,3300.0,30.0,,false
1409,3300.0,25.0,,false
1410,60.0,192.0,,false
1411,60.0,181.0,,false
1412,60.0,245.0,,false
1413,60.0,200.0,,false
1414,800.0,4.0,,false
1415,60.0,82.0,,false
1416,60.0,118.0,,false
1417,60.0,101.0,,false
1418,60.0,116.0,,false
1419,60.0,117.0,,false
1420,60.0,110.0,,false
1421,100.0,199.0,,false
1422,100.0,221.0,,false
1423,900.0,8.0,,false
1424,1150.0,15.0,,false
1425,1000.0,6.0,,false
1426,1350.0,50.0,,true
1427,500.0,60.0,,true
1428,5000.0,18.0,,true
1429,2200.0,131.0,,true
1430,3500.0,270.0,,true
1431,5000.0,600.0,,true
1432,500.0,150.0,,true
1433,125.0,488.0,,true
1434,40.0,446.0,,true
1435,350.0,150.0,,true
1436,500.0,177.0,,false
1437,500.0,362.0,,false
1438,3300.0,28.0,,false
1439,3300.0,21.0,,false
1440,3300.0,25.0,,false
1441,60.0,189.0,,false
1442,60.0,155.0,,false
1443,60.0,207.0,,false
1444,800.0,4.0,,false
1445,60.0,118.0,,false
1446,60.0,89.0,,false
1447,60.0,102.0,,false
1448,60.0,106.0,,false
1449,60.0,85.0,,false
1450,60.0,101.0,,false
1451,60.0,111.0,,false
1452,60.0,103.0,,false
1453,100.0,229.0,,false
1454,100.0,182.0,,false
1455,900.0,8.0,,false
1456,1150.0,14.0,,false
1457,1000.0,7.0,,false
1458,1350.0,47.0,,true
1459,500.0,57.0,,true
1460,5000.0,19.0,,true
1461,2200.0,137.0,,true
1462,3500.0,230.0,,true
1463,5000.0,600.0,,true
1464,500.0,159.0,,true
1465,125.0,459.0,,true
1466,40.0,434.0,,true
1467,350.0,174.0,,true
1468,500.0,173.0,,false
1469,500.0,361.0,,false
1470,3300.0,28.0,,false
1471,3300.0,30.0,,false
1472,3300.0,21.0,,false
1473,60.0,206.0,,false
1474,60.0,198.0,,false
1475,60.0,152.0,,false
1476,60.0,227.0,,false
1477,800.0,6.0,,false
1478,60.0,111.0,,false
1479,60.0,111.0,,false
1480,60.0,93.0,,false
1481,60.0,103.0,,false
1482,60.0,118.0,,false
1483,60.0,116.0,,false
1484,60.0,98.0,,false
1485,60.0,89.0,,false
1486,60.0,106.0,,false
1487,100.0,231.0,,false
1488,100.0,231.0,,false
1489,900.0,9.0,,false
1490,1150.0,14.0,,false
1491,1000.0,5.0,,false
1492,1350.0,48.0,,true
1493,500.0,60.0,,true
1494,5000.0,17.0,,true
1495,2200.0,139.0,,true
1496,3500.0,391.0,,true
1497,5000.0,600.0,,true
1498,500.0,154.0,,true
1499,125.0,540.0,,true
1500,40.0,371.0,,true
1501,350.0,177.0,,true
1502,500.0,181.0,,false
1503,500.0,419.0,,false
1504,3300.0,21.0,,false
1505,3300.0,29.0,,false
1506,3300.0,23.0,,false
1507,60.0,167.0,,false
1508,60.0,221.0,,false
1509,60.0,206.0,,false
1510,60.0,166.0,,false
1511,800.0,5.0,,false
1512,60.0,98.0,,false
1513,60.0,88.0,,false
1514,60.0,98.0,,false
1515,60.0,88.0,,false
1516,60.0,90.0,,false
1517,60.0,84.0,,false
1518,100.0,207.0,,false
1519,100.0,231.0,,false
1520,900.0,9.0,,false
1521,1150.0,17.0,,false
1522,1000.0,7.0,,false
1523,1350.0,46.0,,true
1524,500.0,56.0,,true
1525,5000.0,17.0,,true
1526,2200.0,133.0,,true
1527,3500.0,246.0,,true
1528,5000.0,600.0,,true
1529,500.0,146.0,,true
1530,125.0,474.0,,true
1531,40.0,457.0,,true
1532,350.0,173.0,,true
1533,500.0,174.0,,false
1534,500.0,359.0,,false
1535,3300.0,28.0,,false
1536,3300.0,27.0,,false
1537,3300.0,22.0,,false
1538,60.0,175.0,,false
1539,60.0,235.0,,false
1540,60.0,205.0,,false
1541,60.0,239.0,,false
1542,800.0,4.0,,false
1543,60.0,119.0,,false
1544,60.0,92.0,,false
1545,60.0,100.0,,false
1546,60.0,118.0,,false
1547,60.0,104.0,,false
1548,60.0,95.0,,false
1549,100.0,214.0,,false
1550,100.0,195.0,,false
1551,900.0,9.0,,false
1552,1150.0,13.0,,false
1553,1000.0,5.0,,false
1554,1350.0,46.0,,true
1555,500.0,56.0,,true
1556,5000.0,20.0,,true
1557,2200.0,132.0,,true
1558,3500.0,393.0,,true
1559,5000.0,600.0,,true
1560,500.0,156.0,,true
1561,125.0,481.0,,true
1562,40.0,416.0,,true
1563,350.0,149.0,,true
1564,500.0,171.0,,false
1565,500.0,388.0,,false
1566,3300.0,21.0,,false
1567,3300.0,29.0,,false
1568,3300.0,27.0,,false
1569,60.0,245.0,,false
1570,60.0,245.0,,false
1571,60.0,161.0,,false
1572,800.0,6.0,,false
1573,60.0,102.0,,false
1574,60.0,105.0,,false
1575,60.0,98.0,,false
1576,60.0,115.0,,false
1577,60.0,112.0,,false
1578,60.0,98.0,,false
1579,100.0,203.0,,false
1580,100.0,231.0,,false
1581,900.0,8.0,,false
1582,1150.0,17.0,,false
1583,1000.0,5.0,,false
1584,1350.0,47.0,,true
1585,500.0,58.0,,true
1586,5000.0,17.0,,true
1587,2200.0,138.0,,true
1588,3500.0,333.0,,true
1589,5000.0,600.0,,true
1590,500.0,151.0,,true
1591,125.0,472.0,,true
1592,40.0,429.0,,true
1593,350.0,150.0,,true
1594,500.0,184.0,,false
1595,500.0,376.0,,false
1596,3300.0,30.0,,false
1597,3300.0,24.0,,false
1598,3300.0,25.0,,false
1599,60.0,165.0,,false
1600,60.0,172.0,,false
1601,60.0,183.0,,false
1602,800.0,6.0,,false
1603,60.0,119.0,,false
1604,60.0,109.0,,false
1605,60.0,92.0,,false
1606,60.0,99.0,,false
1607,60.0,113.0,,false
1608,60.0,114.0,,false
1609,60.0,86.0,,false
1610,60.0,112.0,,false
1611,100.0,190.0,,false
1612,100.0,201.0,,false
1613,900.0,9.0,,false
1614,1150.0,16.0,,false
1615,1000.0,7.0,,false
1616,1350.0,48.0,,true
1617,500.0,59.0,,true
1618,5000.0,19.0,,true
1619,2200.0,136.0,,true
1620,3500.0,252.0,,true
1621,5000.0,600.0,,true
1622,500.0,141.0,,true
1623,125.0,474.0,,true
1624,40.0,384.0,,true
1625,350.0,150.0,,true
1626,500.0,191.0,,false
1627,500.0,391.0,,false
1628,3300.0,25.0,,false
1629,3300.0,24.0,,false
1630,3300.0,21.0,,false
1631,60.0,207.0,,false
1632,60.0,190.0,,false
1633,60.0,193.0,,false
1634,60.0,248.0,,false
1635,800.0,6.0,,false
1636,60.0,100.0,,false
1637,60.0,83.0,,false
1638,60.0,91.0,,false
1639,60.0,96.0,,false
1640,60.0,119.0,,false
1641,60.0,112.0,,false
1642,60.0,97.0,,false
1643,60.0,90.0,,false
1644,60.0,107.0,,false
1645,60.0,81.0,,false
1646,100.0,186.0,,false
1647,100.0,191.0,,false
1648,900.0,8.0,,false
1649,1150.0,18.0,,false
1650,1000.0,5.0,,false
1651,1350.0,46.0,,true
1652,500.0,59.0,,true
1653,5000.0,17.0,,true
1654,2200.0,135.0,,true
1655,3500.0,300.0,,true
1656,5000.0,600.0,,true
1657,500.0,160.0,,true
1658,125.0,491.0,,true
1659,40.0,429.0,,true
1660,350.0,146.0,,true
1661,500.0,184.0,,false
1662,500.0,517.0,,false
1663,3300.0,26.0,,false
1664,3300.0,21.0,,false
1665,3300.0,21.0,,false
1666,60.0,157.0,,false
1667,60.0,245.0,,false
1668,60.0,249.0,,false
1669,60.0,172.0,,false
1670,800.0,5.0,,false
1671,60.0,87.0,,false
1672,60.0,91.0,,false
1673,60.0,91.0,,false
1674,60.0,96.0,,false
1675,60.0,114.0,,false
1676,60.0,83.0,,false
1677,60.0,100.0,,false
1678,60.0,82.0,,false
1679,100.0,226.0,,false
1680,100.0,230.0,,false
1681,900.0,10.0,,false
1682,1150.0,18.0,,false
1683,1000.0,6.0,,false
1684,1350.0,50.0,,true
1685,500.0,56.0,,true
1686,5000.0,16.0,,true
1687,2200.0,138.0,,true
1688,3500.0,392.0,,true
1689,5000.0,600.0,,true
1690,500.0,145.0,,true
1691,125.0,455.0,,true
1692,40.0,416.0,,true
1693,350.0,175.0,,true
1694,500.0,193.0,,false
1695,500.0,531.0,,false
1696,3300.0,25.0,,false
1697,3300.0,23.0,,false
1698,3300.0,25.0,,false
1699,60.0,187.0,,false
1700,60.0,174.0,,false
1701,60.0,194.0,,false
1702,60.0,202.0,,false
1703,800.0,6.0,,false
1704,60.0,117.0,,false
1705,60.0,103.0,,false
1706,60.0,113.0,,false
1707,60.0,85.0,,false
1708,60.0,112.0,,false
1709,60.0,99.0,,false
1710,60.0,87.0,,false
1711,100.0,199.0,,false
1712,100.0,201.0,,false
1713,900.0,7.0,,false
1714,1150.0,17.0,,false
1715,1000.0,6.0,,false
1716,1350.0,46.0,,true
1717,500.0,60.0,,true
1718,5000.0,16.0,,true
1719,2200.0,139.0,,true
1720,3500.0,389.0,,true
1721,5000.0,600.0,,true
1722,500.0,152.0,,true
1723,125.0,468.0,,true
1724,40.0,398.0,,true
1725,350.0,174.0,,true
1726,500.0,197.0,,false
1727,500.0,498.0,,false
1728,3300.0,30.0,,false
1729,3300.0,24.0,,false
1730,3300.0,21.0,,false
1731,60.0,185.0,,false
1732,60.0,194.0,,false
1733,60.0,188.0,,false
1734,800.0,6.0,,false
1735,60.0,103.0,,false
1736,60.0,91.0,,false
1737,60.0,113.0,,false
1738,60.0,86.0,,false
1739,60.0,105.0,,false
1740,60.0,112.0,,false
1741,60.0,95.0,,false
1742,60.0,102.0,,false
1743,100.0,221.0,,false
1744,100.0,198.0,,false
1745,900.0,8.0,,false
1746,1150.0,17.0,,false
1747,1000.0,8.0,,false
1748,1350.0,50.0,,true
1749,500.0,59.0,,true
1750,5000.0,17.0,,true
1751,2200.0,136.0,,true
1752,3500.0,359.0,,true
1753,5000.0,600.0,,true
1754,500.0,151.0,,true
1755,125.0,495.0,,true
1756,40.0,374.0,,true
1757,350.0,157.0,,true
1758,500.0,198.0,,false
1759,500.0,459.0,,false
1760,3300.0,21.0,,false
1761,3300.0,23.0,,false
1762,3300.0,23.0,,false
1763,60.0,161.0,,false
1764,60.0,218.0,,false
1765,60.0,223.0,,false
1766,60.0,245.0,,false
1767,800.0,6.0,,false
1768,60.0,107.0,,false
1769,60.0,112.0,,false
1770,60.0,98.0,,false
1771,60.0,116.0,,false
1772,60.0,103.0,,false
1773,60.0,104.0,,false
1774,60.0,114.0,,false
1775,60.0,83.0,,false
1776,100.0,241.0,,false
1777,100.0,224.0,,false
1778,900.0,10.0,,false
1779,1150.0,13.0,,false
1780,1000.0,5.0,,false
1781,1350.0,48.0,,true
1782,500.0,56.0,,true
1783,5000.0,16.0,,true
1784,2200.0,139.0,,true
1785,3500.0,326.0,,true
1786,5000.0,600.0,,true
1787,500.0,159.0,,true
1788,125.0,524.0,,true
1789,40.0,387.0,,true
1790,350.0,154.0,,true
1791,500.0,181.0,,false
1792,500.0,409.0,,false
1793,3300.0,30.0,,false
1794,3300.0,24.0,,false
1795,3300.0,22.0,,false
1796,60.0,236.0,,false
1797,60.0,196.0,,false
1798,60.0,170.0,,false
1799,60.0,184.0,,false
1800,800.0,5.0,,false
1801,60.0,103.0,,false
1802,60.0,112.0,,false
1803,60.0,108.0,,false
1804,60.0,92.0,,false
1805,60.0,94.0,,false
1806,60.0,97.0,,false
1807,60.0,97.0,,false
1808,60.0,81.0,,false
1809,60.0,97.0,,false
1810,100.0,185.0,,false
1811,100.0,229.0,,false
1812,900.0,8.0,,false
1813,1150.0,18.0,,false
1814,1000.0,5.0,,false
1815,1350.0,49.0,,true
1816,500.0,60.0,,true
1817,5000.0,20.0,,true
1818,2200.0,132.0,,true
1819,3500.0,289.0,,true
1820,5000.0,600.0,,true
1821,500.0,149.0,,true
1822,125.0,492.0,,true
1823,40.0,381.0,,true
1824,350.0,159.0,,true
1825,500.0,198.0,,false
1826,500.0,512.0,,false
1827,3300.0,29.0,,false
1828,3300.0,27.0,,false
1829,3300.0,30.0,,false
1830,60.0,218.0,,false
1831,60.0,153.0,,false
1832,60.0,201.0,,false
1833,800.0,5.0,,false
1834,60.0,109.0,,false
1835,60.0,81.0,,false
1836,60.0,108.0,,false
1837,60.0,95.0,,false
1838,60.0,94.0,,false
1839,60.0,86.0,,false
1840,60.0,83.0,,false
1841,60.0,120.0,,false
1842,100.0,209.0,,false
1843,100.0,217.0,,false
1844,900.0,10.0,,false
1845,1150.0,13.0,,false
1846,1000.0,7.0,,false
1847,1350.0,48.0,,true
1848,500.0,56.0,,true
1849,5000.0,16.0,,true
1850,2200.0,140.0,,true
1851,3500.0,283.0,,true
1852,5000.0,600.0,,true
1853,500.0,160.0,,true
1854,125.0,476.0,,true
1855,40.0,412.0,,true
1856,350.0,158.0,,true
1857,500.0,198.0,,false
1858,500.0,348.0,,false
1859,3300.0,28.0,,false
1860,3300.0,26.0,,false
1861,3300.0,24.0,,false
1862,60.0,238.0,,false
1863,60.0,190.0,,false
1864,60.0,153.0,,false
1865,60.0,162.0,,false
1866,800.0,5.0,,false
1867,60.0,93.0,,false
1868,60.0,114.0,,false
1869,60.0,103.0,,false
1870,60.0,100.0,,false
1871,60.0,109.0,,false
1872,60.0,117.0,,false
1873,60.0,82.0,,false
1874,100.0,242.0,,false
1875,100.0,248.0,,false
1876,900.0,10.0,,false
1877,1150.0,15.0,,false
1878,1000.0,6.0,,false
1879,1350.0,48.0,,true
1880,500.0,58.0,,true
1881,5000.0,19.0,,true
1882,2200.0,137.0,,true
1883,3500.0,300.0,,true
1884,5000.0,600.0,,true
1885,500.0,150.0,,true
1886,125.0,548.0,,true
1887,40.0,453.0,,true
1888,350.0,180.0,,true
1889,500.0,179.0,,false
1890,500.0,304.0,,false
1891,3300.0,29.0,,false
1892,3300.0,24.0,,false
1893,3300.0,25.0,,false
1894,60.0,236.0,,false
1895,60.0,180.0,,false
1896,60.0,170.0,,false
1897,800.0,5.0,,false
1898,60.0,93.0,,false
1899,60.0,101.0,,false
1900,60.0,95.0,,false
1901,60.0,96.0,,false
1902,60.0,82.0,,false
1903,60.0,104.0,,false
1904,60.0,118.0,,false
1905,100.0,239.0,,false
1906,100.0,231.0,,false
1907,900.0,7.0,,false
1908,1150.0,14.0,,false
1909,1000.0,7.0,,false
1910,1350.0,48.0,,true
1911,500.0,60.0,,true
1912,5000.0,17.0,,true
1913,2200.0,136.0,,true
1914,3500.0,320.0,,true
1915,5000.0,600.0,,true
1916,500.0,143.0,,true
1917,125.0,457.0,,true
1918,40.0,386.0,,true
1919,350.0,146.0,,true
1920,500.0,173.0,,false
1921,500.0,390.0,,false
1922,3300.0,29.0,,false
1923,3300.0,27.0,,false
1924,3300.0,25.0,,false
1925,60.0,226.0,,false
1926,60.0,159.0,,false
1927,60.0,241.0,,false
1928,60.0,241.0,,false
1929,800.0,6.0,,false
1930,60.0,110.0,,false
1931,60.0,91.0,,false
1932,60.0,112.0,,false
1933,60.0,120.0,,false
1934,60.0,84.0,,false
1935,60.0,111.0,,false
1936,100.0,192.0,,false
1937,100.0,218.0,,false
1938,900.0,10.0,,false
1939,1150.0,17.0,,false
1940,1000.0,8.0,,false
1941,1350.0,47.0,,true
1942,500.0,60.0,,true
1943,5000.0,18.0,,true
1944,2200.0,133.0,,true
1945,3500.0,327.0,,true
1946,5000.0,600.0,,true
1947,500.0,151.0,,true
1948,125.0,510.0,,true
1949,40.0,403.0,,true
1950,350.0,156.0,,true
1951,500.0,173.0,,false
1952,500.0,468.0,,false
1953,3300.0,23.0,,false
1954,3300.0,24.0,,false
1955,3300.0,25.0,,false
1956,60.0,207.0,,false
1957,60.0,187.0,,false
1958,60.0,178.0,,false
1959,800.0,5.0,,false
1960,60.0,102.0,,false
1961,60.0,120.0,,false
1962,60.0,102.0,,false
1963,60.0,84.0,,false
1964,60.0,118.0,,false
1965,60.0,116.0,,false
1966,60.0,96.0,,false
1967,60.0,115.0,,false
1968,100.0,238.0,,false
1969,100.0,185.0,,false
1970,900.0,10.0,,false
1971,1150.0,17.0,,false
1972,1000.0,6.0,,false
1973,1350.0,48.0,,true
1974,500.0,59.0,,true
1975,5000.0,16.0,,true
1976,2200.0,136.0,,true
1977,3500.0,252.0,,true
1978,5000.0,600.0,,true
1979,500.0,151.0,,true
1980,125.0,465.0,,true
1981,40.0,405.0,,true
1982,350.0,152.0,,true
1983,500.0,194.0,,false
1984,500.0,430.0,,false
1985,3300.0,27.0,,false
1986,3300.0,29.0,,false
1987,3300.0,23.0,,false
1988,60.0,151.0,,false
1989,60.0,178.0,,false
1990,60.0,243.0,,false
1991,800.0,6.0,,false
1992,60.0,100.0,,false
1993,60.0,118.0,,false
1994,60.0,102.0,,false
1995,60.0,100.0,,false
1996,60.0,107.0,,false
1997,60.0,98.0,,false
1998,60.0,84.0,,false
1999,60.0,108.0,,false
2000,60.0,119.0,,false
2001,60.0,81.0,,false
2002,100.0,249.0,,false
2003,100.0,196.0,,false
2004,900.0,8.0,,false
2005,1150.0,17.0,,false
2006,1000.0,6.0,,false
2007,1350.0,49.0,,true
2008,500.0,60.0,,true
2009,5000.0,20.0,,true
2010,2200.0,134.0,,true
2011,3500.0,270.0,,true
2012,5000.0,600.0,,true
2013,500.0,159.0,,true
2014,125.0,537.0,,true
2015,40.0,445.0,,true
2016,350.0,173.0,,true
2017,500.0,172.0,,false
2018,500.0,470.0,,false
2019,3300.0,27.0,,false
2020,3300.0,29.0,,false
2021,3300.0,29.0,,false
2022,60.0,160.0,,false
2023,60.0,177.0,,false
2024,60.0,175.0,,false
2025,800.0,5.0,,false
2026,60.0,102.0,,false
2027,60.0,119.0,,false
2028,60.0,95.0,,false
2029,60.0,87.0,,false
2030,60.0,115.0,,false
2031,60.0,116.0,,false
2032,60.0,109.0,,false
2033,60.0,104.0,,false
2034,60.0,93.0,,false
2035,60.0,109.0,,false
2036,100.0,232.0,,false
2037,100.0,189.0,,false
2038,900.0,9.0,,false
2039,1150.0,15.0,,false
2040,1000.0,6.0,,false
2041,1350.0,48.0,,true
2042,500.0,60.0,,true
2043,5000.0,19.0,,true
2044,2200.0,133.0,,true
2045,3500.0,320.0,,true
2046,5000.0,600.0,,true
2047,500.0,150.0,,true
2048,125.0,499.0,,true
2049,40.0,445.0,,true
2050,350.0,165.0,,true
2051,500.0,188.0,,false
2052,500.0,418.0,,false
2053,3300.0,27.0,,false
2054,3300.0,25.0,,false
2055,3300.0,21.0,,false
2056,60.0,204.0,,false
2057,60.0,205.0,,false
2058,60.0,215.0,,false
2059,60.0,227.0,,false
2060,800.0,5.0,,false
2061,60.0,86.0,,false
2062,60.0,105.0,,false
2063,60.0,85.0,,false
2064,60.0,105.0,,false
2065,60.0,98.0,,false
2066,60.0,113.0,,false
2067,60.0,96.0,,false
2068,60.0,109.0,,false
2069,60.0,91.0,,false
2070,100.0,227.0,,false
2071,100.0,182.0,,false
2072,900.0,8.0,,false
2073,1150.0,17.0,,false
2074,1000.0,6.0,,false
2075,1350.0,48.0,,true
2076,500.0,57.0,,true
2077,5000.0,20.0,,true
2078,2200.0,140.0,,true
2079,3500.0,311.0,,true
2080,5000.0,600.0,,true
2081,500.0,146.0,,true
2082,125.0,531.0,,true
2083,40.0,384.0,,true
2084,350.0,175.0,,true
2085,500.0,176.0,,false
2086,500.0,356.0,,false
2087,3300.0,25.0,,false
2088,3300.0,24.0,,false
2089,3300.0,24.0,,false
2090,60.0,151.0,,false
2091,60.0,202.0,,false
2092,60.0,183.0,,false
2093,60.0,240.0,,false
2094,800.0,6.0,,false
2095,60.0,83.0,,false
2096,60.0,89.0,,false
2097,60.0,119.0,,false
2098,60.0,100.0,,false
2099,60.0,104.0,,false
2100,60.0,108.0,,false
2101,60.0,108.0,,false
2102,60.0,115.0,,false
2103,60.0,105.0,,false
2104,60.0,89.0,,false
2105,100.0,242.0,,false
2106,100.0,219.0,,false
2107,900.0,9.0,,false
2108,1150.0,14.0,,false
2109,1000.0,5.0,,false
2110,1350.0,47.0,,true
2111,500.0,60.0,,true
2112,5000.0,16.0,,true
2113,2200.0,139.0,,true
2114,3500.0,247.0,,true
2115,5000.0,600.0,,true
2116,500.0,144.0,,true
2117,125.0,547.0,,true
2118,40.0,372.0,,true
2119,350.0,145.0,,true
2120,500.0,185.0,,false
2121,500.0,413.0,,false
2122,3300.0,29.0,,false
2123,3300.0,29.0,,false
2124,3300.0,28.0,,false
2125,60.0,250.0,,false
2126,60.0,217.0,,false
2127,60.0,183.0,,false
2128,800.0,5.0,,false
2129,60.0,115.0,,false
2130,60.0,108.0,,false
2131,60.0,95.0,,false
2132,60.0,120.0,,false
2133,60.0,113.0,,false
2134,60.0,92.0,,false
2135,60.0,95.0,,false
2136,60.0,84.0,,false
2137,60.0,85.0,,false
2138,100.0,195.0,,false
2139,100.0,228.0,,false
2140,900.0,9.0,,false
2141,1150.0,14.0,,false
2142,1000.0,7.0,,false
2143,1350.0,47.0,,true
2144,500.0,58.0,,true
2145,5000.0,19.0,,true
2146,2200.0,136.0,,true
2147,3500.0,313.0,,true
2148,5000.0,600.0,,true
2149,500.0,144.0,,true
2150,125.0,477.0,,true
2151,40.0,389.0,,true
2152,350.0,177.0,,true
2153,500.0,186.0,,false
2154,500.0,337.0,,false
2155,3300.0,27.0,,false
2156,3300.0,22.0,,false
2157,3300.0,30.0,,false
2158,60.0,190.0,,false
2159,60.0,158.0,,false
2160,60.0,191.0,,false
2161,800.0,6.0,,false
2162,60.0,97.0,,false
2163,60.0,104.0,,false
2164,60.0,113.0,,false
2165,60.0,109.0,,false
2166,60.0,90.0,,false
2167,60.0,94.0,,false
2168,60.0,83.0,,false
2169,60.0,119.0,,false
2170,60.0,86.0,,false
2171,60.0,118.0,,false
2172,100.0,203.0,,false
2173,100.0,204.0,,false
2174,900.0,9.0,,false
2175,1150.0,18.0,,false
2176,1000.0,7.0,,false
2177,1350.0,50.0,,true
2178,500.0,57.0,,true
2179,5000.0,19.0,,true
2180,2200.0,134.0,,true
2181,3500.0,362.0,,true
2182,5000.0,600.0,,true
2183,500.0,152.0,,true
2184,125.0,510.0,,true
2185,40.0,397.0,,true
2186,350.0,165.0,,true
2187,500.0,185.0,,false
2188,500.0,420.0,,false
2189,3300.0,24.0,,false
2190,3300.0,23.0,,false
2191,3300.0,25.0,,false
2192,60.0,193.0,,false
2193,60.0,168.0,,false
2194,60.0,178.0,,false
2195,60.0,230.0,,false
2196,800.0,5.0,,false
2197,60.0,92.0,,false
2198,60.0,87.0,,false
2199,60.0,103.0,,false
2200,60.0,112.0,,false
2201,60.0,97.0,,false
2202,60.0,112.0,,false
2203,60.0,112.0,,false
2204,60.0,105.0,,false
2205,60.0,118.0,,false
2206,60.0,112.0,,false
2207,100.0,185.0,,false
2208,100.0,246.0,,false
2209,900.0,9.0,,false
2210,1150.0,17.0,,false
2211,1000.0,8.0,,false
2212,1350.0,47.0,,true
2213,500.0,59.0,,true
2214,5000.0,19.0,,true
2215,2200.0,132.0,,true
2216,3500.0,310.0,,true
2217,5000.0,600.0,,true
2218,500.0,159.0,,true
2219,125.0,489.0,,true
2220,40.0,426.0,,true
2221,350.0,150.0,,true
2222,500.0,197.0,,false
2223,500.0,592.0,,false
2224,3300.0,30.0,,false
2225,3300.0,23.0,,false
2226,3300.0,27.0,,false
2227,60.0,170.0,,false
2228,60.0,152.0,,false
2229,60.0,200.0,,false
2230,60.0,189.0,,false
2231,800.0,5.0,,false
2232,60.0,89.0,,false
2233,60.0,109.0,,false
2234,60.0,110.0,,false
2235,60.0,85.0,,false
2236,60.0,91.0,,false
2237,60.0,81.0,,false
2238,60.0,101.0,,false
2239,100.0,229.0,,false
2240,100.0,216.0,,false
2241,900.0,10.0,,false
2242,1150.0,16.0,,false
2243,1000.0,8.0,,false
2244,1350.0,50.0,,true
2245,500.0,59.0,,true
2246,5000.0,16.0,,true
2247,2200.0,133.0,,true
2248,3500.0,339.0,,true
2249,5000.0,600.0,,true
2250,500.0,144.0,,true
2251,125.0,488.0,,true
2252,40.0,430.0,,true
2253,350.0,164.0,,true
2254,500.0,196.0,,false
2255,500.0,501.0,,false
2256,3300.0,24.0,,false
2257,3300.0,28.0,,false
2258,3300.0,26.0,,false
2259,60.0,177.0,,false
2260,60.0,225.0,,false
2261,60.0,171.0,,false
2262,800.0,6.0,,false
2263,60.0,108.0,,false
2264,60.0,120.0,,false
2265,60.0,92.0,,false
2266,60.0,102.0,,false
2267,60.0,106.0,,false
2268,60.0,106.0,,false
2269,60.0,93.0,,false
2270,60.0,83.0,,false
2271,60.0,114.0,,false
2272,60.0,108.0,,false
2273,100.0,217.0,,false
2274,100.0,188.0,,false
2275,900.0,10.0,,false
2276,1150.0,13.0,,false
2277,1000.0,5.0,,false
2278,1350.0,47.0,,true
2279,500.0,57.0,,true
2280,5000.0,20.0,,true
2281,2200.0,133.0,,true
2282,3500.0,329.0,,true
2283,5000.0,600.0,,true
2284,500.0,156.0,,true
2285,125.0,536.0,,true
2286,40.0,366.0,,true
2287,350.0,172.0,,true
2288,500.0,176.0,,false
2289,500.0,424.0,,false
2290,3300.0,27.0,,false
2291,3300.0,28.0,,false
2292,3300.0,25.0,,false
2293,60.0,181.0,,false
2294,60.0,173.0,,false
2295,60.0,175.0,,false
2296,60.0,208.0,,false
2297,800.0,6.0,,false
2298,60.0,86.0,,false
2299,60.0,117.0,,false
2300,60.0,109.0,,false
2301,60.0,99.0,,false
2302,60.0,88.0,,false
2303,60.0,118.0,,false
2304,60.0,106.0,,false
2305,60.0,112.0,,false
2306,60.0,106.0,,false
2307,60.0,82.0,,false
2308,100.0,223.0,,false
2309,100.0,203.0,,false
2310,900.0,10.0,,false
2311,1150.0,13.0,,false
2312,1000.0,8.0,,false
2313,1350.0,47.0,,true
2314,500.0,58.0,,true
2315,5000.0,19.0,,true
2316,2200.0,139.0,,true
2317,3500.0,317.0,,true
2318,5000.0,600.0,,true
2319,500.0,150.0,,true
2320,125.0,515.0,,true
2321,40.0,356.0,,true
2322,350.0,153.0,,true
2323,500.0,175.0,,false
2324,500.0,463.0,,false
2325,3300.0,30.0,,false
2326,3300.0,27.0,,false
2327,3300.0,28.0,,false
2328,60.0,196.0,,false
2329,60.0,185.0,,false
2330,60.0,205.0,,false
2331,800.0,6.0,,false
2332,60.0,107.0,,false
2333,60.0,88.0,,false
2334,60.0,109.0,,false
2335,60.0,95.0,,false
2336,60.0,94.0,,false
2337,60.0,98.0,,false
2338,100.0,246.0,,false
2339,100.0,234.0,,false
2340,900.0,10.0,,false
2341,1150.0,13.0,,false
2342,1000.0,8.0,,false
2343,1350.0,49.0,,true
2344,500.0,57.0,,true
2345,5000.0,17.0,,true
2346,2200.0,137.0,,true
2347,3500.0,253.0,,true
2348,5000.0,600.0,,true
2349,500.0,149.0,,true
2350,125.0,470.0,,true
2351,40.0,394.0,,true
2352,350.0,146.0,,true
2353,500.0,188.0,,false
2354,500.0,420.0,,false
2355,3300.0,23.0,,false
2356,3300.0,30.0,,false
2357,3300.0,23.0,,false
2358,60.0,159.0,,false
2359,60.0,235.0,,false
2360,60.0,182.0,,false
2361,60.0,226.0,,false
2362,800.0,5.0,,false
2363,60.0,118.0,,false
2364,60.0,99.0,,false
2365,60.0,104.0,,false
2366,60.0,117.0,,false
2367,60.0,106.0,,false
2368,60.0,110.0,,false
2369,60.0,93.0,,false
2370,60.0,96.0,,false
2371,100.0,190.0,,false
2372,100.0,201.0,,false
2373,900.0,9.0,,false
2374,1150.0,18.0,,false
2375,1000.0,6.0,,false
2376,1350.0,46.0,,true
2377,500.0,59.0,,true
2378,5000.0,18.0,,true
2379,2200.0,133.0,,true
2380,3500.0,283.0,,true
2381,5000.0,600.0,,true
2382,500.0,154.0,,true
2383,125.0,514.0,,true
2384,40.0,429.0,,true
2385,350.0,176.0,,true
2386,500.0,190.0,,false
2387,500.0,358.0,,false
2388,3300.0,22.0,,false
2389,3300.0,24.0,,false
2390,3300.0,28.0,,false
2391,60.0,206.0,,false
2392,60.0,227.0,,false
2393,60.0,173.0,,false
2394,800.0,6.0,,false
2395,60.0,117.0,,false
2396,60.0,117.0,,false
2397,60.0,112.0,,false
2398,60.0,108.0,,false
2399,60.0,108.0,,false
2400,60.0,120.0,,false
2401,60.0,82.0,,false
2402,100.0,216.0,,false
2403,100.0,190.0,,false
2404,900.0,9.0,,false
2405,1150.0,17.0,,false
2406,1000.0,5.0,,false
2407,1350.0,46.0,,true
2408,500.0,57.0,,true
2409,5000.0,20.0,,true
2410,2200.0,132.0,,true
2411,3500.0,282.0,,true
2412,5000.0,600.0,,true
2413,500.0,146.0,,true
2414,125.0,533.0,,true
2415,40.0,430.0,,true
2416,350.0,141.0,,true
2417,500.0,188.0,,false
2418,500.0,500.0,,false
2419,3300.0,24.0,,false
2420,3300.0,29.0,,false
2421,3300.0,25.0,,false
2422,60.0,162.0,,false
2423,60.0,203.0,,false
2424,60.0,175.0,,false
2425,60.0,194.0,,false
2426,800.0,6.0,,false
2427,60.0,105.0,,false
2428,60.0,120.0,,false
2429,60.0,88.0,,false
2430,60.0,86.0,,false
2431,60.0,81.0,,false
2432,60.0,103.0,,false
2433,60.0,115.0,,false
2434,60.0,86.0,,false
2435,60.0,117.0,,false
2436,100.0,233.0,,false
2437,100.0,236.0,,false
2438,900.0,7.0,,false
2439,1150.0,14.0,,false
2440,1000.0,5.0,,false
2441,1350.0,48.0,,true
2442,500.0,57.0,,true
2443,5000.0,17.0,,true
2444,2200.0,132.0,,true
2445,3500.0,291.0,,true
2446,5000.0,600.0,,true
2447,500.0,149.0,,true
2448,125.0,539.0,,true
2449,40.0,444.0,,true
2450,350.0,170.0,,true
2451,500.0,181.0,,false
2452,500.0,398.0,,false
2453,3300.0,30.0,,false
2454,3300.0,26.0,,false
2455,3300.0,27.0,,false
2456,60.0,153.0,,false
2457,60.0,182.0,,false
2458,60.0,208.0,,false
2459,60.0,238.0,,false
2460,800.0,5.0,,false
2461,60.0,106.0,,false
2462,60.0,102.0,,false
2463,60.0,109.0,,false
2464,60.0,106.0,,false
2465,60.0,115.0,,false
2466,60.0,97.0,,false
2467,100.0,209.0,,false
2468,100.0,204.0,,false
2469,900.0,7.0,,false
2470,1150.0,14.0,,false
2471,1000.0,8.0,,false
2472,1350.0,47.0,,true
2473,500.0,57.0,,true
2474,5000.0,17.0,,true
2475,2200.0,137.0,,true
2476,3500.0,282.0,,true
2477,5000.0,600.0,,true
2478,500.0,145.0,,true
2479,125.0,521.0,,true
2480,40.0,392.0,,true
2481,350.0,177.0,,true
2482,500.0,177.0,,false
2483,500.0,573.0,,false
2484,3300.0,22.0,,false
2485,3300.0,29.0,,false
2486,3300.0,25.0,,false
2487,60.0,224.0,,false
2488,60.0,223.0,,false
2489,60.0,216.0,,false
2490,800.0,6.0,,false
2491,60.0,113.0,,false
2492,60.0,101.0,,false
2493,60.0,105.0,,false
2494,60.0,91.0,,false
2495,60.0,81.0,,false
2496,60.0,104.0,,false
2497,60.0,103.0,,false
2498,60.0,118.0,,false
2499,100.0,245.0,,false
2500,100.0,208.0,,false
2501,900.0,9.0,,false
2502,1150.0,14.0,,false
2503,1000.0,5.0,,false
2504,1350.0,47.0,,true
2505,500.0,60.0,,true
2506,5000.0,18.0,,true
2507,2200.0,133.0,,true
2508,3500.0,366.0,,true
2509,5000.0,600.0,,true
2510,500.0,152.0,,true
2511,125.0,516.0,,true
2512,40.0,373.0,,true
2513,350.0,170.0,,true
2514,500.0,172.0,,false
2515,500.0,443.0,,false
2516,3300.0,25.0,,false
2517,3300.0,24.0,,false
2518,3300.0,26.0,,false
2519,60.0,151.0,,false
2520,60.0,248.0,,false
2521,60.0,190.0,,false
2522,800.0,5.0,,false
2523,60.0,114.0,,false
2524,60.0,82.0,,false
2525,60.0,97.0,,false
2526,60.0,88.0,,false
2527,60.0,86.0,,false
2528,60.0,99.0,,false
2529,60.0,102.0,,false
2530,100.0,238.0,,false
2531,100.0,226.0,,false
2532,900.0,8.0,,false
2533,1150.0,15.0,,false
2534,1000.0,6.0,,false
2535,1350.0,49.0,,true
2536,500.0,56.0,,true
2537,5000.0,17.0,,true
2538,2200.0,133.0,,true
2539,3500.0,373.0,,true
2540,5000.0,600.0,,true
2541,500.0,156.0,,true
2542,125.0,530.0,,true
2543,40.0,428.0,,true
2544,350.0,173.0,,true
2545,500.0,194.0,,false
2546,500.0,500.0,,false
2547,3300.0,25.0,,false
2548,3300.0,30.0,,false
2549,3300.0,22.0,,false
2550,60.0,163.0,,false
2551,60.0,220.0,,false
2552,60.0,225.0,,false
2553,60.0,151.0,,false
2554,800.0,6.0,,false
2555,60.0,115.0,,false
2556,60.0,81.0,,false
2557,60.0,119.0,,false
2558,60.0,107.0,,false
2559,60.0,102.0,,false
2560,60.0,112.0,,false
2561,60.0,106.0,,false
2562,60.0,119.0,,false
2563,60.0,93.0,,false
2564,60.0,85.0,,false
2565,100.0,207.0,,false
2566,100.0,189.0,,false
2567,900.0,8.0,,false
2568,1150.0,13.0,,false
2569,1000.0,5.0,,false
2570,1350.0,46.0,,true
2571,500.0,57.0,,true
2572,5000.0,17.0,,true
2573,2200.0,140.0,,true
2574,3500.0,350.0,,true
2575,5000.0,600.0,,true
2576,500.0,153.0,,true
2577,125.0,535.0,,true
2578,40.0,446.0,,true
2579,350.0,152.0,,true
2580,500.0,198.0,,false
2581,500.0,548.0,,false
2582,3300.0,23.0,,false
2583,3300.0,28.0,,false
2584,3300.0,29.0,,false
2585,60.0,205.0,,false
2586,60.0,168.0,,false
2587,60.0,200.0,,false
2588,60.0,246.0,,false
2589,800.0,4.0,,false
2590,60.0,106.0,,false
2591,60.0,106.0,,false
2592,60.0,108.0,,false
2593,60.0,98.0,,false
2594,60.0,102.0,,false
2595,60.0,119.0,,false
2596,60.0,90.0,,false
2597,60.0,119.0,,false
2598,60.0,118.0,,false
2599,100.0,225.0,,false
2600,100.0,184.0,,false
2601,900.0,10.0,,false
2602,1150.0,13.0,,false
2603,1000.0,5.0,,false
2604,1350.0,46.0,,true
2605,500.0,58.0,,true
2606,5000.0,18.0,,true
2607,2200.0,137.0,,true
2608,3500.0,388.0,,true
2609,5000.0,600.0,,true
2610,500.0,142.0,,true
2611,125.0,460.0,,true
2612,40.0,436.0,,true
2613,350.0,161.0,,true
2614,500.0,173.0,,false
2615,500.0,353.0,,false
2616,3300.0,22.0,,false
2617,3300.0,30.0,,false
2618,3300.0,29.0,,false
2619,60.0,209.0,,false
2620,60.0,154.0,,false
2621,60.0,211.0,,false
2622,800.0,6.0,,false
2623,60.0,87.0,,false
2624,60.0,85.0,,false
2625,60.0,89.0,,false
2626,60.0,83.0,,false
2627,60.0,107.0,,false
2628,60.0,98.0,,false
2629,60.0,114.0,,false
2630,100.0,221.0,,false
2631,100.0,216.0,,false
2632,900.0,9.0,,false
2633,1150.0,14.0,,false
2634,1000.0,7.0,,false
2635,1350.0,49.0,,true
2636,500.0,60.0,,true
2637,5000.0,18.0,,true
2638,2200.0,137.0,,true
2639,3500.0,356.0,,true
2640,5000.0,600.0,,true
2641,500.0,147.0,,true
2642,125.0,476.0,,true
2643,40.0,424.0,,true
2644,350.0,173.0,,true
2645,500.0,193.0,,false
2646,500.0,332.0,,false
2647,3300.0,30.0,,false
2648,3300.0,28.0,,false
2649,3300.0,28.0,,false
2650,60.0,232.0,,false
2651,60.0,241.0,,false
2652,60.0,249.0,,false
2653,60.0,195.0,,false
2654,800.0,6.0,,false
2655,60.0,97.0,,false
2656,60.0,109.0,,false
2657,60.0,115.0,,false
2658,60.0,98.0,,false
2659,60.0,105.0,,false
2660,60.0,94.0,,false
2661,60.0,114.0,,false
2662,100.0,195.0,,false
2663,100.0,226.0,,false
2664,900.0,7.0,,false
2665,1150.0,16.0,,false
2666,1000.0,7.0,,false
2667,1350.0,46.0,,true
2668,500.0,59.0,,true
2669,5000.0,17.0,,true
2670,2200.0,135.0,,true
2671,3500.0,339.0,,true
2672,5000.0,600.0,,true
2673,500.0,156.0,,true
2674,125.0,525.0,,true
2675,40.0,391.0,,true
2676,350.0,161.0,,true
2677,500.0,186.0,,false
2678,500.0,455.0,,false
2679,3300.0,24.0,,false
2680,3300.0,29.0,,false
2681,3300.0,23.0,,false
2682,60.0,240.0,,false
2683,60.0,220.0,,false
2684,60.0,222.0,,false
2685,60.0,224.0,,false
2686,800.0,4.0,,false
2687,60.0,95.0,,false
2688,60.0,119.0,,false
2689,60.0,92.0,,false
2690,60.0,114.0,,false
2691,60.0,112.0,,false
2692,60.0,83.0,,false
2693,60.0,86.0,,false
2694,60.0,100.0,,false
2695,60.0,93.0,,false
2696,100.0,229.0,,false
2697,100.0,244.0,,false
2698,900.0,7.0,,false
2699,1150.0,18.0,,false
2700,1000.0,5.0,,false
2701,1350.0,47.0,,true
2702,500.0,60.0,,true
2703,5000.0,19.0,,true
2704,2200.0,138.0,,true
2705,3500.0,301.0,,true
2706,5000.0,600.0,,true
2707,500.0,145.0,,true
2708,125.0,542.0,,true
2709,40.0,436.0,,true
2710,350.0,178.0,,true
2711,500.0,192.0,,false
2712,500.0,501.0,,false
2713,3300.0,23.0,,false
2714,3300.0,25.0,,false
2715,3300.0,27.0,,false
2716,60.0,234.0,,false
2717,60.0,203.0,,false
2718,60.0,226.0,,false
2719,60.0,194.0,,false
2720,800.0,6.0,,false
2721,60.0,91.0,,false
2722,60.0,105.0,,false
2723,60.0,105.0,,false
2724,60.0,110.0,,false
2725,60.0,120.0,,false
2726,60.0,106.0,,false
2727,60.0,92.0,,false
2728,60.0,85.0,,false
2729,60.0,107.0,,false
2730,60.0,120.0,,false
2731,100.0,229.0,,false
2732,100.0,202.0,,false
2733,900.0,8.0,,false
2734,1150.0,18.0,,false
2735,1000.0,8.0,,false
2736,1350.0,46.0,,true
2737,500.0,59.0,,true
2738,5000.0,17.0,,true
2739,2200.0,134.0,,true
2740,3500.0,210.0,,true
2741,5000.0,600.0,,true
2742,500.0,152.0,,true
2743,125.0,457.0,,true
2744,40.0,395.0,,true
2745,350.0,170.0,,true
2746,500.0,196.0,,false
2747,500.0,475.0,,false
2748,3300.0,30.0,,false
2749,3300.0,21.0,,false
2750,3300.0,21.0,,false
2751,60.0,205.0,,false
2752,60.0,192.0,,false
2753,60.0,240.0,,false
2754,60.0,165.0,,false
2755,800.0,5.0,,false
2756,60.0,115.0,,false
2757,60.0,89.0,,false
2758,60.0,104.0,,false
2759,60.0,94.0,,false
2760,60.0,107.0,,false
2761,60.0,110.0,,false
2762,60.0,90.0,,false
2763,60.0,103.0,,false
2764,60.0,105.0,,false
2765,100.0,197.0,,false
2766,100.0,229.0,,false
2767,900.0,10.0,,false
2768,1150.0,16.0,,false
2769,1000.0,7.0,,false
2770,1350.0,48.0,,true
2771,500.0,56.0,,true
2772,5000.0,20.0,,true
2773,2200.0,138.0,,true
2774,3500.0,329.0,,true
2775,5000.0,600.0,,true
2776,500.0,141.0,,true
2777,125.0,478.0,,true
2778,40.0,357.0,,true
2779,350.0,173.0,,true
2780,500.0,173.0,,false
2781,500.0,437.0,,false
2782,3300.0,23.0,,false
2783,3300.0,23.0,,false
2784,3300.0,29.0,,false
2785,60.0,235.0,,false
2786,60.0,186.0,,false
2787,60.0,154.0,,false
2788,800.0,4.0,,false
2789,60.0,95.0,,false
2790,60.0,117.0,,false
2791,60.0,87.0,,false
2792,60.0,84.0,,false
2793,60.0,108.0,,false
2794,60.0,92.0,,false
2795,100.0,193.0,,false
2796,100.0,203.0,,false
2797,900.0,7.0,,false
2798,1150.0,14.0,,false
2799,1000.0,5.0,,false
2800,1350.0,50.0,,true
2801,500.0,58.0,,true
2802,5000.0,20.0,,true
2803,2200.0,138.0,,true
2804,3500.0,265.0,,true
2805,5000.0,600.0,,true
2806,500.0,153.0,,true
2807,125.0,497.0,,true
2808,40.0,370.0,,true
2809,350.0,157.0,,true
2810,500.0,177.0,,false
2811,500.0,313.0,,false
2812,3300.0,21.0,,false
2813,3300.0,23.0,,false
2814,3300.0,22.0,,false
2815,60.0,205.0,,false
2816,60.0,156.0,,false
2817,60.0,182.0,,false
2818,60.0,195.0,,false
2819,800.0,5.0,,false
2820,60.0,114.0,,false
2821,60.0,103.0,,false
2822,60.0,111.0,,false
2823,60.0,82.0,,false
2824,60.0,109.0,,false
2825,60.0,117.0,,false
2826,60.0,81.0,,false
2827,60.0,83.0,,false
2828,100.0,250.0,,false
2829,100.0,198.0,,false
2830,900.0,7.0,,false
2831,1150.0,13.0,,false
2832,1000.0,7.0,,false
2833,1350.0,50.0,,true
2834,500.0,60.0,,true
2835,5000.0,20.0,,true
2836,2200.0,140.0,,true
2837,3500.0,214.0,,true
2838,5000.0,600.0,,true
2839,500.0,145.0,,true
2840,125.0,461.0,,true
2841,40.0,420.0,,true
2842,350.0,155.0,,true
2843,500.0,197.0,,false
2844,500.0,511.0,,false
2845,3300.0,27.0,,false
2846,3300.0,30.0,,false
2847,3300.0,25.0,,false
2848,60.0,219.0,,false
2849,60.0,172.0,,false
2850,60.0,215.0,,false
2851,800.0,6.0,,false
2852,60.0,109.0,,false
2853,60.0,100.0,,false
2854,60.0,114.0,,false
2855,60.0,82.0,,false
2856,60.0,109.0,,false
2857,60.0,100.0,,false
2858,60.0,119.0,,false
2859,60.0,106.0,,false
2860,100.0,196.0,,false
2861,100.0,195.0,,false
2862,900.0,7.0,,false
2863,1150.0,16.0,,false
2864,1000.0,6.0,,false
2865,1350.0,50.0,,true
2866,500.0,58.0,,true
2867,5000.0,19.0,,true
2868,2200.0,133.0,,true
2869,3500.0,289.0,,true
2870,5000.0,600.0,,true
2871,500.0,146.0,,true
2872,125.0,541.0,,true
2873,40.0,458.0,,true
2874,350.0,151.0,,true
2875,500.0,199.0,,false
2876,500.0,341.0,,false
2877,3300.0,23.0,,false
2878,3300.0,21.0,,false
2879,3300.0,21.0,,false
2880,60.0,240.0,,false
2881,60.0,156.0,,false
2882,60.0,233.0,,false
2883,800.0,6.0,,false
2884,60.0,101.0,,false
2885,60.0,90.0,,false
2886,60.0,112.0,,false
2887,60.0,103.0,,false
2888,60.0,81.0,,false
2889,60.0,94.0,,false
2890,60.0,112.0,,false
2891,60.0,116.0,,false
2892,60.0,119.0,,false
2893,60.0,87.0,,false
2894,100.0,244.0,,false
2895,100.0,231.0,,false
2896,900.0,7.0,,false
2897,1150.0,13.0,,false
2898,1000.0,6.0,,false
2899,1350.0,49.0,,true
2900,500.0,59.0,,true
2901,5000.0,18.0,,true
2902,2200.0,138.0,,true
2903,3500.0,270.0,,true
2904,5000.0,600.0,,true
2905,500.0,159.0,,true
2906,125.0,522.0,,true
2907,40.0,416.0,,true
2908,350.0,164.0,,true
2909,500.0,183.0,,false
2910,500.0,404.0,,false
2911,3300.0,28.0,,false
2912,3300.0,23.0,,false
2913,3300.0,23.0,,false
2914,60.0,236.0,,false
2915,60.0,217.0,,false
2916,60.0,229.0,,false
2917,60.0,217.0,,false
2918,800.0,6.0,,false
2919,60.0,104.0,,false
2920,60.0,85.0,,false
2921,60.0,89.0,,false
2922,60.0,106.0,,false
2923,60.0,118.0,,false
2924,60.0,110.0,,false
2925,100.0,230.0,,false
2926,100.0,242.0,,false
2927,900.0,9.0,,false
2928,1150.0,17.0,,false
2929,1000.0,6.0,,false
2930,1350.0,48.0,,true
2931,500.0,59.0,,true
2932,5000.0,20.0,,true
2933,2200.0,133.0,,true
2934,3500.0,400.0,,true
2935,5000.0,600.0,,true
2936,500.0,145.0,,true
2937,125.0,480.0,,true
2938,40.0,453.0,,true
2939,350.0,167.0,,true
2940,500.0,181.0,,false
2941,500.0,387.0,,false
2942,3300.0,29.0,,false
2943,3300.0,27.0,,false
2944,3300.0,22.0,,false
2945,60.0,170.0,,false
2946,60.0,249.0,,false
2947,60.0,164.0,,false
2948,800.0,6.0,,false
2949,60.0,95.0,,false
2950,60.0,95.0,,false
2951,60.0,94.0,,false
2952,60.0,116.0,,false
2953,60.0,81.0,,false
2954,60.0,89.0,,false
2955,60.0,90.0,,false
2956,100.0,211.0,,false
2957,100.0,200.0,,false
2958,900.0,9.0,,false
2959,1150.0,17.0,,false
2960,1000.0,5.0,,false
2961,1350.0,46.0,,true
2962,500.0,56.0,,true
2963,5000.0,20.0,,true
2964,2200.0,132.0,,true
2965,3500.0,213.0,,true
2966,5000.0,600.0,,true
2967,500.0,143.0,,true
2968,125.0,506.0,,true
2969,40.0,443.0,,true
2970,350.0,151.0,,true
2971,500.0,200.0,,false
2972,500.0,355.0,,false
2973,3300.0,25.0,,false
2974,3300.0,26.0,,false
2975,3300.0,24.0,,false
2976,60.0,229.0,,false
2977,60.0,230.0,,false
2978,60.0,221.0,,false
2979,60.0,186.0,,false
2980,800.0,6.0,,false
2981,60.0,82.0,,false
2982,60.0,109.0,,false
2983,60.0,108.0,,false
2984,60.0,116.0,,false
2985,60.0,81.0,,false
2986,60.0,107.0,,false
2987,100.0,204.0,,false
2988,100.0,244.0,,false
2989,900.0,8.0,,false
2990,1150.0,15.0,,false
2991,1000.0,8.0,,false
2992,1350.0,49.0,,true
2993,500.0,58.0,,true
2994,5000.0,19.0,,true
2995,2200.0,135.0,,true
2996,3500.0,241.0,,true
2997,5000.0,600.0,,true
2998,500.0,146.0,,true
2999,125.0,477.0,,true
3000,40.0,395.0,,true
3001,350.0,161.0,,true
3002,500.0,191.0,,false
3003,500.0,332.0,,false
3004,3300.0,27.0,,false
3005,3300.0,27.0,,false
3006,3300.0,27.0,,false
3007,60.0,218.0,,false
3008,60.0,182.0,,false
3009,60.0,226.0,,false
3010,60.0,213.0,,false
3011,800.0,4.0,,false
3012,60.0,105.0,,false
3013,60.0,107.0,,false
3014,60.0,108.0,,false
3015,60.0,115.0,,false
3016,60.0,120.0,,false
3017,60.0,119.0,,false
3018,60.0,116.0,,false
3019,100.0,225.0,,false
3020,100.0,227.0,,false
3021,900.0,7.0,,false
3022,1150.0,17.0,,false
3023,1000.0,5.0,,false
3024,1350.0,47.0,,true
3025,500.0,56.0,,true
3026,5000.0,18.0,,true
3027,2200.0,134.0,,true
3028,3500.0,349.0,,true
3029,5000.0,600.0,,true
3030,500.0,159.0,,true
3031,125.0,548.0,,true
3032,40.0,405.0,,true
3033,350.0,156.0,,true
3034,500.0,187.0,,false
3035,500.0,352.0,,false
3036,3300.0,30.0,,false
3037,3300.0,23.0,,false
3038,3300.0,28.0,,false
3039,60.0,218.0,,false
3040,60.0,176.0,,false
3041,60.0,175.0,,false
3042,800.0,6.0,,false
3043,60.0,90.0,,false
3044,60.0,110.0,,false
3045,60.0,90.0,,false
3046,60.0,94.0,,false
3047,60.0,105.0,,false
3048,60.0,97.0,,false
3049,60.0,101.0,,false
3050,100.0,194.0,,false
3051,100.0,250.0,,false
3052,900.0,7.0,,false
3053,1150.0,17.0,,false
3054,1000.0,5.0,,false
3055,1350.0,50.0,,true
3056,500.0,60.0,,true
3057,5000.0,16.0,,true
3058,2200.0,138.0,,true
3059,3500.0,336.0,,true
3060,5000.0,600.0,,true
3061,500.0,146.0,,true
3062,125.0,509.0,,true
3063,40.0,414.0,,true
3064,350.0,166.0,,true
3065,500.0,171.0,,false
3066,500.0,355.0,,false
3067,3300.0,29.0,,false
3068,3300.0,21.0,,false
3069,3300.0,21.0,,false
3070,60.0,242.0,,false
3071,60.0,249.0,,false
3072,60.0,195.0,,false
3073,60.0,242.0,,false
3074,800.0,4.0,,false
3075,60.0,100.0,,false
3076,60.0,109.0,,false
3077,60.0,92.0,,false
3078,60.0,109.0,,false
3079,60.0,107.0,,false
3080,60.0,97.0,,false
3081,60.0,82.0,,false
3082,100.0,184.0,,false
3083,100.0,215.0,,false
3084,900.0,8.0,,false
3085,1150.0,16.0,,false
3086,1000.0,7.0,,false
3087,1350.0,47.0,,true
3088,500.0,56.0,,true
3089,5000.0,16.0,,true
3090,2200.0,135.0,,true
3091,3500.0,371.0,,true
3092,5000.0,600.0,,true
3093,500.0,152.0,,true
3094,125.0,484.0,,true
3095,40.0,378.0,,true
3096,350.0,172.0,,true
3097,500.0,186.0,,false
3098,500.0,577.0,,false
3099,3300.0,21.0,,false
3100,3300.0,25.0,,false
3101,3300.0,21.0,,false
3102,60.0,165.0,,false
3103,60.0,153.0,,false
3104,60.0,201.0,,false
3105,60.0,248.0,,false
3106,800.0,4.0,,false
3107,60.0,85.0,,false
3108,60.0,88.0,,false
3109,60.0,85.0,,false
3110,60.0,119.0,,false
3111,60.0,108.0,,false
3112,60.0,90.0,,false
3113,60.0,106.0,,false
3114,60.0,94.0,,false
3115,100.0,224.0,,false
3116,100.0,197.0,,false
3117,900.0,9.0,,false
3118,1150.0,15.0,,false
3119,1000.0,6.0,,false
3120,1350.0,46.0,,true
3121,500.0,57.0,,true
3122,5000.0,16.0,,true
3123,2200.0,136.0,,true
3124,3500.0,370.0,,true
3125,5000.0,600.0,,true
3126,500.0,154.0,,true
3127,125.0,474.0,,true
3128,40.0,412.0,,true
3129,350.0,175.0,,true
3130,500.0,199.0,,false
3131,500.0,502.0,,false
3132,3300.0,27.0,,false
3133,3300.0,28.0,,false
3134,3300.0,28.0,,false
3135,60.0,195.0,,false
3136,60.0,186.0,,false
3137,60.0,216.0,,false
3138,800.0,4.0,,false
3139,60.0,85.0,,false
3140,60.0,86.0,,false
3141,60.0,96.0,,false
3142,60.0,106.0,,false
3143,60.0,81.0,,false
3144,60.0,107.0,,false
3145,60.0,111.0,,false
3146,60.0,93.0,,false
3147,100.0,236.0,,false
3148,100.0,232.0,,false
3149,900.0,10.0,,false
3150,1150.0,15.0,,false
3151,1000.0,6.0,,false
3152,1350.0,49.0,,true
3153,500.0,60.0,,true
3154,5000.0,19.0,,true
3155,2200.0,132.0,,true
3156,3500.0,250.0,,true
3157,5000.0,600.0,,true
3158,500.0,160.0,,true
3159,125.0,497.0,,true
3160,40.0,391.0,,true
3161,350.0,171.0,,true
3162,500.0,188.0,,false
3163,500.0,473.0,,false
3164,3300.0,27.0,,false
3165,3300.0,24.0,,false
3166,3300.0,23.0,,false
3167,60.0,244.0,,false
3168,60.0,170.0,,false
3169,60.0,159.0,,false
3170,60.0,247.0,,false
3171,800.0,5.0,,false
3172,60.0,101.0,,false
3173,60.0,84.0,,false
3174,60.0,95.0,,false
3175,60.0,116.0,,false
3176,60.0,104.0,,false
3177,60.0,82.0,,false
3178,60.0,109.0,,false
3179,60.0,91.0,,false
3180,60.0,120.0,,false
3181,60.0,81.0,,false
3182,100.0,228.0,,false
3183,100.0,244.0,,false
3184,900.0,8.0,,false
3185,1150.0,13.0,,false
3186,1000.0,7.0,,false
3187,1350.0,46.0,,true
3188,500.0,59.0,,true
3189,5000.0,20.0,,true
3190,2200.0,137.0,,true
3191,3500.0,321.0,,true
3192,5000.0,600.0,,true
3193,500.0,160.0,,true
3194,125.0,504.0,,true
3195,40.0,385.0,,true
3196,350.0,149.0,,true
3197,500.0,182.0,,false
3198,500.0,369.0,,false
3199,3300.0,21.0,,false
3200,3300.0,28.0,,false
3201,3300.0,28.0,,false
3202,60.0,165.0,,false
3203,60.0,246.0,,false
3204,60.0,244.0,,false
3205,800.0,5.0,,false
3206,60.0,118.0,,false
3207,60.0,92.0,,false
3208,60.0,87.0,,false
3209,60.0,83.0,,false
3210,60.0,111.0,,false
3211,60.0,120.0,,false
3212,60.0,105.0,,false
3213,60.0,84.0,,false
3214,60.0,112.0,,false
3215,60.0,118.0,,false
3216,100.0,246.0,,false
3217,100.0,233.0,,false
3218,900.0,10.0,,false
3219,1150.0,14.0,,false
3220,1000.0,6.0,,false
3221,1350.0,46.0,,true
3222,500.0,56.0,,true
3223,5000.0,19.0,,true
3224,2200.0,137.0,,true
3225,3500.0,394.0,,true
3226,5000.0,600.0,,true
3227,500.0,158.0,,true
3228,125.0,512.0,,true
3229,40.0,432.0,,true
3230,350.0,174.0,,true
3231,500.0,177.0,,false
3232,500.0,375.0,,false
3233,3300.0,28.0,,false
3234,3300.0,29.0,,false
3235,3300.0,26.0,,false
3236,60.0,231.0,,false
3237,60.0,219.0,,false
3238,60.0,158.0,,false
3239,800.0,5.0,,false
3240,60.0,105.0,,false
3241,60.0,97.0,,false
3242,60.0,89.0,,false
3243,60.0,109.0,,false
3244,60.0,97.0,,false
3245,60.0,113.0,,false
3246,100.0,233.0,,false
3247,100.0,185.0,,false
3248,900.0,9.0,,false
3249,1150.0,13.0,,false
3250,1000.0,8.0,,false
