Reference,height,width,stripwidth,preemptable
1,1350.0,48.0,720,true
2,500.0,57.0,,true
3,5000.0,18.0,,true
4,2200.0,136.0,,true
5,3500.0,239.0,,true
6,5000.0,600.0,,true
7,500.0,154.0,,true
8,125.0,540.0,,true
9,40.0,443.0,,true
10,350.0,162.0,,true
11,500.0,198.0,,false
12,500.0,571.0,,false
13,3300.0,24.0,,false
14,3300.0,28.0,,false
15,3300.0,23.0,,false
16,60.0,210.0,,false
17,60.0,220.0,,false
18,60.0,182.0,,false
19,800.0,5.0,,false
20,60.0,103.0,,false
21,60.0,118.0,,false
22,60.0,92.0,,false
23,60.0,102.0,,false
24,60.0,87.0,,false
25,60.0,119.0,,false
26,60.0,117.0,,false
27,100.0,205.0,,false
28,100.0,199.0,,false
29,900.0,10.0,,false
30,1150.0,14.0,,false
31,1000.0,8.0,,false
32,1350.0,48.0,,true
33,500.0,56.0,,true
34,5000.0,19.0,,true
35,2200.0,133.0,,true
36,3500.0,324.0,,true
37,5000.0,600.0,,true
38,500.0,144.0,,true
39,125.0,512.0,,true
40,40.0,360.0,,true
41,350.0,160.0,,true
42,500.0,187.0,,false
43,500.0,364.0,,false
44,3300.0,27.0,,false
45,3300.0,22.0,,false
46,3300.0,22.0,,false
47,60.0,242.0,,false
48,60.0,189.0,,false
49,60.0,154.0,,false
50,800.0,6.0,,false
51,60.0,85.0,,false
52,60.0,108.0,,false
53,60.0,87.0,,false
54,60.0,92.0,,false
55,60.0,84.0,,false
56,60.0,91.0,,false
57,100.0,204.0,,false
58,100.0,229.0,,false
59,900.0,7.0,,false
60,1150.0,14.0,,false
61,1000.0,7.0,,false
62,1350.0,50.0,,true
63,500.0,60.0,,true
64,5000.0,17.0,,true
65,2200.0,136.0,,true
66,3500.0,393.0,,true
67,5000.0,600.0,,true
68,500.0,150.0,,true
69,125.0,505.0,,true
70,40.0,370.0,,true
71,350.0,155.0,,true
72,500.0,179.0,,false
73,500.0,569.0,,false
74,3300.0,29.0,,false
75,3300.0,26.0,,false
76,3300.0,22.0,,false
77,60.0,161.0,,false
78,60.0,171.0,,false
79,60.0,249.0,,false
80,800.0,4.0,,false
81,60.0,101.0,,false
82,60.0,87.0,,false
83,60.0,113.0,,false
84,60.0,104.0,,false
85,60.0,111.0,,false
86,60.0,105.0,,false
87,100.0,207.0,,false
88,100.0,186.0,,false
89,900.0,8.0,,false
90,1150.0,17.0,,false
91,1000.0,7.0,,false
92,1350.0,49.0,,true
93,500.0,56.0,,true
94,5000.0,19.0,,true
95,2200.0,133.0,,true
96,3500.0,240.0,,true
97,5000.0,600.0,,true
98,500.0,149.0,,true
99,125.0,524.0,,true
100,40.0,399.0,,true
101,350.0,171.0,,true
102,500.0,199.0,,false
103,500.0,453.0,,false
104,3300.0,22.0,,false
105,3300.0,24.0,,false
106,3300.0,24.0,,false
107,60.0,193.0,,false
108,60.0,232.0,,false
109,60.0,153.0,,false
110,800.0,5.0,,false
111,60.0,119.0,,false
112,60.0,83.0,,false
113,60.0,99.0,,false
114,60.0,87.0,,false
115,60.0,88.0,,false
116,60.0,111.0,,false
117,60.0,107.0,,false
118,60.0,110.0,,false
119,60.0,99.0,,false
120,100.0,207.0,,false
121,100.0,240.0,,false
122,900.0,8.0,,false
123,1150.0,18.0,,false
124,1000.0,8.0,,false
125,1350.0,46.0,,true
126,500.0,58.0,,true
127,5000.0,17.0,,true
128,2200.0,139.0,,true
129,3500.0,396.0,,true
130,5000.0,600.0,,true
131,500.0,155.0,,true
132,125.0,538.0,,true
133,40.0,431.0,,true
134,350.0,170.0,,true
135,500.0,180.0,,false
136,500.0,305.0,,false
137,3300.0,21.0,,false
138,3300.0,21.0,,false
139,3300.0,30.0,,false
140,60.0,176.0,,false
141,60.0,172.0,,false
142,60.0,166.0,,false
143,60.0,203.0,,false
144,800.0,6.0,,false
145,60.0,93.0,,false
146,60.0,105.0,,false
147,60.0,113.0,,false
148,60.0,96.0,,false
149,60.0,97.0,,false
150,60.0,118.0,,false
151,60.0,109.0,,false
152,60.0,119.0,,false
153,60.0,97.0,,false
154,100.0,221.0,,false
155,100.0,250.0,,false
156,900.0,9.0,,false
157,1150.0,17.0,,false
158,1000.0,8.0,,false
159,1350.0,48.0,,true
160,500.0,56.0,,true
161,5000.0,20.0,,true
162,2200.0,139.0,,true
163,3500.0,223.0,,true
164,5000.0,600.0,,true
165,500.0,160.0,,true
166,125.0,480.0,,true
167,40.0,408.0,,true
168,350.0,163.0,,true
169,500.0,179.0,,false
170,500.0,388.0,,false
171,3300.0,27.0,,false
172,3300.0,28.0,,false
173,3300.0,30.0,,false
174,60.0,173.0,,false
175,60.0,202.0,,false
176,60.0,176.0,,false
177,60.0,250.0,,false
178,800.0,6.0,,false
179,60.0,112.0,,false
180,60.0,101.0,,false
181,60.0,84.0,,false
182,60.0,106.0,,false
183,60.0,105.0,,false
184,60.0,101.0,,false
185,100.0,247.0,,false
186,100.0,237.0,,false
187,900.0,8.0,,false
188,1150.0,15.0,,false
189,1000.0,8.0,,false
190,1350.0,46.0,,true
191,500.0,59.0,,true
192,5000.0,17.0,,true
193,2200.0,132.0,,true
194,3500.0,265.0,,true
195,5000.0,600.0,,true
196,500.0,155.0,,true
197,125.0,513.0,,true
198,40.0,414.0,,true
199,350.0,168.0,,true
200,500.0,175.0,,false
201,500.0,398.0,,false
202,3300.0,26.0,,false
203,3300.0,27.0,,false
204,3300.0,28.0,,false
205,60.0,245.0,,false
206,60.0,221.0,,false
207,60.0,206.0,,false
208,800.0,6.0,,false
209,60.0,87.0,,false
210,60.0,85.0,,false
211,60.0,85.0,,false
212,60.0,113.0,,false
213,60.0,100.0,,false
214,60.0,88.0,,false
215,100.0,249.0,,false
216,100.0,191.0,,false
217,900.0,8.0,,false
218,1150.0,14.0,,false
219,1000.0,5.0,,false
220,1350.0,47.0,,true
221,500.0,60.0,,true
222,5000.0,17.0,,true
223,2200.0,140.0,,true
224,3500.0,209.0,,true
225,5000.0,600.0,,true
226,500.0,145.0,,true
227,125.0,508.0,,true
228,40.0,448.0,,true
229,350.0,163.0,,true
230,500.0,183.0,,false
231,500.0,568.0,,false
232,3300.0,27.0,,false
233,3300.0,28.0,,false
234,3300.0,25.0,,false
235,60.0,164.0,,false
236,60.0,212.0,,false
237,60.0,171.0,,false
238,800.0,4.0,,false
239,60.0,96.0,,false
240,60.0,116.0,,false
241,60.0,96.0,,false
242,60.0,98.0,,false
243,60.0,107.0,,false
244,60.0,95.0,,false
245,60.0,105.0,,false
246,60.0,106.0,,false
247,60.0,118.0,,false
248,60.0,107.0,,false
249,100.0,226.0,,false
250,100.0,240.0,,false
251,900.0,10.0,,false
252,1150.0,18.0,,false
253,1000.0,8.0,,false
254,1350.0,46.0,,true
255,500.0,57.0,,true
256,5000.0,17.0,,true
257,2200.0,132.0,,true
258,3500.0,251.0,,true
259,5000.0,600.0,,true
260,500.0,153.0,,true
261,125.0,478.0,,true
262,40.0,418.0,,true
263,350.0,164.0,,true
264,500.0,186.0,,false
265,500.0,393.0,,false
266,3300.0,29.0,,false
267,3300.0,28.0,,false
268,3300.0,26.0,,false
269,60.0,166.0,,false
270,60.0,153.0,,false
271,60.0,178.0,,false
272,800.0,6.0,,false
273,60.0,93.0,,false
274,60.0,99.0,,false
275,60.0,120.0,,false
276,60.0,109.0,,false
277,60.0,109.0,,false
278,60.0,99.0,,false
279,100.0,194.0,,false
280,100.0,240.0,,false
281,900.0,7.0,,false
282,1150.0,16.0,,false
283,1000.0,6.0,,false
284,1350.0,50.0,,true
285,500.0,59.0,,true
286,5000.0,18.0,,true
287,2200.0,135.0,,true
288,3500.0,310.0,,true
289,5000.0,600.0,,true
290,500.0,152.0,,true
291,125.0,541.0,,true
292,40.0,407.0,,true
293,350.0,158.0,,true
294,500.0,176.0,,false
295,500.0,423.0,,false
296,3300.0,26.0,,false
297,3300.0,22.0,,false
298,3300.0,27.0,,false
299,60.0,239.0,,false
300,60.0,214.0,,false
301,60.0,234.0,,false
302,800.0,6.0,,false
303,60.0,92.0,,false
304,60.0,91.0,,false
305,60.0,98.0,,false
306,60.0,93.0,,false
307,60.0,92.0,,false
308,60.0,106.0,,false
309,100.0,187.0,,false
310,100.0,182.0,,false
311,900.0,7.0,,false
312,1150.0,16.0,,false
313,1000.0,6.0,,false
314,1350.0,48.0,,true
315,500.0,60.0,,true
316,5000.0,19.0,,true
317,2200.0,134.0,,true
318,3500.0,272.0,,true
319,5000.0,600.0,,true
320,500.0,159.0,,true
321,125.0,509.0,,true
322,40.0,420.0,,true
323,350.0,154.0,,true
324,500.0,177.0,,false
325,500.0,428.0,,false
326,3300.0,29.0,,false
327,3300.0,22.0,,false
328,3300.0,21.0,,false
329,60.0,177.0,,false
330,60.0,213.0,,false
331,60.0,214.0,,false
332,800.0,5.0,,false
333,60.0,117.0,,false
334,60.0,113.0,,false
335,60.0,82.0,,false
336,60.0,107.0,,false
337,60.0,113.0,,false
338,60.0,114.0,,false
339,60.0,113.0,,false
340,100.0,240.0,,false
341,100.0,187.0,,false
342,900.0,9.0,,false
343,1150.0,16.0,,false
344,1000.0,7.0,,false
345,1350.0,46.0,,true
346,500.0,57.0,,true
347,5000.0,19.0,,true
348,2200.0,134.0,,true
349,3500.0,226.0,,true
350,5000.0,600.0,,true
351,500.0,160.0,,true
352,125.0,491.0,,true
353,40.0,357.0,,true
354,350.0,169.0,,true
355,500.0,189.0,,false
356,500.0,382.0,,false
357,3300.0,25.0,,false
358,3300.0,26.0,,false
359,3300.0,27.0,,false
360,60.0,180.0,,false
361,60.0,184.0,,false
362,60.0,162.0,,false
363,800.0,6.0,,false
364,60.0,115.0,,false
365,60.0,83.0,,false
366,60.0,99.0,,false
367,60.0,100.0,,false
368,60.0,110.0,,false
369,60.0,102.0,,false
370,60.0,90.0,,false
371,60.0,101.0,,false
372,60.0,119.0,,false
373,60.0,110.0,,false
374,100.0,190.0,,false
375,100.0,191.0,,false
376,900.0,9.0,,false
377,1150.0,13.0,,false
378,1000.0,6.0,,false
379,1350.0,47.0,,true
380,500.0,56.0,,true
381,5000.0,16.0,,true
382,2200.0,132.0,,true
383,3500.0,356.0,,true
384,5000.0,600.0,,true
385,500.0,147.0,,true
386,125.0,523.0,,true
387,40.0,437.0,,true
388,350.0,141.0,,true
389,500.0,177.0,,false
390,500.0,549.0,,false
391,3300.0,28.0,,false
392,3300.0,26.0,,false
393,3300.0,21.0,,false
394,60.0,165.0,,false
395,60.0,226.0,,false
396,60.0,170.0,,false
397,800.0,5.0,,false
398,60.0,91.0,,false
399,60.0,88.0,,false
400,60.0,103.0,,false
401,60.0,115.0,,false
402,60.0,97.0,,false
403,60.0,94.0,,false
404,60.0,101.0,,false
405,100.0,229.0,,false
406,100.0,248.0,,false
407,900.0,9.0,,false
408,1150.0,17.0,,false
409,1000.0,6.0,,false
410,1350.0,50.0,,true
411,500.0,58.0,,true
412,5000.0,19.0,,true
413,2200.0,136.0,,true
414,3500.0,249.0,,true
415,5000.0,600.0,,true
416,500.0,143.0,,true
417,125.0,523.0,,true
418,40.0,375.0,,true
419,350.0,169.0,,true
420,500.0,185.0,,false
421,500.0,396.0,,false
422,3300.0,23.0,,false
423,3300.0,21.0,,false
424,3300.0,30.0,,false
425,60.0,187.0,,false
426,60.0,218.0,,false
427,60.0,223.0,,false
428,800.0,5.0,,false
429,60.0,90.0,,false
430,60.0,96.0,,false
431,60.0,87.0,,false
432,60.0,88.0,,false
433,60.0,95.0,,false
434,60.0,104.0,,false
435,60.0,111.0,,false
436,100.0,228.0,,false
437,100.0,240.0,,false
438,900.0,8.0,,false
439,1150.0,14.0,,false
440,1000.0,5.0,,false
441,1350.0,48.0,,true
442,500.0,57.0,,true
443,5000.0,18.0,,true
444,2200.0,132.0,,true
445,3500.0,315.0,,true
446,5000.0,600.0,,true
447,500.0,154.0,,true
448,125.0,484.0,,true
449,40.0,431.0,,true
450,350.0,143.0,,true
451,500.0,181.0,,false
452,500.0,352.0,,false
453,3300.0,26.0,,false
454,3300.0,21.0,,false
455,3300.0,23.0,,false
456,60.0,175.0,,false
457,60.0,221.0,,false
458,60.0,195.0,,false
459,60.0,207.0,,false
460,800.0,4.0,,false
461,60.0,116.0,,false
462,60.0,86.0,,false
463,60.0,114.0,,false
464,60.0,120.0,,false
465,60.0,104.0,,false
466,60.0,120.0,,false
467,60.0,86.0,,false
468,60.0,87.0,,false
469,100.0,220.0,,false
470,100.0,221.0,,false
471,900.0,8.0,,false
472,1150.0,14.0,,false
473,1000.0,7.0,,false
474,1350.0,48.0,,true
475,500.0,56.0,,true
476,5000.0,20.0,,true
477,2200.0,132.0,,true
478,3500.0,399.0,,true
479,5000.0,600.0,,true
480,500.0,149.0,,true
481,125.0,528.0,,true
482,40.0,431.0,,true
483,350.0,141.0,,true
484,500.0,199.0,,false
485,500.0,536.0,,false
486,3300.0,21.0,,false
487,3300.0,29.0,,false
488,3300.0,21.0,,false
489,60.0,189.0,,false
490,60.0,216.0,,false
491,60.0,154.0,,false
492,60.0,181.0,,false
493,800.0,4.0,,false
494,60.0,110.0,,false
495,60.0,85.0,,false
496,60.0,118.0,,false
497,60.0,119.0,,false
498,60.0,89.0,,false
499,60.0,101.0,,false
500,60.0,98.0,,false
501,100.0,247.0,,false
502,100.0,212.0,,false
503,900.0,10.0,,false
504,1150.0,16.0,,false
505,1000.0,7.0,,false
506,1350.0,49.0,,true
507,500.0,59.0,,true
508,5000.0,17.0,,true
509,2200.0,136.0,,true
510,3500.0,333.0,,true
511,5000.0,600.0,,true
512,500.0,145.0,,true
513,125.0,526.0,,true
514,40.0,361.0,,true
515,350.0,166.0,,true
516,500.0,187.0,,false
517,500.0,510.0,,false
518,3300.0,26.0,,false
519,3300.0,22.0,,false
520,3300.0,21.0,,false
521,60.0,216.0,,false
522,60.0,228.0,,false
523,60.0,196.0,,false
524,60.0,245.0,,false
525,800.0,5.0,,false
526,60.0,108.0,,false
527,60.0,81.0,,false
528,60.0,93.0,,false
529,60.0,86.0,,false
530,60.0,90.0,,false
531,60.0,103.0,,false
532,60.0,100.0,,false
533,100.0,188.0,,false
534,100.0,229.0,,false
535,900.0,9.0,,false
536,1150.0,18.0,,false
537,1000.0,5.0,,false
538,1350.0,47.0,,true
539,500.0,60.0,,true
540,5000.0,18.0,,true
541,2200.0,134.0,,true
542,3500.0,277.0,,true
543,5000.0,600.0,,true
544,500.0,144.0,,true
545,125.0,519.0,,true
546,40.0,441.0,,true
547,350.0,145.0,,true
548,500.0,199.0,,false
549,500.0,565.0,,false
550,3300.0,30.0,,false
551,3300.0,23.0,,false
552,3300.0,28.0,,false
553,60.0,220.0,,false
554,60.0,192.0,,false
555,60.0,226.0,,false
556,800.0,4.0,,false
557,60.0,87.0,,false
558,60.0,110.0,,false
559,60.0,107.0,,false
560,60.0,110.0,,false
561,60.0,99.0,,false
562,60.0,108.0,,false
563,60.0,92.0,,false
564,100.0,219.0,,false
565,100.0,187.0,,false
566,900.0,7.0,,false
567,1150.0,15.0,,false
568,1000.0,6.0,,false
569,1350.0,46.0,,true
570,500.0,56.0,,true
571,5000.0,18.0,,true
572,2200.0,134.0,,true
573,3500.0,342.0,,true
574,5000.0,600.0,,true
575,500.0,143.0,,true
576,125.0,476.0,,true
577,40.0,354.0,,true
578,350.0,173.0,,true
579,500.0,173.0,,false
580,500.0,501.0,,false
581,3300.0,22.0,,false
582,3300.0,25.0,,false
583,3300.0,24.0,,false
584,60.0,248.0,,false
585,60.0,181.0,,false
586,60.0,204.0,,false
587,800.0,4.0,,false
588,60.0,89.0,,false
589,60.0,98.0,,false
590,60.0,86.0,,false
591,60.0,85.0,,false
592,60.0,117.0,,false
593,60.0,109.0,,false
594,60.0,114.0,,false
595,60.0,116.0,,false
596,60.0,84.0,,false
597,100.0,208.0,,false
598,100.0,207.0,,false
599,900.0,10.0,,false
600,1150.0,17.0,,false
601,1000.0,7.0,,false
602,1350.0,49.0,,true
603,500.0,57.0,,true
604,5000.0,20.0,,true
605,2200.0,132.0,,true
606,3500.0,344.0,,true
607,5000.0,600.0,,true
608,500.0,141.0,,true
609,125.0,464.0,,true
610,40.0,357.0,,true
611,350.0,161.0,,true
612,500.0,184.0,,false
613,500.0,446.0,,false
614,3300.0,24.0,,false
615,3300.0,30.0,,false
616,3300.0,22.0,,false
617,60.0,152.0,,false
618,60.0,184.0,,false
619,60.0,215.0,,false
620,60.0,159.0,,false
621,800.0,5.0,,false
622,60.0,81.0,,false
623,60.0,103.0,,false
624,60.0,110.0,,false
625,60.0,109.0,,false
626,60.0,90.0,,false
627,60.0,96.0,,false
628,60.0,118.0,,false
629,60.0,85.0,,false
630,100.0,236.0,,false
631,100.0,223.0,,false
632,900.0,9.0,,false
633,1150.0,14.0,,false
634,1000.0,6.0,,false
635,1350.0,50.0,,true
636,500.0,60.0,,true
637,5000.0,16.0,,true
638,2200.0,135.0,,true
639,3500.0,279.0,,true
640,5000.0,600.0,,true
641,500.0,155.0,,true
642,125.0,497.0,,true
643,40.0,440.0,,true
644,350.0,154.0,,true
645,500.0,174.0,,false
646,500.0,358.0,,false
647,3300.0,24.0,,false
648,3300.0,25.0,,false
649,3300.0,21.0,,false
650,60.0,154.0,,false
651,60.0,212.0,,false
652,60.0,224.0,,false
653,800.0,6.0,,false
654,60.0,103.0,,false
655,60.0,98.0,,false
656,60.0,120.0,,false
657,60.0,87.0,,false
658,60.0,87.0,,false
659,60.0,85.0,,false
660,100.0,226.0,,false
661,100.0,204.0,,false
662,900.0,10.0,,false
663,1150.0,15.0,,false
664,1000.0,8.0,,false
665,1350.0,50.0,,true
666,500.0,57.0,,true
667,5000.0,18.0,,true
668,2200.0,138.0,,true
669,3500.0,226.0,,true
670,5000.0,600.0,,true
671,500.0,156.0,,true
672,125.0,507.0,,true
673,40.0,355.0,,true
674,350.0,144.0,,true
675,500.0,176.0,,false
676,500.0,462.0,,false
677,3300.0,25.0,,false
678,3300.0,29.0,,false
679,3300.0,28.0,,false
680,60.0,153.0,,false
681,60.0,189.0,,false
682,60.0,198.0,,false
683,60.0,240.0,,false
684,800.0,6.0,,false
685,60.0,87.0,,false
686,60.0,84.0,,false
687,60.0,98.0,,false
688,60.0,108.0,,false
689,60.0,81.0,,false
690,60.0,108.0,,false
691,60.0,108.0,,false
692,100.0,195.0,,false
693,100.0,197.0,,false
694,900.0,7.0,,false
695,1150.0,16.0,,false
696,1000.0,8.0,,false
697,1350.0,48.0,,true
698,500.0,57.0,,true
699,5000.0,17.0,,true
700,2200.0,137.0,,true
701,3500.0,207.0,,true
702,5000.0,600.0,,true
703,500.0,153.0,,true
704,125.0,465.0,,true
705,40.0,367.0,,true
706,350.0,141.0,,true
707,500.0,187.0,,false
708,500.0,448.0,,false
709,3300.0,22.0,,false
710,3300.0,29.0,,false
711,3300.0,25.0,,false
712,60.0,208.0,,false
713,60.0,201.0,,false
714,60.0,178.0,,false
715,60.0,170.0,,false
716,800.0,5.0,,false
717,60.0,86.0,,false
718,60.0,95.0,,false
719,60.0,120.0,,false
720,60.0,108.0,,false
721,60.0,119.0,,false
722,60.0,92.0,,false
723,60.0,92.0,,false
724,60.0,97.0,,false
725,60.0,103.0,,false
726,60.0,105.0,,false
727,100.0,231.0,,false
728,100.0,241.0,,false
729,900.0,9.0,,false
730,1150.0,15.0,,false
731,1000.0,6.0,,false
732,1350.0,48.0,,true
733,500.0,59.0,,true
734,5000.0,18.0,,true
735,2200.0,133.0,,true
736,3500.0,323.0,,true
737,5000.0,600.0,,true
738,500.0,143.0,,true
739,125.0,504.0,,true
740,40.0,390.0,,true
741,350.0,144.0,,true
742,500.0,189.0,,false
743,500.0,313.0,,false
744,3300.0,27.0,,false
745,3300.0,30.0,,false
746,3300.0,28.0,,false
747,60.0,246.0,,false
748,60.0,165.0,,false
749,60.0,203.0,,false
750,60.0,179.0,,false
751,800.0,5.0,,false
752,60.0,105.0,,false
753,60.0,109.0,,false
754,60.0,110.0,,false
755,60.0,107.0,,false
756,60.0,89.0,,false
757,60.0,110.0,,false
758,60.0,87.0,,false
759,100.0,239.0,,false
760,100.0,207.0,,false
761,900.0,9.0,,false
762,1150.0,14.0,,false
763,1000.0,5.0,,false
764,1350.0,50.0,,true
765,500.0,60.0,,true
766,5000.0,17.0,,true
767,2200.0,133.0,,true
768,3500.0,212.0,,true
769,5000.0,600.0,,true
770,500.0,143.0,,true
771,125.0,519.0,,true
772,40.0,458.0,,true
773,350.0,146.0,,true
774,500.0,182.0,,false
775,500.0,317.0,,false
776,3300.0,22.0,,false
777,3300.0,27.0,,false
778,3300.0,26.0,,false
779,60.0,246.0,,false
780,60.0,232.0,,false
781,60.0,202.0,,false
782,60.0,197.0,,false
783,800.0,4.0,,false
784,60.0,113.0,,false
785,60.0,95.0,,false
786,60.0,92.0,,false
787,60.0,120.0,,false
788,60.0,90.0,,false
789,60.0,103.0,,false
790,100.0,200.0,,false
791,100.0,193.0,,false
792,900.0,10.0,,false
793,1150.0,18.0,,false
794,1000.0,8.0,,false
795,1350.0,47.0,,true
796,500.0,56.0,,true
797,5000.0,19.0,,true
798,2200.0,132.0,,true
799,3500.0,353.0,,true
800,5000.0,600.0,,true
801,500.0,142.0,,true
802,125.0,504.0,,true
803,40.0,374.0,,true
804,350.0,144.0,,true
805,500.0,190.0,,false
806,500.0,560.0,,false
807,3300.0,25.0,,false
808,3300.0,30.0,,false
809,3300.0,27.0,,false
810,60.0,192.0,,false
811,60.0,182.0,,false
812,60.0,202.0,,false
813,60.0,161.0,,false
814,800.0,6.0,,false
815,60.0,90.0,,false
816,60.0,83.0,,false
817,60.0,107.0,,false
818,60.0,90.0,,false
819,60.0,100.0,,false
820,60.0,95.0,,false
821,60.0,92.0,,false
822,60.0,98.0,,false
823,100.0,239.0,,false
824,100.0,193.0,,false
825,900.0,7.0,,false
826,1150.0,16.0,,false
827,1000.0,7.0,,false
828,1350.0,48.0,,true
829,500.0,59.0,,true
830,5000.0,19.0,,true
831,2200.0,132.0,,true
832,3500.0,345.0,,true
833,5000.0,600.0,,true
834,500.0,157.0,,true
835,125.0,541.0,,true
836,40.0,379.0,,true
837,350.0,146.0,,true
838,500.0,183.0,,false
839,500.0,379.0,,false
840,3300.0,24.0,,false
841,3300.0,28.0,,false
842,3300.0,30.0,,false
843,60.0,237.0,,false
844,60.0,230.0,,false
845,60.0,227.0,,false
846,800.0,4.0,,false
847,60.0,118.0,,false
848,60.0,83.0,,false
849,60.0,100.0,,false
850,60.0,105.0,,false
851,60.0,111.0,,false
852,60.0,116.0,,false
853,60.0,98.0,,false
854,60.0,110.0,,false
855,60.0,87.0,,false
856,100.0,187.0,,false
857,100.0,208.0,,false
858,900.0,10.0,,false
859,1150.0,17.0,,false
860,1000.0,7.0,,false
861,1350.0,47.0,,true
862,500.0,57.0,,true
863,5000.0,19.0,,true
864,2200.0,139.0,,true
865,3500.0,368.0,,true
866,5000.0,600.0,,true
867,500.0,146.0,,true
868,125.0,492.0,,true
869,40.0,394.0,,true
870,350.0,177.0,,true
871,500.0,196.0,,false
872,500.0,542.0,,false
873,3300.0,25.0,,false
874,3300.0,22.0,,false
875,3300.0,28.0,,false
876,60.0,210.0,,false
877,60.0,183.0,,false
878,60.0,245.0,,false
879,800.0,4.0,,false
880,60.0,89.0,,false
881,60.0,95.0,,false
882,60.0,104.0,,false
883,60.0,84.0,,false
884,60.0,99.0,,false
885,60.0,115.0,,false
886,60.0,105.0,,false
887,60.0,111.0,,false
888,60.0,116.0,,false
889,60.0,82.0,,false
890,100.0,224.0,,false
891,100.0,218.0,,false
892,900.0,9.0,,false
893,1150.0,18.0,,false
894,1000.0,5.0,,false
895,1350.0,49.0,,true
896,500.0,57.0,,true
897,5000.0,20.0,,true
898,2200.0,135.0,,true
899,3500.0,287.0,,true
900,5000.0,600.0,,true
901,500.0,157.0,,true
902,125.0,464.0,,true
903,40.0,359.0,,true
904,350.0,146.0,,true
905,500.0,176.0,,false
906,500.0,372.0,,false
907,3300.0,28.0,,false
908,3300.0,28.0,,false
909,3300.0,22.0,,false
910,60.0,234.0,,false
911,60.0,198.0,,false
912,60.0,241.0,,false
913,60.0,213.0,,false
914,800.0,6.0,,false
915,60.0,113.0,,false
916,60.0,107.0,,false
917,60.0,86.0,,false
918,60.0,108.0,,false
919,60.0,103.0,,false
920,60.0,103.0,,false
921,60.0,92.0,,false
922,60.0,99.0,,false
923,60.0,92.0,,false
924,60.0,91.0,,false
925,100.0,190.0,,false
926,100.0,182.0,,false
927,900.0,7.0,,false
928,1150.0,15.0,,false
929,1000.0,6.0,,false
930,1350.0,47.0,,true
931,500.0,57.0,,true
932,5000.0,18.0,,true
933,2200.0,134.0,,true
934,3500.0,251.0,,true
935,5000.0,600.0,,true
936,500.0,147.0,,true
937,125.0,527.0,,true
938,40.0,451.0,,true
939,350.0,168.0,,true
940,500.0,184.0,,false
941,500.0,470.0,,false
942,3300.0,23.0,,false
943,3300.0,29.0,,false
944,3300.0,23.0,,false
945,60.0,247.0,,false
946,60.0,190.0,,false
947,60.0,250.0,,false
948,800.0,5.0,,false
949,60.0,96.0,,false
950,60.0,81.0,,false
951,60.0,119.0,,false
952,60.0,97.0,,false
953,60.0,94.0,,false
954,60.0,100.0,,false
955,60.0,93.0,,false
956,100.0,191.0,,false
957,100.0,204.0,,false
958,900.0,7.0,,false
959,1150.0,17.0,,false
960,1000.0,6.0,,false
961,1350.0,50.0,,true
962,500.0,59.0,,true
963,5000.0,20.0,,true
964,2200.0,131.0,,true
965,3500.0,384.0,,true
966,5000.0,600.0,,true
967,500.0,151.0,,true
968,125.0,533.0,,true
969,40.0,430.0,,true
970,350.0,146.0,,true
971,500.0,193.0,,false
972,500.0,391.0,,false
973,3300.0,25.0,,false
974,3300.0,29.0,,false
975,3300.0,27.0,,false
976,60.0,178.0,,false
977,60.0,163.0,,false
978,60.0,231.0,,false
979,800.0,4.0,,false
980,60.0,105.0,,false
981,60.0,118.0,,false
982,60.0,85.0,,false
983,60.0,117.0,,false
984,60.0,86.0,,false
985,60.0,111.0,,false
986,60.0,109.0,,false
987,100.0,189.0,,false
988,100.0,218.0,,false
989,900.0,10.0,,false
990,1150.0,17.0,,false
991,1000.0,6.0,,false
992,1350.0,50.0,,true
993,500.0,56.0,,true
994,5000.0,17.0,,true
995,2200.0,133.0,,true
996,3500.0,261.0,,true
997,5000.0,600.0,,true
998,500.0,141.0,,true
999,125.0,528.0,,true
1000,40.0,387.0,,true
1001,350.0,160.0,,true
1002,500.0,188.0,,false
1003,500.0,518.0,,false
1004,3300.0,30.0,,false
1005,3300.0,29.0,,false
1006,3300.0,27.0,,false
1007,60.0,197.0,,false
1008,60.0,194.0,,false
1009,60.0,166.0,,false
1010,60.0,153.0,,false
1011,800.0,4.0,,false
1012,60.0,82.0,,false
1013,60.0,84.0,,false
1014,60.0,113.0,,false
1015,60.0,96.0,,false
1016,60.0,102.0,,false
1017,60.0,88.0,,false
1018,60.0,83.0,,false
1019,100.0,241.0,,false
1020,100.0,194.0,,false
1021,900.0,9.0,,false
1022,1150.0,18.0,,false
1023,1000.0,6.0,,false
1024,1350.0,47.0,,true
1025,500.0,60.0,,true
1026,5000.0,17.0,,true
1027,2200.0,135.0,,true
1028,3500.0,319.0,,true
1029,5000.0,600.0,,true
1030,500.0,144.0,,true
1031,125.0,545.0,,true
1032,40.0,441.0,,true
1033,350.0,160.0,,true
1034,500.0,192.0,,false
1035,500.0,391.0,,false
1036,3300.0,26.0,,false
1037,3300.0,25.0,,false
1038,3300.0,23.0,,false
1039,60.0,215.0,,false
1040,60.0,241.0,,false
1041,60.0,228.0,,false
1042,60.0,203.0,,false
1043,800.0,4.0,,false
1044,60.0,100.0,,false
1045,60.0,97.0,,false
1046,60.0,111.0,,false
1047,60.0,114.0,,false
1048,60.0,96.0,,false
1049,60.0,97.0,,false
1050,60.0,85.0,,false
1051,60.0,113.0,,false
1052,60.0,94.0,,false
1053,100.0,220.0,,false
1054,100.0,215.0,,false
1055,900.0,7.0,,false
1056,1150.0,16.0,,false
1057,1000.0,7.0,,false
1058,1350.0,47.0,,true
1059,500.0,59.0,,true
1060,5000.0,18.0,,true
1061,2200.0,139.0,,true
1062,3500.0,293.0,,true
1063,5000.0,600.0,,true
1064,500.0,145.0,,true
1065,125.0,521.0,,true
1066,40.0,399.0,,true
1067,350.0,161.0,,true
1068,500.0,173.0,,false
1069,500.0,354.0,,false
1070,3300.0,27.0,,false
1071,3300.0,29.0,,false
1072,3300.0,29.0,,false
1073,60.0,245.0,,false
1074,60.0,214.0,,false
1075,60.0,205.0,,false
1076,800.0,5.0,,false
1077,60.0,91.0,,false
1078,60.0,102.0,,false
1079,60.0,84.0,,false
1080,60.0,107.0,,false
1081,60.0,102.0,,false
1082,60.0,111.0,,false
1083,60.0,91.0,,false
1084,60.0,100.0,,false
1085,60.0,86.0,,false
1086,60.0,114.0,,false
1087,100.0,206.0,,false
1088,100.0,233.0,,false
1089,900.0,9.0,,false
1090,1150.0,17.0,,false
1091,1000.0,6.0,,false
1092,1350.0,46.0,,true
1093,500.0,56.0,,true
1094,5000.0,20.0,,true
1095,2200.0,134.0,,true
1096,3500.0,251.0,,true
1097,5000.0,600.0,,true
1098,500.0,157.0,,true
1099,125.0,486.0,,true
1100,40.0,355.0,,true
1101,350.0,152.0,,true
1102,500.0,191.0,,false
1103,500.0,584.0,,false
1104,3300.0,29.0,,false
1105,3300.0,29.0,,false
1106,3300.0,22.0,,false
1107,60.0,151.0,,false
1108,60.0,192.0,,false
1109,60.0,243.0,,false
1110,60.0,153.0,,false
1111,800.0,6.0,,false
1112,60.0,113.0,,false
1113,60.0,100.0,,false
1114,60.0,82.0,,false
1115,60.0,89.0,,false
1116,60.0,106.0,,false
1117,60.0,88.0,,false
1118,100.0,244.0,,false
1119,100.0,233.0,,false
1120,900.0,9.0,,false
1121,1150.0,18.0,,false
1122,1000.0,5.0,,false
1123,1350.0,49.0,,true
1124,500.0,59.0,,true
1125,5000.0,18.0,,true
1126,2200.0,134.0,,true
1127,3500.0,242.0,,true
1128,5000.0,600.0,,true
1129,500.0,146.0,,true
1130,125.0,511.0,,true
1131,40.0,361.0,,true
1132,350.0,142.0,,true
1133,500.0,193.0,,false
1134,500.0,365.0,,false
1135,3300.0,27.0,,false
1136,3300.0,28.0,,false
1137,3300.0,23.0,,false
1138,60.0,224.0,,false
1139,60.0,249.0,,false
1140,60.0,190.0,,false
1141,800.0,6.0,,false
1142,60.0,118.0,,false
1143,60.0,89.0,,false
1144,60.0,107.0,,false
1145,60.0,98.0,,false
1146,60.0,94.0,,false
1147,60.0,92.0,,false
1148,60.0,117.0,,false
1149,100.0,193.0,,false
1150,100.0,212.0,,false
1151,900.0,9.0,,false
1152,1150.0,18.0,,false
1153,1000.0,7.0,,false
1154,1350.0,48.0,,true
1155,500.0,57.0,,true
1156,5000.0,20.0,,true
1157,2200.0,140.0,,true
1158,3500.0,305.0,,true
1159,5000.0,600.0,,true
1160,500.0,160.0,,true
1161,125.0,530.0,,true
1162,40.0,416.0,,true
1163,350.0,160.0,,true
1164,500.0,180.0,,false
1165,500.0,396.0,,false
1166,3300.0,21.0,,false
1167,3300.0,22.0,,false
1168,3300.0,24.0,,false
1169,60.0,204.0,,false
1170,60.0,237.0,,false
1171,60.0,242.0,,false
1172,60.0,153.0,,false
1173,800.0,4.0,,false
1174,60.0,91.0,,false
1175,60.0,81.0,,false
1176,60.0,108.0,,false
1177,60.0,81.0,,false
1178,60.0,83.0,,false
1179,60.0,101.0,,false
1180,60.0,99.0,,false
1181,60.0,109.0,,false
1182,60.0,108.0,,false
1183,100.0,232.0,,false
1184,100.0,195.0,,false
1185,900.0,7.0,,false
1186,1150.0,13.0,,false
1187,1000.0,8.0,,false
1188,1350.0,47.0,,true
1189,500.0,59.0,,true
1190,5000.0,19.0,,true
1191,2200.0,135.0,,true
1192,3500.0,248.0,,true
1193,5000.0,600.0,,true
1194,500.0,144.0,,true
1195,125.0,477.0,,true
1196,40.0,445.0,,true
1197,350.0,154.0,,true
1198,500.0,186.0,,false
1199,500.0,505.0,,false
1200,3300.0,27.0,,false
1201,3300.0,26.0,,false
1202,3300.0,21.0,,false
1203,60.0,233.0,,false
1204,60.0,237.0,,false
1205,60.0,176.0,,false
1206,60.0,172.0,,false
1207,800.0,4.0,,false
1208,60.0,90.0,,false
1209,60.0,83.0,,false
1210,60.0,91.0,,false
1211,60.0,102.0,,false
1212,60.0,120.0,,false
1213,60.0,114.0,,false
1214,60.0,112.0,,false
1215,100.0,223.0,,false
1216,100.0,216.0,,false
1217,900.0,8.0,,false
1218,1150.0,18.0,,false
1219,1000.0,8.0,,false
1220,1350.0,47.0,,true
1221,500.0,59.0,,true
1222,5000.0,17.0,,true
1223,2200.0,140.0,,true
1224,3500.0,267.0,,true
1225,5000.0,600.0,,true
1226,500.0,146.0,,true
1227,125.0,489.0,,true
1228,40.0,423.0,,true
1229,350.0,162.0,,true
1230,500.0,198.0,,false
1231,500.0,350.0,,false
1232,3300.0,29.0,,false
1233,3300.0,26.0,,false
1234,3300.0,27.0,,false
1235,60.0,183.0,,false
1236,60.0,221.0,,false
1237,60.0,170.0,,false
1238,800.0,5.0,,false
1239,60.0,113.0,,false
1240,60.0,118.0,,false
1241,60.0,114.0,,false
1242,60.0,92.0,,false
1243,60.0,101.0,,false
1244,60.0,119.0,,false
1245,60.0,99.0,,false
1246,60.0,94.0,,false
1247,100.0,236.0,,false
1248,100.0,193.0,,false
1249,900.0,7.0,,false
1250,1150.0,14.0,,false
1251,1000.0,6.0,,false
1252,1350.0,46.0,,true
1253,500.0,57.0,,true
1254,5000.0,16.0,,true
1255,2200.0,140.0,,true
1256,3500.0,247.0,,true
1257,5000.0,600.0,,true
1258,500.0,150.0,,true
1259,125.0,483.0,,true
1260,40.0,452.0,,true
1261,350.0,167.0,,true
1262,500.0,200.0,,false
1263,500.0,398.0,,false
1264,3300.0,24.0,,false
1265,3300.0,23.0,,false
1266,3300.0,21.0,,false
1267,60.0,167.0,,false
1268,60.0,197.0,,false
1269,60.0,233.0,,false
1270,60.0,247.0,,false
1271,800.0,5.0,,false
1272,60.0,115.0,,false
1273,60.0,119.0,,false
1274,60.0,85.0,,false
1275,60.0,119.0,,false
1276,60.0,83.0,,false
1277,60.0,110.0,,false
1278,100.0,250.0,,false
1279,100.0,233.0,,false
1280,900.0,8.0,,false
1281,1150.0,13.0,,false
1282,1000.0,8.0,,false
1283,1350.0,48.0,,true
1284,500.0,58.0,,true
1285,5000.0,17.0,,true
1286,2200.0,135.0,,true
1287,3500.0,353.0,,true
1288,5000.0,600.0,,true
1289,500.0,152.0,,true
1290,125.0,548.0,,true
1291,40.0,374.0,,true
1292,350.0,151.0,,true
1293,500.0,186.0,,false
1294,500.0,469.0,,false
1295,3300.0,29.0,,false
1296,3300.0,28.0,,false
1297,3300.0,27.0,,false
1298,60.0,203.0,,false
1299,60.0,190.0,,false
1300,60.0,193.0,,false
1301,60.0,245.0,,false
1302,800.0,4.0,,false
1303,60.0,117.0,,false
1304,60.0,82.0,,false
1305,60.0,100.0,,false
1306,60.0,114.0,,false
1307,60.0,90.0,,false
1308,60.0,114.0,,false
1309,60.0,90.0,,false
1310,100.0,204.0,,false
1311,100.0,244.0,,false
1312,900.0,8.0,,false
1313,1150.0,13.0,,false
1314,1000.0,8.0,,false
1315,1350.0,46.0,,true
1316,500.0,56.0,,true
1317,5000.0,19.0,,true
1318,2200.0,139.0,,true
1319,3500.0,212.0,,true
1320,5000.0,600.0,,true
1321,500.0,155.0,,true
1322,125.0,480.0,,true
1323,40.0,393.0,,true
1324,350.0,176.0,,true
1325,500.0,200.0,,false
1326,500.0,565.0,,false
1327,3300.0,22.0,,false
1328,3300.0,24.0,,false
1329,3300.0,29.0,,false
1330,60.0,162.0,,false
1331,60.0,181.0,,false
1332,60.0,232.0,,false
1333,60.0,203.0,,false
1334,800.0,4.0,,false
1335,60.0,117.0,,false
1336,60.0,97.0,,false
1337,60.0,98.0,,false
1338,60.0,111.0,,false
1339,60.0,102.0,,false
1340,60.0,81.0,,false
1341,100.0,232.0,,false
1342,100.0,194.0,,false
1343,900.0,7.0,,false
1344,1150.0,18.0,,false
1345,1000.0,7.0,,false
1346,1350.0,50.0,,true
1347,500.0,58.0,,true
1348,5000.0,20.0,,true
1349,2200.0,140.0,,true
1350,3500.0,206.0,,true
1351,5000.0,600.0,,true
1352,500.0,158.0,,true
1353,125.0,488.0,,true
1354,40.0,451.0,,true
1355,350.0,174.0,,true
1356,500.0,178.0,,false
1357,500.0,411.0,,false
1358,3300.0,22.0,,false
1359,3300.0,26.0,,false
1360,3300.0,26.0,,false
1361,60.0,190.0,,false
1362,60.0,159.0,,false
1363,60.0,217.0,,false
1364,60.0,214.0,,false
1365,800.0,4.0,,false
1366,60.0,86.0,,false
1367,60.0,115.0,,false
1368,60.0,86.0,,false
1369,60.0,104.0,,false
1370,60.0,86.0,,false
1371,60.0,116.0,,false
1372,60.0,96.0,,false
1373,60.0,103.0,,false
1374,60.0,92.0,,false
1375,100.0,202.0,,false
1376,100.0,209.0,,false
1377,900.0,9.0,,false
1378,1150.0,14.0,,false
1379,1000.0,6.0,,false
1380,1350.0,47.0,,true
1381,500.0,58.0,,true
1382,5000.0,20.0,,true
1383,2200.0,134.0,,true
1384,3500.0,353.0,,true
1385,5000.0,600.0,,true
1386,500.0,154.0,,true
1387,125.0,496.0,,true
1388,40.0,386.0,,true
1389,350.0,145.0,,true
1390,500.0,191.0,,false
1391,500.0,549.0,,false
1392,3300.0,30.0,,false
1393,3300.0,25.0,,false
1394,3300.0,28.0,,false
1395,60.0,250.0,,false
1396,60.0,242.0,,false
1397,60.0,171.0,,false
1398,800.0,5.0,,false
1399,60.0,88.0,,false
1400,60.0,83.0,,false
1401,60.0,111.0,,false
1402,60.0,120.0,,false
1403,60.0,86.0,,false
1404,60.0,87.0,,false
1405,60.0,119.0,,false
1406,60.0,108.0,,false
1407,100.0,233.0,,false
1408,100.0,187.0,,false
1409,900.0,10.0,,false
1410,1150.0,14.0,,false
1411,1000.0,8.0,,false
1412,1350.0,50.0,,true
1413,500.0,59.0,,true
1414,5000.0,20.0,,true
1415,2200.0,131.0,,true
1416,3500.0,278.0,,true
1417,5000.0,600.0,,true
1418,500.0,146.0,,true
1419,125.0,474.0,,true
1420,40.0,404.0,,true
1421,350.0,146.0,,true
1422,500.0,181.0,,false
1423,500.0,479.0,,false
1424,3300.0,21.0,,false
1425,3300.0,27.0,,false
1426,3300.0,29.0,,false
1427,60.0,188.0,,false
1428,60.0,198.0,,false
1429,60.0,155.0,,false
1430,60.0,183.0,,false
1431,800.0,4.0,,false
1432,60.0,116.0,,false
1433,60.0,91.0,,false
1434,60.0,118.0,,false
1435,60.0,97.0,,false
1436,60.0,114.0,,false
1437,60.0,114.0,,false
1438,60.0,90.0,,false
1439,100.0,221.0,,false
1440,100.0,203.0,,false
1441,900.0,9.0,,false
1442,1150.0,17.0,,false
1443,1000.0,7.0,,false
1444,1350.0,49.0,,true
1445,500.0,60.0,,true
1446,5000.0,17.0,,true
1447,2200.0,134.0,,true
1448,3500.0,301.0,,true
1449,5000.0,600.0,,true
1450,500.0,150.0,,true
1451,125.0,461.0,,true
1452,40.0,396.0,,true
1453,350.0,154.0,,true
1454,500.0,183.0,,false
1455,500.0,456.0,,false
1456,3300.0,29.0,,false
1457,3300.0,21.0,,false
1458,3300.0,28.0,,false
1459,60.0,175.0,,false
1460,60.0,250.0,,false
1461,60.0,232.0,,false
1462,800.0,4.0,,false
1463,60.0,111.0,,false
1464,60.0,99.0,,false
1465,60.0,94.0,,false
1466,60.0,83.0,,false
1467,60.0,95.0,,false
1468,60.0,88.0,,false
1469,60.0,83.0,,false
1470,60.0,84.0,,false
1471,100.0,243.0,,false
1472,100.0,195.0,,false
1473,900.0,10.0,,false
1474,1150.0,15.0,,false
1475,1000.0,7.0,,false
1476,1350.0,49.0,,true
1477,500.0,56.0,,true
1478,5000.0,17.0,,true
1479,2200.0,134.0,,true
1480,3500.0,392.0,,true
1481,5000.0,600.0,,true
1482,500.0,143.0,,true
1483,125.0,483.0,,true
1484,40.0,399.0,,true
1485,350.0,156.0,,true
1486,500.0,194.0,,false
1487,500.0,593.0,,false
1488,3300.0,28.0,,false
1489,3300.0,23.0,,false
1490,3300.0,23.0,,false
1491,60.0,206.0,,false
1492,60.0,240.0,,false
1493,60.0,193.0,,false
1494,800.0,5.0,,false
1495,60.0,85.0,,false
1496,60.0,97.0,,false
1497,60.0,109.0,,false
1498,60.0,88.0,,false
1499,60.0,119.0,,false
1500,60.0,110.0,,false
1501,60.0,101.0,,false
1502,60.0,85.0,,false
1503,100.0,215.0,,false
1504,100.0,206.0,,false
1505,900.0,10.0,,false
1506,1150.0,16.0,,false
1507,1000.0,7.0,,false
1508,1350.0,46.0,,true
1509,500.0,56.0,,true
1510,5000.0,17.0,,true
1511,2200.0,131.0,,true
1512,3500.0,235.0,,true
1513,5000.0,600.0,,true
1514,500.0,142.0,,true
1515,125.0,501.0,,true
1516,40.0,424.0,,true
1517,350.0,156.0,,true
1518,500.0,182.0,,false
1519,500.0,512.0,,false
1520,3300.0,25.0,,false
1521,3300.0,26.0,,false
1522,3300.0,24.0,,false
1523,60.0,217.0,,false
1524,60.0,170.0,,false
1525,60.0,154.0,,false
1526,60.0,250.0,,false
1527,800.0,4.0,,false
1528,60.0,99.0,,false
1529,60.0,119.0,,false
1530,60.0,97.0,,false
1531,60.0,117.0,,false
1532,60.0,91.0,,false
1533,60.0,81.0,,false
1534,60.0,97.0,,false
1535,60.0,114.0,,false
1536,60.0,105.0,,false
1537,100.0,228.0,,false
1538,100.0,234.0,,false
1539,900.0,10.0,,false
1540,1150.0,14.0,,false
1541,1000.0,8.0,,false
1542,1350.0,49.0,,true
1543,500.0,60.0,,true
1544,5000.0,16.0,,true
1545,2200.0,138.0,,true
1546,3500.0,343.0,,true
1547,5000.0,600.0,,true
1548,500.0,141.0,,true
1549,125.0,459.0,,true
1550,40.0,405.0,,true
1551,350.0,146.0,,true
1552,500.0,197.0,,false
1553,500.0,522.0,,false
1554,3300.0,26.0,,false
1555,3300.0,30.0,,false
1556,3300.0,29.0,,false
1557,60.0,232.0,,false
1558,60.0,207.0,,false
1559,60.0,198.0,,false
1560,60.0,173.0,,false
1561,800.0,4.0,,false
1562,60.0,120.0,,false
1563,60.0,86.0,,false
1564,60.0,117.0,,false
1565,60.0,93.0,,false
1566,60.0,100.0,,false
1567,60.0,103.0,,false
1568,60.0,106.0,,false
1569,60.0,115.0,,false
1570,100.0,199.0,,false
1571,100.0,230.0,,false
1572,900.0,7.0,,false
1573,1150.0,13.0,,false
1574,1000.0,6.0,,false
1575,1350.0,47.0,,true
1576,500.0,60.0,,true
1577,5000.0,20.0,,true
1578,2200.0,136.0,,true
1579,3500.0,373.0,,true
1580,5000.0,600.0,,true
1581,500.0,144.0,,true
1582,125.0,491.0,,true
1583,40.0,391.0,,true
1584,350.0,144.0,,true
1585,500.0,191.0,,false
1586,500.0,369.0,,false
1587,3300.0,29.0,,false
1588,3300.0,25.0,,false
1589,3300.0,24.0,,false
1590,60.0,184.0,,false
1591,60.0,207.0,,false
1592,60.0,195.0,,false
1593,800.0,4.0,,false
1594,60.0,91.0,,false
1595,60.0,87.0,,false
1596,60.0,87.0,,false
1597,60.0,101.0,,false
1598,60.0,85.0,,false
1599,60.0,120.0,,false
1600,60.0,97.0,,false
1601,60.0,89.0,,false
1602,100.0,249.0,,false
1603,100.0,240.0,,false
1604,900.0,7.0,,false
1605,1150.0,14.0,,false
1606,1000.0,7.0,,false
1607,1350.0,47.0,,true
1608,500.0,60.0,,true
1609,5000.0,19.0,,true
1610,2200.0,139.0,,true
1611,3500.0,320.0,,true
1612,5000.0,600.0,,true
1613,500.0,152.0,,true
1614,125.0,508.0,,true
1615,40.0,408.0,,true
1616,350.0,152.0,,true
1617,500.0,187.0,,false
1618,500.0,533.0,,false
1619,3300.0,25.0,,false
1620,3300.0,22.0,,false
1621,3300.0,26.0,,false
1622,60.0,219.0,,false
1623,60.0,231.0,,false
1624,60.0,202.0,,false
1625,800.0,6.0,,false
1626,60.0,112.0,,false
1627,60.0,94.0,,false
1628,60.0,114.0,,false
1629,60.0,112.0,,false
1630,60.0,101.0,,false
1631,60.0,104.0,,false
1632,60.0,112.0,,false
1633,100.0,185.0,,false
1634,100.0,229.0,,false
1635,900.0,8.0,,false
1636,1150.0,13.0,,false
1637,1000.0,5.0,,false
1638,1350.0,46.0,,true
1639,500.0,57.0,,true
1640,5000.0,17.0,,true
1641,2200.0,131.0,,true
1642,3500.0,329.0,,true
1643,5000.0,600.0,,true
1644,500.0,146.0,,true
1645,125.0,504.0,,true
1646,40.0,383.0,,true
1647,350.0,165.0,,true
1648,500.0,195.0,,false
1649,500.0,508.0,,false
1650,3300.0,21.0,,false
1651,3300.0,30.0,,false
1652,3300.0,26.0,,false
1653,60.0,172.0,,false
1654,60.0,236.0,,false
1655,60.0,198.0,,false
1656,800.0,6.0,,false
1657,60.0,97.0,,false
1658,60.0,110.0,,false
1659,60.0,92.0,,false
1660,60.0,107.0,,false
1661,60.0,120.0,,false
1662,60.0,91.0,,false
1663,60.0,96.0,,false
1664,60.0,100.0,,false
1665,60.0,115.0,,false
1666,100.0,205.0,,false
1667,100.0,222.0,,false
1668,900.0,10.0,,false
1669,1150.0,17.0,,false
1670,1000.0,8.0,,false
1671,1350.0,50.0,,true
1672,500.0,56.0,,true
1673,5000.0,17.0,,true
1674,2200.0,131.0,,true
1675,3500.0,382.0,,true
1676,5000.0,600.0,,true
1677,500.0,159.0,,true
1678,125.0,511.0,,true
1679,40.0,383.0,,true
1680,350.0,166.0,,true
1681,500.0,184.0,,false
1682,500.0,530.0,,false
1683,3300.0,22.0,,false
1684,3300.0,27.0,,false
1685,3300.0,29.0,,false
1686,60.0,180.0,,false
1687,60.0,196.0,,false
1688,60.0,240.0,,false
1689,800.0,4.0,,false
1690,60.0,86.0,,false
1691,60.0,119.0,,false
1692,60.0,111.0,,false
1693,60.0,103.0,,false
1694,60.0,114.0,,false
1695,60.0,113.0,,false
1696,60.0,114.0,,false
1697,100.0,231.0,,false
1698,100.0,237.0,,false
1699,900.0,10.0,,false
1700,1150.0,18.0,,false
1701,1000.0,5.0,,false
1702,1350.0,49.0,,true
1703,500.0,59.0,,true
1704,5000.0,16.0,,true
1705,2200.0,132.0,,true
1706,3500.0,225.0,,true
1707,5000.0,600.0,,true
1708,500.0,144.0,,true
1709,125.0,543.0,,true
1710,40.0,423.0,,true
1711,350.0,147.0,,true
1712,500.0,177.0,,false
1713,500.0,303.0,,false
1714,3300.0,28.0,,false
1715,3300.0,22.0,,false
1716,3300.0,27.0,,false
1717,60.0,165.0,,false
1718,60.0,209.0,,false
1719,60.0,198.0,,false
1720,800.0,4.0,,false
1721,60.0,92.0,,false
1722,60.0,113.0,,false
1723,60.0,117.0,,false
1724,60.0,114.0,,false
1725,60.0,102.0,,false
1726,60.0,116.0,,false
1727,100.0,213.0,,false
1728,100.0,191.0,,false
1729,900.0,10.0,,false
1730,1150.0,16.0,,false
1731,1000.0,7.0,,false
1732,1350.0,50.0,,true
1733,500.0,56.0,,true
1734,5000.0,19.0,,true
1735,2200.0,137.0,,true
1736,3500.0,242.0,,true
1737,5000.0,600.0,,true
1738,500.0,150.0,,true
1739,125.0,484.0,,true
1740,40.0,365.0,,true
1741,350.0,168.0,,true
1742,500.0,187.0,,false
1743,500.0,493.0,,false
1744,3300.0,25.0,,false
1745,3300.0,23.0,,false
1746,3300.0,23.0,,false
1747,60.0,154.0,,false
1748,60.0,153.0,,false
1749,60.0,155.0,,false
1750,800.0,4.0,,false
1751,60.0,120.0,,false
1752,60.0,94.0,,false
1753,60.0,119.0,,false
1754,60.0,99.0,,false
1755,60.0,102.0,,false
1756,60.0,104.0,,false
1757,60.0,100.0,,false
1758,100.0,202.0,,false
1759,100.0,234.0,,false
1760,900.0,8.0,,false
1761,1150.0,13.0,,false
1762,1000.0,7.0,,false
1763,1350.0,46.0,,true
1764,500.0,56.0,,true
1765,5000.0,17.0,,true
1766,2200.0,140.0,,true
1767,3500.0,248.0,,true
1768,5000.0,600.0,,true
1769,500.0,142.0,,true
1770,125.0,463.0,,true
1771,40.0,401.0,,true
1772,350.0,156.0,,true
1773,500.0,175.0,,false
1774,500.0,560.0,,false
1775,3300.0,30.0,,false
1776,3300.0,25.0,,false
1777,3300.0,30.0,,false
1778,60.0,172.0,,false
1779,60.0,190.0,,false
1780,60.0,196.0,,false
1781,60.0,218.0,,false
1782,800.0,6.0,,false
1783,60.0,117.0,,false
1784,60.0,92.0,,false
1785,60.0,107.0,,false
1786,60.0,95.0,,false
1787,60.0,111.0,,false
1788,60.0,119.0,,false
1789,60.0,89.0,,false
1790,60.0,103.0,,false
1791,60.0,97.0,,false
1792,100.0,232.0,,false
1793,100.0,218.0,,false
1794,900.0,10.0,,false
1795,1150.0,14.0,,false
1796,1000.0,7.0,,false
1797,1350.0,50.0,,true
1798,500.0,60.0,,true
1799,5000.0,20.0,,true
1800,2200.0,136.0,,true
1801,3500.0,303.0,,true
1802,5000.0,600.0,,true
1803,500.0,159.0,,true
1804,125.0,540.0,,true
1805,40.0,376.0,,true
1806,350.0,165.0,,true
1807,500.0,181.0,,false
1808,500.0,327.0,,false
1809,3300.0,28.0,,false
1810,3300.0,27.0,,false
1811,3300.0,30.0,,false
1812,60.0,192.0,,false
1813,60.0,228.0,,false
1814,60.0,155.0,,false
1815,60.0,172.0,,false
1816,800.0,4.0,,false
1817,60.0,86.0,,false
1818,60.0,90.0,,false
1819,60.0,89.0,,false
1820,60.0,114.0,,false
1821,60.0,120.0,,false
1822,60.0,97.0,,false
1823,60.0,116.0,,false
1824,100.0,203.0,,false
1825,100.0,184.0,,false
1826,900.0,7.0,,false
1827,1150.0,17.0,,false
1828,1000.0,5.0,,false
1829,1350.0,48.0,,true
1830,500.0,57.0,,true
1831,5000.0,20.0,,true
1832,2200.0,133.0,,true
1833,3500.0,320.0,,true
1834,5000.0,600.0,,true
1835,500.0,141.0,,true
1836,125.0,462.0,,true
1837,40.0,351.0,,true
1838,350.0,151.0,,true
1839,500.0,194.0,,false
1840,500.0,394.0,,false
1841,3300.0,22.0,,false
1842,3300.0,28.0,,false
1843,3300.0,22.0,,false
1844,60.0,153.0,,false
1845,60.0,200.0,,false
1846,60.0,206.0,,false
1847,60.0,184.0,,false
1848,800.0,4.0,,false
1849,60.0,117.0,,false
1850,60.0,107.0,,false
1851,60.0,98.0,,false
1852,60.0,83.0,,false
1853,60.0,102.0,,false
1854,60.0,93.0,,false
1855,60.0,102.0,,false
1856,60.0,108.0,,false
1857,100.0,226.0,,false
1858,100.0,210.0,,false
1859,900.0,8.0,,false
1860,1150.0,14.0,,false
1861,1000.0,7.0,,false
1862,1350.0,49.0,,true
1863,500.0,57.0,,true
1864,5000.0,19.0,,true
1865,2200.0,138.0,,true
1866,3500.0,390.0,,true
1867,5000.0,600.0,,true
1868,500.0,145.0,,true
1869,125.0,462.0,,true
1870,40.0,417.0,,true
1871,350.0,164.0,,true
1872,500.0,193.0,,false
1873,500.0,454.0,,false
1874,3300.0,25.0,,false
1875,3300.0,29.0,,false
1876,3300.0,29.0,,false
1877,60.0,163.0,,false
1878,60.0,236.0,,false
1879,60.0,249.0,,false
1880,800.0,6.0,,false
1881,60.0,103.0,,false
1882,60.0,93.0,,false
1883,60.0,118.0,,false
1884,60.0,100.0,,false
1885,60.0,107.0,,false
1886,60.0,88.0,,false
1887,60.0,115.0,,false
1888,100.0,238.0,,false
1889,100.0,198.0,,false
1890,900.0,8.0,,false
1891,1150.0,15.0,,false
1892,1000.0,5.0,,false
1893,1350.0,50.0,,true
1894,500.0,60.0,,true
1895,5000.0,18.0,,true
1896,2200.0,133.0,,true
1897,3500.0,242.0,,true
1898,5000.0,600.0,,true
1899,500.0,160.0,,true
1900,125.0,531.0,,true
1901,40.0,452.0,,true
1902,350.0,158.0,,true
1903,500.0,185.0,,false
1904,500.0,312.0,,false
1905,3300.0,21.0,,false
1906,3300.0,24.0,,false
1907,3300.0,21.0,,false
1908,60.0,232.0,,false
1909,60.0,167.0,,false
1910,60.0,241.0,,false
1911,60.0,230.0,,false
1912,800.0,5.0,,false
1913,60.0,82.0,,false
1914,60.0,85.0,,false
1915,60.0,120.0,,false
1916,60.0,113.0,,false
1917,60.0,85.0,,false
1918,60.0,95.0,,false
1919,100.0,221.0,,false
1920,100.0,186.0,,false
1921,900.0,9.0,,false
1922,1150.0,18.0,,false
1923,1000.0,5.0,,false
1924,1350.0,49.0,,true
1925,500.0,60.0,,true
1926,5000.0,16.0,,true
1927,2200.0,137.0,,true
1928,3500.0,316.0,,true
1929,5000.0,600.0,,true
1930,500.0,146.0,,true
1931,125.0,539.0,,true
1932,40.0,456.0,,true
1933,350.0,167.0,,true
1934,500.0,177.0,,false
1935,500.0,405.0,,false
1936,3300.0,23.0,,false
1937,3300.0,22.0,,false
1938,3300.0,26.0,,false
1939,60.0,213.0,,false
1940,60.0,155.0,,false
1941,60.0,248.0,,false
1942,800.0,5.0,,false
1943,60.0,89.0,,false
1944,60.0,117.0,,false
1945,60.0,109.0,,false
1946,60.0,113.0,,false
1947,60.0,91.0,,false
1948,60.0,103.0,,false
1949,60.0,88.0,,false
1950,60.0,96.0,,false
1951,60.0,103.0,,false
1952,60.0,88.0,,false
1953,100.0,214.0,,false
1954,100.0,197.0,,false
1955,900.0,9.0,,false
1956,1150.0,18.0,,false
1957,1000.0,5.0,,false
1958,1350.0,46.0,,true
1959,500.0,60.0,,true
1960,5000.0,16.0,,true
1961,2200.0,139.0,,true
1962,3500.0,294.0,,true
1963,5000.0,600.0,,true
1964,500.0,150.0,,true
1965,125.0,464.0,,true
1966,40.0,384.0,,true
1967,350.0,174.0,,true
1968,500.0,171.0,,false
1969,500.0,418.0,,false
1970,3300.0,28.0,,false
1971,3300.0,25.0,,false
1972,3300.0,30.0,,false
1973,60.0,209.0,,false
1974,60.0,225.0,,false
1975,60.0,179.0,,false
1976,60.0,165.0,,false
1977,800.0,4.0,,false
1978,60.0,92.0,,false
1979,60.0,102.0,,false
1980,60.0,96.0,,false
1981,60.0,92.0,,false
1982,60.0,105.0,,false
1983,60.0,118.0,,false
1984,100.0,234.0,,false
1985,100.0,183.0,,false
1986,900.0,9.0,,false
1987,1150.0,16.0,,false
1988,1000.0,7.0,,false
1989,1350.0,50.0,,true
1990,500.0,57.0,,true
1991,5000.0,19.0,,true
1992,2200.0,137.0,,true
1993,3500.0,228.0,,true
1994,5000.0,600.0,,true
1995,500.0,141.0,,true
1996,125.0,529.0,,true
1997,40.0,353.0,,true
1998,350.0,174.0,,true
1999,500.0,178.0,,false
2000,500.0,547.0,,false
2001,3300.0,27.0,,false
2002,3300.0,24.0,,false
2003,3300.0,29.0,,false
2004,60.0,213.0,,false
2005,60.0,223.0,,false
2006,60.0,220.0,,false
2007,60.0,190.0,,false
2008,800.0,4.0,,false
2009,60.0,113.0,,false
2010,60.0,100.0,,false
2011,60.0,114.0,,false
2012,60.0,112.0,,false
2013,60.0,109.0,,false
2014,60.0,110.0,,false
2015,60.0,118.0,,false
2016,60.0,101.0,,false
2017,60.0,112.0,,false
2018,60.0,103.0,,false
2019,100.0,224.0,,false
2020,100.0,245.0,,false
2021,900.0,10.0,,false
2022,1150.0,13.0,,false
2023,1000.0,5.0,,false
2024,1350.0,49.0,,true
2025,500.0,56.0,,true
2026,5000.0,18.0,,true
2027,2200.0,134.0,,true
2028,3500.0,229.0,,true
2029,5000.0,600.0,,true
2030,500.0,149.0,,true
2031,125.0,502.0,,true
2032,40.0,404.0,,true
2033,350.0,141.0,,true
2034,500.0,192.0,,false
2035,500.0,507.0,,false
2036,3300.0,25.0,,false
2037,3300.0,30.0,,false
2038,3300.0,29.0,,false
2039,60.0,184.0,,false
2040,60.0,243.0,,false
2041,60.0,210.0,,false
2042,60.0,243.0,,false
2043,800.0,6.0,,false
2044,60.0,114.0,,false
2045,60.0,87.0,,false
2046,60.0,96.0,,false
2047,60.0,99.0,,false
2048,60.0,93.0,,false
2049,60.0,81.0,,false
2050,60.0,108.0,,false
2051,100.0,232.0,,false
2052,100.0,229.0,,false
2053,900.0,9.0,,false
2054,1150.0,18.0,,false
2055,1000.0,8.0,,false
2056,1350.0,46.0,,true
2057,500.0,60.0,,true
2058,5000.0,18.0,,true
2059,2200.0,137.0,,true
2060,3500.0,209.0,,true
2061,5000.0,600.0,,true
2062,500.0,147.0,,true
2063,125.0,496.0,,true
2064,40.0,455.0,,true
2065,350.0,174.0,,true
2066,500.0,193.0,,false
2067,500.0,342.0,,false
2068,3300.0,22.0,,false
2069,3300.0,29.0,,false
2070,3300.0,25.0,,false
2071,60.0,245.0,,false
2072,60.0,174.0,,false
2073,60.0,157.0,,false
2074,800.0,4.0,,false
2075,60.0,97.0,,false
2076,60.0,120.0,,false
2077,60.0,92.0,,false
2078,60.0,112.0,,false
2079,60.0,102.0,,false
2080,60.0,114.0,,false
2081,60.0,118.0,,false
2082,60.0,86.0,,false
2083,100.0,240.0,,false
2084,100.0,244.0,,false
2085,900.0,8.0,,false
2086,1150.0,15.0,,false
2087,1000.0,5.0,,false
2088,1350.0,49.0,,true
2089,500.0,60.0,,true
2090,5000.0,20.0,,true
2091,2200.0,136.0,,true
2092,3500.0,359.0,,true
2093,5000.0,600.0,,true
2094,500.0,157.0,,true
2095,125.0,549.0,,true
2096,40.0,359.0,,true
2097,350.0,166.0,,true
2098,500.0,196.0,,false
2099,500.0,586.0,,false
2100,3300.0,28.0,,false
2101,3300.0,24.0,,false
2102,3300.0,24.0,,false
2103,60.0,189.0,,false
2104,60.0,175.0,,false
2105,60.0,207.0,,false
2106,800.0,5.0,,false
2107,60.0,95.0,,false
2108,60.0,105.0,,false
2109,60.0,117.0,,false
2110,60.0,92.0,,false
2111,60.0,101.0,,false
2112,60.0,112.0,,false
2113,60.0,114.0,,false
2114,60.0,107.0,,false
2115,60.0,88.0,,false
2116,60.0,112.0,,false
2117,100.0,195.0,,false
2118,100.0,184.0,,false
2119,900.0,8.0,,false
2120,1150.0,18.0,,false
2121,1000.0,5.0,,false
2122,1350.0,47.0,,true
2123,500.0,57.0,,true
2124,5000.0,16.0,,true
2125,2200.0,133.0,,true
2126,3500.0,289.0,,true
2127,5000.0,600.0,,true
2128,500.0,158.0,,true
2129,125.0,501.0,,true
2130,40.0,389.0,,true
2131,350.0,143.0,,true
2132,500.0,175.0,,false
2133,500.0,551.0,,false
2134,3300.0,25.0,,false
2135,3300.0,24.0,,false
2136,3300.0,29.0,,false
2137,60.0,190.0,,false
2138,60.0,155.0,,false
2139,60.0,219.0,,false
2140,60.0,187.0,,false
2141,800.0,4.0,,false
2142,60.0,100.0,,false
2143,60.0,109.0,,false
2144,60.0,96.0,,false
2145,60.0,115.0,,false
2146,60.0,105.0,,false
2147,60.0,85.0,,false
2148,100.0,195.0,,false
2149,100.0,194.0,,false
2150,900.0,10.0,,false
2151,1150.0,14.0,,false
2152,1000.0,5.0,,false
2153,1350.0,49.0,,true
2154,500.0,58.0,,true
2155,5000.0,18.0,,true
2156,2200.0,139.0,,true
2157,3500.0,395.0,,true
2158,5000.0,600.0,,true
2159,500.0,141.0,,true
2160,125.0,517.0,,true
2161,40.0,420.0,,true
2162,350.0,178.0,,true
2163,500.0,195.0,,false
2164,500.0,539.0,,false
2165,3300.0,28.0,,false
2166,3300.0,22.0,,false
2167,3300.0,29.0,,false
2168,60.0,186.0,,false
2169,60.0,166.0,,false
2170,60.0,220.0,,false
2171,800.0,6.0,,false
2172,60.0,97.0,,false
2173,60.0,110.0,,false
2174,60.0,95.0,,false
2175,60.0,110.0,,false
2176,60.0,116.0,,false
2177,60.0,98.0,,false
2178,60.0,118.0,,false
2179,60.0,114.0,,false
2180,100.0,237.0,,false
2181,100.0,236.0,,false
2182,900.0,7.0,,false
2183,1150.0,17.0,,false
2184,1000.0,5.0,,false
2185,1350.0,50.0,,true
2186,500.0,60.0,,true
2187,5000.0,19.0,,true
2188,2200.0,138.0,,true
2189,3500.0,271.0,,true
2190,5000.0,600.0,,true
2191,500.0,156.0,,true
2192,125.0,459.0,,true
2193,40.0,459.0,,true
2194,350.0,142.0,,true
2195,500.0,186.0,,false
2196,500.0,566.0,,false
2197,3300.0,30.0,,false
2198,3300.0,27.0,,false
2199,3300.0,27.0,,false
2200,60.0,231.0,,false
2201,60.0,204.0,,false
2202,60.0,183.0,,false
2203,60.0,232.0,,false
2204,800.0,6.0,,false
2205,60.0,114.0,,false
2206,60.0,114.0,,false
2207,60.0,83.0,,false
2208,60.0,91.0,,false
2209,60.0,108.0,,false
2210,60.0,82.0,,false
2211,60.0,111.0,,false
2212,100.0,236.0,,false
2213,100.0,194.0,,false
2214,900.0,10.0,,false
2215,1150.0,17.0,,false
2216,1000.0,6.0,,false
2217,1350.0,48.0,,true
2218,500.0,60.0,,true
2219,5000.0,17.0,,true
2220,2200.0,134.0,,true
2221,3500.0,374.0,,true
2222,5000.0,600.0,,true
2223,500.0,144.0,,true
2224,125.0,512.0,,true
2225,40.0,398.0,,true
2226,350.0,146.0,,true
2227,500.0,172.0,,false
2228,500.0,334.0,,false
2229,3300.0,28.0,,false
2230,3300.0,26.0,,false
2231,3300.0,22.0,,false
2232,60.0,187.0,,false
2233,60.0,172.0,,false
2234,60.0,234.0,,false
2235,800.0,4.0,,false
2236,60.0,93.0,,false
2237,60.0,87.0,,false
2238,60.0,85.0,,false
2239,60.0,96.0,,false
2240,60.0,111.0,,false
2241,60.0,107.0,,false
2242,60.0,102.0,,false
2243,60.0,92.0,,false
2244,60.0,91.0,,false
2245,60.0,104.0,,false
2246,100.0,215.0,,false
2247,100.0,202.0,,false
2248,900.0,8.0,,false
2249,1150.0,18.0,,false
2250,1000.0,6.0,,false
2251,1350.0,48.0,,true
2252,500.0,59.0,,true
2253,5000.0,17.0,,true
2254,2200.0,135.0,,true
2255,3500.0,347.0,,true
2256,5000.0,600.0,,true
2257,500.0,153.0,,true
2258,125.0,475.0,,true
2259,40.0,427.0,,true
2260,350.0,178.0,,true
2261,500.0,183.0,,false
2262,500.0,417.0,,false
2263,3300.0,23.0,,false
2264,3300.0,27.0,,false
2265,3300.0,27.0,,false
2266,60.0,192.0,,false
2267,60.0,175.0,,false
2268,60.0,187.0,,false
2269,800.0,4.0,,false
2270,60.0,100.0,,false
2271,60.0,111.0,,false
2272,60.0,94.0,,false
2273,60.0,81.0,,false
2274,60.0,94.0,,false
2275,60.0,100.0,,false
2276,60.0,84.0,,false
2277,100.0,211.0,,false
2278,100.0,199.0,,false
2279,900.0,10.0,,false
2280,1150.0,18.0,,false
2281,1000.0,8.0,,false
2282,1350.0,46.0,,true
2283,500.0,60.0,,true
2284,5000.0,16.0,,true
2285,2200.0,135.0,,true
2286,3500.0,244.0,,true
2287,5000.0,600.0,,true
2288,500.0,160.0,,true
2289,125.0,459.0,,true
2290,40.0,456.0,,true
2291,350.0,141.0,,true
2292,500.0,184.0,,false
2293,500.0,562.0,,false
2294,3300.0,28.0,,false
2295,3300.0,27.0,,false
2296,3300.0,29.0,,false
2297,60.0,187.0,,false
2298,60.0,151.0,,false
2299,60.0,206.0,,false
2300,800.0,4.0,,false
2301,60.0,99.0,,false
2302,60.0,94.0,,false
2303,60.0,120.0,,false
2304,60.0,101.0,,false
2305,60.0,117.0,,false
2306,60.0,81.0,,false
2307,100.0,219.0,,false
2308,100.0,195.0,,false
2309,900.0,7.0,,false
2310,1150.0,13.0,,false
2311,1000.0,8.0,,false
2312,1350.0,49.0,,true
2313,500.0,57.0,,true
2314,5000.0,18.0,,true
2315,2200.0,137.0,,true
2316,3500.0,247.0,,true
2317,5000.0,600.0,,true
2318,500.0,158.0,,true
2319,125.0,457.0,,true
2320,40.0,364.0,,true
2321,350.0,158.0,,true
2322,500.0,194.0,,false
2323,500.0,390.0,,false
2324,3300.0,24.0,,false
2325,3300.0,27.0,,false
2326,3300.0,27.0,,false
2327,60.0,163.0,,false
2328,60.0,193.0,,false
2329,60.0,217.0,,false
2330,60.0,153.0,,false
2331,800.0,6.0,,false
2332,60.0,89.0,,false
2333,60.0,82.0,,false
2334,60.0,100.0,,false
2335,60.0,97.0,,false
2336,60.0,112.0,,false
2337,60.0,89.0,,false
2338,100.0,198.0,,false
2339,100.0,195.0,,false
2340,900.0,7.0,,false
2341,1150.0,15.0,,false
2342,1000.0,7.0,,false
2343,1350.0,49.0,,true
2344,500.0,58.0,,true
2345,5000.0,18.0,,true
2346,2200.0,131.0,,true
2347,3500.0,397.0,,true
2348,5000.0,600.0,,true
2349,500.0,146.0,,true
2350,125.0,483.0,,true
2351,40.0,415.0,,true
2352,350.0,151.0,,true
2353,500.0,192.0,,false
2354,500.0,375.0,,false
2355,3300.0,23.0,,false
2356,3300.0,27.0,,false
2357,3300.0,23.0,,false
2358,60.0,207.0,,false
2359,60.0,174.0,,false
2360,60.0,244.0,,false
2361,60.0,198.0,,false
2362,800.0,6.0,,false
2363,60.0,81.0,,false
2364,60.0,87.0,,false
2365,60.0,88.0,,false
2366,60.0,105.0,,false
2367,60.0,84.0,,false
2368,60.0,84.0,,false
2369,60.0,88.0,,false
2370,60.0,118.0,,false
2371,100.0,215.0,,false
2372,100.0,225.0,,false
2373,900.0,7.0,,false
2374,1150.0,18.0,,false
2375,1000.0,7.0,,false
2376,1350.0,49.0,,true
2377,500.0,60.0,,true
2378,5000.0,18.0,,true
2379,2200.0,139.0,,true
2380,3500.0,286.0,,true
2381,5000.0,600.0,,true
2382,500.0,156.0,,true
2383,125.0,511.0,,true
2384,40.0,409.0,,true
2385,350.0,162.0,,true
2386,500.0,185.0,,false
2387,500.0,371.0,,false
2388,3300.0,21.0,,false
2389,3300.0,25.0,,false
2390,3300.0,24.0,,false
2391,60.0,183.0,,false
2392,60.0,158.0,,false
2393,60.0,247.0,,false
2394,800.0,5.0,,false
2395,60.0,96.0,,false
2396,60.0,104.0,,false
2397,60.0,111.0,,false
2398,60.0,117.0,,false
2399,60.0,99.0,,false
2400,60.0,103.0,,false
2401,60.0,91.0,,false
2402,60.0,108.0,,false
2403,100.0,228.0,,false
2404,100.0,240.0,,false
2405,900.0,8.0,,false
2406,1150.0,17.0,,false
2407,1000.0,6.0,,false
2408,1350.0,48.0,,true
2409,500.0,57.0,,true
2410,5000.0,18.0,,true
2411,2200.0,137.0,,true
2412,3500.0,375.0,,true
2413,5000.0,600.0,,true
2414,500.0,158.0,,true
2415,125.0,486.0,,true
2416,40.0,423.0,,true
2417,350.0,164.0,,true
2418,500.0,194.0,,false
2419,500.0,599.0,,false
2420,3300.0,29.0,,false
2421,3300.0,22.0,,false
2422,3300.0,26.0,,false
2423,60.0,173.0,,false
2424,60.0,203.0,,false
2425,60.0,238.0,,false
2426,60.0,200.0,,false
2427,800.0,6.0,,false
2428,60.0,94.0,,false
2429,60.0,98.0,,false
2430,60.0,81.0,,false
2431,60.0,106.0,,false
2432,60.0,97.0,,false
2433,60.0,109.0,,false
2434,100.0,215.0,,false
2435,100.0,188.0,,false
2436,900.0,9.0,,false
2437,1150.0,15.0,,false
2438,1000.0,8.0,,false
2439,1350.0,48.0,,true
2440,500.0,56.0,,true
2441,5000.0,16.0,,true
2442,2200.0,136.0,,true
2443,3500.0,372.0,,true
2444,5000.0,600.0,,true
2445,500.0,145.0,,true
2446,125.0,523.0,,true
2447,40.0,435.0,,true
2448,350.0,179.0,,true
2449,500.0,182.0,,false
2450,500.0,329.0,,false
2451,3300.0,25.0,,false
2452,3300.0,30.0,,false
2453,3300.0,28.0,,false
2454,60.0,239.0,,false
2455,60.0,243.0,,false
2456,60.0,205.0,,false
2457,60.0,236.0,,false
2458,800.0,6.0,,false
2459,60.0,107.0,,false
2460,60.0,101.0,,false
2461,60.0,97.0,,false
2462,60.0,113.0,,false
2463,60.0,120.0,,false
2464,60.0,117.0,,false
2465,60.0,103.0,,false
2466,60.0,103.0,,false
2467,60.0,114.0,,false
2468,100.0,187.0,,false
2469,100.0,215.0,,false
2470,900.0,8.0,,false
2471,1150.0,16.0,,false
2472,1000.0,8.0,,false
2473,1350.0,50.0,,true
2474,500.0,60.0,,true
2475,5000.0,19.0,,true
2476,2200.0,136.0,,true
2477,3500.0,383.0,,true
2478,5000.0,600.0,,true
2479,500.0,148.0,,true
2480,125.0,537.0,,true
2481,40.0,376.0,,true
2482,350.0,180.0,,true
2483,500.0,179.0,,false
2484,500.0,596.0,,false
2485,3300.0,29.0,,false
2486,3300.0,22.0,,false
2487,3300.0,29.0,,false
2488,60.0,216.0,,false
2489,60.0,187.0,,false
2490,60.0,244.0,,false
2491,60.0,216.0,,false
2492,800.0,5.0,,false
2493,60.0,108.0,,false
2494,60.0,94.0,,false
2495,60.0,102.0,,false
2496,60.0,91.0,,false
2497,60.0,96.0,,false
2498,60.0,96.0,,false
2499,100.0,187.0,,false
2500,100.0,201.0,,false
2501,900.0,7.0,,false
2502,1150.0,16.0,,false
2503,1000.0,6.0,,false
2504,1350.0,49.0,,true
2505,500.0,59.0,,true
2506,5000.0,16.0,,true
2507,2200.0,140.0,,true
2508,3500.0,224.0,,true
2509,5000.0,600.0,,true
2510,500.0,158.0,,true
2511,125.0,476.0,,true
2512,40.0,410.0,,true
2513,350.0,164.0,,true
2514,500.0,189.0,,false
2515,500.0,528.0,,false
2516,3300.0,25.0,,false
2517,3300.0,27.0,,false
2518,3300.0,29.0,,false
2519,60.0,186.0,,false
2520,60.0,225.0,,false
2521,60.0,179.0,,false
2522,800.0,4.0,,false
2523,60.0,92.0,,false
2524,60.0,117.0,,false
2525,60.0,118.0,,false
2526,60.0,110.0,,false
2527,60.0,119.0,,false
2528,60.0,86.0,,false
2529,60.0,115.0,,false
2530,60.0,102.0,,false
2531,100.0,234.0,,false
2532,100.0,213.0,,false
2533,900.0,9.0,,false
2534,1150.0,17.0,,false
2535,1000.0,6.0,,false
2536,1350.0,50.0,,true
2537,500.0,59.0,,true
2538,5000.0,18.0,,true
2539,2200.0,133.0,,true
2540,3500.0,208.0,,true
2541,5000.0,600.0,,true
2542,500.0,147.0,,true
2543,125.0,520.0,,true
2544,40.0,353.0,,true
2545,350.0,151.0,,true
2546,500.0,179.0,,false
2547,500.0,459.0,,false
2548,3300.0,29.0,,false
2549,3300.0,29.0,,false
2550,3300.0,25.0,,false
2551,60.0,164.0,,false
2552,60.0,163.0,,false
2553,60.0,157.0,,false
2554,800.0,6.0,,false
2555,60.0,81.0,,false
2556,60.0,85.0,,false
2557,60.0,85.0,,false
2558,60.0,108.0,,false
2559,60.0,115.0,,false
2560,60.0,119.0,,false
2561,60.0,85.0,,false
2562,60.0,81.0,,false
2563,60.0,118.0,,false
2564,60.0,92.0,,false
2565,100.0,222.0,,false
2566,100.0,181.0,,false
2567,900.0,10.0,,false
2568,1150.0,13.0,,false
2569,1000.0,5.0,,false
2570,1350.0,50.0,,true
2571,500.0,57.0,,true
2572,5000.0,17.0,,true
2573,2200.0,132.0,,true
2574,3500.0,245.0,,true
2575,5000.0,600.0,,true
2576,500.0,148.0,,true
2577,125.0,473.0,,true
2578,40.0,390.0,,true
2579,350.0,168.0,,true
2580,500.0,184.0,,false
2581,500.0,459.0,,false
2582,3300.0,27.0,,false
2583,3300.0,21.0,,false
2584,3300.0,30.0,,false
2585,60.0,175.0,,false
2586,60.0,219.0,,false
2587,60.0,187.0,,false
2588,60.0,219.0,,false
2589,800.0,5.0,,false
2590,60.0,106.0,,false
2591,60.0,97.0,,false
2592,60.0,87.0,,false
2593,60.0,114.0,,false
2594,60.0,119.0,,false
2595,60.0,84.0,,false
2596,60.0,94.0,,false
2597,60.0,119.0,,false
2598,60.0,97.0,,false
2599,60.0,95.0,,false
2600,100.0,184.0,,false
2601,100.0,219.0,,false
2602,900.0,10.0,,false
2603,1150.0,14.0,,false
2604,1000.0,7.0,,false
2605,1350.0,46.0,,true
2606,500.0,59.0,,true
2607,5000.0,20.0,,true
2608,2200.0,136.0,,true
2609,3500.0,305.0,,true
2610,5000.0,600.0,,true
2611,500.0,144.0,,true
2612,125.0,519.0,,true
2613,40.0,414.0,,true
2614,350.0,173.0,,true
2615,500.0,186.0,,false
2616,500.0,582.0,,false
2617,3300.0,22.0,,false
2618,3300.0,30.0,,false
2619,3300.0,29.0,,false
2620,60.0,239.0,,false
2621,60.0,195.0,,false
2622,60.0,194.0,,false
2623,60.0,155.0,,false
2624,800.0,4.0,,false
2625,60.0,114.0,,false
2626,60.0,114.0,,false
2627,60.0,94.0,,false
2628,60.0,85.0,,false
2629,60.0,101.0,,false
2630,60.0,107.0,,false
2631,100.0,199.0,,false
2632,100.0,216.0,,false
2633,900.0,8.0,,false
2634,1150.0,13.0,,false
2635,1000.0,8.0,,false
2636,1350.0,50.0,,true
2637,500.0,57.0,,true
2638,5000.0,17.0,,true
2639,2200.0,136.0,,true
2640,3500.0,295.0,,true
2641,5000.0,600.0,,true
2642,500.0,157.0,,true
2643,125.0,520.0,,true
2644,40.0,455.0,,true
2645,350.0,144.0,,true
2646,500.0,172.0,,false
2647,500.0,520.0,,false
2648,3300.0,26.0,,false
2649,3300.0,23.0,,false
2650,3300.0,23.0,,false
2651,60.0,225.0,,false
2652,60.0,161.0,,false
2653,60.0,165.0,,false
2654,800.0,6.0,,false
2655,60.0,100.0,,false
2656,60.0,116.0,,false
2657,60.0,95.0,,false
2658,60.0,112.0,,false
2659,60.0,113.0,,false
2660,60.0,97.0,,false
2661,60.0,93.0,,false
2662,60.0,111.0,,false
2663,60.0,110.0,,false
2664,60.0,108.0,,false
2665,100.0,223.0,,false
2666,100.0,248.0,,false
2667,900.0,10.0,,false
2668,1150.0,18.0,,false
2669,1000.0,7.0,,false
2670,1350.0,49.0,,true
2671,500.0,57.0,,true
2672,5000.0,16.0,,true
2673,2200.0,133.0,,true
2674,3500.0,299.0,,true
2675,5000.0,600.0,,true
2676,500.0,155.0,,true
2677,125.0,527.0,,true
2678,40.0,420.0,,true
2679,350.0,164.0,,true
2680,500.0,198.0,,false
2681,500.0,579.0,,false
2682,3300.0,30.0,,false
2683,3300.0,28.0,,false
2684,3300.0,21.0,,false
2685,60.0,233.0,,false
2686,60.0,154.0,,false
2687,60.0,185.0,,false
2688,60.0,231.0,,false
2689,800.0,4.0,,false
2690,60.0,112.0,,false
2691,60.0,112.0,,false
2692,60.0,115.0,,false
2693,60.0,109.0,,false
2694,60.0,94.0,,false
2695,60.0,83.0,,false
2696,60.0,107.0,,false
2697,60.0,117.0,,false
2698,60.0,86.0,,false
2699,100.0,235.0,,false
2700,100.0,207.0,,false
2701,900.0,8.0,,false
2702,1150.0,13.0,,false
2703,1000.0,5.0,,false
2704,1350.0,46.0,,true
2705,500.0,56.0,,true
2706,5000.0,18.0,,true
2707,2200.0,133.0,,true
2708,3500.0,310.0,,true
2709,5000.0,600.0,,true
2710,500.0,144.0,,true
2711,125.0,504.0,,true
2712,40.0,360.0,,true
2713,350.0,171.0,,true
2714,500.0,193.0,,false
2715,500.0,335.0,,false
2716,3300.0,27.0,,false
2717,3300.0,30.0,,false
2718,3300.0,21.0,,false
2719,60.0,171.0,,false
2720,60.0,192.0,,false
2721,60.0,185.0,,false
2722,60.0,208.0,,false
2723,800.0,6.0,,false
2724,60.0,115.0,,false
2725,60.0,117.0,,false
2726,60.0,93.0,,false
2727,60.0,118.0,,false
2728,60.0,114.0,,false
2729,60.0,120.0,,false
2730,100.0,217.0,,false
2731,100.0,185.0,,false
2732,900.0,7.0,,false
2733,1150.0,18.0,,false
2734,1000.0,5.0,,false
2735,1350.0,50.0,,true
2736,500.0,59.0,,true
2737,5000.0,17.0,,true
2738,2200.0,131.0,,true
2739,3500.0,264.0,,true
2740,5000.0,600.0,,true
2741,500.0,152.0,,true
2742,125.0,527.0,,true
2743,40.0,382.0,,true
2744,350.0,145.0,,true
2745,500.0,194.0,,false
2746,500.0,432.0,,false
2747,3300.0,29.0,,false
2748,3300.0,21.0,,false
2749,3300.0,24.0,,false
2750,60.0,185.0,,false
2751,60.0,205.0,,false
2752,60.0,240.0,,false
2753,800.0,4.0,,false
2754,60.0,103.0,,false
2755,60.0,117.0,,false
2756,60.0,86.0,,false
2757,60.0,92.0,,false
2758,60.0,84.0,,false
2759,60.0,94.0,,false
2760,60.0,110.0,,false
2761,60.0,90.0,,false
2762,100.0,247.0,,false
2763,100.0,224.0,,false
2764,900.0,8.0,,false
2765,1150.0,15.0,,false
2766,1000.0,5.0,,false
2767,1350.0,49.0,,true
2768,500.0,59.0,,true
2769,5000.0,19.0,,true
2770,2200.0,140.0,,true
2771,3500.0,205.0,,true
2772,5000.0,600.0,,true
2773,500.0,156.0,,true
2774,125.0,485.0,,true
2775,40.0,375.0,,true
2776,350.0,154.0,,true
2777,500.0,188.0,,false
2778,500.0,406.0,,false
2779,3300.0,27.0,,false
2780,3300.0,29.0,,false
2781,3300.0,22.0,,false
2782,60.0,209.0,,false
2783,60.0,201.0,,false
2784,60.0,245.0,,false
2785,800.0,4.0,,false
2786,60.0,91.0,,false
2787,60.0,86.0,,false
2788,60.0,92.0,,false
2789,60.0,93.0,,false
2790,60.0,82.0,,false
2791,60.0,85.0,,false
2792,60.0,90.0,,false
2793,60.0,89.0,,false
2794,60.0,95.0,,false
2795,60.0,106.0,,false
2796,100.0,213.0,,false
2797,100.0,200.0,,false
2798,900.0,7.0,,false
2799,1150.0,16.0,,false
2800,1000.0,8.0,,false
2801,1350.0,46.0,,true
2802,500.0,60.0,,true
2803,5000.0,18.0,,true
2804,2200.0,133.0,,true
2805,3500.0,238.0,,true
2806,5000.0,600.0,,true
2807,500.0,153.0,,true
2808,125.0,525.0,,true
2809,40.0,393.0,,true
2810,350.0,165.0,,true
2811,500.0,181.0,,false
2812,500.0,339.0,,false
2813,3300.0,21.0,,false
2814,3300.0,28.0,,false
2815,3300.0,21.0,,false
2816,60.0,160.0,,false
2817,60.0,163.0,,false
2818,60.0,244.0,,false
2819,60.0,172.0,,false
2820,800.0,5.0,,false
2821,60.0,96.0,,false
2822,60.0,82.0,,false
2823,60.0,94.0,,false
2824,60.0,117.0,,false
2825,60.0,100.0,,false
2826,60.0,88.0,,false
2827,100.0,239.0,,false
2828,100.0,225.0,,false
2829,900.0,8.0,,false
2830,1150.0,15.0,,false
2831,1000.0,6.0,,false
2832,1350.0,46.0,,true
2833,500.0,60.0,,true
2834,5000.0,19.0,,true
2835,2200.0,138.0,,true
2836,3500.0,363.0,,true
2837,5000.0,600.0,,true
2838,500.0,155.0,,true
2839,125.0,514.0,,true
2840,40.0,382.0,,true
2841,350.0,142.0,,true
2842,500.0,172.0,,false
2843,500.0,476.0,,false
2844,3300.0,30.0,,false
2845,3300.0,21.0,,false
2846,3300.0,27.0,,false
2847,60.0,218.0,,false
2848,60.0,171.0,,false
2849,60.0,183.0,,false
2850,60.0,161.0,,false
2851,800.0,5.0,,false
2852,60.0,87.0,,false
2853,60.0,106.0,,false
2854,60.0,84.0,,false
2855,60.0,88.0,,false
2856,60.0,103.0,,false
2857,60.0,119.0,,false
2858,60.0,113.0,,false
2859,60.0,109.0,,false
2860,100.0,216.0,,false
2861,100.0,238.0,,false
2862,900.0,8.0,,false
2863,1150.0,13.0,,false
2864,1000.0,6.0,,false
2865,1350.0,50.0,,true
2866,500.0,57.0,,true
2867,5000.0,16.0,,true
2868,2200.0,140.0,,true
2869,3500.0,300.0,,true
2870,5000.0,600.0,,true
2871,500.0,156.0,,true
2872,125.0,465.0,,true
2873,40.0,420.0,,true
2874,350.0,150.0,,true
2875,500.0,179.0,,false
2876,500.0,528.0,,false
2877,3300.0,21.0,,false
2878,3300.0,26.0,,false
2879,3300.0,21.0,,false
2880,60.0,214.0,,false
2881,60.0,223.0,,false
2882,60.0,199.0,,false
2883,800.0,5.0,,false
2884,60.0,87.0,,false
2885,60.0,118.0,,false
2886,60.0,113.0,,false
2887,60.0,91.0,,false
2888,60.0,94.0,,false
2889,60.0,87.0,,false
2890,60.0,115.0,,false
2891,60.0,88.0,,false
2892,60.0,95.0,,false
2893,60.0,109.0,,false
2894,100.0,198.0,,false
2895,100.0,219.0,,false
2896,900.0,9.0,,false
2897,1150.0,16.0,,false
2898,1000.0,7.0,,false
2899,1350.0,47.0,,true
2900,500.0,58.0,,true
2901,5000.0,18.0,,true
2902,2200.0,136.0,,true
2903,3500.0,261.0,,true
2904,5000.0,600.0,,true
2905,500.0,158.0,,true
2906,125.0,488.0,,true
2907,40.0,448.0,,true
2908,350.0,143.0,,true
2909,500.0,190.0,,false
2910,500.0,404.0,,false
2911,3300.0,23.0,,false
2912,3300.0,29.0,,false
2913,3300.0,28.0,,false
2914,60.0,195.0,,false
2915,60.0,232.0,,false
2916,60.0,161.0,,false
2917,800.0,6.0,,false
2918,60.0,112.0,,false
2919,60.0,81.0,,false
2920,60.0,105.0,,false
2921,60.0,116.0,,false
2922,60.0,103.0,,false
2923,60.0,106.0,,false
2924,60.0,106.0,,false
2925,60.0,84.0,,false
2926,60.0,110.0,,false
2927,100.0,232.0,,false
2928,100.0,189.0,,false
2929,900.0,8.0,,false
2930,1150.0,16.0,,false
2931,1000.0,7.0,,false
2932,1350.0,50.0,,true
2933,500.0,59.0,,true
2934,5000.0,17.0,,true
2935,2200.0,134.0,,true
2936,3500.0,261.0,,true
2937,5000.0,600.0,,true
2938,500.0,155.0,,true
2939,125.0,466.0,,true
2940,40.0,382.0,,true
2941,350.0,159.0,,true
2942,500.0,174.0,,false
2943,500.0,399.0,,false
2944,3300.0,29.0,,false
2945,3300.0,26.0,,false
2946,3300.0,24.0,,false
2947,60.0,227.0,,false
2948,60.0,232.0,,false
2949,60.0,192.0,,false
2950,800.0,6.0,,false
2951,60.0,88.0,,false
2952,60.0,113.0,,false
2953,60.0,90.0,,false
2954,60.0,116.0,,false
2955,60.0,116.0,,false
2956,60.0,88.0,,false
2957,60.0,87.0,,false
2958,100.0,186.0,,false
2959,100.0,188.0,,false
2960,900.0,9.0,,false
2961,1150.0,13.0,,false
2962,1000.0,8.0,,false
2963,1350.0,50.0,,true
2964,500.0,57.0,,true
2965,5000.0,18.0,,true
2966,2200.0,132.0,,true
2967,3500.0,344.0,,true
2968,5000.0,600.0,,true
2969,500.0,149.0,,true
2970,125.0,511.0,,true
2971,40.0,410.0,,true
2972,350.0,169.0,,true
2973,500.0,198.0,,false
2974,500.0,564.0,,false
2975,3300.0,30.0,,false
2976,3300.0,25.0,,false
2977,3300.0,25.0,,false
2978,60.0,190.0,,false
2979,60.0,153.0,,false
2980,60.0,208.0,,false
2981,800.0,5.0,,false
2982,60.0,118.0,,false
2983,60.0,107.0,,false
2984,60.0,110.0,,false
2985,60.0,89.0,,false
2986,60.0,82.0,,false
2987,60.0,84.0,,false
2988,60.0,96.0,,false
2989,60.0,95.0,,false
2990,100.0,199.0,,false
2991,100.0,212.0,,false
2992,900.0,9.0,,false
2993,1150.0,13.0,,false
2994,1000.0,5.0,,false
2995,1350.0,46.0,,true
2996,500.0,58.0,,true
2997,5000.0,19.0,,true
2998,2200.0,138.0,,true
2999,3500.0,201.0,,true
3000,5000.0,600.0,,true
3001,500.0,149.0,,true
3002,125.0,473.0,,true
3003,40.0,432.0,,true
3004,350.0,167.0,,true
3005,500.0,172.0,,false
3006,500.0,431.0,,false
3007,3300.0,30.0,,false
3008,3300.0,23.0,,false
3009,3300.0,22.0,,false
3010,60.0,209.0,,false
3011,60.0,185.0,,false
3012,60.0,181.0,,false
3013,60.0,182.0,,false
3014,800.0,6.0,,false
3015,60.0,81.0,,false
3016,60.0,110.0,,false
3017,60.0,113.0,,false
3018,60.0,95.0,,false
3019,60.0,93.0,,false
3020,60.0,95.0,,false
3021,60.0,118.0,,false
3022,60.0,118.0,,false
3023,60.0,96.0,,false
3024,60.0,117.0,,false
3025,100.0,189.0,,false
3026,100.0,215.0,,false
3027,900.0,8.0,,false
3028,1150.0,13.0,,false
3029,1000.0,6.0,,false
3030,1350.0,48.0,,true
3031,500.0,57.0,,true
3032,5000.0,18.0,,true
3033,2200.0,140.0,,true
3034,3500.0,357.0,,true
3035,5000.0,600.0,,true
3036,500.0,149.0,,true
3037,125.0,480.0,,true
3038,40.0,417.0,,true
3039,350.0,174.0,,true
3040,500.0,184.0,,false
3041,500.0,599.0,,false
3042,3300.0,27.0,,false
3043,3300.0,25.0,,false
3044,3300.0,26.0,,false
3045,60.0,245.0,,false
3046,60.0,198.0,,false
3047,60.0,177.0,,false
3048,800.0,6.0,,false
3049,60.0,87.0,,false
3050,60.0,108.0,,false
3051,60.0,100.0,,false
3052,60.0,120.0,,false
3053,60.0,120.0,,false
3054,60.0,96.0,,false
3055,100.0,235.0,,false
3056,100.0,214.0,,false
3057,900.0,9.0,,false
3058,1150.0,15.0,,false
3059,1000.0,6.0,,false
3060,1350.0,46.0,,true
3061,500.0,58.0,,true
3062,5000.0,16.0,,true
3063,2200.0,134.0,,true
3064,3500.0,359.0,,true
3065,5000.0,600.0,,true
3066,500.0,159.0,,true
3067,125.0,476.0,,true
3068,40.0,426.0,,true
3069,350.0,158.0,,true
3070,500.0,193.0,,false
3071,500.0,390.0,,false
3072,3300.0,26.0,,false
3073,3300.0,21.0,,false
3074,3300.0,27.0,,false
3075,60.0,207.0,,false
3076,60.0,235.0,,false
3077,60.0,195.0,,false
3078,800.0,4.0,,false
3079,60.0,87.0,,false
3080,60.0,94.0,,false
3081,60.0,114.0,,false
3082,60.0,82.0,,false
3083,60.0,105.0,,false
3084,60.0,88.0,,false
3085,60.0,93.0,,false
3086,60.0,118.0,,false
3087,60.0,118.0,,false
3088,100.0,186.0,,false
3089,100.0,200.0,,false
3090,900.0,8.0,,false
3091,1150.0,13.0,,false
3092,1000.0,5.0,,false
3093,1350.0,46.0,,true
3094,500.0,60.0,,true
3095,5000.0,20.0,,true
3096,2200.0,131.0,,true
3097,3500.0,224.0,,true
3098,5000.0,600.0,,true
3099,500.0,155.0,,true
3100,125.0,510.0,,true
3101,40.0,362.0,,true
3102,350.0,177.0,,true
3103,500.0,200.0,,false
3104,500.0,574.0,,false
3105,3300.0,27.0,,false
3106,3300.0,30.0,,false
3107,3300.0,28.0,,false
3108,60.0,214.0,,false
3109,60.0,178.0,,false
3110,60.0,250.0,,false
3111,60.0,157.0,,false
3112,800.0,5.0,,false
3113,60.0,107.0,,false
3114,60.0,116.0,,false
3115,60.0,104.0,,false
3116,60.0,84.0,,false
3117,60.0,83.0,,false
3118,60.0,113.0,,false
3119,60.0,111.0,,false
3120,60.0,94.0,,false
3121,100.0,218.0,,false
3122,100.0,196.0,,false
3123,900.0,9.0,,false
3124,1150.0,14.0,,false
3125,1000.0,6.0,,false
3126,1350.0,48.0,,true
3127,500.0,60.0,,true
3128,5000.0,16.0,,true
3129,2200.0,132.0,,true
3130,3500.0,230.0,,true
3131,5000.0,600.0,,true
3132,500.0,142.0,,true
3133,125.0,517.0,,true
3134,40.0,372.0,,true
3135,350.0,172.0,,true
3136,500.0,184.0,,false
3137,500.0,465.0,,false
3138,3300.0,24.0,,false
3139,3300.0,21.0,,false
3140,3300.0,29.0,,false
3141,60.0,182.0,,false
3142,60.0,198.0,,false
3143,60.0,235.0,,false
3144,800.0,6.0,,false
3145,60.0,106.0,,false
3146,60.0,83.0,,false
3147,60.0,90.0,,false
3148,60.0,89.0,,false
3149,60.0,101.0,,false
3150,60.0,108.0,,false
3151,60.0,85.0,,false
3152,100.0,220.0,,false
3153,100.0,226.0,,false
3154,900.0,7.0,,false
3155,1150.0,15.0,,false
3156,1000.0,5.0,,false
3157,1350.0,48.0,,true
3158,500.0,56.0,,true
3159,5000.0,16.0,,true
3160,2200.0,132.0,,true
3161,3500.0,263.0,,true
3162,5000.0,600.0,,true
3163,500.0,160.0,,true
3164,125.0,483.0,,true
3165,40.0,372.0,,true
3166,350.0,172.0,,true
3167,500.0,171.0,,false
3168,500.0,410.0,,false
3169,3300.0,30.0,,false
3170,3300.0,30.0,,false
3171,3300.0,23.0,,false
3172,60.0,179.0,,false
3173,60.0,239.0,,false
3174,60.0,225.0,,false
3175,60.0,242.0,,false
3176,800.0,4.0,,false
3177,60.0,108.0,,false
3178,60.0,86.0,,false
3179,60.0,91.0,,false
3180,60.0,111.0,,false
3181,60.0,86.0,,false
3182,60.0,89.0,,false
3183,60.0,119.0,,false
3184,60.0,116.0,,false
3185,60.0,91.0,,false
3186,100.0,216.0,,false
3187,100.0,204.0,,false
3188,900.0,10.0,,false
3189,1150.0,16.0,,false
3190,1000.0,6.0,,false
3191,1350.0,47.0,,true
3192,500.0,56.0,,true
3193,5000.0,19.0,,true
3194,2200.0,136.0,,true
3195,3500.0,374.0,,true
3196,5000.0,600.0,,true
3197,500.0,153.0,,true
3198,125.0,533.0,,true
3199,40.0,408.0,,true
3200,350.0,164.0,,true
3201,500.0,190.0,,false
3202,500.0,531.0,,false
3203,3300.0,24.0,,false
3204,3300.0,29.0,,false
3205,3300.0,24.0,,false
3206,60.0,181.0,,false
3207,60.0,182.0,,false
3208,60.0,160.0,,false
3209,800.0,4.0,,false
3210,60.0,82.0,,false
3211,60.0,95.0,,false
3212,60.0,91.0,,false
3213,60.0,81.0,,false
3214,60.0,107.0,,false
3215,60.0,82.0,,false
3216,60.0,84.0,,false
3217,60.0,92.0,,false
3218,60.0,92.0,,false
3219,100.0,244.0,,false
3220,100.0,240.0,,false
3221,900.0,10.0,,false
3222,1150.0,13.0,,false
3223,1000.0,7.0,,false
