Reference,height,width,stripwidth,preemptable
1,1350.0,48.0,720,true
2,500.0,57.0,,true
3,5000.0,20.0,,true
4,2200.0,139.0,,true
5,3500.0,268.0,,true
6,5000.0,600.0,,true
7,500.0,141.0,,true
8,125.0,490.0,,true
9,40.0,359.0,,true
10,350.0,179.0,,true
11,500.0,184.0,,false
12,500.0,439.0,,false
13,3300.0,27.0,,false
14,3300.0,28.0,,false
15,3300.0,30.0,,false
16,60.0,228.0,,false
17,60.0,248.0,,false
18,60.0,190.0,,false
19,60.0,170.0,,false
20,800.0,4.0,,false
21,60.0,95.0,,false
22,60.0,104.0,,false
23,60.0,114.0,,false
24,60.0,94.0,,false
25,60.0,91.0,,false
26,60.0,107.0,,false
27,60.0,101.0,,false
28,60.0,96.0,,false
29,100.0,189.0,,false
30,100.0,181.0,,false
31,900.0,9.0,,false
32,1150.0,15.0,,false
33,1000.0,7.0,,false
34,1350.0,47.0,,true
35,500.0,56.0,,true
36,5000.0,19.0,,true
37,2200.0,138.0,,true
38,3500.0,311.0,,true
39,5000.0,600.0,,true
40,500.0,147.0,,true
41,125.0,457.0,,true
42,40.0,425.0,,true
43,350.0,143.0,,true
44,500.0,196.0,,false
45,500.0,436.0,,false
46,3300.0,24.0,,false
47,3300.0,29.0,,false
48,3300.0,26.0,,false
49,60.0,214.0,,false
50,60.0,192.0,,false
51,60.0,195.0,,false
52,800.0,5.0,,false
53,60.0,109.0,,false
54,60.0,87.0,,false
55,60.0,94.0,,false
56,60.0,97.0,,false
57,60.0,96.0,,false
58,60.0,82.0,,false
59,100.0,243.0,,false
60,100.0,245.0,,false
61,900.0,8.0,,false
62,1150.0,18.0,,false
63,1000.0,6.0,,false
64,1350.0,49.0,,true
65,500.0,57.0,,true
66,5000.0,17.0,,true
67,2200.0,140.0,,true
68,3500.0,241.0,,true
69,5000.0,600.0,,true
70,500.0,148.0,,true
71,125.0,515.0,,true
72,40.0,458.0,,true
73,350.0,165.0,,true
74,500.0,171.0,,false
75,500.0,456.0,,false
76,3300.0,23.0,,false
77,3300.0,27.0,,false
78,3300.0,25.0,,false
79,60.0,229.0,,false
80,60.0,188.0,,false
81,60.0,225.0,,false
82,800.0,6.0,,false
83,60.0,97.0,,false
84,60.0,103.0,,false
85,60.0,113.0,,false
86,60.0,119.0,,false
87,60.0,85.0,,false
88,60.0,87.0,,false
89,100.0,189.0,,false
90,100.0,183.0,,false
91,900.0,10.0,,false
92,1150.0,15.0,,false
93,1000.0,6.0,,false
94,1350.0,50.0,,true
95,500.0,57.0,,true
96,5000.0,18.0,,true
97,2200.0,136.0,,true
98,3500.0,282.0,,true
99,5000.0,600.0,,true
100,500.0,148.0,,true
101,125.0,479.0,,true
102,40.0,436.0,,true
103,350.0,151.0,,true
104,500.0,196.0,,false
105,500.0,371.0,,false
106,3300.0,23.0,,false
107,3300.0,27.0,,false
108,3300.0,26.0,,false
109,60.0,166.0,,false
110,60.0,211.0,,false
111,60.0,220.0,,false
112,800.0,5.0,,false
113,60.0,116.0,,false
114,60.0,81.0,,false
115,60.0,98.0,,false
116,60.0,115.0,,false
117,60.0,82.0,,false
118,60.0,92.0,,false
119,60.0,111.0,,false
120,60.0,110.0,,false
121,100.0,204.0,,false
122,100.0,183.0,,false
123,900.0,7.0,,false
124,1150.0,14.0,,false
125,1000.0,8.0,,false
126,1350.0,50.0,,true
127,500.0,56.0,,true
128,5000.0,16.0,,true
129,2200.0,140.0,,true
130,3500.0,399.0,,true
131,5000.0,600.0,,true
132,500.0,149.0,,true
133,125.0,457.0,,true
134,40.0,442.0,,true
135,350.0,172.0,,true
136,500.0,194.0,,false
137,500.0,386.0,,false
138,3300.0,21.0,,false
139,3300.0,21.0,,false
140,3300.0,23.0,,false
141,60.0,230.0,,false
142,60.0,168.0,,false
143,60.0,185.0,,false
144,60.0,220.0,,false
145,800.0,6.0,,false
146,60.0,111.0,,false
147,60.0,113.0,,false
148,60.0,105.0,,false
149,60.0,103.0,,false
150,60.0,118.0,,false
151,60.0,82.0,,false
152,60.0,110.0,,false
153,60.0,83.0,,false
154,60.0,113.0,,false
155,100.0,230.0,,false
156,100.0,189.0,,false
157,900.0,9.0,,false
158,1150.0,17.0,,false
159,1000.0,5.0,,false
160,1350.0,47.0,,true
161,500.0,57.0,,true
162,5000.0,18.0,,true
163,2200.0,135.0,,true
164,3500.0,333.0,,true
165,5000.0,600.0,,true
166,500.0,141.0,,true
167,125.0,522.0,,true
168,40.0,360.0,,true
169,350.0,162.0,,true
170,500.0,191.0,,false
171,500.0,528.0,,false
172,3300.0,23.0,,false
173,3300.0,24.0,,false
174,3300.0,21.0,,false
175,60.0,173.0,,false
176,60.0,201.0,,false
177,60.0,232.0,,false
178,60.0,189.0,,false
179,800.0,5.0,,false
180,60.0,106.0,,false
181,60.0,113.0,,false
182,60.0,92.0,,false
183,60.0,92.0,,false
184,60.0,89.0,,false
185,60.0,88.0,,false
186,60.0,81.0,,false
187,100.0,186.0,,false
188,100.0,211.0,,false
189,900.0,10.0,,false
190,1150.0,16.0,,false
191,1000.0,6.0,,false
192,1350.0,46.0,,true
193,500.0,60.0,,true
194,5000.0,17.0,,true
195,2200.0,139.0,,true
196,3500.0,280.0,,true
197,5000.0,600.0,,true
198,500.0,159.0,,true
199,125.0,521.0,,true
200,40.0,399.0,,true
201,350.0,151.0,,true
202,500.0,180.0,,false
203,500.0,472.0,,false
204,3300.0,30.0,,false
205,3300.0,25.0,,false
206,3300.0,25.0,,false
207,60.0,187.0,,false
208,60.0,178.0,,false
209,60.0,204.0,,false
210,800.0,4.0,,false
211,60.0,95.0,,false
212,60.0,102.0,,false
213,60.0,96.0,,false
214,60.0,108.0,,false
215,60.0,97.0,,false
216,60.0,113.0,,false
217,60.0,93.0,,false
218,100.0,221.0,,false
219,100.0,182.0,,false
220,900.0,10.0,,false
221,1150.0,15.0,,false
222,1000.0,8.0,,false
223,1350.0,48.0,,true
224,500.0,57.0,,true
225,5000.0,20.0,,true
226,2200.0,134.0,,true
227,3500.0,346.0,,true
228,5000.0,600.0,,true
229,500.0,148.0,,true
230,125.0,524.0,,true
231,40.0,382.0,,true
232,350.0,174.0,,true
233,500.0,174.0,,false
234,500.0,370.0,,false
235,3300.0,29.0,,false
236,3300.0,24.0,,false
237,3300.0,21.0,,false
238,60.0,226.0,,false
239,60.0,170.0,,false
240,60.0,199.0,,false
241,60.0,186.0,,false
242,800.0,4.0,,false
243,60.0,114.0,,false
244,60.0,118.0,,false
245,60.0,95.0,,false
246,60.0,104.0,,false
247,60.0,89.0,,false
248,60.0,81.0,,false
249,60.0,97.0,,false
250,60.0,95.0,,false
251,60.0,104.0,,false
252,60.0,97.0,,false
253,100.0,249.0,,false
254,100.0,248.0,,false
255,900.0,10.0,,false
256,1150.0,17.0,,false
257,1000.0,5.0,,false
258,1350.0,50.0,,true
259,500.0,57.0,,true
260,5000.0,18.0,,true
261,2200.0,131.0,,true
262,3500.0,247.0,,true
263,5000.0,600.0,,true
264,500.0,160.0,,true
265,125.0,536.0,,true
266,40.0,439.0,,true
267,350.0,168.0,,true
268,500.0,172.0,,false
269,500.0,547.0,,false
270,3300.0,23.0,,false
271,3300.0,26.0,,false
272,3300.0,29.0,,false
273,60.0,175.0,,false
274,60.0,199.0,,false
275,60.0,152.0,,false
276,800.0,6.0,,false
277,60.0,106.0,,false
278,60.0,103.0,,false
279,60.0,111.0,,false
280,60.0,118.0,,false
281,60.0,94.0,,false
282,60.0,87.0,,false
283,60.0,83.0,,false
284,60.0,111.0,,false
285,100.0,192.0,,false
286,100.0,200.0,,false
287,900.0,9.0,,false
288,1150.0,15.0,,false
289,1000.0,8.0,,false
290,1350.0,50.0,,true
291,500.0,56.0,,true
292,5000.0,16.0,,true
293,2200.0,140.0,,true
294,3500.0,258.0,,true
295,5000.0,600.0,,true
296,500.0,148.0,,true
297,125.0,456.0,,true
298,40.0,441.0,,true
299,350.0,167.0,,true
300,500.0,185.0,,false
301,500.0,340.0,,false
302,3300.0,30.0,,false
303,3300.0,30.0,,false
304,3300.0,28.0,,false
305,60.0,195.0,,false
306,60.0,234.0,,false
307,60.0,217.0,,false
308,800.0,6.0,,false
309,60.0,115.0,,false
310,60.0,83.0,,false
311,60.0,95.0,,false
312,60.0,105.0,,false
313,60.0,96.0,,false
314,60.0,82.0,,false
315,60.0,84.0,,false
316,60.0,99.0,,false
317,100.0,193.0,,false
318,100.0,243.0,,false
319,900.0,8.0,,false
320,1150.0,13.0,,false
321,1000.0,6.0,,false
322,1350.0,46.0,,true
323,500.0,60.0,,true
324,5000.0,18.0,,true
325,2200.0,139.0,,true
326,3500.0,294.0,,true
327,5000.0,600.0,,true
328,500.0,142.0,,true
329,125.0,510.0,,true
330,40.0,358.0,,true
331,350.0,166.0,,true
332,500.0,184.0,,false
333,500.0,348.0,,false
334,3300.0,25.0,,false
335,3300.0,28.0,,false
336,3300.0,23.0,,false
337,60.0,197.0,,false
338,60.0,200.0,,false
339,60.0,187.0,,false
340,800.0,6.0,,false
341,60.0,120.0,,false
342,60.0,102.0,,false
343,60.0,82.0,,false
344,60.0,93.0,,false
345,60.0,99.0,,false
346,60.0,117.0,,false
347,60.0,112.0,,false
348,60.0,113.0,,false
349,100.0,204.0,,false
350,100.0,249.0,,false
351,900.0,8.0,,false
352,1150.0,17.0,,false
353,1000.0,8.0,,false
354,1350.0,50.0,,true
355,500.0,58.0,,true
356,5000.0,18.0,,true
357,2200.0,134.0,,true
358,3500.0,294.0,,true
359,5000.0,600.0,,true
360,500.0,160.0,,true
361,125.0,494.0,,true
362,40.0,386.0,,true
363,350.0,170.0,,true
364,500.0,196.0,,false
365,500.0,333.0,,false
366,3300.0,25.0,,false
367,3300.0,27.0,,false
368,3300.0,28.0,,false
369,60.0,174.0,,false
370,60.0,156.0,,false
371,60.0,151.0,,false
372,800.0,5.0,,false
373,60.0,115.0,,false
374,60.0,95.0,,false
375,60.0,99.0,,false
376,60.0,106.0,,false
377,60.0,120.0,,false
378,60.0,94.0,,false
379,60.0,86.0,,false
380,60.0,103.0,,false
381,60.0,93.0,,false
382,100.0,214.0,,false
383,100.0,217.0,,false
384,900.0,8.0,,false
385,1150.0,18.0,,false
386,1000.0,5.0,,false
387,1350.0,50.0,,true
388,500.0,56.0,,true
389,5000.0,18.0,,true
390,2200.0,135.0,,true
391,3500.0,261.0,,true
392,5000.0,600.0,,true
393,500.0,156.0,,true
394,125.0,503.0,,true
395,40.0,410.0,,true
396,350.0,143.0,,true
397,500.0,178.0,,false
398,500.0,498.0,,false
399,3300.0,28.0,,false
400,3300.0,25.0,,false
401,3300.0,24.0,,false
402,60.0,219.0,,false
403,60.0,180.0,,false
404,60.0,175.0,,false
405,800.0,5.0,,false
406,60.0,113.0,,false
407,60.0,97.0,,false
408,60.0,96.0,,false
409,60.0,105.0,,false
410,60.0,82.0,,false
411,60.0,88.0,,false
412,60.0,102.0,,false
413,60.0,113.0,,false
414,100.0,187.0,,false
415,100.0,217.0,,false
416,900.0,7.0,,false
417,1150.0,17.0,,false
418,1000.0,5.0,,false
419,1350.0,48.0,,true
420,500.0,57.0,,true
421,5000.0,20.0,,true
422,2200.0,139.0,,true
423,3500.0,216.0,,true
424,5000.0,600.0,,true
425,500.0,157.0,,true
426,125.0,518.0,,true
427,40.0,450.0,,true
428,350.0,148.0,,true
429,500.0,187.0,,false
430,500.0,589.0,,false
431,3300.0,25.0,,false
432,3300.0,21.0,,false
433,3300.0,26.0,,false
434,60.0,201.0,,false
435,60.0,194.0,,false
436,60.0,216.0,,false
437,800.0,6.0,,false
438,60.0,117.0,,false
439,60.0,110.0,,false
440,60.0,113.0,,false
441,60.0,103.0,,false
442,60.0,110.0,,false
443,60.0,90.0,,false
444,60.0,114.0,,false
445,60.0,96.0,,false
446,60.0,117.0,,false
447,100.0,233.0,,false
448,100.0,220.0,,false
449,900.0,10.0,,false
450,1150.0,16.0,,false
451,1000.0,5.0,,false
452,1350.0,48.0,,true
453,500.0,56.0,,true
454,5000.0,17.0,,true
455,2200.0,136.0,,true
456,3500.0,306.0,,true
457,5000.0,600.0,,true
458,500.0,145.0,,true
459,125.0,451.0,,true
460,40.0,439.0,,true
461,350.0,161.0,,true
462,500.0,181.0,,false
463,500.0,552.0,,false
464,3300.0,25.0,,false
465,3300.0,27.0,,false
466,3300.0,28.0,,false
467,60.0,207.0,,false
468,60.0,163.0,,false
469,60.0,154.0,,false
470,800.0,5.0,,false
471,60.0,115.0,,false
472,60.0,89.0,,false
473,60.0,87.0,,false
474,60.0,120.0,,false
475,60.0,93.0,,false
476,60.0,103.0,,false
477,60.0,92.0,,false
478,60.0,87.0,,false
479,60.0,98.0,,false
480,100.0,233.0,,false
481,100.0,221.0,,false
482,900.0,10.0,,false
483,1150.0,15.0,,false
484,1000.0,5.0,,false
485,1350.0,48.0,,true
486,500.0,59.0,,true
487,5000.0,16.0,,true
488,2200.0,132.0,,true
489,3500.0,257.0,,true
490,5000.0,600.0,,true
491,500.0,145.0,,true
492,125.0,532.0,,true
493,40.0,351.0,,true
494,350.0,169.0,,true
495,500.0,187.0,,false
496,500.0,589.0,,false
497,3300.0,28.0,,false
498,3300.0,22.0,,false
499,3300.0,21.0,,false
500,60.0,193.0,,false
501,60.0,185.0,,false
502,60.0,177.0,,false
503,60.0,177.0,,false
504,800.0,4.0,,false
505,60.0,96.0,,false
506,60.0,95.0,,false
507,60.0,82.0,,false
508,60.0,85.0,,false
509,60.0,101.0,,false
510,60.0,113.0,,false
511,100.0,219.0,,false
512,100.0,223.0,,false
513,900.0,8.0,,false
514,1150.0,16.0,,false
515,1000.0,7.0,,false
516,1350.0,50.0,,true
517,500.0,59.0,,true
518,5000.0,20.0,,true
519,2200.0,137.0,,true
520,3500.0,343.0,,true
521,5000.0,600.0,,true
522,500.0,153.0,,true
523,125.0,488.0,,true
524,40.0,373.0,,true
525,350.0,176.0,,true
526,500.0,171.0,,false
527,500.0,560.0,,false
528,3300.0,27.0,,false
529,3300.0,27.0,,false
530,3300.0,26.0,,false
531,60.0,206.0,,false
532,60.0,244.0,,false
533,60.0,249.0,,false
534,60.0,220.0,,false
535,800.0,5.0,,false
536,60.0,100.0,,false
537,60.0,106.0,,false
538,60.0,90.0,,false
539,60.0,81.0,,false
540,60.0,113.0,,false
541,60.0,108.0,,false
542,100.0,236.0,,false
543,100.0,181.0,,false
544,900.0,9.0,,false
545,1150.0,14.0,,false
546,1000.0,8.0,,false
547,1350.0,47.0,,true
548,500.0,58.0,,true
549,5000.0,18.0,,true
550,2200.0,133.0,,true
551,3500.0,333.0,,true
552,5000.0,600.0,,true
553,500.0,157.0,,true
554,125.0,542.0,,true
555,40.0,426.0,,true
556,350.0,171.0,,true
557,500.0,198.0,,false
558,500.0,431.0,,false
559,3300.0,26.0,,false
560,3300.0,21.0,,false
561,3300.0,23.0,,false
562,60.0,245.0,,false
563,60.0,193.0,,false
564,60.0,179.0,,false
565,60.0,220.0,,false
566,800.0,6.0,,false
567,60.0,104.0,,false
568,60.0,101.0,,false
569,60.0,95.0,,false
570,60.0,92.0,,false
571,60.0,94.0,,false
572,60.0,86.0,,false
573,60.0,104.0,,false
574,60.0,88.0,,false
575,60.0,93.0,,false
576,100.0,233.0,,false
577,100.0,241.0,,false
578,900.0,10.0,,false
579,1150.0,13.0,,false
580,1000.0,6.0,,false
581,1350.0,50.0,,true
582,500.0,58.0,,true
583,5000.0,16.0,,true
584,2200.0,138.0,,true
585,3500.0,315.0,,true
586,5000.0,600.0,,true
587,500.0,156.0,,true
588,125.0,486.0,,true
589,40.0,373.0,,true
590,350.0,172.0,,true
591,500.0,196.0,,false
592,500.0,317.0,,false
593,3300.0,29.0,,false
594,3300.0,28.0,,false
595,3300.0,21.0,,false
596,60.0,240.0,,false
597,60.0,204.0,,false
598,60.0,244.0,,false
599,60.0,226.0,,false
600,800.0,4.0,,false
601,60.0,115.0,,false
602,60.0,116.0,,false
603,60.0,100.0,,false
604,60.0,88.0,,false
605,60.0,101.0,,false
606,60.0,89.0,,false
607,100.0,209.0,,false
608,100.0,228.0,,false
609,900.0,7.0,,false
610,1150.0,14.0,,false
611,1000.0,7.0,,false
612,1350.0,48.0,,true
613,500.0,57.0,,true
614,5000.0,16.0,,true
615,2200.0,138.0,,true
616,3500.0,378.0,,true
617,5000.0,600.0,,true
618,500.0,147.0,,true
619,125.0,472.0,,true
620,40.0,435.0,,true
621,350.0,177.0,,true
622,500.0,175.0,,false
623,500.0,342.0,,false
624,3300.0,25.0,,false
625,3300.0,29.0,,false
626,3300.0,23.0,,false
627,60.0,228.0,,false
628,60.0,248.0,,false
629,60.0,151.0,,false
630,800.0,6.0,,false
631,60.0,98.0,,false
632,60.0,101.0,,false
633,60.0,82.0,,false
634,60.0,84.0,,false
635,60.0,110.0,,false
636,60.0,108.0,,false
637,60.0,95.0,,false
638,60.0,91.0,,false
639,60.0,115.0,,false
640,100.0,198.0,,false
641,100.0,215.0,,false
642,900.0,9.0,,false
643,1150.0,13.0,,false
644,1000.0,8.0,,false
645,1350.0,48.0,,true
646,500.0,58.0,,true
647,5000.0,19.0,,true
648,2200.0,137.0,,true
649,3500.0,279.0,,true
650,5000.0,600.0,,true
651,500.0,149.0,,true
652,125.0,480.0,,true
653,40.0,355.0,,true
654,350.0,148.0,,true
655,500.0,184.0,,false
656,500.0,586.0,,false
657,3300.0,28.0,,false
658,3300.0,22.0,,false
659,3300.0,28.0,,false
660,60.0,191.0,,false
661,60.0,171.0,,false
662,60.0,215.0,,false
663,60.0,152.0,,false
664,800.0,5.0,,false
665,60.0,103.0,,false
666,60.0,101.0,,false
667,60.0,105.0,,false
668,60.0,106.0,,false
669,60.0,92.0,,false
670,60.0,86.0,,false
671,60.0,90.0,,false
672,60.0,117.0,,false
673,60.0,96.0,,false
674,100.0,200.0,,false
675,100.0,187.0,,false
676,900.0,7.0,,false
677,1150.0,15.0,,false
678,1000.0,7.0,,false
679,1350.0,50.0,,true
680,500.0,56.0,,true
681,5000.0,17.0,,true
682,2200.0,131.0,,true
683,3500.0,286.0,,true
684,5000.0,600.0,,true
685,500.0,156.0,,true
686,125.0,542.0,,true
687,40.0,399.0,,true
688,350.0,169.0,,true
689,500.0,187.0,,false
690,500.0,566.0,,false
691,3300.0,28.0,,false
692,3300.0,26.0,,false
693,3300.0,21.0,,false
694,60.0,202.0,,false
695,60.0,234.0,,false
696,60.0,245.0,,false
697,800.0,6.0,,false
698,60.0,107.0,,false
699,60.0,88.0,,false
700,60.0,110.0,,false
701,60.0,98.0,,false
702,60.0,81.0,,false
703,60.0,82.0,,false
704,60.0,84.0,,false
705,60.0,89.0,,false
706,60.0,89.0,,false
707,60.0,119.0,,false
708,100.0,198.0,,false
709,100.0,222.0,,false
710,900.0,9.0,,false
711,1150.0,13.0,,false
712,1000.0,8.0,,false
713,1350.0,50.0,,true
714,500.0,57.0,,true
715,5000.0,16.0,,true
716,2200.0,138.0,,true
717,3500.0,244.0,,true
718,5000.0,600.0,,true
719,500.0,154.0,,true
720,125.0,504.0,,true
721,40.0,449.0,,true
722,350.0,167.0,,true
723,500.0,189.0,,false
724,500.0,436.0,,false
725,3300.0,30.0,,false
726,3300.0,22.0,,false
727,3300.0,26.0,,false
728,60.0,165.0,,false
729,60.0,173.0,,false
730,60.0,204.0,,false
731,800.0,6.0,,false
732,60.0,98.0,,false
733,60.0,88.0,,false
734,60.0,98.0,,false
735,60.0,97.0,,false
736,60.0,88.0,,false
737,60.0,89.0,,false
738,60.0,89.0,,false
739,60.0,94.0,,false
740,100.0,223.0,,false
741,100.0,238.0,,false
742,900.0,7.0,,false
743,1150.0,14.0,,false
744,1000.0,6.0,,false
745,1350.0,46.0,,true
746,500.0,57.0,,true
747,5000.0,19.0,,true
748,2200.0,138.0,,true
749,3500.0,324.0,,true
750,5000.0,600.0,,true
751,500.0,143.0,,true
752,125.0,466.0,,true
753,40.0,401.0,,true
754,350.0,158.0,,true
755,500.0,178.0,,false
756,500.0,305.0,,false
757,3300.0,26.0,,false
758,3300.0,30.0,,false
759,3300.0,22.0,,false
760,60.0,233.0,,false
761,60.0,193.0,,false
762,60.0,181.0,,false
763,60.0,236.0,,false
764,800.0,6.0,,false
765,60.0,117.0,,false
766,60.0,102.0,,false
767,60.0,98.0,,false
768,60.0,96.0,,false
769,60.0,84.0,,false
770,60.0,109.0,,false
771,60.0,104.0,,false
772,100.0,244.0,,false
773,100.0,195.0,,false
774,900.0,7.0,,false
775,1150.0,14.0,,false
776,1000.0,5.0,,false
777,1350.0,49.0,,true
778,500.0,58.0,,true
779,5000.0,19.0,,true
780,2200.0,138.0,,true
781,3500.0,379.0,,true
782,5000.0,600.0,,true
783,500.0,147.0,,true
784,125.0,472.0,,true
785,40.0,395.0,,true
786,350.0,168.0,,true
787,500.0,183.0,,false
788,500.0,331.0,,false
789,3300.0,28.0,,false
790,3300.0,24.0,,false
791,3300.0,25.0,,false
792,60.0,163.0,,false
793,60.0,243.0,,false
794,60.0,178.0,,false
795,60.0,171.0,,false
796,800.0,5.0,,false
797,60.0,81.0,,false
798,60.0,118.0,,false
799,60.0,99.0,,false
800,60.0,108.0,,false
801,60.0,92.0,,false
802,60.0,113.0,,false
803,60.0,111.0,,false
804,60.0,119.0,,false
805,100.0,196.0,,false
806,100.0,250.0,,false
807,900.0,8.0,,false
808,1150.0,18.0,,false
809,1000.0,8.0,,false
810,1350.0,48.0,,true
811,500.0,57.0,,true
812,5000.0,19.0,,true
813,2200.0,135.0,,true
814,3500.0,224.0,,true
815,5000.0,600.0,,true
816,500.0,149.0,,true
817,125.0,540.0,,true
818,40.0,376.0,,true
819,350.0,156.0,,true
820,500.0,190.0,,false
821,500.0,474.0,,false
822,3300.0,28.0,,false
823,3300.0,21.0,,false
824,3300.0,26.0,,false
825,60.0,166.0,,false
826,60.0,250.0,,false
827,60.0,203.0,,false
828,800.0,4.0,,false
829,60.0,113.0,,false
830,60.0,90.0,,false
831,60.0,104.0,,false
832,60.0,87.0,,false
833,60.0,87.0,,false
834,60.0,82.0,,false
835,60.0,87.0,,false
836,60.0,115.0,,false
837,100.0,207.0,,false
838,100.0,195.0,,false
839,900.0,8.0,,false
840,1150.0,14.0,,false
841,1000.0,8.0,,false
842,1350.0,49.0,,true
843,500.0,59.0,,true
844,5000.0,18.0,,true
845,2200.0,139.0,,true
846,3500.0,331.0,,true
847,5000.0,600.0,,true
848,500.0,157.0,,true
849,125.0,533.0,,true
850,40.0,456.0,,true
851,350.0,141.0,,true
852,500.0,176.0,,false
853,500.0,460.0,,false
854,3300.0,26.0,,false
855,3300.0,29.0,,false
856,3300.0,21.0,,false
857,60.0,228.0,,false
858,60.0,224.0,,false
859,60.0,200.0,,false
860,60.0,225.0,,false
861,800.0,5.0,,false
862,60.0,96.0,,false
863,60.0,84.0,,false
864,60.0,97.0,,false
865,60.0,90.0,,false
866,60.0,105.0,,false
867,60.0,105.0,,false
868,100.0,231.0,,false
869,100.0,225.0,,false
870,900.0,10.0,,false
871,1150.0,17.0,,false
872,1000.0,6.0,,false
873,1350.0,47.0,,true
874,500.0,56.0,,true
875,5000.0,18.0,,true
876,2200.0,132.0,,true
877,3500.0,365.0,,true
878,5000.0,600.0,,true
879,500.0,143.0,,true
880,125.0,452.0,,true
881,40.0,393.0,,true
882,350.0,180.0,,true
883,500.0,189.0,,false
884,500.0,363.0,,false
885,3300.0,22.0,,false
886,3300.0,29.0,,false
887,3300.0,24.0,,false
888,60.0,174.0,,false
889,60.0,179.0,,false
890,60.0,194.0,,false
891,60.0,223.0,,false
892,800.0,5.0,,false
893,60.0,96.0,,false
894,60.0,102.0,,false
895,60.0,119.0,,false
896,60.0,101.0,,false
897,60.0,112.0,,false
898,60.0,113.0,,false
899,60.0,116.0,,false
900,60.0,88.0,,false
901,60.0,86.0,,false
902,100.0,212.0,,false
903,100.0,185.0,,false
904,900.0,9.0,,false
905,1150.0,16.0,,false
906,1000.0,6.0,,false
907,1350.0,49.0,,true
908,500.0,58.0,,true
909,5000.0,17.0,,true
910,2200.0,136.0,,true
911,3500.0,284.0,,true
912,5000.0,600.0,,true
913,500.0,149.0,,true
914,125.0,536.0,,true
915,40.0,355.0,,true
916,350.0,175.0,,true
917,500.0,182.0,,false
918,500.0,435.0,,false
919,3300.0,30.0,,false
920,3300.0,26.0,,false
921,3300.0,24.0,,false
922,60.0,224.0,,false
923,60.0,233.0,,false
924,60.0,249.0,,false
925,60.0,209.0,,false
926,800.0,5.0,,false
927,60.0,118.0,,false
928,60.0,85.0,,false
929,60.0,111.0,,false
930,60.0,110.0,,false
931,60.0,95.0,,false
932,60.0,90.0,,false
933,100.0,196.0,,false
934,100.0,194.0,,false
935,900.0,8.0,,false
936,1150.0,16.0,,false
937,1000.0,8.0,,false
938,1350.0,49.0,,true
939,500.0,56.0,,true
940,5000.0,17.0,,true
941,2200.0,138.0,,true
942,3500.0,321.0,,true
943,5000.0,600.0,,true
944,500.0,158.0,,true
945,125.0,496.0,,true
946,40.0,380.0,,true
947,350.0,178.0,,true
948,500.0,193.0,,false
949,500.0,323.0,,false
950,3300.0,30.0,,false
951,3300.0,25.0,,false
952,3300.0,27.0,,false
953,60.0,167.0,,false
954,60.0,199.0,,false
955,60.0,225.0,,false
956,60.0,229.0,,false
957,800.0,6.0,,false
958,60.0,92.0,,false
959,60.0,116.0,,false
960,60.0,117.0,,false
961,60.0,81.0,,false
962,60.0,119.0,,false
963,60.0,100.0,,false
964,100.0,231.0,,false
965,100.0,242.0,,false
966,900.0,9.0,,false
967,1150.0,16.0,,false
968,1000.0,7.0,,false
969,1350.0,46.0,,true
970,500.0,57.0,,true
971,5000.0,20.0,,true
972,2200.0,133.0,,true
973,3500.0,357.0,,true
974,5000.0,600.0,,true
975,500.0,142.0,,true
976,125.0,536.0,,true
977,40.0,370.0,,true
978,350.0,148.0,,true
979,500.0,189.0,,false
980,500.0,567.0,,false
981,3300.0,27.0,,false
982,3300.0,24.0,,false
983,3300.0,29.0,,false
984,60.0,152.0,,false
985,60.0,206.0,,false
986,60.0,214.0,,false
987,800.0,5.0,,false
988,60.0,94.0,,false
989,60.0,83.0,,false
990,60.0,106.0,,false
991,60.0,115.0,,false
992,60.0,98.0,,false
993,60.0,86.0,,false
994,100.0,194.0,,false
995,100.0,247.0,,false
996,900.0,8.0,,false
997,1150.0,15.0,,false
998,1000.0,8.0,,false
999,1350.0,47.0,,true
1000,500.0,58.0,,true
1001,5000.0,17.0,,true
1002,2200.0,133.0,,true
1003,3500.0,395.0,,true
1004,5000.0,600.0,,true
1005,500.0,146.0,,true
1006,125.0,468.0,,true
1007,40.0,380.0,,true
1008,350.0,167.0,,true
1009,500.0,186.0,,false
1010,500.0,566.0,,false
1011,3300.0,24.0,,false
1012,3300.0,21.0,,false
1013,3300.0,26.0,,false
1014,60.0,191.0,,false
1015,60.0,250.0,,false
1016,60.0,223.0,,false
1017,800.0,4.0,,false
1018,60.0,86.0,,false
1019,60.0,103.0,,false
1020,60.0,103.0,,false
1021,60.0,118.0,,false
1022,60.0,81.0,,false
1023,60.0,86.0,,false
1024,60.0,117.0,,false
1025,60.0,108.0,,false
1026,100.0,221.0,,false
1027,100.0,219.0,,false
1028,900.0,8.0,,false
1029,1150.0,14.0,,false
1030,1000.0,5.0,,false
1031,1350.0,50.0,,true
1032,500.0,58.0,,true
1033,5000.0,16.0,,true
1034,2200.0,131.0,,true
1035,3500.0,301.0,,true
1036,5000.0,600.0,,true
1037,500.0,153.0,,true
1038,125.0,457.0,,true
1039,40.0,442.0,,true
1040,350.0,153.0,,true
1041,500.0,185.0,,false
1042,500.0,403.0,,false
1043,3300.0,26.0,,false
1044,3300.0,30.0,,false
1045,3300.0,28.0,,false
1046,60.0,250.0,,false
1047,60.0,167.0,,false
1048,60.0,165.0,,false
1049,60.0,215.0,,false
1050,800.0,6.0,,false
1051,60.0,104.0,,false
1052,60.0,115.0,,false
1053,60.0,109.0,,false
1054,60.0,105.0,,false
1055,60.0,86.0,,false
1056,60.0,81.0,,false
1057,60.0,102.0,,false
1058,60.0,94.0,,false
1059,60.0,117.0,,false
1060,100.0,237.0,,false
1061,100.0,239.0,,false
1062,900.0,8.0,,false
1063,1150.0,15.0,,false
1064,1000.0,8.0,,false
1065,1350.0,50.0,,true
1066,500.0,56.0,,true
1067,5000.0,20.0,,true
1068,2200.0,137.0,,true
1069,3500.0,328.0,,true
1070,5000.0,600.0,,true
1071,500.0,156.0,,true
1072,125.0,515.0,,true
1073,40.0,389.0,,true
1074,350.0,164.0,,true
1075,500.0,192.0,,false
1076,500.0,415.0,,false
1077,3300.0,24.0,,false
1078,3300.0,24.0,,false
1079,3300.0,21.0,,false
1080,60.0,162.0,,false
1081,60.0,250.0,,false
1082,60.0,162.0,,false
1083,800.0,5.0,,false
1084,60.0,106.0,,false
1085,60.0,87.0,,false
1086,60.0,105.0,,false
1087,60.0,113.0,,false
1088,60.0,108.0,,false
1089,60.0,87.0,,false
1090,60.0,109.0,,false
1091,100.0,210.0,,false
1092,100.0,245.0,,false
1093,900.0,10.0,,false
1094,1150.0,16.0,,false
1095,1000.0,7.0,,false
1096,1350.0,46.0,,true
1097,500.0,60.0,,true
1098,5000.0,17.0,,true
1099,2200.0,138.0,,true
1100,3500.0,352.0,,true
1101,5000.0,600.0,,true
1102,500.0,158.0,,true
1103,125.0,530.0,,true
1104,40.0,427.0,,true
1105,350.0,147.0,,true
1106,500.0,188.0,,false
1107,500.0,304.0,,false
1108,3300.0,30.0,,false
1109,3300.0,28.0,,false
1110,3300.0,30.0,,false
1111,60.0,193.0,,false
1112,60.0,231.0,,false
1113,60.0,167.0,,false
1114,60.0,236.0,,false
1115,800.0,5.0,,false
1116,60.0,110.0,,false
1117,60.0,91.0,,false
1118,60.0,93.0,,false
1119,60.0,119.0,,false
1120,60.0,108.0,,false
1121,60.0,118.0,,false
1122,60.0,88.0,,false
1123,60.0,106.0,,false
1124,60.0,104.0,,false
1125,100.0,198.0,,false
1126,100.0,195.0,,false
1127,900.0,9.0,,false
1128,1150.0,15.0,,false
1129,1000.0,6.0,,false
1130,1350.0,50.0,,true
1131,500.0,58.0,,true
1132,5000.0,17.0,,true
1133,2200.0,134.0,,true
1134,3500.0,234.0,,true
1135,5000.0,600.0,,true
1136,500.0,159.0,,true
1137,125.0,511.0,,true
1138,40.0,451.0,,true
1139,350.0,146.0,,true
1140,500.0,183.0,,false
1141,500.0,486.0,,false
1142,3300.0,26.0,,false
1143,3300.0,28.0,,false
1144,3300.0,24.0,,false
1145,60.0,219.0,,false
1146,60.0,220.0,,false
1147,60.0,229.0,,false
1148,60.0,185.0,,false
1149,800.0,5.0,,false
1150,60.0,101.0,,false
1151,60.0,102.0,,false
1152,60.0,91.0,,false
1153,60.0,91.0,,false
1154,60.0,112.0,,false
1155,60.0,113.0,,false
1156,60.0,116.0,,false
1157,60.0,101.0,,false
1158,60.0,89.0,,false
1159,60.0,114.0,,false
1160,100.0,235.0,,false
1161,100.0,185.0,,false
1162,900.0,9.0,,false
1163,1150.0,14.0,,false
1164,1000.0,5.0,,false
1165,1350.0,47.0,,true
1166,500.0,60.0,,true
1167,5000.0,17.0,,true
1168,2200.0,136.0,,true
1169,3500.0,338.0,,true
1170,5000.0,600.0,,true
1171,500.0,156.0,,true
1172,125.0,473.0,,true
1173,40.0,434.0,,true
1174,350.0,149.0,,true
1175,500.0,183.0,,false
1176,500.0,383.0,,false
1177,3300.0,28.0,,false
1178,3300.0,22.0,,false
1179,3300.0,26.0,,false
1180,60.0,243.0,,false
1181,60.0,198.0,,false
1182,60.0,168.0,,false
1183,60.0,191.0,,false
1184,800.0,6.0,,false
1185,60.0,114.0,,false
1186,60.0,106.0,,false
1187,60.0,99.0,,false
1188,60.0,110.0,,false
1189,60.0,115.0,,false
1190,60.0,115.0,,false
1191,60.0,114.0,,false
1192,60.0,101.0,,false
1193,60.0,113.0,,false
1194,100.0,195.0,,false
1195,100.0,232.0,,false
1196,900.0,7.0,,false
1197,1150.0,15.0,,false
1198,1000.0,5.0,,false
1199,1350.0,46.0,,true
1200,500.0,59.0,,true
1201,5000.0,20.0,,true
1202,2200.0,137.0,,true
1203,3500.0,373.0,,true
1204,5000.0,600.0,,true
1205,500.0,150.0,,true
1206,125.0,461.0,,true
1207,40.0,437.0,,true
1208,350.0,145.0,,true
1209,500.0,177.0,,false
1210,500.0,513.0,,false
1211,3300.0,28.0,,false
1212,3300.0,22.0,,false
1213,3300.0,22.0,,false
1214,60.0,208.0,,false
1215,60.0,155.0,,false
1216,60.0,237.0,,false
1217,60.0,246.0,,false
1218,800.0,6.0,,false
1219,60.0,103.0,,false
1220,60.0,117.0,,false
1221,60.0,92.0,,false
1222,60.0,110.0,,false
1223,60.0,105.0,,false
1224,60.0,103.0,,false
1225,60.0,87.0,,false
1226,60.0,110.0,,false
1227,60.0,105.0,,false
1228,60.0,82.0,,false
1229,100.0,248.0,,false
1230,100.0,190.0,,false
1231,900.0,8.0,,false
1232,1150.0,15.0,,false
1233,1000.0,7.0,,false
1234,1350.0,49.0,,true
1235,500.0,59.0,,true
1236,5000.0,19.0,,true
1237,2200.0,140.0,,true
1238,3500.0,315.0,,true
1239,5000.0,600.0,,true
1240,500.0,150.0,,true
1241,125.0,486.0,,true
1242,40.0,386.0,,true
1243,350.0,149.0,,true
1244,500.0,184.0,,false
1245,500.0,392.0,,false
1246,3300.0,29.0,,false
1247,3300.0,23.0,,false
1248,3300.0,27.0,,false
1249,60.0,183.0,,false
1250,60.0,201.0,,false
1251,60.0,218.0,,false
1252,800.0,4.0,,false
1253,60.0,87.0,,false
1254,60.0,104.0,,false
1255,60.0,115.0,,false
1256,60.0,110.0,,false
1257,60.0,115.0,,false
1258,60.0,84.0,,false
1259,60.0,120.0,,false
1260,60.0,84.0,,false
1261,60.0,118.0,,false
1262,60.0,101.0,,false
1263,100.0,205.0,,false
1264,100.0,189.0,,false
1265,900.0,9.0,,false
1266,1150.0,13.0,,false
1267,1000.0,5.0,,false
1268,1350.0,47.0,,true
1269,500.0,57.0,,true
1270,5000.0,19.0,,true
1271,2200.0,136.0,,true
1272,3500.0,227.0,,true
1273,5000.0,600.0,,true
1274,500.0,142.0,,true
1275,125.0,454.0,,true
1276,40.0,430.0,,true
1277,350.0,164.0,,true
1278,500.0,187.0,,false
1279,500.0,526.0,,false
1280,3300.0,25.0,,false
1281,3300.0,30.0,,false
1282,3300.0,23.0,,false
1283,60.0,247.0,,false
1284,60.0,241.0,,false
1285,60.0,201.0,,false
1286,800.0,4.0,,false
1287,60.0,90.0,,false
1288,60.0,95.0,,false
1289,60.0,102.0,,false
1290,60.0,91.0,,false
1291,60.0,90.0,,false
1292,60.0,99.0,,false
1293,60.0,120.0,,false
1294,100.0,197.0,,false
1295,100.0,237.0,,false
1296,900.0,7.0,,false
1297,1150.0,18.0,,false
1298,1000.0,7.0,,false
1299,1350.0,49.0,,true
1300,500.0,56.0,,true
1301,5000.0,17.0,,true
1302,2200.0,138.0,,true
1303,3500.0,314.0,,true
1304,5000.0,600.0,,true
1305,500.0,143.0,,true
1306,125.0,518.0,,true
1307,40.0,388.0,,true
1308,350.0,150.0,,true
1309,500.0,178.0,,false
1310,500.0,541.0,,false
1311,3300.0,21.0,,false
1312,3300.0,22.0,,false
1313,3300.0,30.0,,false
1314,60.0,222.0,,false
1315,60.0,216.0,,false
1316,60.0,233.0,,false
1317,800.0,5.0,,false
1318,60.0,112.0,,false
1319,60.0,95.0,,false
1320,60.0,88.0,,false
1321,60.0,91.0,,false
1322,60.0,90.0,,false
1323,60.0,106.0,,false
1324,60.0,120.0,,false
1325,60.0,100.0,,false
1326,60.0,111.0,,false
1327,60.0,118.0,,false
1328,100.0,185.0,,false
1329,100.0,235.0,,false
1330,900.0,10.0,,false
1331,1150.0,15.0,,false
1332,1000.0,6.0,,false
1333,1350.0,46.0,,true
1334,500.0,57.0,,true
1335,5000.0,17.0,,true
1336,2200.0,131.0,,true
1337,3500.0,283.0,,true
1338,5000.0,600.0,,true
1339,500.0,152.0,,true
1340,125.0,533.0,,true
1341,40.0,442.0,,true
1342,350.0,143.0,,true
1343,500.0,171.0,,false
1344,500.0,580.0,,false
1345,3300.0,26.0,,false
1346,3300.0,23.0,,false
1347,3300.0,27.0,,false
1348,60.0,185.0,,false
1349,60.0,166.0,,false
1350,60.0,184.0,,false
1351,800.0,6.0,,false
1352,60.0,104.0,,false
1353,60.0,116.0,,false
1354,60.0,97.0,,false
1355,60.0,97.0,,false
1356,60.0,82.0,,false
1357,60.0,89.0,,false
1358,60.0,116.0,,false
1359,60.0,106.0,,false
1360,60.0,93.0,,false
1361,100.0,250.0,,false
1362,100.0,204.0,,false
1363,900.0,8.0,,false
1364,1150.0,14.0,,false
1365,1000.0,7.0,,false
1366,1350.0,49.0,,true
1367,500.0,57.0,,true
1368,5000.0,20.0,,true
1369,2200.0,137.0,,true
1370,3500.0,366.0,,true
1371,5000.0,600.0,,true
1372,500.0,143.0,,true
1373,125.0,503.0,,true
1374,40.0,375.0,,true
1375,350.0,177.0,,true
1376,500.0,185.0,,false
1377,500.0,500.0,,false
1378,3300.0,29.0,,false
1379,3300.0,28.0,,false
1380,3300.0,29.0,,false
1381,60.0,250.0,,false
1382,60.0,210.0,,false
1383,60.0,154.0,,false
1384,60.0,219.0,,false
1385,800.0,4.0,,false
1386,60.0,95.0,,false
1387,60.0,96.0,,false
1388,60.0,93.0,,false
1389,60.0,106.0,,false
1390,60.0,102.0,,false
1391,60.0,102.0,,false
1392,60.0,102.0,,false
1393,60.0,82.0,,false
1394,60.0,101.0,,false
1395,100.0,207.0,,false
1396,100.0,237.0,,false
1397,900.0,8.0,,false
1398,1150.0,13.0,,false
1399,1000.0,6.0,,false
1400,1350.0,46.0,,true
1401,500.0,59.0,,true
1402,5000.0,16.0,,true
1403,2200.0,131.0,,true
1404,3500.0,343.0,,true
1405,5000.0,600.0,,true
1406,500.0,153.0,,true
1407,125.0,467.0,,true
1408,40.0,365.0,,true
1409,350.0,158.0,,true
1410,500.0,174.0,,false
1411,500.0,447.0,,false
1412,3300.0,30.0,,false
1413,3300.0,21.0,,false
1414,3300.0,24.0,,false
1415,60.0,174.0,,false
1416,60.0,216.0,,false
1417,60.0,161.0,,false
1418,60.0,198.0,,false
1419,800.0,5.0,,false
1420,60.0,88.0,,false
1421,60.0,88.0,,false
1422,60.0,115.0,,false
1423,60.0,101.0,,false
1424,60.0,116.0,,false
1425,60.0,98.0,,false
1426,100.0,188.0,,false
1427,100.0,183.0,,false
1428,900.0,8.0,,false
1429,1150.0,14.0,,false
1430,1000.0,6.0,,false
1431,1350.0,46.0,,true
1432,500.0,56.0,,true
1433,5000.0,17.0,,true
1434,2200.0,133.0,,true
1435,3500.0,203.0,,true
1436,5000.0,600.0,,true
1437,500.0,154.0,,true
1438,125.0,499.0,,true
1439,40.0,432.0,,true
1440,350.0,172.0,,true
1441,500.0,189.0,,false
1442,500.0,451.0,,false
1443,3300.0,23.0,,false
1444,3300.0,29.0,,false
1445,3300.0,23.0,,false
1446,60.0,178.0,,false
1447,60.0,225.0,,false
1448,60.0,179.0,,false
1449,60.0,162.0,,false
1450,800.0,5.0,,false
1451,60.0,95.0,,false
1452,60.0,101.0,,false
1453,60.0,113.0,,false
1454,60.0,91.0,,false
1455,60.0,105.0,,false
1456,60.0,101.0,,false
1457,100.0,235.0,,false
1458,100.0,203.0,,false
1459,900.0,10.0,,false
1460,1150.0,13.0,,false
1461,1000.0,7.0,,false
1462,1350.0,46.0,,true
1463,500.0,60.0,,true
1464,5000.0,19.0,,true
1465,2200.0,131.0,,true
1466,3500.0,234.0,,true
1467,5000.0,600.0,,true
1468,500.0,144.0,,true
1469,125.0,507.0,,true
1470,40.0,388.0,,true
1471,350.0,164.0,,true
1472,500.0,187.0,,false
1473,500.0,460.0,,false
1474,3300.0,23.0,,false
1475,3300.0,22.0,,false
1476,3300.0,22.0,,false
1477,60.0,212.0,,false
1478,60.0,162.0,,false
1479,60.0,202.0,,false
1480,800.0,4.0,,false
1481,60.0,112.0,,false
1482,60.0,115.0,,false
1483,60.0,91.0,,false
1484,60.0,87.0,,false
1485,60.0,104.0,,false
1486,60.0,111.0,,false
1487,60.0,102.0,,false
1488,60.0,109.0,,false
1489,60.0,81.0,,false
1490,100.0,207.0,,false
1491,100.0,239.0,,false
1492,900.0,10.0,,false
1493,1150.0,17.0,,false
1494,1000.0,7.0,,false
1495,1350.0,47.0,,true
1496,500.0,60.0,,true
1497,5000.0,19.0,,true
1498,2200.0,131.0,,true
1499,3500.0,370.0,,true
1500,5000.0,600.0,,true
1501,500.0,157.0,,true
1502,125.0,546.0,,true
1503,40.0,353.0,,true
1504,350.0,171.0,,true
1505,500.0,179.0,,false
1506,500.0,503.0,,false
1507,3300.0,22.0,,false
1508,3300.0,23.0,,false
1509,3300.0,23.0,,false
1510,60.0,236.0,,false
1511,60.0,196.0,,false
1512,60.0,228.0,,false
1513,60.0,231.0,,false
1514,800.0,4.0,,false
1515,60.0,89.0,,false
1516,60.0,111.0,,false
1517,60.0,118.0,,false
1518,60.0,84.0,,false
1519,60.0,115.0,,false
1520,60.0,111.0,,false
1521,100.0,187.0,,false
1522,100.0,242.0,,false
1523,900.0,10.0,,false
1524,1150.0,17.0,,false
1525,1000.0,8.0,,false
1526,1350.0,50.0,,true
1527,500.0,58.0,,true
1528,5000.0,20.0,,true
1529,2200.0,135.0,,true
1530,3500.0,329.0,,true
1531,5000.0,600.0,,true
1532,500.0,155.0,,true
1533,125.0,543.0,,true
1534,40.0,409.0,,true
1535,350.0,145.0,,true
1536,500.0,193.0,,false
1537,500.0,334.0,,false
1538,3300.0,25.0,,false
1539,3300.0,28.0,,false
1540,3300.0,27.0,,false
1541,60.0,248.0,,false
1542,60.0,188.0,,false
1543,60.0,247.0,,false
1544,60.0,195.0,,false
1545,800.0,6.0,,false
1546,60.0,117.0,,false
1547,60.0,105.0,,false
1548,60.0,100.0,,false
1549,60.0,108.0,,false
1550,60.0,113.0,,false
1551,60.0,83.0,,false
1552,60.0,104.0,,false
1553,60.0,92.0,,false
1554,60.0,91.0,,false
1555,100.0,195.0,,false
1556,100.0,246.0,,false
1557,900.0,10.0,,false
1558,1150.0,16.0,,false
1559,1000.0,5.0,,false
1560,1350.0,46.0,,true
1561,500.0,60.0,,true
1562,5000.0,16.0,,true
1563,2200.0,133.0,,true
1564,3500.0,257.0,,true
1565,5000.0,600.0,,true
1566,500.0,146.0,,true
1567,125.0,543.0,,true
1568,40.0,382.0,,true
1569,350.0,178.0,,true
1570,500.0,172.0,,false
1571,500.0,534.0,,false
1572,3300.0,26.0,,false
1573,3300.0,28.0,,false
1574,3300.0,28.0,,false
1575,60.0,237.0,,false
1576,60.0,187.0,,false
1577,60.0,175.0,,false
1578,60.0,154.0,,false
1579,800.0,4.0,,false
1580,60.0,96.0,,false
1581,60.0,113.0,,false
1582,60.0,112.0,,false
1583,60.0,94.0,,false
1584,60.0,87.0,,false
1585,60.0,102.0,,false
1586,60.0,99.0,,false
1587,100.0,204.0,,false
1588,100.0,233.0,,false
1589,900.0,8.0,,false
1590,1150.0,16.0,,false
1591,1000.0,5.0,,false
1592,1350.0,49.0,,true
1593,500.0,58.0,,true
1594,5000.0,16.0,,true
1595,2200.0,131.0,,true
1596,3500.0,313.0,,true
1597,5000.0,600.0,,true
1598,500.0,154.0,,true
1599,125.0,532.0,,true
1600,40.0,393.0,,true
1601,350.0,163.0,,true
1602,500.0,190.0,,false
1603,500.0,518.0,,false
1604,3300.0,30.0,,false
1605,3300.0,25.0,,false
1606,3300.0,28.0,,false
1607,60.0,163.0,,false
1608,60.0,202.0,,false
1609,60.0,231.0,,false
1610,60.0,163.0,,false
1611,800.0,4.0,,false
1612,60.0,84.0,,false
1613,60.0,106.0,,false
1614,60.0,85.0,,false
1615,60.0,96.0,,false
1616,60.0,87.0,,false
1617,60.0,104.0,,false
1618,60.0,106.0,,false
1619,60.0,120.0,,false
1620,100.0,227.0,,false
1621,100.0,213.0,,false
1622,900.0,9.0,,false
1623,1150.0,18.0,,false
1624,1000.0,6.0,,false
1625,1350.0,46.0,,true
1626,500.0,60.0,,true
1627,5000.0,17.0,,true
1628,2200.0,136.0,,true
1629,3500.0,284.0,,true
1630,5000.0,600.0,,true
1631,500.0,151.0,,true
1632,125.0,458.0,,true
1633,40.0,459.0,,true
1634,350.0,179.0,,true
1635,500.0,178.0,,false
1636,500.0,393.0,,false
1637,3300.0,23.0,,false
1638,3300.0,30.0,,false
1639,3300.0,22.0,,false
1640,60.0,199.0,,false
1641,60.0,237.0,,false
1642,60.0,213.0,,false
1643,60.0,156.0,,false
1644,800.0,4.0,,false
1645,60.0,112.0,,false
1646,60.0,110.0,,false
1647,60.0,117.0,,false
1648,60.0,101.0,,false
1649,60.0,86.0,,false
1650,60.0,102.0,,false
1651,60.0,115.0,,false
1652,100.0,184.0,,false
1653,100.0,200.0,,false
1654,900.0,8.0,,false
1655,1150.0,17.0,,false
1656,1000.0,8.0,,false
1657,1350.0,49.0,,true
1658,500.0,57.0,,true
1659,5000.0,20.0,,true
1660,2200.0,137.0,,true
1661,3500.0,377.0,,true
1662,5000.0,600.0,,true
1663,500.0,155.0,,true
1664,125.0,518.0,,true
1665,40.0,424.0,,true
1666,350.0,165.0,,true
1667,500.0,200.0,,false
1668,500.0,589.0,,false
1669,3300.0,24.0,,false
1670,3300.0,24.0,,false
1671,3300.0,24.0,,false
1672,60.0,201.0,,false
1673,60.0,212.0,,false
1674,60.0,231.0,,false
1675,60.0,218.0,,false
1676,800.0,6.0,,false
1677,60.0,108.0,,false
1678,60.0,99.0,,false
1679,60.0,100.0,,false
1680,60.0,111.0,,false
1681,60.0,113.0,,false
1682,60.0,104.0,,false
1683,60.0,96.0,,false
1684,60.0,90.0,,false
1685,100.0,184.0,,false
1686,100.0,216.0,,false
1687,900.0,10.0,,false
1688,1150.0,17.0,,false
1689,1000.0,5.0,,false
1690,1350.0,48.0,,true
1691,500.0,57.0,,true
1692,5000.0,20.0,,true
1693,2200.0,137.0,,true
1694,3500.0,306.0,,true
1695,5000.0,600.0,,true
1696,500.0,141.0,,true
1697,125.0,516.0,,true
1698,40.0,433.0,,true
1699,350.0,152.0,,true
1700,500.0,193.0,,false
1701,500.0,478.0,,false
1702,3300.0,22.0,,false
1703,3300.0,27.0,,false
1704,3300.0,23.0,,false
1705,60.0,248.0,,false
1706,60.0,182.0,,false
1707,60.0,204.0,,false
1708,800.0,5.0,,false
1709,60.0,109.0,,false
1710,60.0,119.0,,false
1711,60.0,86.0,,false
1712,60.0,112.0,,false
1713,60.0,93.0,,false
1714,60.0,115.0,,false
1715,60.0,92.0,,false
1716,100.0,182.0,,false
1717,100.0,243.0,,false
1718,900.0,10.0,,false
1719,1150.0,13.0,,false
1720,1000.0,8.0,,false
1721,1350.0,46.0,,true
1722,500.0,60.0,,true
1723,5000.0,20.0,,true
1724,2200.0,132.0,,true
1725,3500.0,393.0,,true
1726,5000.0,600.0,,true
1727,500.0,147.0,,true
1728,125.0,545.0,,true
1729,40.0,355.0,,true
1730,350.0,178.0,,true
1731,500.0,179.0,,false
1732,500.0,325.0,,false
1733,3300.0,30.0,,false
1734,3300.0,29.0,,false
1735,3300.0,24.0,,false
1736,60.0,201.0,,false
1737,60.0,238.0,,false
1738,60.0,176.0,,false
1739,60.0,224.0,,false
1740,800.0,4.0,,false
1741,60.0,90.0,,false
1742,60.0,111.0,,false
1743,60.0,84.0,,false
1744,60.0,113.0,,false
1745,60.0,97.0,,false
1746,60.0,94.0,,false
1747,100.0,215.0,,false
1748,100.0,189.0,,false
1749,900.0,8.0,,false
1750,1150.0,17.0,,false
1751,1000.0,6.0,,false
1752,1350.0,50.0,,true
1753,500.0,58.0,,true
1754,5000.0,19.0,,true
1755,2200.0,134.0,,true
1756,3500.0,363.0,,true
1757,5000.0,600.0,,true
1758,500.0,145.0,,true
1759,125.0,461.0,,true
1760,40.0,368.0,,true
1761,350.0,176.0,,true
1762,500.0,186.0,,false
1763,500.0,464.0,,false
1764,3300.0,22.0,,false
1765,3300.0,27.0,,false
1766,3300.0,27.0,,false
1767,60.0,243.0,,false
1768,60.0,193.0,,false
1769,60.0,210.0,,false
1770,800.0,4.0,,false
1771,60.0,107.0,,false
1772,60.0,103.0,,false
1773,60.0,97.0,,false
1774,60.0,86.0,,false
1775,60.0,101.0,,false
1776,60.0,106.0,,false
1777,60.0,113.0,,false
1778,60.0,117.0,,false
1779,60.0,113.0,,false
1780,60.0,116.0,,false
1781,100.0,208.0,,false
1782,100.0,238.0,,false
1783,900.0,9.0,,false
1784,1150.0,16.0,,false
1785,1000.0,5.0,,false
1786,1350.0,48.0,,true
1787,500.0,56.0,,true
1788,5000.0,18.0,,true
1789,2200.0,132.0,,true
1790,3500.0,284.0,,true
1791,5000.0,600.0,,true
1792,500.0,157.0,,true
1793,125.0,517.0,,true
1794,40.0,443.0,,true
1795,350.0,165.0,,true
1796,500.0,200.0,,false
1797,500.0,406.0,,false
1798,3300.0,25.0,,false
1799,3300.0,24.0,,false
1800,3300.0,26.0,,false
1801,60.0,250.0,,false
1802,60.0,185.0,,false
1803,60.0,250.0,,false
1804,800.0,6.0,,false
1805,60.0,99.0,,false
1806,60.0,97.0,,false
1807,60.0,114.0,,false
1808,60.0,120.0,,false
1809,60.0,114.0,,false
1810,60.0,83.0,,false
1811,60.0,116.0,,false
1812,60.0,115.0,,false
1813,60.0,91.0,,false
1814,100.0,189.0,,false
1815,100.0,191.0,,false
1816,900.0,10.0,,false
1817,1150.0,18.0,,false
1818,1000.0,5.0,,false
1819,1350.0,50.0,,true
1820,500.0,60.0,,true
1821,5000.0,19.0,,true
1822,2200.0,135.0,,true
1823,3500.0,201.0,,true
1824,5000.0,600.0,,true
1825,500.0,149.0,,true
1826,125.0,459.0,,true
1827,40.0,445.0,,true
1828,350.0,157.0,,true
1829,500.0,189.0,,false
1830,500.0,449.0,,false
1831,3300.0,26.0,,false
1832,3300.0,25.0,,false
1833,3300.0,23.0,,false
1834,60.0,188.0,,false
1835,60.0,227.0,,false
1836,60.0,241.0,,false
1837,800.0,5.0,,false
1838,60.0,85.0,,false
1839,60.0,83.0,,false
1840,60.0,83.0,,false
1841,60.0,89.0,,false
1842,60.0,97.0,,false
1843,60.0,86.0,,false
1844,60.0,89.0,,false
1845,60.0,94.0,,false
1846,100.0,248.0,,false
1847,100.0,247.0,,false
1848,900.0,8.0,,false
1849,1150.0,15.0,,false
1850,1000.0,8.0,,false
1851,1350.0,48.0,,true
1852,500.0,56.0,,true
1853,5000.0,16.0,,true
1854,2200.0,138.0,,true
1855,3500.0,221.0,,true
1856,5000.0,600.0,,true
1857,500.0,156.0,,true
1858,125.0,544.0,,true
1859,40.0,355.0,,true
1860,350.0,175.0,,true
1861,500.0,173.0,,false
1862,500.0,321.0,,false
1863,3300.0,22.0,,false
1864,3300.0,23.0,,false
1865,3300.0,22.0,,false
1866,60.0,234.0,,false
1867,60.0,181.0,,false
1868,60.0,191.0,,false
1869,800.0,6.0,,false
1870,60.0,87.0,,false
1871,60.0,100.0,,false
1872,60.0,104.0,,false
1873,60.0,107.0,,false
1874,60.0,115.0,,false
1875,60.0,89.0,,false
1876,60.0,103.0,,false
1877,100.0,229.0,,false
1878,100.0,250.0,,false
1879,900.0,7.0,,false
1880,1150.0,13.0,,false
1881,1000.0,7.0,,false
1882,1350.0,50.0,,true
1883,500.0,57.0,,true
1884,5000.0,18.0,,true
1885,2200.0,136.0,,true
1886,3500.0,363.0,,true
1887,5000.0,600.0,,true
1888,500.0,150.0,,true
1889,125.0,474.0,,true
1890,40.0,427.0,,true
1891,350.0,160.0,,true
1892,500.0,178.0,,false
1893,500.0,458.0,,false
1894,3300.0,27.0,,false
1895,3300.0,25.0,,false
1896,3300.0,24.0,,false
1897,60.0,155.0,,false
1898,60.0,182.0,,false
1899,60.0,182.0,,false
1900,60.0,200.0,,false
1901,800.0,5.0,,false
1902,60.0,111.0,,false
1903,60.0,89.0,,false
1904,60.0,87.0,,false
1905,60.0,106.0,,false
1906,60.0,104.0,,false
1907,60.0,97.0,,false
1908,60.0,96.0,,false
1909,60.0,101.0,,false
1910,60.0,103.0,,false
1911,100.0,222.0,,false
1912,100.0,194.0,,false
1913,900.0,10.0,,false
1914,1150.0,13.0,,false
1915,1000.0,6.0,,false
1916,1350.0,49.0,,true
1917,500.0,56.0,,true
1918,5000.0,17.0,,true
1919,2200.0,136.0,,true
1920,3500.0,281.0,,true
1921,5000.0,600.0,,true
1922,500.0,141.0,,true
1923,125.0,511.0,,true
1924,40.0,447.0,,true
1925,350.0,150.0,,true
1926,500.0,176.0,,false
1927,500.0,592.0,,false
1928,3300.0,30.0,,false
1929,3300.0,27.0,,false
1930,3300.0,30.0,,false
1931,60.0,201.0,,false
1932,60.0,239.0,,false
1933,60.0,180.0,,false
1934,60.0,228.0,,false
1935,800.0,4.0,,false
1936,60.0,93.0,,false
1937,60.0,87.0,,false
1938,60.0,87.0,,false
1939,60.0,91.0,,false
1940,60.0,111.0,,false
1941,60.0,118.0,,false
1942,60.0,92.0,,false
1943,60.0,109.0,,false
1944,100.0,207.0,,false
1945,100.0,237.0,,false
1946,900.0,7.0,,false
1947,1150.0,13.0,,false
1948,1000.0,5.0,,false
1949,1350.0,46.0,,true
1950,500.0,58.0,,true
1951,5000.0,16.0,,true
1952,2200.0,133.0,,true
1953,3500.0,292.0,,true
1954,5000.0,600.0,,true
1955,500.0,151.0,,true
1956,125.0,507.0,,true
1957,40.0,456.0,,true
1958,350.0,154.0,,true
1959,500.0,183.0,,false
1960,500.0,554.0,,false
1961,3300.0,23.0,,false
1962,3300.0,22.0,,false
1963,3300.0,24.0,,false
1964,60.0,180.0,,false
1965,60.0,196.0,,false
1966,60.0,164.0,,false
1967,60.0,171.0,,false
1968,800.0,4.0,,false
1969,60.0,119.0,,false
1970,60.0,114.0,,false
1971,60.0,81.0,,false
1972,60.0,115.0,,false
1973,60.0,87.0,,false
1974,60.0,119.0,,false
1975,60.0,112.0,,false
1976,60.0,101.0,,false
1977,60.0,95.0,,false
1978,60.0,118.0,,false
1979,100.0,191.0,,false
1980,100.0,232.0,,false
1981,900.0,7.0,,false
1982,1150.0,17.0,,false
1983,1000.0,7.0,,false
1984,1350.0,46.0,,true
1985,500.0,59.0,,true
1986,5000.0,18.0,,true
1987,2200.0,138.0,,true
1988,3500.0,326.0,,true
1989,5000.0,600.0,,true
1990,500.0,160.0,,true
1991,125.0,479.0,,true
1992,40.0,402.0,,true
1993,350.0,163.0,,true
1994,500.0,192.0,,false
1995,500.0,462.0,,false
1996,3300.0,29.0,,false
1997,3300.0,26.0,,false
1998,3300.0,30.0,,false
1999,60.0,242.0,,false
2000,60.0,238.0,,false
2001,60.0,245.0,,false
2002,800.0,4.0,,false
2003,60.0,118.0,,false
2004,60.0,94.0,,false
2005,60.0,97.0,,false
2006,60.0,98.0,,false
2007,60.0,89.0,,false
2008,60.0,88.0,,false
2009,60.0,90.0,,false
2010,100.0,245.0,,false
2011,100.0,212.0,,false
2012,900.0,7.0,,false
2013,1150.0,17.0,,false
2014,1000.0,5.0,,false
2015,1350.0,49.0,,true
2016,500.0,60.0,,true
2017,5000.0,16.0,,true
2018,2200.0,135.0,,true
2019,3500.0,382.0,,true
2020,5000.0,600.0,,true
2021,500.0,141.0,,true
2022,125.0,514.0,,true
2023,40.0,416.0,,true
2024,350.0,151.0,,true
2025,500.0,185.0,,false
2026,500.0,508.0,,false
2027,3300.0,27.0,,false
2028,3300.0,27.0,,false
2029,3300.0,22.0,,false
2030,60.0,197.0,,false
2031,60.0,238.0,,false
2032,60.0,234.0,,false
2033,60.0,237.0,,false
2034,800.0,4.0,,false
2035,60.0,98.0,,false
2036,60.0,108.0,,false
2037,60.0,86.0,,false
2038,60.0,92.0,,false
2039,60.0,81.0,,false
2040,60.0,92.0,,false
2041,60.0,86.0,,false
2042,60.0,98.0,,false
2043,60.0,109.0,,false
2044,60.0,117.0,,false
2045,100.0,183.0,,false
2046,100.0,230.0,,false
2047,900.0,9.0,,false
2048,1150.0,17.0,,false
2049,1000.0,6.0,,false
2050,1350.0,46.0,,true
2051,500.0,59.0,,true
2052,5000.0,16.0,,true
2053,2200.0,138.0,,true
2054,3500.0,286.0,,true
2055,5000.0,600.0,,true
2056,500.0,151.0,,true
2057,125.0,464.0,,true
2058,40.0,415.0,,true
2059,350.0,165.0,,true
2060,500.0,190.0,,false
2061,500.0,336.0,,false
2062,3300.0,23.0,,false
2063,3300.0,22.0,,false
2064,3300.0,29.0,,false
2065,60.0,248.0,,false
2066,60.0,204.0,,false
2067,60.0,240.0,,false
2068,800.0,4.0,,false
2069,60.0,110.0,,false
2070,60.0,90.0,,false
2071,60.0,95.0,,false
2072,60.0,102.0,,false
2073,60.0,81.0,,false
2074,60.0,102.0,,false
2075,60.0,86.0,,false
2076,60.0,106.0,,false
2077,60.0,84.0,,false
2078,100.0,241.0,,false
2079,100.0,196.0,,false
2080,900.0,7.0,,false
2081,1150.0,13.0,,false
2082,1000.0,5.0,,false
2083,1350.0,50.0,,true
2084,500.0,58.0,,true
2085,5000.0,16.0,,true
2086,2200.0,139.0,,true
2087,3500.0,333.0,,true
2088,5000.0,600.0,,true
2089,500.0,148.0,,true
2090,125.0,516.0,,true
2091,40.0,441.0,,true
2092,350.0,141.0,,true
2093,500.0,200.0,,false
2094,500.0,536.0,,false
2095,3300.0,27.0,,false
2096,3300.0,22.0,,false
2097,3300.0,29.0,,false
2098,60.0,169.0,,false
2099,60.0,191.0,,false
2100,60.0,242.0,,false
2101,800.0,5.0,,false
2102,60.0,102.0,,false
2103,60.0,95.0,,false
2104,60.0,87.0,,false
2105,60.0,103.0,,false
2106,60.0,101.0,,false
2107,60.0,83.0,,false
2108,60.0,92.0,,false
2109,60.0,107.0,,false
2110,60.0,83.0,,false
2111,100.0,208.0,,false
2112,100.0,199.0,,false
2113,900.0,8.0,,false
2114,1150.0,18.0,,false
2115,1000.0,5.0,,false
2116,1350.0,49.0,,true
2117,500.0,56.0,,true
2118,5000.0,17.0,,true
2119,2200.0,135.0,,true
2120,3500.0,274.0,,true
2121,5000.0,600.0,,true
2122,500.0,157.0,,true
2123,125.0,489.0,,true
2124,40.0,426.0,,true
2125,350.0,143.0,,true
2126,500.0,189.0,,false
2127,500.0,362.0,,false
2128,3300.0,27.0,,false
2129,3300.0,29.0,,false
2130,3300.0,30.0,,false
2131,60.0,158.0,,false
2132,60.0,227.0,,false
2133,60.0,194.0,,false
2134,800.0,6.0,,false
2135,60.0,106.0,,false
2136,60.0,115.0,,false
2137,60.0,85.0,,false
2138,60.0,106.0,,false
2139,60.0,110.0,,false
2140,60.0,115.0,,false
2141,60.0,110.0,,false
2142,60.0,86.0,,false
2143,60.0,107.0,,false
2144,100.0,237.0,,false
2145,100.0,185.0,,false
2146,900.0,8.0,,false
2147,1150.0,17.0,,false
2148,1000.0,6.0,,false
2149,1350.0,46.0,,true
2150,500.0,58.0,,true
2151,5000.0,16.0,,true
2152,2200.0,131.0,,true
2153,3500.0,287.0,,true
2154,5000.0,600.0,,true
2155,500.0,154.0,,true
2156,125.0,513.0,,true
2157,40.0,444.0,,true
2158,350.0,145.0,,true
2159,500.0,191.0,,false
2160,500.0,466.0,,false
2161,3300.0,30.0,,false
2162,3300.0,27.0,,false
2163,3300.0,26.0,,false
2164,60.0,205.0,,false
2165,60.0,172.0,,false
2166,60.0,213.0,,false
2167,60.0,243.0,,false
2168,800.0,5.0,,false
2169,60.0,86.0,,false
2170,60.0,102.0,,false
2171,60.0,82.0,,false
2172,60.0,112.0,,false
2173,60.0,109.0,,false
2174,60.0,88.0,,false
2175,60.0,85.0,,false
2176,60.0,114.0,,false
2177,60.0,120.0,,false
2178,100.0,190.0,,false
2179,100.0,184.0,,false
2180,900.0,7.0,,false
2181,1150.0,13.0,,false
2182,1000.0,7.0,,false
2183,1350.0,47.0,,true
2184,500.0,56.0,,true
2185,5000.0,19.0,,true
2186,2200.0,136.0,,true
2187,3500.0,257.0,,true
2188,5000.0,600.0,,true
2189,500.0,144.0,,true
2190,125.0,488.0,,true
2191,40.0,451.0,,true
2192,350.0,168.0,,true
2193,500.0,184.0,,false
2194,500.0,361.0,,false
2195,3300.0,27.0,,false
2196,3300.0,30.0,,false
2197,3300.0,25.0,,false
2198,60.0,230.0,,false
2199,60.0,247.0,,false
2200,60.0,247.0,,false
2201,800.0,6.0,,false
2202,60.0,101.0,,false
2203,60.0,93.0,,false
2204,60.0,100.0,,false
2205,60.0,113.0,,false
2206,60.0,99.0,,false
2207,60.0,110.0,,false
2208,100.0,244.0,,false
2209,100.0,184.0,,false
2210,900.0,7.0,,false
2211,1150.0,16.0,,false
2212,1000.0,7.0,,false
2213,1350.0,49.0,,true
2214,500.0,57.0,,true
2215,5000.0,17.0,,true
2216,2200.0,135.0,,true
2217,3500.0,354.0,,true
2218,5000.0,600.0,,true
2219,500.0,143.0,,true
2220,125.0,475.0,,true
2221,40.0,449.0,,true
2222,350.0,153.0,,true
2223,500.0,193.0,,false
2224,500.0,584.0,,false
2225,3300.0,25.0,,false
2226,3300.0,28.0,,false
2227,3300.0,23.0,,false
2228,60.0,209.0,,false
2229,60.0,151.0,,false
2230,60.0,208.0,,false
2231,800.0,4.0,,false
2232,60.0,89.0,,false
2233,60.0,83.0,,false
2234,60.0,82.0,,false
2235,60.0,93.0,,false
2236,60.0,113.0,,false
2237,60.0,85.0,,false
2238,60.0,110.0,,false
2239,100.0,218.0,,false
2240,100.0,185.0,,false
2241,900.0,8.0,,false
2242,1150.0,18.0,,false
2243,1000.0,7.0,,false
2244,1350.0,46.0,,true
2245,500.0,59.0,,true
2246,5000.0,17.0,,true
2247,2200.0,140.0,,true
2248,3500.0,236.0,,true
2249,5000.0,600.0,,true
2250,500.0,149.0,,true
2251,125.0,528.0,,true
2252,40.0,374.0,,true
2253,350.0,163.0,,true
2254,500.0,190.0,,false
2255,500.0,549.0,,false
2256,3300.0,21.0,,false
2257,3300.0,26.0,,false
2258,3300.0,22.0,,false
2259,60.0,232.0,,false
2260,60.0,190.0,,false
2261,60.0,223.0,,false
2262,800.0,6.0,,false
2263,60.0,96.0,,false
2264,60.0,86.0,,false
2265,60.0,94.0,,false
2266,60.0,113.0,,false
2267,60.0,112.0,,false
2268,60.0,115.0,,false
2269,60.0,88.0,,false
2270,60.0,109.0,,false
2271,100.0,243.0,,false
2272,100.0,237.0,,false
2273,900.0,7.0,,false
2274,1150.0,15.0,,false
2275,1000.0,6.0,,false
2276,1350.0,47.0,,true
2277,500.0,60.0,,true
2278,5000.0,18.0,,true
2279,2200.0,135.0,,true
2280,3500.0,226.0,,true
2281,5000.0,600.0,,true
2282,500.0,145.0,,true
2283,125.0,513.0,,true
2284,40.0,388.0,,true
2285,350.0,173.0,,true
2286,500.0,186.0,,false
2287,500.0,340.0,,false
2288,3300.0,26.0,,false
2289,3300.0,21.0,,false
2290,3300.0,21.0,,false
2291,60.0,169.0,,false
2292,60.0,247.0,,false
2293,60.0,182.0,,false
2294,60.0,228.0,,false
2295,800.0,5.0,,false
2296,60.0,93.0,,false
2297,60.0,116.0,,false
2298,60.0,109.0,,false
2299,60.0,90.0,,false
2300,60.0,88.0,,false
2301,60.0,115.0,,false
2302,60.0,89.0,,false
2303,60.0,98.0,,false
2304,60.0,109.0,,false
2305,60.0,88.0,,false
2306,100.0,228.0,,false
2307,100.0,204.0,,false
2308,900.0,7.0,,false
2309,1150.0,13.0,,false
2310,1000.0,8.0,,false
2311,1350.0,49.0,,true
2312,500.0,58.0,,true
2313,5000.0,17.0,,true
2314,2200.0,140.0,,true
2315,3500.0,220.0,,true
2316,5000.0,600.0,,true
2317,500.0,151.0,,true
2318,125.0,471.0,,true
2319,40.0,408.0,,true
2320,350.0,173.0,,true
2321,500.0,176.0,,false
2322,500.0,346.0,,false
2323,3300.0,30.0,,false
2324,3300.0,27.0,,false
2325,3300.0,30.0,,false
2326,60.0,184.0,,false
2327,60.0,182.0,,false
2328,60.0,203.0,,false
2329,60.0,245.0,,false
2330,800.0,6.0,,false
2331,60.0,98.0,,false
2332,60.0,120.0,,false
2333,60.0,111.0,,false
2334,60.0,92.0,,false
2335,60.0,104.0,,false
2336,60.0,100.0,,false
2337,60.0,105.0,,false
2338,60.0,84.0,,false
2339,60.0,111.0,,false
2340,100.0,246.0,,false
2341,100.0,227.0,,false
2342,900.0,8.0,,false
2343,1150.0,14.0,,false
2344,1000.0,8.0,,false
2345,1350.0,50.0,,true
2346,500.0,58.0,,true
2347,5000.0,20.0,,true
2348,2200.0,131.0,,true
2349,3500.0,233.0,,true
2350,5000.0,600.0,,true
2351,500.0,145.0,,true
2352,125.0,488.0,,true
2353,40.0,359.0,,true
2354,350.0,143.0,,true
2355,500.0,183.0,,false
2356,500.0,420.0,,false
2357,3300.0,25.0,,false
2358,3300.0,28.0,,false
2359,3300.0,27.0,,false
2360,60.0,242.0,,false
2361,60.0,158.0,,false
2362,60.0,209.0,,false
2363,800.0,4.0,,false
2364,60.0,97.0,,false
2365,60.0,95.0,,false
2366,60.0,115.0,,false
2367,60.0,120.0,,false
2368,60.0,94.0,,false
2369,60.0,98.0,,false
2370,100.0,219.0,,false
2371,100.0,205.0,,false
2372,900.0,7.0,,false
2373,1150.0,15.0,,false
2374,1000.0,7.0,,false
2375,1350.0,49.0,,true
2376,500.0,58.0,,true
2377,5000.0,20.0,,true
2378,2200.0,138.0,,true
2379,3500.0,383.0,,true
2380,5000.0,600.0,,true
2381,500.0,153.0,,true
2382,125.0,513.0,,true
2383,40.0,401.0,,true
2384,350.0,173.0,,true
2385,500.0,174.0,,false
2386,500.0,508.0,,false
2387,3300.0,30.0,,false
2388,3300.0,25.0,,false
2389,3300.0,28.0,,false
2390,60.0,164.0,,false
2391,60.0,208.0,,false
2392,60.0,193.0,,false
2393,800.0,4.0,,false
2394,60.0,93.0,,false
2395,60.0,117.0,,false
2396,60.0,110.0,,false
2397,60.0,112.0,,false
2398,60.0,115.0,,false
2399,60.0,83.0,,false
2400,60.0,107.0,,false
2401,60.0,120.0,,false
2402,60.0,118.0,,false
2403,60.0,84.0,,false
2404,100.0,217.0,,false
2405,100.0,183.0,,false
2406,900.0,8.0,,false
2407,1150.0,16.0,,false
2408,1000.0,7.0,,false
2409,1350.0,49.0,,true
2410,500.0,56.0,,true
2411,5000.0,17.0,,true
2412,2200.0,140.0,,true
2413,3500.0,235.0,,true
2414,5000.0,600.0,,true
2415,500.0,152.0,,true
2416,125.0,517.0,,true
2417,40.0,351.0,,true
2418,350.0,177.0,,true
2419,500.0,187.0,,false
2420,500.0,585.0,,false
2421,3300.0,27.0,,false
2422,3300.0,24.0,,false
2423,3300.0,24.0,,false
2424,60.0,155.0,,false
2425,60.0,176.0,,false
2426,60.0,157.0,,false
2427,800.0,4.0,,false
2428,60.0,103.0,,false
2429,60.0,114.0,,false
2430,60.0,83.0,,false
2431,60.0,119.0,,false
2432,60.0,107.0,,false
2433,60.0,113.0,,false
2434,60.0,94.0,,false
2435,60.0,115.0,,false
2436,100.0,212.0,,false
2437,100.0,239.0,,false
2438,900.0,7.0,,false
2439,1150.0,15.0,,false
2440,1000.0,8.0,,false
2441,1350.0,46.0,,true
2442,500.0,59.0,,true
2443,5000.0,19.0,,true
2444,2200.0,136.0,,true
2445,3500.0,247.0,,true
2446,5000.0,600.0,,true
2447,500.0,154.0,,true
2448,125.0,538.0,,true
2449,40.0,413.0,,true
2450,350.0,150.0,,true
2451,500.0,192.0,,false
2452,500.0,579.0,,false
2453,3300.0,26.0,,false
2454,3300.0,27.0,,false
2455,3300.0,29.0,,false
2456,60.0,151.0,,false
2457,60.0,240.0,,false
2458,60.0,228.0,,false
2459,800.0,6.0,,false
2460,60.0,105.0,,false
2461,60.0,84.0,,false
2462,60.0,99.0,,false
2463,60.0,99.0,,false
2464,60.0,107.0,,false
2465,60.0,118.0,,false
2466,60.0,82.0,,false
2467,100.0,210.0,,false
2468,100.0,182.0,,false
2469,900.0,7.0,,false
2470,1150.0,14.0,,false
2471,1000.0,7.0,,false
2472,1350.0,50.0,,true
2473,500.0,57.0,,true
2474,5000.0,20.0,,true
2475,2200.0,139.0,,true
2476,3500.0,291.0,,true
2477,5000.0,600.0,,true
2478,500.0,157.0,,true
2479,125.0,543.0,,true
2480,40.0,406.0,,true
2481,350.0,155.0,,true
2482,500.0,193.0,,false
2483,500.0,552.0,,false
2484,3300.0,29.0,,false
2485,3300.0,26.0,,false
2486,3300.0,26.0,,false
2487,60.0,189.0,,false
2488,60.0,222.0,,false
2489,60.0,177.0,,false
2490,800.0,6.0,,false
2491,60.0,96.0,,false
2492,60.0,120.0,,false
2493,60.0,84.0,,false
2494,60.0,105.0,,false
2495,60.0,94.0,,false
2496,60.0,83.0,,false
2497,60.0,92.0,,false
2498,60.0,120.0,,false
2499,60.0,120.0,,false
2500,60.0,120.0,,false
2501,100.0,229.0,,false
2502,100.0,193.0,,false
2503,900.0,10.0,,false
2504,1150.0,13.0,,false
2505,1000.0,7.0,,false
2506,1350.0,48.0,,true
2507,500.0,60.0,,true
2508,5000.0,17.0,,true
2509,2200.0,137.0,,true
2510,3500.0,275.0,,true
2511,5000.0,600.0,,true
2512,500.0,151.0,,true
2513,125.0,451.0,,true
2514,40.0,384.0,,true
2515,350.0,151.0,,true
2516,500.0,196.0,,false
2517,500.0,336.0,,false
2518,3300.0,29.0,,false
2519,3300.0,30.0,,false
2520,3300.0,22.0,,false
2521,60.0,216.0,,false
2522,60.0,209.0,,false
2523,60.0,243.0,,false
2524,60.0,233.0,,false
2525,800.0,5.0,,false
2526,60.0,119.0,,false
2527,60.0,108.0,,false
2528,60.0,90.0,,false
2529,60.0,111.0,,false
2530,60.0,111.0,,false
2531,60.0,86.0,,false
2532,60.0,81.0,,false
2533,60.0,83.0,,false
2534,100.0,227.0,,false
2535,100.0,242.0,,false
2536,900.0,7.0,,false
2537,1150.0,17.0,,false
2538,1000.0,6.0,,false
2539,1350.0,47.0,,true
2540,500.0,60.0,,true
2541,5000.0,17.0,,true
2542,2200.0,134.0,,true
2543,3500.0,345.0,,true
2544,5000.0,600.0,,true
2545,500.0,155.0,,true
2546,125.0,520.0,,true
2547,40.0,452.0,,true
2548,350.0,148.0,,true
2549,500.0,184.0,,false
2550,500.0,583.0,,false
2551,3300.0,23.0,,false
2552,3300.0,25.0,,false
2553,3300.0,25.0,,false
2554,60.0,203.0,,false
2555,60.0,175.0,,false
2556,60.0,167.0,,false
2557,800.0,5.0,,false
2558,60.0,106.0,,false
2559,60.0,119.0,,false
2560,60.0,90.0,,false
2561,60.0,86.0,,false
2562,60.0,111.0,,false
2563,60.0,104.0,,false
2564,60.0,103.0,,false
2565,60.0,115.0,,false
2566,60.0,95.0,,false
2567,60.0,115.0,,false
2568,100.0,234.0,,false
2569,100.0,246.0,,false
2570,900.0,10.0,,false
2571,1150.0,14.0,,false
2572,1000.0,5.0,,false
2573,1350.0,47.0,,true
2574,500.0,59.0,,true
2575,5000.0,19.0,,true
2576,2200.0,140.0,,true
2577,3500.0,393.0,,true
2578,5000.0,600.0,,true
2579,500.0,144.0,,true
2580,125.0,453.0,,true
2581,40.0,408.0,,true
2582,350.0,142.0,,true
2583,500.0,184.0,,false
2584,500.0,474.0,,false
2585,3300.0,23.0,,false
2586,3300.0,21.0,,false
2587,3300.0,27.0,,false
2588,60.0,154.0,,false
2589,60.0,182.0,,false
2590,60.0,209.0,,false
2591,800.0,4.0,,false
2592,60.0,95.0,,false
2593,60.0,90.0,,false
2594,60.0,87.0,,false
2595,60.0,115.0,,false
2596,60.0,95.0,,false
2597,60.0,98.0,,false
2598,60.0,108.0,,false
2599,60.0,100.0,,false
2600,60.0,106.0,,false
2601,100.0,185.0,,false
2602,100.0,184.0,,false
2603,900.0,8.0,,false
2604,1150.0,18.0,,false
2605,1000.0,8.0,,false
2606,1350.0,48.0,,true
2607,500.0,60.0,,true
2608,5000.0,20.0,,true
2609,2200.0,136.0,,true
2610,3500.0,219.0,,true
2611,5000.0,600.0,,true
2612,500.0,159.0,,true
2613,125.0,491.0,,true
2614,40.0,376.0,,true
2615,350.0,165.0,,true
2616,500.0,174.0,,false
2617,500.0,563.0,,false
2618,3300.0,30.0,,false
2619,3300.0,26.0,,false
2620,3300.0,28.0,,false
2621,60.0,186.0,,false
2622,60.0,162.0,,false
2623,60.0,245.0,,false
2624,60.0,240.0,,false
2625,800.0,4.0,,false
2626,60.0,88.0,,false
2627,60.0,115.0,,false
2628,60.0,99.0,,false
2629,60.0,102.0,,false
2630,60.0,90.0,,false
2631,60.0,84.0,,false
2632,60.0,94.0,,false
2633,60.0,103.0,,false
2634,60.0,94.0,,false
2635,60.0,86.0,,false
2636,100.0,235.0,,false
2637,100.0,247.0,,false
2638,900.0,9.0,,false
2639,1150.0,15.0,,false
2640,1000.0,8.0,,false
2641,1350.0,48.0,,true
2642,500.0,60.0,,true
2643,5000.0,16.0,,true
2644,2200.0,133.0,,true
2645,3500.0,203.0,,true
2646,5000.0,600.0,,true
2647,500.0,156.0,,true
2648,125.0,470.0,,true
2649,40.0,400.0,,true
2650,350.0,169.0,,true
2651,500.0,178.0,,false
2652,500.0,570.0,,false
2653,3300.0,26.0,,false
2654,3300.0,21.0,,false
2655,3300.0,24.0,,false
2656,60.0,158.0,,false
2657,60.0,200.0,,false
2658,60.0,178.0,,false
2659,800.0,4.0,,false
2660,60.0,96.0,,false
2661,60.0,109.0,,false
2662,60.0,116.0,,false
2663,60.0,117.0,,false
2664,60.0,82.0,,false
2665,60.0,113.0,,false
2666,60.0,115.0,,false
2667,60.0,112.0,,false
2668,60.0,103.0,,false
2669,60.0,90.0,,false
2670,100.0,241.0,,false
2671,100.0,196.0,,false
2672,900.0,10.0,,false
2673,1150.0,16.0,,false
2674,1000.0,7.0,,false
2675,1350.0,48.0,,true
2676,500.0,59.0,,true
2677,5000.0,16.0,,true
2678,2200.0,133.0,,true
2679,3500.0,295.0,,true
2680,5000.0,600.0,,true
2681,500.0,142.0,,true
2682,125.0,544.0,,true
2683,40.0,439.0,,true
2684,350.0,180.0,,true
2685,500.0,179.0,,false
2686,500.0,488.0,,false
2687,3300.0,30.0,,false
2688,3300.0,27.0,,false
2689,3300.0,24.0,,false
2690,60.0,158.0,,false
2691,60.0,189.0,,false
2692,60.0,235.0,,false
2693,800.0,5.0,,false
2694,60.0,82.0,,false
2695,60.0,114.0,,false
2696,60.0,112.0,,false
2697,60.0,100.0,,false
2698,60.0,113.0,,false
2699,60.0,115.0,,false
2700,60.0,117.0,,false
2701,60.0,98.0,,false
2702,60.0,115.0,,false
2703,100.0,236.0,,false
2704,100.0,181.0,,false
2705,900.0,10.0,,false
2706,1150.0,15.0,,false
2707,1000.0,7.0,,false
2708,1350.0,49.0,,true
2709,500.0,59.0,,true
2710,5000.0,17.0,,true
2711,2200.0,131.0,,true
2712,3500.0,393.0,,true
2713,5000.0,600.0,,true
2714,500.0,147.0,,true
2715,125.0,492.0,,true
2716,40.0,450.0,,true
2717,350.0,150.0,,true
2718,500.0,172.0,,false
2719,500.0,544.0,,false
2720,3300.0,26.0,,false
2721,3300.0,27.0,,false
2722,3300.0,27.0,,false
2723,60.0,205.0,,false
2724,60.0,218.0,,false
2725,60.0,164.0,,false
2726,800.0,4.0,,false
2727,60.0,86.0,,false
2728,60.0,109.0,,false
2729,60.0,88.0,,false
2730,60.0,87.0,,false
2731,60.0,86.0,,false
2732,60.0,104.0,,false
2733,60.0,112.0,,false
2734,60.0,111.0,,false
2735,60.0,95.0,,false
2736,100.0,185.0,,false
2737,100.0,195.0,,false
2738,900.0,8.0,,false
2739,1150.0,17.0,,false
2740,1000.0,8.0,,false
2741,1350.0,49.0,,true
2742,500.0,57.0,,true
2743,5000.0,16.0,,true
2744,2200.0,137.0,,true
2745,3500.0,396.0,,true
2746,5000.0,600.0,,true
2747,500.0,148.0,,true
2748,125.0,537.0,,true
2749,40.0,382.0,,true
2750,350.0,153.0,,true
2751,500.0,193.0,,false
2752,500.0,307.0,,false
2753,3300.0,29.0,,false
2754,3300.0,24.0,,false
2755,3300.0,29.0,,false
2756,60.0,209.0,,false
2757,60.0,213.0,,false
2758,60.0,177.0,,false
2759,60.0,188.0,,false
2760,800.0,4.0,,false
2761,60.0,107.0,,false
2762,60.0,95.0,,false
2763,60.0,94.0,,false
2764,60.0,103.0,,false
2765,60.0,84.0,,false
2766,60.0,86.0,,false
2767,60.0,105.0,,false
2768,60.0,91.0,,false
2769,60.0,81.0,,false
2770,60.0,114.0,,false
2771,100.0,236.0,,false
2772,100.0,202.0,,false
2773,900.0,8.0,,false
2774,1150.0,14.0,,false
2775,1000.0,5.0,,false
2776,1350.0,48.0,,true
2777,500.0,59.0,,true
2778,5000.0,16.0,,true
2779,2200.0,135.0,,true
2780,3500.0,277.0,,true
2781,5000.0,600.0,,true
2782,500.0,144.0,,true
2783,125.0,528.0,,true
2784,40.0,354.0,,true
2785,350.0,149.0,,true
2786,500.0,179.0,,false
2787,500.0,455.0,,false
2788,3300.0,23.0,,false
2789,3300.0,24.0,,false
2790,3300.0,29.0,,false
2791,60.0,209.0,,false
2792,60.0,164.0,,false
2793,60.0,237.0,,false
2794,800.0,4.0,,false
2795,60.0,86.0,,false
2796,60.0,105.0,,false
2797,60.0,84.0,,false
2798,60.0,94.0,,false
2799,60.0,89.0,,false
2800,60.0,90.0,,false
2801,60.0,96.0,,false
2802,60.0,98.0,,false
2803,60.0,98.0,,false
2804,100.0,228.0,,false
2805,100.0,188.0,,false
2806,900.0,7.0,,false
2807,1150.0,18.0,,false
2808,1000.0,6.0,,false
2809,1350.0,48.0,,true
2810,500.0,56.0,,true
2811,5000.0,20.0,,true
2812,2200.0,136.0,,true
2813,3500.0,351.0,,true
2814,5000.0,600.0,,true
2815,500.0,150.0,,true
2816,125.0,520.0,,true
2817,40.0,368.0,,true
2818,350.0,149.0,,true
2819,500.0,183.0,,false
2820,500.0,333.0,,false
2821,3300.0,22.0,,false
2822,3300.0,24.0,,false
2823,3300.0,25.0,,false
2824,60.0,155.0,,false
2825,60.0,230.0,,false
2826,60.0,204.0,,false
2827,800.0,6.0,,false
2828,60.0,90.0,,false
2829,60.0,94.0,,false
2830,60.0,117.0,,false
2831,60.0,89.0,,false
2832,60.0,108.0,,false
2833,60.0,115.0,,false
2834,100.0,232.0,,false
2835,100.0,228.0,,false
2836,900.0,8.0,,false
2837,1150.0,13.0,,false
2838,1000.0,6.0,,false
2839,1350.0,46.0,,true
2840,500.0,57.0,,true
2841,5000.0,18.0,,true
2842,2200.0,136.0,,true
2843,3500.0,262.0,,true
2844,5000.0,600.0,,true
2845,500.0,155.0,,true
2846,125.0,493.0,,true
2847,40.0,354.0,,true
2848,350.0,168.0,,true
2849,500.0,191.0,,false
2850,500.0,385.0,,false
2851,3300.0,27.0,,false
2852,3300.0,25.0,,false
2853,3300.0,30.0,,false
2854,60.0,164.0,,false
2855,60.0,218.0,,false
2856,60.0,194.0,,false
2857,800.0,6.0,,false
2858,60.0,114.0,,false
2859,60.0,92.0,,false
2860,60.0,87.0,,false
2861,60.0,114.0,,false
2862,60.0,107.0,,false
2863,60.0,98.0,,false
2864,60.0,108.0,,false
2865,60.0,93.0,,false
2866,100.0,222.0,,false
2867,100.0,194.0,,false
2868,900.0,8.0,,false
2869,1150.0,17.0,,false
2870,1000.0,6.0,,false
2871,1350.0,50.0,,true
2872,500.0,59.0,,true
2873,5000.0,18.0,,true
2874,2200.0,140.0,,true
2875,3500.0,212.0,,true
2876,5000.0,600.0,,true
2877,500.0,148.0,,true
2878,125.0,549.0,,true
2879,40.0,436.0,,true
2880,350.0,142.0,,true
2881,500.0,190.0,,false
2882,500.0,326.0,,false
2883,3300.0,27.0,,false
2884,3300.0,30.0,,false
2885,3300.0,29.0,,false
2886,60.0,188.0,,false
2887,60.0,250.0,,false
2888,60.0,195.0,,false
2889,60.0,236.0,,false
2890,800.0,5.0,,false
2891,60.0,104.0,,false
2892,60.0,118.0,,false
2893,60.0,91.0,,false
2894,60.0,104.0,,false
2895,60.0,82.0,,false
2896,60.0,81.0,,false
2897,60.0,100.0,,false
2898,60.0,98.0,,false
2899,60.0,100.0,,false
2900,100.0,197.0,,false
2901,100.0,250.0,,false
2902,900.0,9.0,,false
2903,1150.0,13.0,,false
2904,1000.0,7.0,,false
2905,1350.0,50.0,,true
2906,500.0,58.0,,true
2907,5000.0,16.0,,true
2908,2200.0,137.0,,true
2909,3500.0,248.0,,true
2910,5000.0,600.0,,true
2911,500.0,150.0,,true
2912,125.0,482.0,,true
2913,40.0,359.0,,true
2914,350.0,146.0,,true
2915,500.0,182.0,,false
2916,500.0,384.0,,false
2917,3300.0,27.0,,false
2918,3300.0,22.0,,false
2919,3300.0,23.0,,false
2920,60.0,203.0,,false
2921,60.0,166.0,,false
2922,60.0,215.0,,false
2923,800.0,4.0,,false
2924,60.0,88.0,,false
2925,60.0,119.0,,false
2926,60.0,83.0,,false
2927,60.0,95.0,,false
2928,60.0,103.0,,false
2929,60.0,119.0,,false
2930,60.0,91.0,,false
2931,60.0,117.0,,false
2932,100.0,201.0,,false
2933,100.0,237.0,,false
2934,900.0,9.0,,false
2935,1150.0,16.0,,false
2936,1000.0,5.0,,false
2937,1350.0,50.0,,true
2938,500.0,58.0,,true
2939,5000.0,17.0,,true
2940,2200.0,138.0,,true
2941,3500.0,307.0,,true
2942,5000.0,600.0,,true
2943,500.0,148.0,,true
2944,125.0,478.0,,true
2945,40.0,408.0,,true
2946,350.0,154.0,,true
2947,500.0,196.0,,false
2948,500.0,372.0,,false
2949,3300.0,21.0,,false
2950,3300.0,22.0,,false
2951,3300.0,22.0,,false
2952,60.0,157.0,,false
2953,60.0,199.0,,false
2954,60.0,235.0,,false
2955,800.0,6.0,,false
2956,60.0,83.0,,false
2957,60.0,96.0,,false
2958,60.0,93.0,,false
2959,60.0,93.0,,false
2960,60.0,86.0,,false
2961,60.0,81.0,,false
2962,60.0,99.0,,false
2963,100.0,240.0,,false
2964,100.0,230.0,,false
2965,900.0,10.0,,false
2966,1150.0,16.0,,false
2967,1000.0,6.0,,false
2968,1350.0,46.0,,true
2969,500.0,60.0,,true
2970,5000.0,19.0,,true
2971,2200.0,135.0,,true
2972,3500.0,215.0,,true
2973,5000.0,600.0,,true
2974,500.0,141.0,,true
2975,125.0,512.0,,true
2976,40.0,389.0,,true
2977,350.0,149.0,,true
2978,500.0,182.0,,false
2979,500.0,422.0,,false
2980,3300.0,28.0,,false
2981,3300.0,25.0,,false
2982,3300.0,26.0,,false
2983,60.0,175.0,,false
2984,60.0,232.0,,false
2985,60.0,234.0,,false
2986,60.0,213.0,,false
2987,800.0,4.0,,false
2988,60.0,82.0,,false
2989,60.0,86.0,,false
2990,60.0,85.0,,false
2991,60.0,82.0,,false
2992,60.0,115.0,,false
2993,60.0,82.0,,false
2994,60.0,116.0,,false
2995,60.0,104.0,,false
2996,60.0,89.0,,false
2997,60.0,99.0,,false
2998,100.0,236.0,,false
2999,100.0,224.0,,false
3000,900.0,7.0,,false
3001,1150.0,18.0,,false
3002,1000.0,6.0,,false
3003,1350.0,49.0,,true
3004,500.0,58.0,,true
3005,5000.0,19.0,,true
3006,2200.0,131.0,,true
3007,3500.0,217.0,,true
3008,5000.0,600.0,,true
3009,500.0,141.0,,true
3010,125.0,464.0,,true
3011,40.0,377.0,,true
3012,350.0,160.0,,true
3013,500.0,180.0,,false
3014,500.0,543.0,,false
3015,3300.0,22.0,,false
3016,3300.0,27.0,,false
3017,3300.0,26.0,,false
3018,60.0,244.0,,false
3019,60.0,172.0,,false
3020,60.0,201.0,,false
3021,800.0,6.0,,false
3022,60.0,98.0,,false
3023,60.0,95.0,,false
3024,60.0,102.0,,false
3025,60.0,98.0,,false
3026,60.0,85.0,,false
3027,60.0,99.0,,false
3028,100.0,201.0,,false
3029,100.0,232.0,,false
3030,900.0,10.0,,false
3031,1150.0,17.0,,false
3032,1000.0,6.0,,false
3033,1350.0,49.0,,true
3034,500.0,59.0,,true
3035,5000.0,18.0,,true
3036,2200.0,138.0,,true
3037,3500.0,236.0,,true
3038,5000.0,600.0,,true
3039,500.0,157.0,,true
3040,125.0,541.0,,true
3041,40.0,369.0,,true
3042,350.0,152.0,,true
3043,500.0,187.0,,false
3044,500.0,312.0,,false
3045,3300.0,30.0,,false
3046,3300.0,30.0,,false
3047,3300.0,27.0,,false
3048,60.0,179.0,,false
3049,60.0,231.0,,false
3050,60.0,176.0,,false
3051,800.0,4.0,,false
3052,60.0,96.0,,false
3053,60.0,119.0,,false
3054,60.0,90.0,,false
3055,60.0,104.0,,false
3056,60.0,86.0,,false
3057,60.0,87.0,,false
3058,60.0,105.0,,false
3059,100.0,215.0,,false
3060,100.0,207.0,,false
3061,900.0,10.0,,false
3062,1150.0,17.0,,false
3063,1000.0,8.0,,false
3064,1350.0,48.0,,true
3065,500.0,56.0,,true
3066,5000.0,19.0,,true
3067,2200.0,137.0,,true
3068,3500.0,394.0,,true
3069,5000.0,600.0,,true
3070,500.0,151.0,,true
3071,125.0,529.0,,true
3072,40.0,367.0,,true
3073,350.0,179.0,,true
3074,500.0,195.0,,false
3075,500.0,343.0,,false
3076,3300.0,21.0,,false
3077,3300.0,27.0,,false
3078,3300.0,29.0,,false
3079,60.0,235.0,,false
3080,60.0,241.0,,false
3081,60.0,247.0,,false
3082,800.0,5.0,,false
3083,60.0,112.0,,false
3084,60.0,117.0,,false
3085,60.0,106.0,,false
3086,60.0,89.0,,false
3087,60.0,93.0,,false
3088,60.0,100.0,,false
3089,60.0,97.0,,false
3090,60.0,118.0,,false
3091,60.0,91.0,,false
3092,100.0,219.0,,false
3093,100.0,232.0,,false
3094,900.0,10.0,,false
3095,1150.0,14.0,,false
3096,1000.0,8.0,,false
3097,1350.0,50.0,,true
3098,500.0,58.0,,true
3099,5000.0,18.0,,true
3100,2200.0,137.0,,true
3101,3500.0,221.0,,true
3102,5000.0,600.0,,true
3103,500.0,150.0,,true
3104,125.0,485.0,,true
3105,40.0,394.0,,true
3106,350.0,162.0,,true
3107,500.0,193.0,,false
3108,500.0,537.0,,false
3109,3300.0,30.0,,false
3110,3300.0,29.0,,false
3111,3300.0,29.0,,false
3112,60.0,227.0,,false
3113,60.0,215.0,,false
3114,60.0,227.0,,false
3115,60.0,165.0,,false
3116,800.0,4.0,,false
3117,60.0,98.0,,false
3118,60.0,89.0,,false
3119,60.0,118.0,,false
3120,60.0,108.0,,false
3121,60.0,106.0,,false
3122,60.0,82.0,,false
3123,60.0,108.0,,false
3124,60.0,93.0,,false
3125,100.0,207.0,,false
3126,100.0,221.0,,false
3127,900.0,7.0,,false
3128,1150.0,14.0,,false
3129,1000.0,8.0,,false
3130,1350.0,49.0,,true
3131,500.0,58.0,,true
3132,5000.0,16.0,,true
3133,2200.0,135.0,,true
3134,3500.0,287.0,,true
3135,5000.0,600.0,,true
3136,500.0,148.0,,true
3137,125.0,475.0,,true
3138,40.0,387.0,,true
3139,350.0,179.0,,true
3140,500.0,179.0,,false
3141,500.0,517.0,,false
3142,3300.0,25.0,,false
3143,3300.0,25.0,,false
3144,3300.0,25.0,,false
3145,60.0,186.0,,false
3146,60.0,177.0,,false
3147,60.0,157.0,,false
3148,800.0,5.0,,false
3149,60.0,119.0,,false
3150,60.0,104.0,,false
3151,60.0,106.0,,false
3152,60.0,115.0,,false
3153,60.0,92.0,,false
3154,60.0,105.0,,false
3155,60.0,84.0,,false
3156,60.0,115.0,,false
3157,60.0,99.0,,false
3158,60.0,86.0,,false
3159,100.0,181.0,,false
3160,100.0,221.0,,false
3161,900.0,10.0,,false
3162,1150.0,16.0,,false
3163,1000.0,8.0,,false
3164,1350.0,46.0,,true
3165,500.0,59.0,,true
3166,5000.0,19.0,,true
3167,2200.0,133.0,,true
3168,3500.0,371.0,,true
3169,5000.0,600.0,,true
3170,500.0,145.0,,true
3171,125.0,469.0,,true
3172,40.0,419.0,,true
3173,350.0,155.0,,true
3174,500.0,171.0,,false
3175,500.0,544.0,,false
3176,3300.0,24.0,,false
3177,3300.0,27.0,,false
3178,3300.0,29.0,,false
3179,60.0,222.0,,false
3180,60.0,201.0,,false
3181,60.0,161.0,,false
3182,800.0,5.0,,false
3183,60.0,81.0,,false
3184,60.0,111.0,,false
3185,60.0,104.0,,false
3186,60.0,100.0,,false
3187,60.0,89.0,,false
3188,60.0,98.0,,false
3189,60.0,92.0,,false
3190,60.0,104.0,,false
3191,60.0,87.0,,false
3192,60.0,111.0,,false
3193,100.0,239.0,,false
3194,100.0,197.0,,false
3195,900.0,10.0,,false
3196,1150.0,18.0,,false
3197,1000.0,6.0,,false
3198,1350.0,49.0,,true
3199,500.0,60.0,,true
3200,5000.0,18.0,,true
3201,2200.0,131.0,,true
3202,3500.0,379.0,,true
3203,5000.0,600.0,,true
3204,500.0,145.0,,true
3205,125.0,459.0,,true
3206,40.0,404.0,,true
3207,350.0,155.0,,true
3208,500.0,188.0,,false
3209,500.0,428.0,,false
3210,3300.0,26.0,,false
3211,3300.0,24.0,,false
3212,3300.0,24.0,,false
3213,60.0,236.0,,false
3214,60.0,182.0,,false
3215,60.0,197.0,,false
3216,800.0,5.0,,false
3217,60.0,110.0,,false
3218,60.0,114.0,,false
3219,60.0,90.0,,false
3220,60.0,88.0,,false
3221,60.0,86.0,,false
3222,60.0,101.0,,false
3223,100.0,250.0,,false
3224,100.0,237.0,,false
3225,900.0,9.0,,false
3226,1150.0,17.0,,false
3227,1000.0,5.0,,false
3228,1350.0,48.0,,true
3229,500.0,60.0,,true
3230,5000.0,16.0,,true
3231,2200.0,137.0,,true
3232,3500.0,364.0,,true
3233,5000.0,600.0,,true
3234,500.0,148.0,,true
3235,125.0,487.0,,true
3236,40.0,392.0,,true
3237,350.0,164.0,,true
3238,500.0,197.0,,false
3239,500.0,430.0,,false
3240,3300.0,29.0,,false
3241,3300.0,30.0,,false
3242,3300.0,29.0,,false
3243,60.0,166.0,,false
3244,60.0,246.0,,false
3245,60.0,244.0,,false
3246,800.0,4.0,,false
3247,60.0,102.0,,false
3248,60.0,97.0,,false
3249,60.0,90.0,,false
3250,60.0,113.0,,false
3251,60.0,116.0,,false
3252,60.0,109.0,,false
3253,100.0,215.0,,false
3254,100.0,243.0,,false
3255,900.0,10.0,,false
3256,1150.0,16.0,,false
3257,1000.0,7.0,,false
