Reference,height,width,stripwidth,preemptable
1,1350.0,48.0,720,true
2,500.0,57.0,,true
3,5000.0,17.0,,true
4,2200.0,131.0,,true
5,3500.0,298.0,,true
6,5000.0,600.0,,true
7,500.0,149.0,,true
8,125.0,462.0,,true
9,40.0,361.0,,true
10,350.0,159.0,,true
11,500.0,192.0,,false
12,500.0,546.0,,false
13,3300.0,24.0,,false
14,3300.0,29.0,,false
15,3300.0,29.0,,false
16,60.0,201.0,,false
17,60.0,239.0,,false
18,60.0,197.0,,false
19,60.0,231.0,,false
20,800.0,6.0,,false
21,60.0,112.0,,false
22,60.0,86.0,,false
23,60.0,88.0,,false
24,60.0,97.0,,false
25,60.0,99.0,,false
26,60.0,82.0,,false
27,60.0,96.0,,false
28,60.0,101.0,,false
29,60.0,107.0,,false
30,60.0,86.0,,false
31,100.0,217.0,,false
32,100.0,206.0,,false
33,900.0,7.0,,false
34,1150.0,17.0,,false
35,1000.0,7.0,,false
36,1350.0,46.0,,true
37,500.0,56.0,,true
38,5000.0,16.0,,true
39,2200.0,136.0,,true
40,3500.0,303.0,,true
41,5000.0,600.0,,true
42,500.0,160.0,,true
43,125.0,452.0,,true
44,40.0,407.0,,true
45,350.0,159.0,,true
46,500.0,190.0,,false
47,500.0,496.0,,false
48,3300.0,29.0,,false
49,3300.0,22.0,,false
50,3300.0,23.0,,false
51,60.0,233.0,,false
52,60.0,183.0,,false
53,60.0,164.0,,false
54,800.0,4.0,,false
55,60.0,92.0,,false
56,60.0,89.0,,false
57,60.0,97.0,,false
58,60.0,113.0,,false
59,60.0,90.0,,false
60,60.0,94.0,,false
61,60.0,104.0,,false
62,60.0,107.0,,false
63,60.0,98.0,,false
64,60.0,113.0,,false
65,100.0,231.0,,false
66,100.0,241.0,,false
67,900.0,8.0,,false
68,1150.0,15.0,,false
69,1000.0,8.0,,false
70,1350.0,48.0,,true
71,500.0,60.0,,true
72,5000.0,17.0,,true
73,2200.0,140.0,,true
74,3500.0,332.0,,true
75,5000.0,600.0,,true
76,500.0,150.0,,true
77,125.0,515.0,,true
78,40.0,453.0,,true
79,350.0,179.0,,true
80,500.0,181.0,,false
81,500.0,593.0,,false
82,3300.0,23.0,,false
83,3300.0,30.0,,false
84,3300.0,27.0,,false
85,60.0,222.0,,false
86,60.0,214.0,,false
87,60.0,164.0,,false
88,60.0,231.0,,false
89,800.0,6.0,,false
90,60.0,116.0,,false
91,60.0,115.0,,false
92,60.0,97.0,,false
93,60.0,118.0,,false
94,60.0,115.0,,false
95,60.0,106.0,,false
96,100.0,195.0,,false
97,100.0,205.0,,false
98,900.0,8.0,,false
99,1150.0,17.0,,false
100,1000.0,8.0,,false
101,1350.0,48.0,,true
102,500.0,60.0,,true
103,5000.0,19.0,,true
104,2200.0,135.0,,true
105,3500.0,312.0,,true
106,5000.0,600.0,,true
107,500.0,155.0,,true
108,125.0,451.0,,true
109,40.0,403.0,,true
110,350.0,146.0,,true
111,500.0,193.0,,false
112,500.0,595.0,,false
113,3300.0,26.0,,false
114,3300.0,23.0,,false
115,3300.0,25.0,,false
116,60.0,237.0,,false
117,60.0,201.0,,false
118,60.0,173.0,,false
119,800.0,6.0,,false
120,60.0,98.0,,false
121,60.0,119.0,,false
122,60.0,114.0,,false
123,60.0,101.0,,false
124,60.0,116.0,,false
125,60.0,82.0,,false
126,60.0,117.0,,false
127,60.0,103.0,,false
128,100.0,250.0,,false
129,100.0,237.0,,false
130,900.0,8.0,,false
131,1150.0,15.0,,false
132,1000.0,6.0,,false
133,1350.0,47.0,,true
134,500.0,56.0,,true
135,5000.0,16.0,,true
136,2200.0,136.0,,true
137,3500.0,215.0,,true
138,5000.0,600.0,,true
139,500.0,150.0,,true
140,125.0,484.0,,true
141,40.0,457.0,,true
142,350.0,172.0,,true
143,500.0,179.0,,false
144,500.0,417.0,,false
145,3300.0,29.0,,false
146,3300.0,22.0,,false
147,3300.0,29.0,,false
148,60.0,164.0,,false
149,60.0,170.0,,false
150,60.0,162.0,,false
151,800.0,5.0,,false
152,60.0,83.0,,false
153,60.0,101.0,,false
154,60.0,83.0,,false
155,60.0,112.0,,false
156,60.0,99.0,,false
157,60.0,99.0,,false
158,60.0,116.0,,false
159,100.0,195.0,,false
160,100.0,203.0,,false
161,900.0,9.0,,false
162,1150.0,16.0,,false
163,1000.0,5.0,,false
164,1350.0,47.0,,true
165,500.0,58.0,,true
166,5000.0,19.0,,true
167,2200.0,136.0,,true
168,3500.0,267.0,,true
169,5000.0,600.0,,true
170,500.0,153.0,,true
171,125.0,456.0,,true
172,40.0,457.0,,true
173,350.0,148.0,,true
174,500.0,182.0,,false
175,500.0,321.0,,false
176,3300.0,22.0,,false
177,3300.0,30.0,,false
178,3300.0,28.0,,false
179,60.0,193.0,,false
180,60.0,248.0,,false
181,60.0,182.0,,false
182,800.0,5.0,,false
183,60.0,82.0,,false
184,60.0,99.0,,false
185,60.0,83.0,,false
186,60.0,98.0,,false
187,60.0,98.0,,false
188,60.0,106.0,,false
189,60.0,111.0,,false
190,60.0,105.0,,false
191,60.0,112.0,,false
192,60.0,94.0,,false
193,100.0,204.0,,false
194,100.0,221.0,,false
195,900.0,9.0,,false
196,1150.0,15.0,,false
197,1000.0,5.0,,false
198,1350.0,50.0,,true
199,500.0,57.0,,true
200,5000.0,19.0,,true
201,2200.0,131.0,,true
202,3500.0,366.0,,true
203,5000.0,600.0,,true
204,500.0,143.0,,true
205,125.0,512.0,,true
206,40.0,441.0,,true
207,350.0,162.0,,true
208,500.0,171.0,,false
209,500.0,577.0,,false
210,3300.0,26.0,,false
211,3300.0,24.0,,false
212,3300.0,25.0,,false
213,60.0,249.0,,false
214,60.0,167.0,,false
215,60.0,204.0,,false
216,800.0,6.0,,false
217,60.0,115.0,,false
218,60.0,107.0,,false
219,60.0,88.0,,false
220,60.0,111.0,,false
221,60.0,83.0,,false
222,60.0,101.0,,false
223,60.0,104.0,,false
224,60.0,114.0,,false
225,100.0,183.0,,false
226,100.0,219.0,,false
227,900.0,7.0,,false
228,1150.0,13.0,,false
229,1000.0,5.0,,false
230,1350.0,47.0,,true
231,500.0,60.0,,true
232,5000.0,18.0,,true
233,2200.0,137.0,,true
234,3500.0,240.0,,true
235,5000.0,600.0,,true
236,500.0,144.0,,true
237,125.0,451.0,,true
238,40.0,398.0,,true
239,350.0,152.0,,true
240,500.0,185.0,,false
241,500.0,322.0,,false
242,3300.0,29.0,,false
243,3300.0,29.0,,false
244,3300.0,28.0,,false
245,60.0,242.0,,false
246,60.0,180.0,,false
247,60.0,212.0,,false
248,60.0,225.0,,false
249,800.0,5.0,,false
250,60.0,86.0,,false
251,60.0,102.0,,false
252,60.0,96.0,,false
253,60.0,98.0,,false
254,60.0,104.0,,false
255,60.0,104.0,,false
256,60.0,110.0,,false
257,100.0,221.0,,false
258,100.0,182.0,,false
259,900.0,7.0,,false
260,1150.0,13.0,,false
261,1000.0,8.0,,false
262,1350.0,50.0,,true
263,500.0,60.0,,true
264,5000.0,17.0,,true
265,2200.0,139.0,,true
266,3500.0,290.0,,true
267,5000.0,600.0,,true
268,500.0,145.0,,true
269,125.0,486.0,,true
270,40.0,361.0,,true
271,350.0,170.0,,true
272,500.0,186.0,,false
273,500.0,350.0,,false
274,3300.0,22.0,,false
275,3300.0,24.0,,false
276,3300.0,24.0,,false
277,60.0,219.0,,false
278,60.0,192.0,,false
279,60.0,160.0,,false
280,60.0,168.0,,false
281,800.0,6.0,,false
282,60.0,102.0,,false
283,60.0,101.0,,false
284,60.0,101.0,,false
285,60.0,88.0,,false
286,60.0,93.0,,false
287,60.0,108.0,,false
288,60.0,82.0,,false
289,60.0,99.0,,false
290,60.0,92.0,,false
291,60.0,82.0,,false
292,100.0,231.0,,false
293,100.0,221.0,,false
294,900.0,9.0,,false
295,1150.0,14.0,,false
296,1000.0,7.0,,false
297,1350.0,49.0,,true
298,500.0,57.0,,true
299,5000.0,20.0,,true
300,2200.0,136.0,,true
301,3500.0,239.0,,true
302,5000.0,600.0,,true
303,500.0,150.0,,true
304,125.0,451.0,,true
305,40.0,420.0,,true
306,350.0,171.0,,true
307,500.0,187.0,,false
308,500.0,524.0,,false
309,3300.0,25.0,,false
310,3300.0,24.0,,false
311,3300.0,30.0,,false
312,60.0,157.0,,false
313,60.0,234.0,,false
314,60.0,166.0,,false
315,60.0,201.0,,false
316,800.0,4.0,,false
317,60.0,84.0,,false
318,60.0,104.0,,false
319,60.0,102.0,,false
320,60.0,103.0,,false
321,60.0,84.0,,false
322,60.0,96.0,,false
323,60.0,91.0,,false
324,100.0,204.0,,false
325,100.0,191.0,,false
326,900.0,7.0,,false
327,1150.0,17.0,,false
328,1000.0,5.0,,false
329,1350.0,48.0,,true
330,500.0,60.0,,true
331,5000.0,20.0,,true
332,2200.0,133.0,,true
333,3500.0,387.0,,true
334,5000.0,600.0,,true
335,500.0,146.0,,true
336,125.0,483.0,,true
337,40.0,365.0,,true
338,350.0,179.0,,true
339,500.0,177.0,,false
340,500.0,456.0,,false
341,3300.0,27.0,,false
342,3300.0,24.0,,false
343,3300.0,27.0,,false
344,60.0,156.0,,false
345,60.0,250.0,,false
346,60.0,188.0,,false
347,60.0,191.0,,false
348,800.0,5.0,,false
349,60.0,82.0,,false
350,60.0,120.0,,false
351,60.0,81.0,,false
352,60.0,100.0,,false
353,60.0,91.0,,false
354,60.0,88.0,,false
355,60.0,96.0,,false
356,100.0,248.0,,false
357,100.0,237.0,,false
358,900.0,7.0,,false
359,1150.0,15.0,,false
360,1000.0,6.0,,false
361,1350.0,48.0,,true
362,500.0,59.0,,true
363,5000.0,18.0,,true
364,2200.0,133.0,,true
365,3500.0,319.0,,true
366,5000.0,600.0,,true
367,500.0,146.0,,true
368,125.0,502.0,,true
369,40.0,363.0,,true
370,350.0,174.0,,true
371,500.0,178.0,,false
372,500.0,489.0,,false
373,3300.0,22.0,,false
374,3300.0,27.0,,false
375,3300.0,27.0,,false
376,60.0,211.0,,false
377,60.0,229.0,,false
378,60.0,167.0,,false
379,60.0,197.0,,false
380,800.0,6.0,,false
381,60.0,101.0,,false
382,60.0,92.0,,false
383,60.0,107.0,,false
384,60.0,93.0,,false
385,60.0,87.0,,false
386,60.0,119.0,,false
387,100.0,233.0,,false
388,100.0,236.0,,false
389,900.0,7.0,,false
390,1150.0,17.0,,false
391,1000.0,6.0,,false
392,1350.0,47.0,,true
393,500.0,58.0,,true
394,5000.0,17.0,,true
395,2200.0,133.0,,true
396,3500.0,261.0,,true
397,5000.0,600.0,,true
398,500.0,147.0,,true
399,125.0,525.0,,true
400,40.0,398.0,,true
401,350.0,154.0,,true
402,500.0,190.0,,false
403,500.0,438.0,,false
404,3300.0,25.0,,false
405,3300.0,27.0,,false
406,3300.0,23.0,,false
407,60.0,234.0,,false
408,60.0,240.0,,false
409,60.0,242.0,,false
410,60.0,242.0,,false
411,800.0,5.0,,false
412,60.0,120.0,,false
413,60.0,103.0,,false
414,60.0,104.0,,false
415,60.0,82.0,,false
416,60.0,104.0,,false
417,60.0,111.0,,false
418,60.0,103.0,,false
419,60.0,92.0,,false
420,100.0,236.0,,false
421,100.0,208.0,,false
422,900.0,10.0,,false
423,1150.0,17.0,,false
424,1000.0,5.0,,false
425,1350.0,46.0,,true
426,500.0,60.0,,true
427,5000.0,17.0,,true
428,2200.0,133.0,,true
429,3500.0,272.0,,true
430,5000.0,600.0,,true
431,500.0,142.0,,true
432,125.0,542.0,,true
433,40.0,392.0,,true
434,350.0,152.0,,true
435,500.0,200.0,,false
436,500.0,577.0,,false
437,3300.0,30.0,,false
438,3300.0,26.0,,false
439,3300.0,21.0,,false
440,60.0,160.0,,false
441,60.0,219.0,,false
442,60.0,231.0,,false
443,60.0,184.0,,false
444,800.0,5.0,,false
445,60.0,117.0,,false
446,60.0,89.0,,false
447,60.0,113.0,,false
448,60.0,83.0,,false
449,60.0,117.0,,false
450,60.0,110.0,,false
451,60.0,117.0,,false
452,60.0,95.0,,false
453,60.0,109.0,,false
454,60.0,92.0,,false
455,100.0,191.0,,false
456,100.0,249.0,,false
457,900.0,8.0,,false
458,1150.0,13.0,,false
459,1000.0,7.0,,false
460,1350.0,46.0,,true
461,500.0,58.0,,true
462,5000.0,17.0,,true
463,2200.0,138.0,,true
464,3500.0,368.0,,true
465,5000.0,600.0,,true
466,500.0,152.0,,true
467,125.0,453.0,,true
468,40.0,382.0,,true
469,350.0,143.0,,true
470,500.0,195.0,,false
471,500.0,561.0,,false
472,3300.0,21.0,,false
473,3300.0,27.0,,false
474,3300.0,29.0,,false
475,60.0,206.0,,false
476,60.0,161.0,,false
477,60.0,218.0,,false
478,800.0,5.0,,false
479,60.0,87.0,,false
480,60.0,108.0,,false
481,60.0,84.0,,false
482,60.0,104.0,,false
483,60.0,90.0,,false
484,60.0,88.0,,false
485,60.0,90.0,,false
486,100.0,191.0,,false
487,100.0,229.0,,false
488,900.0,10.0,,false
489,1150.0,13.0,,false
490,1000.0,5.0,,false
491,1350.0,48.0,,true
492,500.0,59.0,,true
493,5000.0,18.0,,true
494,2200.0,134.0,,true
495,3500.0,348.0,,true
496,5000.0,600.0,,true
497,500.0,156.0,,true
498,125.0,548.0,,true
499,40.0,371.0,,true
500,350.0,162.0,,true
501,500.0,182.0,,false
502,500.0,476.0,,false
503,3300.0,28.0,,false
504,3300.0,30.0,,false
505,3300.0,24.0,,false
506,60.0,241.0,,false
507,60.0,189.0,,false
508,60.0,235.0,,false
509,800.0,6.0,,false
510,60.0,87.0,,false
511,60.0,92.0,,false
512,60.0,91.0,,false
513,60.0,87.0,,false
514,60.0,98.0,,false
515,60.0,82.0,,false
516,60.0,95.0,,false
517,60.0,90.0,,false
518,60.0,105.0,,false
519,60.0,82.0,,false
520,100.0,230.0,,false
521,100.0,181.0,,false
522,900.0,8.0,,false
523,1150.0,16.0,,false
524,1000.0,5.0,,false
525,1350.0,48.0,,true
526,500.0,57.0,,true
527,5000.0,18.0,,true
528,2200.0,136.0,,true
529,3500.0,239.0,,true
530,5000.0,600.0,,true
531,500.0,150.0,,true
532,125.0,475.0,,true
533,40.0,362.0,,true
534,350.0,173.0,,true
535,500.0,187.0,,false
536,500.0,434.0,,false
537,3300.0,28.0,,false
538,3300.0,22.0,,false
539,3300.0,30.0,,false
540,60.0,206.0,,false
541,60.0,196.0,,false
542,60.0,238.0,,false
543,800.0,5.0,,false
544,60.0,87.0,,false
545,60.0,108.0,,false
546,60.0,95.0,,false
547,60.0,94.0,,false
548,60.0,81.0,,false
549,60.0,99.0,,false
550,100.0,231.0,,false
551,100.0,189.0,,false
552,900.0,8.0,,false
553,1150.0,17.0,,false
554,1000.0,7.0,,false
555,1350.0,48.0,,true
556,500.0,56.0,,true
557,5000.0,17.0,,true
558,2200.0,134.0,,true
559,3500.0,270.0,,true
560,5000.0,600.0,,true
561,500.0,155.0,,true
562,125.0,513.0,,true
563,40.0,414.0,,true
564,350.0,172.0,,true
565,500.0,173.0,,false
566,500.0,318.0,,false
567,3300.0,21.0,,false
568,3300.0,24.0,,false
569,3300.0,22.0,,false
570,60.0,212.0,,false
571,60.0,197.0,,false
572,60.0,153.0,,false
573,800.0,4.0,,false
574,60.0,81.0,,false
575,60.0,101.0,,false
576,60.0,97.0,,false
577,60.0,102.0,,false
578,60.0,118.0,,false
579,60.0,93.0,,false
580,60.0,110.0,,false
581,60.0,103.0,,false
582,100.0,201.0,,false
583,100.0,198.0,,false
584,900.0,8.0,,false
585,1150.0,13.0,,false
586,1000.0,6.0,,false
587,1350.0,49.0,,true
588,500.0,59.0,,true
589,5000.0,19.0,,true
590,2200.0,134.0,,true
591,3500.0,390.0,,true
592,5000.0,600.0,,true
593,500.0,157.0,,true
594,125.0,469.0,,true
595,40.0,372.0,,true
596,350.0,159.0,,true
597,500.0,177.0,,false
598,500.0,528.0,,false
599,3300.0,27.0,,false
600,3300.0,24.0,,false
601,3300.0,28.0,,false
602,60.0,242.0,,false
603,60.0,229.0,,false
604,60.0,234.0,,false
605,800.0,6.0,,false
606,60.0,90.0,,false
607,60.0,107.0,,false
608,60.0,103.0,,false
609,60.0,87.0,,false
610,60.0,81.0,,false
611,60.0,87.0,,false
612,60.0,111.0,,false
613,60.0,118.0,,false
614,60.0,104.0,,false
615,60.0,118.0,,false
616,100.0,211.0,,false
617,100.0,201.0,,false
618,900.0,7.0,,false
619,1150.0,16.0,,false
620,1000.0,5.0,,false
621,1350.0,48.0,,true
622,500.0,60.0,,true
623,5000.0,18.0,,true
624,2200.0,139.0,,true
625,3500.0,246.0,,true
626,5000.0,600.0,,true
627,500.0,143.0,,true
628,125.0,542.0,,true
629,40.0,367.0,,true
630,350.0,162.0,,true
631,500.0,182.0,,false
632,500.0,495.0,,false
633,3300.0,22.0,,false
634,3300.0,24.0,,false
635,3300.0,24.0,,false
636,60.0,220.0,,false
637,60.0,216.0,,false
638,60.0,217.0,,false
639,60.0,180.0,,false
640,800.0,4.0,,false
641,60.0,101.0,,false
642,60.0,110.0,,false
643,60.0,104.0,,false
644,60.0,105.0,,false
645,60.0,116.0,,false
646,60.0,92.0,,false
647,60.0,104.0,,false
648,60.0,87.0,,false
649,60.0,108.0,,false
650,100.0,187.0,,false
651,100.0,221.0,,false
652,900.0,8.0,,false
653,1150.0,15.0,,false
654,1000.0,8.0,,false
655,1350.0,49.0,,true
656,500.0,60.0,,true
657,5000.0,19.0,,true
658,2200.0,137.0,,true
659,3500.0,280.0,,true
660,5000.0,600.0,,true
661,500.0,157.0,,true
662,125.0,524.0,,true
663,40.0,391.0,,true
664,350.0,168.0,,true
665,500.0,194.0,,false
666,500.0,461.0,,false
667,3300.0,27.0,,false
668,3300.0,23.0,,false
669,3300.0,23.0,,false
670,60.0,185.0,,false
671,60.0,202.0,,false
672,60.0,223.0,,false
673,60.0,176.0,,false
674,800.0,5.0,,false
675,60.0,115.0,,false
676,60.0,96.0,,false
677,60.0,118.0,,false
678,60.0,108.0,,false
679,60.0,112.0,,false
680,60.0,81.0,,false
681,60.0,81.0,,false
682,60.0,119.0,,false
683,60.0,119.0,,false
684,60.0,103.0,,false
685,100.0,225.0,,false
686,100.0,196.0,,false
687,900.0,8.0,,false
688,1150.0,17.0,,false
689,1000.0,8.0,,false
690,1350.0,46.0,,true
691,500.0,60.0,,true
692,5000.0,16.0,,true
693,2200.0,133.0,,true
694,3500.0,369.0,,true
695,5000.0,600.0,,true
696,500.0,153.0,,true
697,125.0,507.0,,true
698,40.0,436.0,,true
699,350.0,169.0,,true
700,500.0,178.0,,false
701,500.0,471.0,,false
702,3300.0,30.0,,false
703,3300.0,27.0,,false
704,3300.0,26.0,,false
705,60.0,161.0,,false
706,60.0,207.0,,false
707,60.0,191.0,,false
708,800.0,6.0,,false
709,60.0,104.0,,false
710,60.0,82.0,,false
711,60.0,110.0,,false
712,60.0,87.0,,false
713,60.0,116.0,,false
714,60.0,120.0,,false
715,60.0,108.0,,false
716,60.0,93.0,,false
717,100.0,202.0,,false
718,100.0,193.0,,false
719,900.0,9.0,,false
720,1150.0,14.0,,false
721,1000.0,5.0,,false
722,1350.0,46.0,,true
723,500.0,60.0,,true
724,5000.0,20.0,,true
725,2200.0,132.0,,true
726,3500.0,328.0,,true
727,5000.0,600.0,,true
728,500.0,156.0,,true
729,125.0,474.0,,true
730,40.0,353.0,,true
731,350.0,147.0,,true
732,500.0,174.0,,false
733,500.0,573.0,,false
734,3300.0,28.0,,false
735,3300.0,21.0,,false
736,3300.0,25.0,,false
737,60.0,245.0,,false
738,60.0,206.0,,false
739,60.0,248.0,,false
740,60.0,247.0,,false
741,800.0,4.0,,false
742,60.0,120.0,,false
743,60.0,103.0,,false
744,60.0,95.0,,false
745,60.0,107.0,,false
746,60.0,107.0,,false
747,60.0,111.0,,false
748,60.0,103.0,,false
749,60.0,89.0,,false
750,60.0,82.0,,false
751,100.0,221.0,,false
752,100.0,250.0,,false
753,900.0,9.0,,false
754,1150.0,14.0,,false
755,1000.0,8.0,,false
756,1350.0,46.0,,true
757,500.0,60.0,,true
758,5000.0,20.0,,true
759,2200.0,136.0,,true
760,3500.0,323.0,,true
761,5000.0,600.0,,true
762,500.0,150.0,,true
763,125.0,464.0,,true
764,40.0,393.0,,true
765,350.0,153.0,,true
766,500.0,188.0,,false
767,500.0,414.0,,false
768,3300.0,29.0,,false
769,3300.0,25.0,,false
770,3300.0,27.0,,false
771,60.0,170.0,,false
772,60.0,235.0,,false
773,60.0,203.0,,false
774,800.0,5.0,,false
775,60.0,102.0,,false
776,60.0,84.0,,false
777,60.0,102.0,,false
778,60.0,97.0,,false
779,60.0,95.0,,false
780,60.0,104.0,,false
781,60.0,119.0,,false
782,60.0,108.0,,false
783,60.0,114.0,,false
784,100.0,216.0,,false
785,100.0,249.0,,false
786,900.0,8.0,,false
787,1150.0,16.0,,false
788,1000.0,8.0,,false
789,1350.0,48.0,,true
790,500.0,58.0,,true
791,5000.0,18.0,,true
792,2200.0,132.0,,true
793,3500.0,233.0,,true
794,5000.0,600.0,,true
795,500.0,158.0,,true
796,125.0,506.0,,true
797,40.0,405.0,,true
798,350.0,158.0,,true
799,500.0,187.0,,false
800,500.0,456.0,,false
801,3300.0,30.0,,false
802,3300.0,29.0,,false
803,3300.0,28.0,,false
804,60.0,180.0,,false
805,60.0,232.0,,false
806,60.0,153.0,,false
807,800.0,6.0,,false
808,60.0,100.0,,false
809,60.0,111.0,,false
810,60.0,93.0,,false
811,60.0,105.0,,false
812,60.0,81.0,,false
813,60.0,112.0,,false
814,60.0,117.0,,false
815,60.0,95.0,,false
816,60.0,95.0,,false
817,60.0,111.0,,false
818,100.0,187.0,,false
819,100.0,186.0,,false
820,900.0,10.0,,false
821,1150.0,16.0,,false
822,1000.0,8.0,,false
823,1350.0,47.0,,true
824,500.0,59.0,,true
825,5000.0,20.0,,true
826,2200.0,131.0,,true
827,3500.0,305.0,,true
828,5000.0,600.0,,true
829,500.0,150.0,,true
830,125.0,515.0,,true
831,40.0,440.0,,true
832,350.0,175.0,,true
833,500.0,188.0,,false
834,500.0,412.0,,false
835,3300.0,28.0,,false
836,3300.0,29.0,,false
837,3300.0,30.0,,false
838,60.0,177.0,,false
839,60.0,193.0,,false
840,60.0,204.0,,false
841,800.0,5.0,,false
842,60.0,109.0,,false
843,60.0,117.0,,false
844,60.0,120.0,,false
845,60.0,112.0,,false
846,60.0,108.0,,false
847,60.0,84.0,,false
848,60.0,112.0,,false
849,60.0,106.0,,false
850,100.0,186.0,,false
851,100.0,228.0,,false
852,900.0,9.0,,false
853,1150.0,17.0,,false
854,1000.0,5.0,,false
855,1350.0,49.0,,true
856,500.0,60.0,,true
857,5000.0,16.0,,true
858,2200.0,136.0,,true
859,3500.0,355.0,,true
860,5000.0,600.0,,true
861,500.0,158.0,,true
862,125.0,548.0,,true
863,40.0,404.0,,true
864,350.0,166.0,,true
865,500.0,191.0,,false
866,500.0,306.0,,false
867,3300.0,30.0,,false
868,3300.0,25.0,,false
869,3300.0,25.0,,false
870,60.0,170.0,,false
871,60.0,199.0,,false
872,60.0,221.0,,false
873,60.0,248.0,,false
874,800.0,4.0,,false
875,60.0,120.0,,false
876,60.0,112.0,,false
877,60.0,113.0,,false
878,60.0,118.0,,false
879,60.0,90.0,,false
880,60.0,83.0,,false
881,60.0,89.0,,false
882,100.0,250.0,,false
883,100.0,239.0,,false
884,900.0,10.0,,false
885,1150.0,16.0,,false
886,1000.0,8.0,,false
887,1350.0,46.0,,true
888,500.0,59.0,,true
889,5000.0,19.0,,true
890,2200.0,139.0,,true
891,3500.0,259.0,,true
892,5000.0,600.0,,true
893,500.0,152.0,,true
894,125.0,505.0,,true
895,40.0,388.0,,true
896,350.0,166.0,,true
897,500.0,192.0,,false
898,500.0,470.0,,false
899,3300.0,21.0,,false
900,3300.0,28.0,,false
901,3300.0,24.0,,false
902,60.0,180.0,,false
903,60.0,236.0,,false
904,60.0,206.0,,false
905,800.0,6.0,,false
906,60.0,106.0,,false
907,60.0,113.0,,false
908,60.0,109.0,,false
909,60.0,119.0,,false
910,60.0,82.0,,false
911,60.0,109.0,,false
912,60.0,89.0,,false
913,100.0,223.0,,false
914,100.0,216.0,,false
915,900.0,8.0,,false
916,1150.0,18.0,,false
917,1000.0,6.0,,false
918,1350.0,46.0,,true
919,500.0,59.0,,true
920,5000.0,18.0,,true
921,2200.0,135.0,,true
922,3500.0,270.0,,true
923,5000.0,600.0,,true
924,500.0,143.0,,true
925,125.0,504.0,,true
926,40.0,456.0,,true
927,350.0,153.0,,true
928,500.0,188.0,,false
929,500.0,311.0,,false
930,3300.0,21.0,,false
931,3300.0,24.0,,false
932,3300.0,30.0,,false
933,60.0,186.0,,false
934,60.0,237.0,,false
935,60.0,155.0,,false
936,800.0,5.0,,false
937,60.0,102.0,,false
938,60.0,98.0,,false
939,60.0,117.0,,false
940,60.0,101.0,,false
941,60.0,120.0,,false
942,60.0,84.0,,false
943,60.0,106.0,,false
944,100.0,250.0,,false
945,100.0,198.0,,false
946,900.0,9.0,,false
947,1150.0,15.0,,false
948,1000.0,6.0,,false
949,1350.0,50.0,,true
950,500.0,59.0,,true
951,5000.0,16.0,,true
952,2200.0,131.0,,true
953,3500.0,339.0,,true
954,5000.0,600.0,,true
955,500.0,151.0,,true
956,125.0,522.0,,true
957,40.0,358.0,,true
958,350.0,148.0,,true
959,500.0,186.0,,false
960,500.0,393.0,,false
961,3300.0,29.0,,false
962,3300.0,30.0,,false
963,3300.0,26.0,,false
964,60.0,167.0,,false
965,60.0,186.0,,false
966,60.0,235.0,,false
967,800.0,4.0,,false
968,60.0,96.0,,false
969,60.0,94.0,,false
970,60.0,117.0,,false
971,60.0,95.0,,false
972,60.0,120.0,,false
973,60.0,88.0,,false
974,60.0,96.0,,false
975,100.0,232.0,,false
976,100.0,194.0,,false
977,900.0,9.0,,false
978,1150.0,15.0,,false
979,1000.0,8.0,,false
980,1350.0,49.0,,true
981,500.0,57.0,,true
982,5000.0,16.0,,true
983,2200.0,135.0,,true
984,3500.0,362.0,,true
985,5000.0,600.0,,true
986,500.0,143.0,,true
987,125.0,471.0,,true
988,40.0,358.0,,true
989,350.0,175.0,,true
990,500.0,190.0,,false
991,500.0,376.0,,false
992,3300.0,22.0,,false
993,3300.0,24.0,,false
994,3300.0,25.0,,false
995,60.0,216.0,,false
996,60.0,177.0,,false
997,60.0,201.0,,false
998,60.0,195.0,,false
999,800.0,6.0,,false
1000,60.0,117.0,,false
1001,60.0,114.0,,false
1002,60.0,120.0,,false
1003,60.0,110.0,,false
1004,60.0,81.0,,false
1005,60.0,113.0,,false
1006,60.0,89.0,,false
1007,60.0,93.0,,false
1008,60.0,118.0,,false
1009,60.0,84.0,,false
1010,100.0,192.0,,false
1011,100.0,222.0,,false
1012,900.0,8.0,,false
1013,1150.0,16.0,,false
1014,1000.0,5.0,,false
1015,1350.0,46.0,,true
1016,500.0,57.0,,true
1017,5000.0,17.0,,true
1018,2200.0,134.0,,true
1019,3500.0,321.0,,true
1020,5000.0,600.0,,true
1021,500.0,146.0,,true
1022,125.0,522.0,,true
1023,40.0,458.0,,true
1024,350.0,157.0,,true
1025,500.0,176.0,,false
1026,500.0,367.0,,false
1027,3300.0,22.0,,false
1028,3300.0,21.0,,false
1029,3300.0,25.0,,false
1030,60.0,222.0,,false
1031,60.0,186.0,,false
1032,60.0,155.0,,false
1033,800.0,5.0,,false
1034,60.0,94.0,,false
1035,60.0,85.0,,false
1036,60.0,93.0,,false
1037,60.0,107.0,,false
1038,60.0,101.0,,false
1039,60.0,108.0,,false
1040,60.0,95.0,,false
1041,60.0,84.0,,false
1042,100.0,189.0,,false
1043,100.0,237.0,,false
1044,900.0,9.0,,false
1045,1150.0,17.0,,false
1046,1000.0,6.0,,false
1047,1350.0,48.0,,true
1048,500.0,59.0,,true
1049,5000.0,19.0,,true
1050,2200.0,136.0,,true
1051,3500.0,313.0,,true
1052,5000.0,600.0,,true
1053,500.0,158.0,,true
1054,125.0,511.0,,true
1055,40.0,435.0,,true
1056,350.0,165.0,,true
1057,500.0,174.0,,false
1058,500.0,504.0,,false
1059,3300.0,29.0,,false
1060,3300.0,21.0,,false
1061,3300.0,29.0,,false
1062,60.0,247.0,,false
1063,60.0,174.0,,false
1064,60.0,222.0,,false
1065,60.0,210.0,,false
1066,800.0,4.0,,false
1067,60.0,86.0,,false
1068,60.0,104.0,,false
1069,60.0,106.0,,false
1070,60.0,115.0,,false
1071,60.0,117.0,,false
1072,60.0,92.0,,false
1073,60.0,97.0,,false
1074,100.0,232.0,,false
1075,100.0,219.0,,false
1076,900.0,7.0,,false
1077,1150.0,15.0,,false
1078,1000.0,8.0,,false
1079,1350.0,47.0,,true
1080,500.0,56.0,,true
1081,5000.0,19.0,,true
1082,2200.0,136.0,,true
1083,3500.0,391.0,,true
1084,5000.0,600.0,,true
1085,500.0,160.0,,true
1086,125.0,541.0,,true
1087,40.0,381.0,,true
1088,350.0,151.0,,true
1089,500.0,178.0,,false
1090,500.0,468.0,,false
1091,3300.0,22.0,,false
1092,3300.0,30.0,,false
1093,3300.0,24.0,,false
1094,60.0,195.0,,false
1095,60.0,235.0,,false
1096,60.0,210.0,,false
1097,60.0,165.0,,false
1098,800.0,6.0,,false
1099,60.0,106.0,,false
1100,60.0,83.0,,false
1101,60.0,103.0,,false
1102,60.0,116.0,,false
1103,60.0,101.0,,false
1104,60.0,96.0,,false
1105,60.0,112.0,,false
1106,60.0,88.0,,false
1107,100.0,181.0,,false
1108,100.0,203.0,,false
1109,900.0,9.0,,false
1110,1150.0,13.0,,false
1111,1000.0,5.0,,false
1112,1350.0,50.0,,true
1113,500.0,58.0,,true
1114,5000.0,17.0,,true
1115,2200.0,137.0,,true
1116,3500.0,229.0,,true
1117,5000.0,600.0,,true
1118,500.0,151.0,,true
1119,125.0,460.0,,true
1120,40.0,394.0,,true
1121,350.0,150.0,,true
1122,500.0,190.0,,false
1123,500.0,361.0,,false
1124,3300.0,27.0,,false
1125,3300.0,23.0,,false
1126,3300.0,21.0,,false
1127,60.0,161.0,,false
1128,60.0,160.0,,false
1129,60.0,198.0,,false
1130,800.0,6.0,,false
1131,60.0,95.0,,false
1132,60.0,97.0,,false
1133,60.0,110.0,,false
1134,60.0,117.0,,false
1135,60.0,115.0,,false
1136,60.0,86.0,,false
1137,100.0,199.0,,false
1138,100.0,193.0,,false
1139,900.0,7.0,,false
1140,1150.0,16.0,,false
1141,1000.0,7.0,,false
1142,1350.0,48.0,,true
1143,500.0,56.0,,true
1144,5000.0,20.0,,true
1145,2200.0,132.0,,true
1146,3500.0,257.0,,true
1147,5000.0,600.0,,true
1148,500.0,151.0,,true
1149,125.0,484.0,,true
1150,40.0,375.0,,true
1151,350.0,175.0,,true
1152,500.0,186.0,,false
1153,500.0,514.0,,false
1154,3300.0,25.0,,false
1155,3300.0,25.0,,false
1156,3300.0,24.0,,false
1157,60.0,183.0,,false
1158,60.0,205.0,,false
1159,60.0,177.0,,false
1160,800.0,6.0,,false
1161,60.0,112.0,,false
1162,60.0,97.0,,false
1163,60.0,120.0,,false
1164,60.0,98.0,,false
1165,60.0,96.0,,false
1166,60.0,100.0,,false
1167,60.0,102.0,,false
1168,60.0,86.0,,false
1169,100.0,239.0,,false
1170,100.0,205.0,,false
1171,900.0,8.0,,false
1172,1150.0,16.0,,false
1173,1000.0,8.0,,false
1174,1350.0,46.0,,true
1175,500.0,59.0,,true
1176,5000.0,20.0,,true
1177,2200.0,137.0,,true
1178,3500.0,229.0,,true
1179,5000.0,600.0,,true
1180,500.0,160.0,,true
1181,125.0,529.0,,true
1182,40.0,383.0,,true
1183,350.0,153.0,,true
1184,500.0,194.0,,false
1185,500.0,514.0,,false
1186,3300.0,23.0,,false
1187,3300.0,30.0,,false
1188,3300.0,27.0,,false
1189,60.0,173.0,,false
1190,60.0,194.0,,false
1191,60.0,210.0,,false
1192,60.0,161.0,,false
1193,800.0,4.0,,false
1194,60.0,86.0,,false
1195,60.0,108.0,,false
1196,60.0,112.0,,false
1197,60.0,88.0,,false
1198,60.0,111.0,,false
1199,60.0,113.0,,false
1200,100.0,216.0,,false
1201,100.0,209.0,,false
1202,900.0,9.0,,false
1203,1150.0,13.0,,false
1204,1000.0,5.0,,false
1205,1350.0,48.0,,true
1206,500.0,57.0,,true
1207,5000.0,17.0,,true
1208,2200.0,140.0,,true
1209,3500.0,262.0,,true
1210,5000.0,600.0,,true
1211,500.0,155.0,,true
1212,125.0,462.0,,true
1213,40.0,407.0,,true
1214,350.0,149.0,,true
1215,500.0,190.0,,false
1216,500.0,477.0,,false
1217,3300.0,30.0,,false
1218,3300.0,24.0,,false
1219,3300.0,25.0,,false
1220,60.0,210.0,,false
1221,60.0,219.0,,false
1222,60.0,209.0,,false
1223,60.0,185.0,,false
1224,800.0,6.0,,false
1225,60.0,96.0,,false
1226,60.0,85.0,,false
1227,60.0,106.0,,false
1228,60.0,103.0,,false
1229,60.0,101.0,,false
1230,60.0,97.0,,false
1231,60.0,100.0,,false
1232,60.0,88.0,,false
1233,60.0,83.0,,false
1234,60.0,81.0,,false
1235,100.0,209.0,,false
1236,100.0,219.0,,false
1237,900.0,7.0,,false
1238,1150.0,14.0,,false
1239,1000.0,8.0,,false
1240,1350.0,49.0,,true
1241,500.0,58.0,,true
1242,5000.0,16.0,,true
1243,2200.0,134.0,,true
1244,3500.0,286.0,,true
1245,5000.0,600.0,,true
1246,500.0,145.0,,true
1247,125.0,498.0,,true
1248,40.0,353.0,,true
1249,350.0,144.0,,true
1250,500.0,189.0,,false
1251,500.0,464.0,,false
1252,3300.0,29.0,,false
1253,3300.0,23.0,,false
1254,3300.0,27.0,,false
1255,60.0,203.0,,false
1256,60.0,249.0,,false
1257,60.0,167.0,,false
1258,800.0,4.0,,false
1259,60.0,108.0,,false
1260,60.0,101.0,,false
1261,60.0,88.0,,false
1262,60.0,86.0,,false
1263,60.0,116.0,,false
1264,60.0,97.0,,false
1265,100.0,231.0,,false
1266,100.0,239.0,,false
1267,900.0,8.0,,false
1268,1150.0,17.0,,false
1269,1000.0,6.0,,false
1270,1350.0,49.0,,true
1271,500.0,57.0,,true
1272,5000.0,20.0,,true
1273,2200.0,138.0,,true
1274,3500.0,204.0,,true
1275,5000.0,600.0,,true
1276,500.0,150.0,,true
1277,125.0,455.0,,true
1278,40.0,360.0,,true
1279,350.0,157.0,,true
1280,500.0,188.0,,false
1281,500.0,540.0,,false
1282,3300.0,28.0,,false
1283,3300.0,29.0,,false
1284,3300.0,30.0,,false
1285,60.0,195.0,,false
1286,60.0,165.0,,false
1287,60.0,195.0,,false
1288,60.0,176.0,,false
1289,800.0,4.0,,false
1290,60.0,82.0,,false
1291,60.0,103.0,,false
1292,60.0,108.0,,false
1293,60.0,117.0,,false
1294,60.0,86.0,,false
1295,60.0,113.0,,false
1296,60.0,109.0,,false
1297,100.0,250.0,,false
1298,100.0,213.0,,false
1299,900.0,9.0,,false
1300,1150.0,14.0,,false
1301,1000.0,5.0,,false
1302,1350.0,50.0,,true
1303,500.0,56.0,,true
1304,5000.0,20.0,,true
1305,2200.0,135.0,,true
1306,3500.0,363.0,,true
1307,5000.0,600.0,,true
1308,500.0,149.0,,true
1309,125.0,452.0,,true
1310,40.0,440.0,,true
1311,350.0,163.0,,true
1312,500.0,191.0,,false
1313,500.0,501.0,,false
1314,3300.0,27.0,,false
1315,3300.0,22.0,,false
1316,3300.0,23.0,,false
1317,60.0,212.0,,false
1318,60.0,250.0,,false
1319,60.0,192.0,,false
1320,60.0,168.0,,false
1321,800.0,4.0,,false
1322,60.0,118.0,,false
1323,60.0,116.0,,false
1324,60.0,110.0,,false
1325,60.0,91.0,,false
1326,60.0,96.0,,false
1327,60.0,101.0,,false
1328,60.0,92.0,,false
1329,60.0,115.0,,false
1330,100.0,244.0,,false
1331,100.0,186.0,,false
1332,900.0,9.0,,false
1333,1150.0,17.0,,false
1334,1000.0,8.0,,false
1335,1350.0,48.0,,true
1336,500.0,56.0,,true
1337,5000.0,18.0,,true
1338,2200.0,136.0,,true
1339,3500.0,257.0,,true
1340,5000.0,600.0,,true
1341,500.0,159.0,,true
1342,125.0,487.0,,true
1343,40.0,411.0,,true
1344,350.0,141.0,,true
1345,500.0,179.0,,false
1346,500.0,342.0,,false
1347,3300.0,26.0,,false
1348,3300.0,25.0,,false
1349,3300.0,21.0,,false
1350,60.0,186.0,,false
1351,60.0,155.0,,false
1352,60.0,219.0,,false
1353,60.0,156.0,,false
1354,800.0,4.0,,false
1355,60.0,117.0,,false
1356,60.0,104.0,,false
1357,60.0,111.0,,false
1358,60.0,113.0,,false
1359,60.0,82.0,,false
1360,60.0,85.0,,false
1361,60.0,92.0,,false
1362,60.0,101.0,,false
1363,60.0,98.0,,false
1364,60.0,98.0,,false
1365,100.0,249.0,,false
1366,100.0,247.0,,false
1367,900.0,10.0,,false
1368,1150.0,16.0,,false
1369,1000.0,8.0,,false
1370,1350.0,47.0,,true
1371,500.0,58.0,,true
1372,5000.0,17.0,,true
1373,2200.0,131.0,,true
1374,3500.0,313.0,,true
1375,5000.0,600.0,,true
1376,500.0,159.0,,true
1377,125.0,500.0,,true
1378,40.0,411.0,,true
1379,350.0,178.0,,true
1380,500.0,183.0,,false
1381,500.0,352.0,,false
1382,3300.0,23.0,,false
1383,3300.0,28.0,,false
1384,3300.0,30.0,,false
1385,60.0,176.0,,false
1386,60.0,237.0,,false
1387,60.0,225.0,,false
1388,60.0,174.0,,false
1389,800.0,6.0,,false
1390,60.0,94.0,,false
1391,60.0,108.0,,false
1392,60.0,106.0,,false
1393,60.0,113.0,,false
1394,60.0,86.0,,false
1395,60.0,83.0,,false
1396,60.0,118.0,,false
1397,60.0,117.0,,false
1398,100.0,223.0,,false
1399,100.0,193.0,,false
1400,900.0,10.0,,false
1401,1150.0,17.0,,false
1402,1000.0,8.0,,false
1403,1350.0,46.0,,true
1404,500.0,58.0,,true
1405,5000.0,17.0,,true
1406,2200.0,140.0,,true
1407,3500.0,225.0,,true
1408,5000.0,600.0,,true
1409,500.0,146.0,,true
1410,125.0,511.0,,true
1411,40.0,385.0,,true
1412,350.0,146.0,,true
1413,500.0,197.0,,false
1414,500.0,506.0,,false
1415,3300.0,24.0,,false
1416,3300.0,25.0,,false
1417,3300.0,28.0,,false
1418,60.0,182.0,,false
1419,60.0,222.0,,false
1420,60.0,219.0,,false
1421,800.0,5.0,,false
1422,60.0,95.0,,false
1423,60.0,85.0,,false
1424,60.0,111.0,,false
1425,60.0,106.0,,false
1426,60.0,97.0,,false
1427,60.0,82.0,,false
1428,60.0,91.0,,false
1429,100.0,196.0,,false
1430,100.0,182.0,,false
1431,900.0,7.0,,false
1432,1150.0,13.0,,false
1433,1000.0,7.0,,false
1434,1350.0,49.0,,true
1435,500.0,58.0,,true
1436,5000.0,17.0,,true
1437,2200.0,134.0,,true
1438,3500.0,260.0,,true
1439,5000.0,600.0,,true
1440,500.0,159.0,,true
1441,125.0,508.0,,true
1442,40.0,399.0,,true
1443,350.0,174.0,,true
1444,500.0,172.0,,false
1445,500.0,332.0,,false
1446,3300.0,24.0,,false
1447,3300.0,28.0,,false
1448,3300.0,24.0,,false
1449,60.0,179.0,,false
1450,60.0,243.0,,false
1451,60.0,246.0,,false
1452,60.0,205.0,,false
1453,800.0,5.0,,false
1454,60.0,91.0,,false
1455,60.0,91.0,,false
1456,60.0,119.0,,false
1457,60.0,84.0,,false
1458,60.0,82.0,,false
1459,60.0,114.0,,false
1460,100.0,213.0,,false
1461,100.0,240.0,,false
1462,900.0,7.0,,false
1463,1150.0,17.0,,false
1464,1000.0,6.0,,false
1465,1350.0,49.0,,true
1466,500.0,59.0,,true
1467,5000.0,20.0,,true
1468,2200.0,132.0,,true
1469,3500.0,205.0,,true
1470,5000.0,600.0,,true
1471,500.0,160.0,,true
1472,125.0,492.0,,true
1473,40.0,457.0,,true
1474,350.0,142.0,,true
1475,500.0,192.0,,false
1476,500.0,395.0,,false
1477,3300.0,21.0,,false
1478,3300.0,23.0,,false
1479,3300.0,21.0,,false
1480,60.0,168.0,,false
1481,60.0,223.0,,false
1482,60.0,217.0,,false
1483,800.0,5.0,,false
1484,60.0,106.0,,false
1485,60.0,114.0,,false
1486,60.0,84.0,,false
1487,60.0,91.0,,false
1488,60.0,105.0,,false
1489,60.0,116.0,,false
1490,60.0,102.0,,false
1491,60.0,118.0,,false
1492,100.0,221.0,,false
1493,100.0,223.0,,false
1494,900.0,9.0,,false
1495,1150.0,15.0,,false
1496,1000.0,5.0,,false
1497,1350.0,49.0,,true
1498,500.0,59.0,,true
1499,5000.0,17.0,,true
1500,2200.0,138.0,,true
1501,3500.0,221.0,,true
1502,5000.0,600.0,,true
1503,500.0,149.0,,true
1504,125.0,548.0,,true
1505,40.0,445.0,,true
1506,350.0,142.0,,true
1507,500.0,188.0,,false
1508,500.0,582.0,,false
1509,3300.0,25.0,,false
1510,3300.0,22.0,,false
1511,3300.0,25.0,,false
1512,60.0,154.0,,false
1513,60.0,209.0,,false
1514,60.0,155.0,,false
1515,60.0,159.0,,false
1516,800.0,4.0,,false
1517,60.0,118.0,,false
1518,60.0,120.0,,false
1519,60.0,117.0,,false
1520,60.0,105.0,,false
1521,60.0,103.0,,false
1522,60.0,90.0,,false
1523,100.0,188.0,,false
1524,100.0,210.0,,false
1525,900.0,10.0,,false
1526,1150.0,17.0,,false
1527,1000.0,6.0,,false
1528,1350.0,46.0,,true
1529,500.0,57.0,,true
1530,5000.0,17.0,,true
1531,2200.0,137.0,,true
1532,3500.0,295.0,,true
1533,5000.0,600.0,,true
1534,500.0,158.0,,true
1535,125.0,487.0,,true
1536,40.0,427.0,,true
1537,350.0,150.0,,true
1538,500.0,200.0,,false
1539,500.0,521.0,,false
1540,3300.0,22.0,,false
1541,3300.0,29.0,,false
1542,3300.0,26.0,,false
1543,60.0,237.0,,false
1544,60.0,242.0,,false
1545,60.0,193.0,,false
1546,60.0,187.0,,false
1547,800.0,4.0,,false
1548,60.0,114.0,,false
1549,60.0,101.0,,false
1550,60.0,99.0,,false
1551,60.0,116.0,,false
1552,60.0,102.0,,false
1553,60.0,117.0,,false
1554,60.0,120.0,,false
1555,100.0,231.0,,false
1556,100.0,214.0,,false
1557,900.0,10.0,,false
1558,1150.0,14.0,,false
1559,1000.0,7.0,,false
1560,1350.0,48.0,,true
1561,500.0,56.0,,true
1562,5000.0,20.0,,true
1563,2200.0,131.0,,true
1564,3500.0,235.0,,true
1565,5000.0,600.0,,true
1566,500.0,141.0,,true
1567,125.0,465.0,,true
1568,40.0,363.0,,true
1569,350.0,154.0,,true
1570,500.0,197.0,,false
1571,500.0,348.0,,false
1572,3300.0,22.0,,false
1573,3300.0,30.0,,false
1574,3300.0,22.0,,false
1575,60.0,151.0,,false
1576,60.0,202.0,,false
1577,60.0,243.0,,false
1578,800.0,5.0,,false
1579,60.0,110.0,,false
1580,60.0,119.0,,false
1581,60.0,89.0,,false
1582,60.0,95.0,,false
1583,60.0,99.0,,false
1584,60.0,83.0,,false
1585,60.0,119.0,,false
1586,60.0,92.0,,false
1587,100.0,186.0,,false
1588,100.0,190.0,,false
1589,900.0,7.0,,false
1590,1150.0,14.0,,false
1591,1000.0,5.0,,false
1592,1350.0,46.0,,true
1593,500.0,58.0,,true
1594,5000.0,19.0,,true
1595,2200.0,136.0,,true
1596,3500.0,323.0,,true
1597,5000.0,600.0,,true
1598,500.0,156.0,,true
1599,125.0,547.0,,true
1600,40.0,449.0,,true
1601,350.0,168.0,,true
1602,500.0,192.0,,false
1603,500.0,352.0,,false
1604,3300.0,21.0,,false
1605,3300.0,24.0,,false
1606,3300.0,26.0,,false
1607,60.0,224.0,,false
1608,60.0,244.0,,false
1609,60.0,202.0,,false
1610,60.0,189.0,,false
1611,800.0,5.0,,false
1612,60.0,100.0,,false
1613,60.0,98.0,,false
1614,60.0,89.0,,false
1615,60.0,85.0,,false
1616,60.0,87.0,,false
1617,60.0,87.0,,false
1618,60.0,95.0,,false
1619,60.0,84.0,,false
1620,100.0,225.0,,false
1621,100.0,232.0,,false
1622,900.0,7.0,,false
1623,1150.0,16.0,,false
1624,1000.0,6.0,,false
1625,1350.0,47.0,,true
1626,500.0,56.0,,true
1627,5000.0,20.0,,true
1628,2200.0,135.0,,true
1629,3500.0,386.0,,true
1630,5000.0,600.0,,true
1631,500.0,143.0,,true
1632,125.0,508.0,,true
1633,40.0,362.0,,true
1634,350.0,165.0,,true
1635,500.0,195.0,,false
1636,500.0,478.0,,false
1637,3300.0,28.0,,false
1638,3300.0,27.0,,false
1639,3300.0,26.0,,false
1640,60.0,194.0,,false
1641,60.0,243.0,,false
1642,60.0,178.0,,false
1643,60.0,175.0,,false
1644,800.0,4.0,,false
1645,60.0,102.0,,false
1646,60.0,118.0,,false
1647,60.0,109.0,,false
1648,60.0,97.0,,false
1649,60.0,98.0,,false
1650,60.0,109.0,,false
1651,60.0,94.0,,false
1652,60.0,103.0,,false
1653,100.0,184.0,,false
1654,100.0,224.0,,false
1655,900.0,9.0,,false
1656,1150.0,15.0,,false
1657,1000.0,7.0,,false
1658,1350.0,49.0,,true
1659,500.0,57.0,,true
1660,5000.0,16.0,,true
1661,2200.0,138.0,,true
1662,3500.0,397.0,,true
1663,5000.0,600.0,,true
1664,500.0,160.0,,true
1665,125.0,533.0,,true
1666,40.0,392.0,,true
1667,350.0,142.0,,true
1668,500.0,181.0,,false
1669,500.0,469.0,,false
1670,3300.0,22.0,,false
1671,3300.0,30.0,,false
1672,3300.0,30.0,,false
1673,60.0,211.0,,false
1674,60.0,168.0,,false
1675,60.0,227.0,,false
1676,800.0,4.0,,false
1677,60.0,90.0,,false
1678,60.0,84.0,,false
1679,60.0,92.0,,false
1680,60.0,84.0,,false
1681,60.0,90.0,,false
1682,60.0,116.0,,false
1683,100.0,188.0,,false
1684,100.0,194.0,,false
1685,900.0,8.0,,false
1686,1150.0,13.0,,false
1687,1000.0,6.0,,false
1688,1350.0,48.0,,true
1689,500.0,57.0,,true
1690,5000.0,17.0,,true
1691,2200.0,133.0,,true
1692,3500.0,326.0,,true
1693,5000.0,600.0,,true
1694,500.0,151.0,,true
1695,125.0,492.0,,true
1696,40.0,388.0,,true
1697,350.0,161.0,,true
1698,500.0,181.0,,false
1699,500.0,383.0,,false
1700,3300.0,29.0,,false
1701,3300.0,28.0,,false
1702,3300.0,25.0,,false
1703,60.0,159.0,,false
1704,60.0,200.0,,false
1705,60.0,195.0,,false
1706,800.0,4.0,,false
1707,60.0,97.0,,false
1708,60.0,86.0,,false
1709,60.0,118.0,,false
1710,60.0,92.0,,false
1711,60.0,108.0,,false
1712,60.0,107.0,,false
1713,60.0,91.0,,false
1714,60.0,91.0,,false
1715,60.0,108.0,,false
1716,60.0,92.0,,false
1717,100.0,186.0,,false
1718,100.0,199.0,,false
1719,900.0,9.0,,false
1720,1150.0,18.0,,false
1721,1000.0,6.0,,false
1722,1350.0,49.0,,true
1723,500.0,56.0,,true
1724,5000.0,18.0,,true
1725,2200.0,134.0,,true
1726,3500.0,396.0,,true
1727,5000.0,600.0,,true
1728,500.0,145.0,,true
1729,125.0,543.0,,true
1730,40.0,450.0,,true
1731,350.0,159.0,,true
1732,500.0,186.0,,false
1733,500.0,454.0,,false
1734,3300.0,24.0,,false
1735,3300.0,26.0,,false
1736,3300.0,30.0,,false
1737,60.0,222.0,,false
1738,60.0,176.0,,false
1739,60.0,232.0,,false
1740,800.0,4.0,,false
1741,60.0,110.0,,false
1742,60.0,112.0,,false
1743,60.0,86.0,,false
1744,60.0,97.0,,false
1745,60.0,116.0,,false
1746,60.0,114.0,,false
1747,60.0,88.0,,false
1748,60.0,96.0,,false
1749,100.0,215.0,,false
1750,100.0,196.0,,false
1751,900.0,10.0,,false
1752,1150.0,16.0,,false
1753,1000.0,7.0,,false
1754,1350.0,50.0,,true
1755,500.0,56.0,,true
1756,5000.0,19.0,,true
1757,2200.0,140.0,,true
1758,3500.0,225.0,,true
1759,5000.0,600.0,,true
1760,500.0,150.0,,true
1761,125.0,528.0,,true
1762,40.0,410.0,,true
1763,350.0,145.0,,true
1764,500.0,179.0,,false
1765,500.0,391.0,,false
1766,3300.0,23.0,,false
1767,3300.0,22.0,,false
1768,3300.0,26.0,,false
1769,60.0,170.0,,false
1770,60.0,206.0,,false
1771,60.0,188.0,,false
1772,800.0,4.0,,false
1773,60.0,84.0,,false
1774,60.0,116.0,,false
1775,60.0,104.0,,false
1776,60.0,81.0,,false
1777,60.0,95.0,,false
1778,60.0,94.0,,false
1779,60.0,82.0,,false
1780,60.0,105.0,,false
1781,60.0,107.0,,false
1782,100.0,217.0,,false
1783,100.0,228.0,,false
1784,900.0,7.0,,false
1785,1150.0,14.0,,false
1786,1000.0,8.0,,false
1787,1350.0,48.0,,true
1788,500.0,58.0,,true
1789,5000.0,18.0,,true
1790,2200.0,140.0,,true
1791,3500.0,322.0,,true
1792,5000.0,600.0,,true
1793,500.0,152.0,,true
1794,125.0,489.0,,true
1795,40.0,403.0,,true
1796,350.0,177.0,,true
1797,500.0,196.0,,false
1798,500.0,442.0,,false
1799,3300.0,27.0,,false
1800,3300.0,29.0,,false
1801,3300.0,27.0,,false
1802,60.0,177.0,,false
1803,60.0,185.0,,false
1804,60.0,198.0,,false
1805,60.0,193.0,,false
1806,800.0,4.0,,false
1807,60.0,81.0,,false
1808,60.0,100.0,,false
1809,60.0,89.0,,false
1810,60.0,112.0,,false
1811,60.0,120.0,,false
1812,60.0,95.0,,false
1813,60.0,84.0,,false
1814,60.0,96.0,,false
1815,60.0,106.0,,false
1816,100.0,186.0,,false
1817,100.0,249.0,,false
1818,900.0,7.0,,false
1819,1150.0,18.0,,false
1820,1000.0,7.0,,false
1821,1350.0,50.0,,true
1822,500.0,56.0,,true
1823,5000.0,20.0,,true
1824,2200.0,133.0,,true
1825,3500.0,265.0,,true
1826,5000.0,600.0,,true
1827,500.0,143.0,,true
1828,125.0,507.0,,true
1829,40.0,431.0,,true
1830,350.0,161.0,,true
1831,500.0,175.0,,false
1832,500.0,441.0,,false
1833,3300.0,22.0,,false
1834,3300.0,26.0,,false
1835,3300.0,21.0,,false
1836,60.0,218.0,,false
1837,60.0,201.0,,false
1838,60.0,163.0,,false
1839,60.0,171.0,,false
1840,800.0,4.0,,false
1841,60.0,109.0,,false
1842,60.0,111.0,,false
1843,60.0,89.0,,false
1844,60.0,110.0,,false
1845,60.0,118.0,,false
1846,60.0,112.0,,false
1847,60.0,112.0,,false
1848,60.0,87.0,,false
1849,60.0,86.0,,false
1850,60.0,103.0,,false
1851,100.0,186.0,,false
1852,100.0,230.0,,false
1853,900.0,9.0,,false
1854,1150.0,18.0,,false
1855,1000.0,8.0,,false
1856,1350.0,46.0,,true
1857,500.0,60.0,,true
1858,5000.0,17.0,,true
1859,2200.0,136.0,,true
1860,3500.0,353.0,,true
1861,5000.0,600.0,,true
1862,500.0,157.0,,true
1863,125.0,517.0,,true
1864,40.0,459.0,,true
1865,350.0,180.0,,true
1866,500.0,176.0,,false
1867,500.0,400.0,,false
1868,3300.0,30.0,,false
1869,3300.0,29.0,,false
1870,3300.0,27.0,,false
1871,60.0,173.0,,false
1872,60.0,226.0,,false
1873,60.0,194.0,,false
1874,800.0,5.0,,false
1875,60.0,101.0,,false
1876,60.0,107.0,,false
1877,60.0,107.0,,false
1878,60.0,101.0,,false
1879,60.0,95.0,,false
1880,60.0,86.0,,false
1881,60.0,93.0,,false
1882,60.0,82.0,,false
1883,100.0,203.0,,false
1884,100.0,192.0,,false
1885,900.0,9.0,,false
1886,1150.0,17.0,,false
1887,1000.0,6.0,,false
1888,1350.0,50.0,,true
1889,500.0,59.0,,true
1890,5000.0,20.0,,true
1891,2200.0,135.0,,true
1892,3500.0,234.0,,true
1893,5000.0,600.0,,true
1894,500.0,150.0,,true
1895,125.0,509.0,,true
1896,40.0,360.0,,true
1897,350.0,165.0,,true
1898,500.0,193.0,,false
1899,500.0,544.0,,false
1900,3300.0,26.0,,false
1901,3300.0,21.0,,false
1902,3300.0,29.0,,false
1903,60.0,202.0,,false
1904,60.0,202.0,,false
1905,60.0,229.0,,false
1906,60.0,244.0,,false
1907,800.0,4.0,,false
1908,60.0,120.0,,false
1909,60.0,100.0,,false
1910,60.0,82.0,,false
1911,60.0,94.0,,false
1912,60.0,115.0,,false
1913,60.0,98.0,,false
1914,60.0,95.0,,false
1915,60.0,90.0,,false
1916,60.0,99.0,,false
1917,60.0,86.0,,false
1918,100.0,234.0,,false
1919,100.0,237.0,,false
1920,900.0,9.0,,false
1921,1150.0,18.0,,false
1922,1000.0,7.0,,false
1923,1350.0,49.0,,true
1924,500.0,56.0,,true
1925,5000.0,20.0,,true
1926,2200.0,131.0,,true
1927,3500.0,384.0,,true
1928,5000.0,600.0,,true
1929,500.0,146.0,,true
1930,125.0,534.0,,true
1931,40.0,367.0,,true
1932,350.0,150.0,,true
1933,500.0,189.0,,false
1934,500.0,494.0,,false
1935,3300.0,22.0,,false
1936,3300.0,26.0,,false
1937,3300.0,26.0,,false
1938,60.0,172.0,,false
1939,60.0,175.0,,false
1940,60.0,221.0,,false
1941,60.0,192.0,,false
1942,800.0,5.0,,false
1943,60.0,116.0,,false
1944,60.0,107.0,,false
1945,60.0,110.0,,false
1946,60.0,81.0,,false
1947,60.0,98.0,,false
1948,60.0,91.0,,false
1949,60.0,97.0,,false
1950,60.0,92.0,,false
1951,60.0,109.0,,false
1952,60.0,87.0,,false
1953,100.0,223.0,,false
1954,100.0,203.0,,false
1955,900.0,7.0,,false
1956,1150.0,18.0,,false
1957,1000.0,5.0,,false
1958,1350.0,46.0,,true
1959,500.0,60.0,,true
1960,5000.0,19.0,,true
1961,2200.0,134.0,,true
1962,3500.0,263.0,,true
1963,5000.0,600.0,,true
1964,500.0,158.0,,true
1965,125.0,548.0,,true
1966,40.0,417.0,,true
1967,350.0,171.0,,true
1968,500.0,178.0,,false
1969,500.0,377.0,,false
1970,3300.0,22.0,,false
1971,3300.0,26.0,,false
1972,3300.0,28.0,,false
1973,60.0,226.0,,false
1974,60.0,167.0,,false
1975,60.0,221.0,,false
1976,60.0,245.0,,false
1977,800.0,5.0,,false
1978,60.0,87.0,,false
1979,60.0,96.0,,false
1980,60.0,92.0,,false
1981,60.0,94.0,,false
1982,60.0,112.0,,false
1983,60.0,85.0,,false
1984,100.0,201.0,,false
1985,100.0,219.0,,false
1986,900.0,8.0,,false
1987,1150.0,13.0,,false
1988,1000.0,8.0,,false
1989,1350.0,46.0,,true
1990,500.0,56.0,,true
1991,5000.0,20.0,,true
1992,2200.0,137.0,,true
1993,3500.0,296.0,,true
1994,5000.0,600.0,,true
1995,500.0,151.0,,true
1996,125.0,454.0,,true
1997,40.0,425.0,,true
1998,350.0,175.0,,true
1999,500.0,182.0,,false
2000,500.0,458.0,,false
2001,3300.0,29.0,,false
2002,3300.0,29.0,,false
2003,3300.0,23.0,,false
2004,60.0,221.0,,false
2005,60.0,197.0,,false
2006,60.0,170.0,,false
2007,60.0,240.0,,false
2008,800.0,6.0,,false
2009,60.0,98.0,,false
2010,60.0,98.0,,false
2011,60.0,118.0,,false
2012,60.0,112.0,,false
2013,60.0,119.0,,false
2014,60.0,83.0,,false
2015,60.0,117.0,,false
2016,60.0,116.0,,false
2017,60.0,94.0,,false
2018,60.0,95.0,,false
2019,100.0,243.0,,false
2020,100.0,189.0,,false
2021,900.0,7.0,,false
2022,1150.0,13.0,,false
2023,1000.0,6.0,,false
2024,1350.0,46.0,,true
2025,500.0,58.0,,true
2026,5000.0,18.0,,true
2027,2200.0,132.0,,true
2028,3500.0,207.0,,true
2029,5000.0,600.0,,true
2030,500.0,147.0,,true
2031,125.0,493.0,,true
2032,40.0,439.0,,true
2033,350.0,164.0,,true
2034,500.0,175.0,,false
2035,500.0,351.0,,false
2036,3300.0,30.0,,false
2037,3300.0,27.0,,false
2038,3300.0,23.0,,false
2039,60.0,163.0,,false
2040,60.0,219.0,,false
2041,60.0,244.0,,false
2042,60.0,191.0,,false
2043,800.0,4.0,,false
2044,60.0,110.0,,false
2045,60.0,114.0,,false
2046,60.0,97.0,,false
2047,60.0,109.0,,false
2048,60.0,96.0,,false
2049,60.0,94.0,,false
2050,60.0,90.0,,false
2051,60.0,118.0,,false
2052,60.0,101.0,,false
2053,60.0,109.0,,false
2054,100.0,229.0,,false
2055,100.0,230.0,,false
2056,900.0,9.0,,false
2057,1150.0,16.0,,false
2058,1000.0,7.0,,false
2059,1350.0,47.0,,true
2060,500.0,58.0,,true
2061,5000.0,17.0,,true
2062,2200.0,135.0,,true
2063,3500.0,234.0,,true
2064,5000.0,600.0,,true
2065,500.0,148.0,,true
2066,125.0,479.0,,true
2067,40.0,425.0,,true
2068,350.0,169.0,,true
2069,500.0,177.0,,false
2070,500.0,406.0,,false
2071,3300.0,23.0,,false
2072,3300.0,25.0,,false
2073,3300.0,30.0,,false
2074,60.0,237.0,,false
2075,60.0,221.0,,false
2076,60.0,169.0,,false
2077,800.0,5.0,,false
2078,60.0,81.0,,false
2079,60.0,105.0,,false
2080,60.0,109.0,,false
2081,60.0,115.0,,false
2082,60.0,111.0,,false
2083,60.0,89.0,,false
2084,100.0,197.0,,false
2085,100.0,249.0,,false
2086,900.0,7.0,,false
2087,1150.0,13.0,,false
2088,1000.0,8.0,,false
2089,1350.0,48.0,,true
2090,500.0,58.0,,true
2091,5000.0,20.0,,true
2092,2200.0,140.0,,true
2093,3500.0,207.0,,true
2094,5000.0,600.0,,true
2095,500.0,156.0,,true
2096,125.0,503.0,,true
2097,40.0,393.0,,true
2098,350.0,175.0,,true
2099,500.0,192.0,,false
2100,500.0,595.0,,false
2101,3300.0,25.0,,false
2102,3300.0,26.0,,false
2103,3300.0,25.0,,false
2104,60.0,243.0,,false
2105,60.0,182.0,,false
2106,60.0,160.0,,false
2107,60.0,223.0,,false
2108,800.0,4.0,,false
2109,60.0,110.0,,false
2110,60.0,103.0,,false
2111,60.0,98.0,,false
2112,60.0,105.0,,false
2113,60.0,117.0,,false
2114,60.0,102.0,,false
2115,100.0,238.0,,false
2116,100.0,221.0,,false
2117,900.0,9.0,,false
2118,1150.0,17.0,,false
2119,1000.0,5.0,,false
2120,1350.0,50.0,,true
2121,500.0,58.0,,true
2122,5000.0,19.0,,true
2123,2200.0,135.0,,true
2124,3500.0,218.0,,true
2125,5000.0,600.0,,true
2126,500.0,156.0,,true
2127,125.0,545.0,,true
2128,40.0,453.0,,true
2129,350.0,167.0,,true
2130,500.0,186.0,,false
2131,500.0,529.0,,false
2132,3300.0,28.0,,false
2133,3300.0,21.0,,false
2134,3300.0,26.0,,false
2135,60.0,156.0,,false
2136,60.0,185.0,,false
2137,60.0,201.0,,false
2138,60.0,200.0,,false
2139,800.0,6.0,,false
2140,60.0,104.0,,false
2141,60.0,95.0,,false
2142,60.0,85.0,,false
2143,60.0,119.0,,false
2144,60.0,114.0,,false
2145,60.0,98.0,,false
2146,60.0,110.0,,false
2147,100.0,236.0,,false
2148,100.0,202.0,,false
2149,900.0,8.0,,false
2150,1150.0,15.0,,false
2151,1000.0,8.0,,false
2152,1350.0,48.0,,true
2153,500.0,60.0,,true
2154,5000.0,20.0,,true
2155,2200.0,136.0,,true
2156,3500.0,395.0,,true
2157,5000.0,600.0,,true
2158,500.0,150.0,,true
2159,125.0,529.0,,true
2160,40.0,412.0,,true
2161,350.0,163.0,,true
2162,500.0,197.0,,false
2163,500.0,412.0,,false
2164,3300.0,26.0,,false
2165,3300.0,21.0,,false
2166,3300.0,26.0,,false
2167,60.0,189.0,,false
2168,60.0,187.0,,false
2169,60.0,180.0,,false
2170,60.0,172.0,,false
2171,800.0,4.0,,false
2172,60.0,96.0,,false
2173,60.0,82.0,,false
2174,60.0,84.0,,false
2175,60.0,97.0,,false
2176,60.0,81.0,,false
2177,60.0,95.0,,false
2178,60.0,119.0,,false
2179,60.0,96.0,,false
2180,60.0,95.0,,false
2181,100.0,248.0,,false
2182,100.0,197.0,,false
2183,900.0,10.0,,false
2184,1150.0,16.0,,false
2185,1000.0,6.0,,false
2186,1350.0,48.0,,true
2187,500.0,58.0,,true
2188,5000.0,18.0,,true
2189,2200.0,133.0,,true
2190,3500.0,391.0,,true
2191,5000.0,600.0,,true
2192,500.0,142.0,,true
2193,125.0,515.0,,true
2194,40.0,387.0,,true
2195,350.0,172.0,,true
2196,500.0,180.0,,false
2197,500.0,501.0,,false
2198,3300.0,29.0,,false
2199,3300.0,26.0,,false
2200,3300.0,27.0,,false
2201,60.0,232.0,,false
2202,60.0,244.0,,false
2203,60.0,245.0,,false
2204,60.0,228.0,,false
2205,800.0,6.0,,false
2206,60.0,89.0,,false
2207,60.0,88.0,,false
2208,60.0,99.0,,false
2209,60.0,118.0,,false
2210,60.0,88.0,,false
2211,60.0,104.0,,false
2212,100.0,210.0,,false
2213,100.0,235.0,,false
2214,900.0,10.0,,false
2215,1150.0,18.0,,false
2216,1000.0,6.0,,false
2217,1350.0,48.0,,true
2218,500.0,60.0,,true
2219,5000.0,16.0,,true
2220,2200.0,136.0,,true
2221,3500.0,319.0,,true
2222,5000.0,600.0,,true
2223,500.0,151.0,,true
2224,125.0,493.0,,true
2225,40.0,430.0,,true
2226,350.0,146.0,,true
2227,500.0,181.0,,false
2228,500.0,359.0,,false
2229,3300.0,27.0,,false
2230,3300.0,21.0,,false
2231,3300.0,26.0,,false
2232,60.0,155.0,,false
2233,60.0,170.0,,false
2234,60.0,247.0,,false
2235,800.0,4.0,,false
2236,60.0,98.0,,false
2237,60.0,104.0,,false
2238,60.0,118.0,,false
2239,60.0,94.0,,false
2240,60.0,94.0,,false
2241,60.0,85.0,,false
2242,60.0,85.0,,false
2243,60.0,113.0,,false
2244,100.0,250.0,,false
2245,100.0,184.0,,false
2246,900.0,8.0,,false
2247,1150.0,13.0,,false
2248,1000.0,7.0,,false
2249,1350.0,50.0,,true
2250,500.0,59.0,,true
2251,5000.0,19.0,,true
2252,2200.0,131.0,,true
2253,3500.0,330.0,,true
2254,5000.0,600.0,,true
2255,500.0,146.0,,true
2256,125.0,525.0,,true
2257,40.0,382.0,,true
2258,350.0,161.0,,true
2259,500.0,195.0,,false
2260,500.0,327.0,,false
2261,3300.0,30.0,,false
2262,3300.0,28.0,,false
2263,3300.0,21.0,,false
2264,60.0,240.0,,false
2265,60.0,162.0,,false
2266,60.0,177.0,,false
2267,60.0,200.0,,false
2268,800.0,4.0,,false
2269,60.0,105.0,,false
2270,60.0,106.0,,false
2271,60.0,113.0,,false
2272,60.0,93.0,,false
2273,60.0,88.0,,false
2274,60.0,109.0,,false
2275,60.0,91.0,,false
2276,60.0,99.0,,false
2277,100.0,182.0,,false
2278,100.0,233.0,,false
2279,900.0,7.0,,false
2280,1150.0,15.0,,false
2281,1000.0,6.0,,false
2282,1350.0,49.0,,true
2283,500.0,57.0,,true
2284,5000.0,19.0,,true
2285,2200.0,138.0,,true
2286,3500.0,245.0,,true
2287,5000.0,600.0,,true
2288,500.0,148.0,,true
2289,125.0,545.0,,true
2290,40.0,448.0,,true
2291,350.0,164.0,,true
2292,500.0,191.0,,false
2293,500.0,429.0,,false
2294,3300.0,29.0,,false
2295,3300.0,28.0,,false
2296,3300.0,23.0,,false
2297,60.0,180.0,,false
2298,60.0,194.0,,false
2299,60.0,232.0,,false
2300,800.0,5.0,,false
2301,60.0,106.0,,false
2302,60.0,101.0,,false
2303,60.0,86.0,,false
2304,60.0,96.0,,false
2305,60.0,86.0,,false
2306,60.0,116.0,,false
2307,60.0,82.0,,false
2308,60.0,88.0,,false
2309,100.0,245.0,,false
2310,100.0,183.0,,false
2311,900.0,9.0,,false
2312,1150.0,16.0,,false
2313,1000.0,5.0,,false
2314,1350.0,50.0,,true
2315,500.0,57.0,,true
2316,5000.0,16.0,,true
2317,2200.0,135.0,,true
2318,3500.0,335.0,,true
2319,5000.0,600.0,,true
2320,500.0,157.0,,true
2321,125.0,503.0,,true
2322,40.0,352.0,,true
2323,350.0,170.0,,true
2324,500.0,185.0,,false
2325,500.0,463.0,,false
2326,3300.0,29.0,,false
2327,3300.0,21.0,,false
2328,3300.0,28.0,,false
2329,60.0,244.0,,false
2330,60.0,218.0,,false
2331,60.0,213.0,,false
2332,60.0,213.0,,false
2333,800.0,5.0,,false
2334,60.0,103.0,,false
2335,60.0,115.0,,false
2336,60.0,87.0,,false
2337,60.0,101.0,,false
2338,60.0,116.0,,false
2339,60.0,97.0,,false
2340,100.0,246.0,,false
2341,100.0,210.0,,false
2342,900.0,8.0,,false
2343,1150.0,15.0,,false
2344,1000.0,6.0,,false
2345,1350.0,50.0,,true
2346,500.0,59.0,,true
2347,5000.0,19.0,,true
2348,2200.0,133.0,,true
2349,3500.0,295.0,,true
2350,5000.0,600.0,,true
2351,500.0,152.0,,true
2352,125.0,538.0,,true
2353,40.0,403.0,,true
2354,350.0,149.0,,true
2355,500.0,189.0,,false
2356,500.0,521.0,,false
2357,3300.0,22.0,,false
2358,3300.0,26.0,,false
2359,3300.0,25.0,,false
2360,60.0,158.0,,false
2361,60.0,159.0,,false
2362,60.0,218.0,,false
2363,800.0,6.0,,false
2364,60.0,92.0,,false
2365,60.0,109.0,,false
2366,60.0,91.0,,false
2367,60.0,93.0,,false
2368,60.0,83.0,,false
2369,60.0,87.0,,false
2370,100.0,195.0,,false
2371,100.0,181.0,,false
2372,900.0,8.0,,false
2373,1150.0,16.0,,false
2374,1000.0,7.0,,false
2375,1350.0,49.0,,true
2376,500.0,58.0,,true
2377,5000.0,20.0,,true
2378,2200.0,132.0,,true
2379,3500.0,288.0,,true
2380,5000.0,600.0,,true
2381,500.0,158.0,,true
2382,125.0,480.0,,true
2383,40.0,426.0,,true
2384,350.0,159.0,,true
2385,500.0,190.0,,false
2386,500.0,414.0,,false
2387,3300.0,26.0,,false
2388,3300.0,24.0,,false
2389,3300.0,25.0,,false
2390,60.0,215.0,,false
2391,60.0,160.0,,false
2392,60.0,195.0,,false
2393,60.0,241.0,,false
2394,800.0,5.0,,false
2395,60.0,103.0,,false
2396,60.0,103.0,,false
2397,60.0,110.0,,false
2398,60.0,100.0,,false
2399,60.0,112.0,,false
2400,60.0,97.0,,false
2401,60.0,96.0,,false
2402,60.0,97.0,,false
2403,100.0,209.0,,false
2404,100.0,233.0,,false
2405,900.0,7.0,,false
2406,1150.0,13.0,,false
2407,1000.0,5.0,,false
2408,1350.0,50.0,,true
2409,500.0,59.0,,true
2410,5000.0,19.0,,true
2411,2200.0,138.0,,true
2412,3500.0,335.0,,true
2413,5000.0,600.0,,true
2414,500.0,158.0,,true
2415,125.0,506.0,,true
2416,40.0,428.0,,true
2417,350.0,144.0,,true
2418,500.0,184.0,,false
2419,500.0,490.0,,false
2420,3300.0,29.0,,false
2421,3300.0,25.0,,false
2422,3300.0,30.0,,false
2423,60.0,160.0,,false
2424,60.0,170.0,,false
2425,60.0,213.0,,false
2426,800.0,6.0,,false
2427,60.0,102.0,,false
2428,60.0,109.0,,false
2429,60.0,82.0,,false
2430,60.0,94.0,,false
2431,60.0,101.0,,false
2432,60.0,119.0,,false
2433,60.0,117.0,,false
2434,60.0,98.0,,false
2435,60.0,83.0,,false
2436,100.0,241.0,,false
2437,100.0,216.0,,false
2438,900.0,7.0,,false
2439,1150.0,17.0,,false
2440,1000.0,7.0,,false
2441,1350.0,50.0,,true
2442,500.0,57.0,,true
2443,5000.0,16.0,,true
2444,2200.0,135.0,,true
2445,3500.0,226.0,,true
2446,5000.0,600.0,,true
2447,500.0,143.0,,true
2448,125.0,517.0,,true
2449,40.0,437.0,,true
2450,350.0,159.0,,true
2451,500.0,172.0,,false
2452,500.0,372.0,,false
2453,3300.0,23.0,,false
2454,3300.0,23.0,,false
2455,3300.0,24.0,,false
2456,60.0,211.0,,false
2457,60.0,242.0,,false
2458,60.0,152.0,,false
2459,800.0,6.0,,false
2460,60.0,85.0,,false
2461,60.0,87.0,,false
2462,60.0,82.0,,false
2463,60.0,117.0,,false
2464,60.0,103.0,,false
2465,60.0,107.0,,false
2466,60.0,112.0,,false
2467,60.0,83.0,,false
2468,60.0,95.0,,false
2469,60.0,85.0,,false
2470,100.0,227.0,,false
2471,100.0,239.0,,false
2472,900.0,7.0,,false
2473,1150.0,14.0,,false
2474,1000.0,8.0,,false
2475,1350.0,46.0,,true
2476,500.0,57.0,,true
2477,5000.0,18.0,,true
2478,2200.0,137.0,,true
2479,3500.0,380.0,,true
2480,5000.0,600.0,,true
2481,500.0,157.0,,true
2482,125.0,485.0,,true
2483,40.0,351.0,,true
2484,350.0,163.0,,true
2485,500.0,187.0,,false
2486,500.0,486.0,,false
2487,3300.0,30.0,,false
2488,3300.0,29.0,,false
2489,3300.0,24.0,,false
2490,60.0,219.0,,false
2491,60.0,160.0,,false
2492,60.0,186.0,,false
2493,60.0,182.0,,false
2494,800.0,4.0,,false
2495,60.0,93.0,,false
2496,60.0,104.0,,false
2497,60.0,114.0,,false
2498,60.0,83.0,,false
2499,60.0,88.0,,false
2500,60.0,107.0,,false
2501,60.0,100.0,,false
2502,60.0,97.0,,false
2503,60.0,107.0,,false
2504,100.0,236.0,,false
2505,100.0,212.0,,false
2506,900.0,7.0,,false
2507,1150.0,15.0,,false
2508,1000.0,6.0,,false
2509,1350.0,50.0,,true
2510,500.0,60.0,,true
2511,5000.0,20.0,,true
2512,2200.0,132.0,,true
2513,3500.0,220.0,,true
2514,5000.0,600.0,,true
2515,500.0,152.0,,true
2516,125.0,468.0,,true
2517,40.0,355.0,,true
2518,350.0,143.0,,true
2519,500.0,176.0,,false
2520,500.0,356.0,,false
2521,3300.0,22.0,,false
2522,3300.0,24.0,,false
2523,3300.0,26.0,,false
2524,60.0,176.0,,false
2525,60.0,165.0,,false
2526,60.0,161.0,,false
2527,60.0,158.0,,false
2528,800.0,6.0,,false
2529,60.0,101.0,,false
2530,60.0,83.0,,false
2531,60.0,93.0,,false
2532,60.0,111.0,,false
2533,60.0,100.0,,false
2534,60.0,120.0,,false
2535,60.0,118.0,,false
2536,60.0,89.0,,false
2537,100.0,207.0,,false
2538,100.0,221.0,,false
2539,900.0,7.0,,false
2540,1150.0,18.0,,false
2541,1000.0,6.0,,false
2542,1350.0,47.0,,true
2543,500.0,59.0,,true
2544,5000.0,16.0,,true
2545,2200.0,131.0,,true
2546,3500.0,302.0,,true
2547,5000.0,600.0,,true
2548,500.0,152.0,,true
2549,125.0,526.0,,true
2550,40.0,393.0,,true
2551,350.0,152.0,,true
2552,500.0,173.0,,false
2553,500.0,416.0,,false
2554,3300.0,29.0,,false
2555,3300.0,22.0,,false
2556,3300.0,22.0,,false
2557,60.0,175.0,,false
2558,60.0,247.0,,false
2559,60.0,245.0,,false
2560,60.0,222.0,,false
2561,800.0,5.0,,false
2562,60.0,112.0,,false
2563,60.0,95.0,,false
2564,60.0,82.0,,false
2565,60.0,100.0,,false
2566,60.0,117.0,,false
2567,60.0,102.0,,false
2568,60.0,95.0,,false
2569,60.0,109.0,,false
2570,60.0,118.0,,false
2571,100.0,213.0,,false
2572,100.0,232.0,,false
2573,900.0,7.0,,false
2574,1150.0,15.0,,false
2575,1000.0,8.0,,false
2576,1350.0,49.0,,true
2577,500.0,56.0,,true
2578,5000.0,19.0,,true
2579,2200.0,136.0,,true
2580,3500.0,384.0,,true
2581,5000.0,600.0,,true
2582,500.0,157.0,,true
2583,125.0,466.0,,true
2584,40.0,397.0,,true
2585,350.0,163.0,,true
2586,500.0,173.0,,false
2587,500.0,443.0,,false
2588,3300.0,22.0,,false
2589,3300.0,28.0,,false
2590,3300.0,22.0,,false
2591,60.0,210.0,,false
2592,60.0,165.0,,false
2593,60.0,157.0,,false
2594,60.0,161.0,,false
2595,800.0,6.0,,false
2596,60.0,110.0,,false
2597,60.0,111.0,,false
2598,60.0,115.0,,false
2599,60.0,120.0,,false
2600,60.0,107.0,,false
2601,60.0,117.0,,false
2602,60.0,98.0,,false
2603,100.0,203.0,,false
2604,100.0,198.0,,false
2605,900.0,10.0,,false
2606,1150.0,14.0,,false
2607,1000.0,5.0,,false
2608,1350.0,50.0,,true
2609,500.0,57.0,,true
2610,5000.0,17.0,,true
2611,2200.0,138.0,,true
2612,3500.0,279.0,,true
2613,5000.0,600.0,,true
2614,500.0,156.0,,true
2615,125.0,516.0,,true
2616,40.0,351.0,,true
2617,350.0,143.0,,true
2618,500.0,181.0,,false
2619,500.0,344.0,,false
2620,3300.0,24.0,,false
2621,3300.0,25.0,,false
2622,3300.0,26.0,,false
2623,60.0,225.0,,false
2624,60.0,223.0,,false
2625,60.0,193.0,,false
2626,800.0,4.0,,false
2627,60.0,86.0,,false
2628,60.0,88.0,,false
2629,60.0,104.0,,false
2630,60.0,119.0,,false
2631,60.0,114.0,,false
2632,60.0,116.0,,false
2633,60.0,107.0,,false
2634,60.0,113.0,,false
2635,60.0,81.0,,false
2636,60.0,119.0,,false
2637,100.0,240.0,,false
2638,100.0,196.0,,false
2639,900.0,9.0,,false
2640,1150.0,16.0,,false
2641,1000.0,5.0,,false
2642,1350.0,48.0,,true
2643,500.0,57.0,,true
2644,5000.0,19.0,,true
2645,2200.0,134.0,,true
2646,3500.0,238.0,,true
2647,5000.0,600.0,,true
2648,500.0,144.0,,true
2649,125.0,503.0,,true
2650,40.0,428.0,,true
2651,350.0,173.0,,true
2652,500.0,173.0,,false
2653,500.0,545.0,,false
2654,3300.0,23.0,,false
2655,3300.0,25.0,,false
2656,3300.0,23.0,,false
2657,60.0,172.0,,false
2658,60.0,202.0,,false
2659,60.0,199.0,,false
2660,60.0,248.0,,false
2661,800.0,6.0,,false
2662,60.0,82.0,,false
2663,60.0,82.0,,false
2664,60.0,117.0,,false
2665,60.0,98.0,,false
2666,60.0,106.0,,false
2667,60.0,117.0,,false
2668,60.0,115.0,,false
2669,100.0,198.0,,false
2670,100.0,230.0,,false
2671,900.0,10.0,,false
2672,1150.0,15.0,,false
2673,1000.0,5.0,,false
2674,1350.0,48.0,,true
2675,500.0,58.0,,true
2676,5000.0,18.0,,true
2677,2200.0,138.0,,true
2678,3500.0,333.0,,true
2679,5000.0,600.0,,true
2680,500.0,152.0,,true
2681,125.0,520.0,,true
2682,40.0,443.0,,true
2683,350.0,159.0,,true
2684,500.0,182.0,,false
2685,500.0,312.0,,false
2686,3300.0,26.0,,false
2687,3300.0,28.0,,false
2688,3300.0,30.0,,false
2689,60.0,231.0,,false
2690,60.0,169.0,,false
2691,60.0,213.0,,false
2692,60.0,227.0,,false
2693,800.0,5.0,,false
2694,60.0,99.0,,false
2695,60.0,93.0,,false
2696,60.0,94.0,,false
2697,60.0,114.0,,false
2698,60.0,96.0,,false
2699,60.0,108.0,,false
2700,60.0,119.0,,false
2701,60.0,84.0,,false
2702,60.0,100.0,,false
2703,100.0,244.0,,false
2704,100.0,182.0,,false
2705,900.0,10.0,,false
2706,1150.0,16.0,,false
2707,1000.0,7.0,,false
2708,1350.0,46.0,,true
2709,500.0,60.0,,true
2710,5000.0,17.0,,true
2711,2200.0,137.0,,true
2712,3500.0,323.0,,true
2713,5000.0,600.0,,true
2714,500.0,147.0,,true
2715,125.0,498.0,,true
2716,40.0,440.0,,true
2717,350.0,141.0,,true
2718,500.0,199.0,,false
2719,500.0,402.0,,false
2720,3300.0,24.0,,false
2721,3300.0,23.0,,false
2722,3300.0,25.0,,false
2723,60.0,209.0,,false
2724,60.0,241.0,,false
2725,60.0,246.0,,false
2726,800.0,4.0,,false
2727,60.0,85.0,,false
2728,60.0,104.0,,false
2729,60.0,115.0,,false
2730,60.0,81.0,,false
2731,60.0,111.0,,false
2732,60.0,98.0,,false
2733,60.0,113.0,,false
2734,60.0,117.0,,false
2735,60.0,109.0,,false
2736,60.0,91.0,,false
2737,100.0,197.0,,false
2738,100.0,227.0,,false
2739,900.0,9.0,,false
2740,1150.0,17.0,,false
2741,1000.0,6.0,,false
2742,1350.0,48.0,,true
2743,500.0,57.0,,true
2744,5000.0,20.0,,true
2745,2200.0,136.0,,true
2746,3500.0,241.0,,true
2747,5000.0,600.0,,true
2748,500.0,155.0,,true
2749,125.0,487.0,,true
2750,40.0,454.0,,true
2751,350.0,159.0,,true
2752,500.0,200.0,,false
2753,500.0,419.0,,false
2754,3300.0,28.0,,false
2755,3300.0,23.0,,false
2756,3300.0,22.0,,false
2757,60.0,170.0,,false
2758,60.0,206.0,,false
2759,60.0,171.0,,false
2760,60.0,208.0,,false
2761,800.0,6.0,,false
2762,60.0,107.0,,false
2763,60.0,113.0,,false
2764,60.0,91.0,,false
2765,60.0,106.0,,false
2766,60.0,85.0,,false
2767,60.0,104.0,,false
2768,60.0,92.0,,false
2769,60.0,106.0,,false
2770,100.0,218.0,,false
2771,100.0,194.0,,false
2772,900.0,9.0,,false
2773,1150.0,13.0,,false
2774,1000.0,7.0,,false
2775,1350.0,50.0,,true
2776,500.0,60.0,,true
2777,5000.0,16.0,,true
2778,2200.0,134.0,,true
2779,3500.0,281.0,,true
2780,5000.0,600.0,,true
2781,500.0,152.0,,true
2782,125.0,534.0,,true
2783,40.0,458.0,,true
2784,350.0,171.0,,true
2785,500.0,191.0,,false
2786,500.0,524.0,,false
2787,3300.0,30.0,,false
2788,3300.0,24.0,,false
2789,3300.0,29.0,,false
2790,60.0,227.0,,false
2791,60.0,243.0,,false
2792,60.0,177.0,,false
2793,800.0,4.0,,false
2794,60.0,103.0,,false
2795,60.0,82.0,,false
2796,60.0,95.0,,false
2797,60.0,102.0,,false
2798,60.0,83.0,,false
2799,60.0,87.0,,false
2800,100.0,183.0,,false
2801,100.0,195.0,,false
2802,900.0,10.0,,false
2803,1150.0,16.0,,false
2804,1000.0,5.0,,false
2805,1350.0,49.0,,true
2806,500.0,59.0,,true
2807,5000.0,18.0,,true
2808,2200.0,134.0,,true
2809,3500.0,282.0,,true
2810,5000.0,600.0,,true
2811,500.0,142.0,,true
2812,125.0,538.0,,true
2813,40.0,409.0,,true
2814,350.0,175.0,,true
2815,500.0,173.0,,false
2816,500.0,501.0,,false
2817,3300.0,22.0,,false
2818,3300.0,28.0,,false
2819,3300.0,30.0,,false
2820,60.0,250.0,,false
2821,60.0,175.0,,false
2822,60.0,181.0,,false
2823,800.0,5.0,,false
2824,60.0,116.0,,false
2825,60.0,81.0,,false
2826,60.0,107.0,,false
2827,60.0,84.0,,false
2828,60.0,114.0,,false
2829,60.0,87.0,,false
2830,60.0,120.0,,false
2831,60.0,86.0,,false
2832,100.0,236.0,,false
2833,100.0,188.0,,false
2834,900.0,9.0,,false
2835,1150.0,13.0,,false
2836,1000.0,8.0,,false
2837,1350.0,47.0,,true
2838,500.0,57.0,,true
2839,5000.0,18.0,,true
2840,2200.0,132.0,,true
2841,3500.0,400.0,,true
2842,5000.0,600.0,,true
2843,500.0,160.0,,true
2844,125.0,452.0,,true
2845,40.0,440.0,,true
2846,350.0,172.0,,true
2847,500.0,187.0,,false
2848,500.0,508.0,,false
2849,3300.0,26.0,,false
2850,3300.0,29.0,,false
2851,3300.0,22.0,,false
2852,60.0,190.0,,false
2853,60.0,248.0,,false
2854,60.0,177.0,,false
2855,800.0,4.0,,false
2856,60.0,93.0,,false
2857,60.0,99.0,,false
2858,60.0,117.0,,false
2859,60.0,85.0,,false
2860,60.0,100.0,,false
2861,60.0,111.0,,false
2862,60.0,102.0,,false
2863,100.0,202.0,,false
2864,100.0,201.0,,false
2865,900.0,8.0,,false
2866,1150.0,15.0,,false
2867,1000.0,7.0,,false
2868,1350.0,49.0,,true
2869,500.0,60.0,,true
2870,5000.0,20.0,,true
2871,2200.0,133.0,,true
2872,3500.0,270.0,,true
2873,5000.0,600.0,,true
2874,500.0,145.0,,true
2875,125.0,455.0,,true
2876,40.0,395.0,,true
2877,350.0,169.0,,true
2878,500.0,175.0,,false
2879,500.0,313.0,,false
2880,3300.0,21.0,,false
2881,3300.0,24.0,,false
2882,3300.0,28.0,,false
2883,60.0,213.0,,false
2884,60.0,195.0,,false
2885,60.0,192.0,,false
2886,800.0,5.0,,false
2887,60.0,81.0,,false
2888,60.0,83.0,,false
2889,60.0,120.0,,false
2890,60.0,102.0,,false
2891,60.0,101.0,,false
2892,60.0,92.0,,false
2893,100.0,233.0,,false
2894,100.0,190.0,,false
2895,900.0,8.0,,false
2896,1150.0,17.0,,false
2897,1000.0,5.0,,false
2898,1350.0,47.0,,true
2899,500.0,58.0,,true
2900,5000.0,19.0,,true
2901,2200.0,138.0,,true
2902,3500.0,264.0,,true
2903,5000.0,600.0,,true
2904,500.0,144.0,,true
2905,125.0,542.0,,true
2906,40.0,413.0,,true
2907,350.0,180.0,,true
2908,500.0,193.0,,false
2909,500.0,421.0,,false
2910,3300.0,29.0,,false
2911,3300.0,27.0,,false
2912,3300.0,26.0,,false
2913,60.0,235.0,,false
2914,60.0,203.0,,false
2915,60.0,199.0,,false
2916,800.0,6.0,,false
2917,60.0,108.0,,false
2918,60.0,84.0,,false
2919,60.0,93.0,,false
2920,60.0,111.0,,false
2921,60.0,102.0,,false
2922,60.0,120.0,,false
2923,60.0,82.0,,false
2924,60.0,102.0,,false
2925,60.0,116.0,,false
2926,100.0,236.0,,false
2927,100.0,235.0,,false
2928,900.0,7.0,,false
2929,1150.0,17.0,,false
2930,1000.0,5.0,,false
2931,1350.0,50.0,,true
2932,500.0,60.0,,true
2933,5000.0,19.0,,true
2934,2200.0,132.0,,true
2935,3500.0,261.0,,true
2936,5000.0,600.0,,true
2937,500.0,159.0,,true
2938,125.0,517.0,,true
2939,40.0,362.0,,true
2940,350.0,175.0,,true
2941,500.0,175.0,,false
2942,500.0,590.0,,false
2943,3300.0,25.0,,false
2944,3300.0,28.0,,false
2945,3300.0,21.0,,false
2946,60.0,190.0,,false
2947,60.0,156.0,,false
2948,60.0,221.0,,false
2949,800.0,5.0,,false
2950,60.0,93.0,,false
2951,60.0,109.0,,false
2952,60.0,86.0,,false
2953,60.0,117.0,,false
2954,60.0,87.0,,false
2955,60.0,115.0,,false
2956,100.0,246.0,,false
2957,100.0,210.0,,false
2958,900.0,10.0,,false
2959,1150.0,13.0,,false
2960,1000.0,8.0,,false
2961,1350.0,47.0,,true
2962,500.0,58.0,,true
2963,5000.0,20.0,,true
2964,2200.0,140.0,,true
2965,3500.0,309.0,,true
2966,5000.0,600.0,,true
2967,500.0,143.0,,true
2968,125.0,470.0,,true
2969,40.0,442.0,,true
2970,350.0,169.0,,true
2971,500.0,199.0,,false
2972,500.0,570.0,,false
2973,3300.0,26.0,,false
2974,3300.0,27.0,,false
2975,3300.0,23.0,,false
2976,60.0,151.0,,false
2977,60.0,158.0,,false
2978,60.0,165.0,,false
2979,800.0,6.0,,false
2980,60.0,103.0,,false
2981,60.0,112.0,,false
2982,60.0,102.0,,false
2983,60.0,109.0,,false
2984,60.0,84.0,,false
2985,60.0,98.0,,false
2986,100.0,230.0,,false
2987,100.0,211.0,,false
2988,900.0,9.0,,false
2989,1150.0,14.0,,false
2990,1000.0,5.0,,false
2991,1350.0,48.0,,true
2992,500.0,58.0,,true
2993,5000.0,16.0,,true
2994,2200.0,136.0,,true
2995,3500.0,220.0,,true
2996,5000.0,600.0,,true
2997,500.0,143.0,,true
2998,125.0,520.0,,true
2999,40.0,425.0,,true
3000,350.0,168.0,,true
3001,500.0,200.0,,false
3002,500.0,520.0,,false
3003,3300.0,22.0,,false
3004,3300.0,26.0,,false
3005,3300.0,25.0,,false
3006,60.0,171.0,,false
3007,60.0,239.0,,false
3008,60.0,212.0,,false
3009,60.0,217.0,,false
3010,800.0,4.0,,false
3011,60.0,108.0,,false
3012,60.0,104.0,,false
3013,60.0,88.0,,false
3014,60.0,81.0,,false
3015,60.0,96.0,,false
3016,60.0,97.0,,false
3017,60.0,100.0,,false
3018,60.0,107.0,,false
3019,100.0,249.0,,false
3020,100.0,209.0,,false
3021,900.0,9.0,,false
3022,1150.0,16.0,,false
3023,1000.0,7.0,,false
3024,1350.0,46.0,,true
3025,500.0,59.0,,true
3026,5000.0,19.0,,true
3027,2200.0,133.0,,true
3028,3500.0,288.0,,true
3029,5000.0,600.0,,true
3030,500.0,148.0,,true
3031,125.0,462.0,,true
3032,40.0,359.0,,true
3033,350.0,144.0,,true
3034,500.0,200.0,,false
3035,500.0,312.0,,false
3036,3300.0,24.0,,false
3037,3300.0,28.0,,false
3038,3300.0,25.0,,false
3039,60.0,242.0,,false
3040,60.0,188.0,,false
3041,60.0,234.0,,false
3042,800.0,5.0,,false
3043,60.0,119.0,,false
3044,60.0,109.0,,false
3045,60.0,95.0,,false
3046,60.0,88.0,,false
3047,60.0,89.0,,false
3048,60.0,103.0,,false
3049,100.0,187.0,,false
3050,100.0,206.0,,false
3051,900.0,8.0,,false
3052,1150.0,16.0,,false
3053,1000.0,8.0,,false
3054,1350.0,50.0,,true
3055,500.0,59.0,,true
3056,5000.0,17.0,,true
3057,2200.0,131.0,,true
3058,3500.0,273.0,,true
3059,5000.0,600.0,,true
3060,500.0,150.0,,true
3061,125.0,504.0,,true
3062,40.0,385.0,,true
3063,350.0,175.0,,true
3064,500.0,194.0,,false
3065,500.0,359.0,,false
3066,3300.0,21.0,,false
3067,3300.0,22.0,,false
3068,3300.0,23.0,,false
3069,60.0,181.0,,false
3070,60.0,186.0,,false
3071,60.0,193.0,,false
3072,800.0,6.0,,false
3073,60.0,95.0,,false
3074,60.0,118.0,,false
3075,60.0,84.0,,false
3076,60.0,114.0,,false
3077,60.0,119.0,,false
3078,60.0,92.0,,false
3079,60.0,89.0,,false
3080,60.0,96.0,,false
3081,100.0,181.0,,false
3082,100.0,242.0,,false
3083,900.0,8.0,,false
3084,1150.0,18.0,,false
3085,1000.0,6.0,,false
3086,1350.0,46.0,,true
3087,500.0,57.0,,true
3088,5000.0,16.0,,true
3089,2200.0,134.0,,true
3090,3500.0,380.0,,true
3091,5000.0,600.0,,true
3092,500.0,141.0,,true
3093,125.0,506.0,,true
3094,40.0,395.0,,true
3095,350.0,176.0,,true
3096,500.0,198.0,,false
3097,500.0,429.0,,false
3098,3300.0,21.0,,false
3099,3300.0,28.0,,false
3100,3300.0,25.0,,false
3101,60.0,158.0,,false
3102,60.0,157.0,,false
3103,60.0,154.0,,false
3104,60.0,176.0,,false
3105,800.0,4.0,,false
3106,60.0,88.0,,false
3107,60.0,108.0,,false
3108,60.0,105.0,,false
3109,60.0,114.0,,false
3110,60.0,99.0,,false
3111,60.0,81.0,,false
3112,60.0,91.0,,false
3113,60.0,90.0,,false
3114,100.0,197.0,,false
3115,100.0,187.0,,false
3116,900.0,9.0,,false
3117,1150.0,14.0,,false
3118,1000.0,8.0,,false
3119,1350.0,49.0,,true
3120,500.0,59.0,,true
3121,5000.0,19.0,,true
3122,2200.0,137.0,,true
3123,3500.0,358.0,,true
3124,5000.0,600.0,,true
3125,500.0,153.0,,true
3126,125.0,462.0,,true
3127,40.0,416.0,,true
3128,350.0,163.0,,true
3129,500.0,191.0,,false
3130,500.0,462.0,,false
3131,3300.0,29.0,,false
3132,3300.0,28.0,,false
3133,3300.0,27.0,,false
3134,60.0,180.0,,false
3135,60.0,245.0,,false
3136,60.0,184.0,,false
3137,60.0,202.0,,false
3138,800.0,6.0,,false
3139,60.0,108.0,,false
3140,60.0,120.0,,false
3141,60.0,104.0,,false
3142,60.0,120.0,,false
3143,60.0,88.0,,false
3144,60.0,99.0,,false
3145,60.0,100.0,,false
3146,60.0,116.0,,false
3147,100.0,249.0,,false
3148,100.0,201.0,,false
3149,900.0,9.0,,false
3150,1150.0,14.0,,false
3151,1000.0,5.0,,false
3152,1350.0,48.0,,true
3153,500.0,58.0,,true
3154,5000.0,18.0,,true
3155,2200.0,134.0,,true
3156,3500.0,270.0,,true
3157,5000.0,600.0,,true
3158,500.0,144.0,,true
3159,125.0,509.0,,true
3160,40.0,438.0,,true
3161,350.0,145.0,,true
3162,500.0,189.0,,false
3163,500.0,395.0,,false
3164,3300.0,27.0,,false
3165,3300.0,25.0,,false
3166,3300.0,25.0,,false
3167,60.0,161.0,,false
3168,60.0,153.0,,false
3169,60.0,180.0,,false
3170,60.0,226.0,,false
3171,800.0,5.0,,false
3172,60.0,114.0,,false
3173,60.0,120.0,,false
3174,60.0,98.0,,false
3175,60.0,98.0,,false
3176,60.0,84.0,,false
3177,60.0,113.0,,false
3178,60.0,119.0,,false
3179,60.0,87.0,,false
3180,60.0,105.0,,false
3181,60.0,87.0,,false
3182,100.0,194.0,,false
3183,100.0,237.0,,false
3184,900.0,7.0,,false
3185,1150.0,16.0,,false
3186,1000.0,8.0,,false
3187,1350.0,48.0,,true
3188,500.0,58.0,,true
3189,5000.0,16.0,,true
3190,2200.0,140.0,,true
3191,3500.0,264.0,,true
3192,5000.0,600.0,,true
3193,500.0,143.0,,true
3194,125.0,454.0,,true
3195,40.0,400.0,,true
3196,350.0,144.0,,true
3197,500.0,187.0,,false
3198,500.0,544.0,,false
3199,3300.0,29.0,,false
3200,3300.0,24.0,,false
3201,3300.0,27.0,,false
3202,60.0,171.0,,false
3203,60.0,166.0,,false
3204,60.0,153.0,,false
3205,60.0,194.0,,false
3206,800.0,4.0,,false
3207,60.0,82.0,,false
3208,60.0,120.0,,false
3209,60.0,119.0,,false
3210,60.0,100.0,,false
3211,60.0,100.0,,false
3212,60.0,97.0,,false
3213,100.0,219.0,,false
3214,100.0,221.0,,false
3215,900.0,10.0,,false
3216,1150.0,18.0,,false
3217,1000.0,7.0,,false
3218,1350.0,46.0,,true
3219,500.0,60.0,,true
3220,5000.0,18.0,,true
3221,2200.0,140.0,,true
3222,3500.0,341.0,,true
3223,5000.0,600.0,,true
3224,500.0,154.0,,true
3225,125.0,490.0,,true
3226,40.0,374.0,,true
3227,350.0,174.0,,true
3228,500.0,185.0,,false
3229,500.0,385.0,,false
3230,3300.0,30.0,,false
3231,3300.0,26.0,,false
3232,3300.0,30.0,,false
3233,60.0,178.0,,false
3234,60.0,244.0,,false
3235,60.0,241.0,,false
3236,800.0,6.0,,false
3237,60.0,91.0,,false
3238,60.0,112.0,,false
3239,60.0,112.0,,false
3240,60.0,97.0,,false
3241,60.0,113.0,,false
3242,60.0,109.0,,false
3243,60.0,90.0,,false
3244,100.0,242.0,,false
3245,100.0,213.0,,false
3246,900.0,10.0,,false
3247,1150.0,18.0,,false
3248,1000.0,8.0,,false
