Reference,height,width,stripwidth,preemptable
1,1350.0,47.0,720,true
2,500.0,58.0,,true
3,5000.0,16.0,,true
4,2200.0,131.0,,true
5,3500.0,313.0,,true
6,5000.0,600.0,,true
7,500.0,157.0,,true
8,125.0,541.0,,true
9,40.0,369.0,,true
10,350.0,154.0,,true
11,500.0,183.0,,false
12,500.0,410.0,,false
13,3300.0,23.0,,false
14,3300.0,24.0,,false
15,3300.0,29.0,,false
16,60.0,215.0,,false
17,60.0,163.0,,false
18,60.0,211.0,,false
19,800.0,4.0,,false
20,60.0,110.0,,false
21,60.0,94.0,,false
22,60.0,112.0,,false
23,60.0,113.0,,false
24,60.0,93.0,,false
25,60.0,93.0,,false
26,100.0,239.0,,false
27,100.0,231.0,,false
28,900.0,7.0,,false
29,1150.0,15.0,,false
30,1000.0,7.0,,false
31,1350.0,46.0,,true
32,500.0,60.0,,true
33,5000.0,20.0,,true
34,2200.0,135.0,,true
35,3500.0,266.0,,true
36,5000.0,600.0,,true
37,500.0,142.0,,true
38,125.0,497.0,,true
39,40.0,381.0,,true
40,350.0,165.0,,true
41,500.0,174.0,,false
42,500.0,426.0,,false
43,3300.0,29.0,,false
44,3300.0,21.0,,false
45,3300.0,26.0,,false
46,60.0,179.0,,false
47,60.0,216.0,,false
48,60.0,187.0,,false
49,800.0,5.0,,false
50,60.0,99.0,,false
51,60.0,103.0,,false
52,60.0,118.0,,false
53,60.0,117.0,,false
54,60.0,86.0,,false
55,60.0,108.0,,false
56,60.0,119.0,,false
57,60.0,100.0,,false
58,60.0,82.0,,false
59,60.0,101.0,,false
60,100.0,181.0,,false
61,100.0,204.0,,false
62,900.0,7.0,,false
63,1150.0,14.0,,false
64,1000.0,5.0,,false
65,1350.0,49.0,,true
66,500.0,56.0,,true
67,5000.0,20.0,,true
68,2200.0,133.0,,true
69,3500.0,375.0,,true
70,5000.0,600.0,,true
71,500.0,147.0,,true
72,125.0,470.0,,true
73,40.0,416.0,,true
74,350.0,162.0,,true
75,500.0,187.0,,false
76,500.0,405.0,,false
77,3300.0,21.0,,false
78,3300.0,23.0,,false
79,3300.0,28.0,,false
80,60.0,194.0,,false
81,60.0,226.0,,false
82,60.0,191.0,,false
83,800.0,4.0,,false
84,60.0,120.0,,false
85,60.0,86.0,,false
86,60.0,112.0,,false
87,60.0,90.0,,false
88,60.0,83.0,,false
89,60.0,81.0,,false
90,60.0,113.0,,false
91,60.0,83.0,,false
92,100.0,227.0,,false
93,100.0,225.0,,false
94,900.0,8.0,,false
95,1150.0,15.0,,false
96,1000.0,8.0,,false
97,1350.0,50.0,,true
98,500.0,60.0,,true
99,5000.0,19.0,,true
100,2200.0,139.0,,true
101,3500.0,242.0,,true
102,5000.0,600.0,,true
103,500.0,160.0,,true
104,125.0,546.0,,true
105,40.0,360.0,,true
106,350.0,148.0,,true
107,500.0,177.0,,false
108,500.0,334.0,,false
109,3300.0,27.0,,false
110,3300.0,21.0,,false
111,3300.0,23.0,,false
112,60.0,178.0,,false
113,60.0,198.0,,false
114,60.0,227.0,,false
115,800.0,6.0,,false
116,60.0,109.0,,false
117,60.0,98.0,,false
118,60.0,86.0,,false
119,60.0,91.0,,false
120,60.0,103.0,,false
121,60.0,95.0,,false
122,60.0,113.0,,false
123,60.0,102.0,,false
124,60.0,83.0,,false
125,100.0,205.0,,false
126,100.0,238.0,,false
127,900.0,10.0,,false
128,1150.0,14.0,,false
129,1000.0,6.0,,false
130,1350.0,47.0,,true
131,500.0,56.0,,true
132,5000.0,20.0,,true
133,2200.0,137.0,,true
134,3500.0,250.0,,true
135,5000.0,600.0,,true
136,500.0,154.0,,true
137,125.0,480.0,,true
138,40.0,430.0,,true
139,350.0,166.0,,true
140,500.0,196.0,,false
141,500.0,338.0,,false
142,3300.0,25.0,,false
143,3300.0,26.0,,false
144,3300.0,28.0,,false
145,60.0,162.0,,false
146,60.0,171.0,,false
147,60.0,155.0,,false
148,800.0,4.0,,false
149,60.0,100.0,,false
150,60.0,91.0,,false
151,60.0,93.0,,false
152,60.0,116.0,,false
153,60.0,96.0,,false
154,60.0,92.0,,false
155,60.0,90.0,,false
156,100.0,209.0,,false
157,100.0,246.0,,false
158,900.0,7.0,,false
159,1150.0,15.0,,false
160,1000.0,6.0,,false
161,1350.0,50.0,,true
162,500.0,58.0,,true
163,5000.0,17.0,,true
164,2200.0,131.0,,true
165,3500.0,304.0,,true
166,5000.0,600.0,,true
167,500.0,150.0,,true
168,125.0,510.0,,true
169,40.0,394.0,,true
170,350.0,180.0,,true
171,500.0,196.0,,false
172,500.0,352.0,,false
173,3300.0,22.0,,false
174,3300.0,26.0,,false
175,3300.0,23.0,,false
176,60.0,210.0,,false
177,60.0,246.0,,false
178,60.0,240.0,,false
179,60.0,197.0,,false
180,800.0,6.0,,false
181,60.0,106.0,,false
182,60.0,103.0,,false
183,60.0,93.0,,false
184,60.0,87.0,,false
185,60.0,120.0,,false
186,60.0,82.0,,false
187,60.0,93.0,,false
188,100.0,190.0,,false
189,100.0,190.0,,false
190,900.0,9.0,,false
191,1150.0,14.0,,false
192,1000.0,6.0,,false
193,1350.0,50.0,,true
194,500.0,59.0,,true
195,5000.0,19.0,,true
196,2200.0,134.0,,true
197,3500.0,339.0,,true
198,5000.0,600.0,,true
199,500.0,145.0,,true
200,125.0,540.0,,true
201,40.0,434.0,,true
202,350.0,162.0,,true
203,500.0,197.0,,false
204,500.0,541.0,,false
205,3300.0,22.0,,false
206,3300.0,21.0,,false
207,3300.0,22.0,,false
208,60.0,249.0,,false
209,60.0,198.0,,false
210,60.0,152.0,,false
211,800.0,6.0,,false
212,60.0,116.0,,false
213,60.0,99.0,,false
214,60.0,84.0,,false
215,60.0,81.0,,false
216,60.0,86.0,,false
217,60.0,107.0,,false
218,60.0,82.0,,false
219,60.0,83.0,,false
220,60.0,115.0,,false
221,100.0,242.0,,false
222,100.0,223.0,,false
223,900.0,10.0,,false
224,1150.0,16.0,,false
225,1000.0,5.0,,false
226,1350.0,47.0,,true
227,500.0,58.0,,true
228,5000.0,19.0,,true
229,2200.0,132.0,,true
230,3500.0,276.0,,true
231,5000.0,600.0,,true
232,500.0,157.0,,true
233,125.0,504.0,,true
234,40.0,419.0,,true
235,350.0,169.0,,true
236,500.0,181.0,,false
237,500.0,379.0,,false
238,3300.0,28.0,,false
239,3300.0,27.0,,false
240,3300.0,23.0,,false
241,60.0,225.0,,false
242,60.0,165.0,,false
243,60.0,224.0,,false
244,800.0,4.0,,false
245,60.0,96.0,,false
246,60.0,103.0,,false
247,60.0,84.0,,false
248,60.0,81.0,,false
249,60.0,104.0,,false
250,60.0,89.0,,false
251,60.0,82.0,,false
252,60.0,90.0,,false
253,100.0,213.0,,false
254,100.0,191.0,,false
255,900.0,7.0,,false
256,1150.0,17.0,,false
257,1000.0,5.0,,false
258,1350.0,46.0,,true
259,500.0,56.0,,true
260,5000.0,19.0,,true
261,2200.0,136.0,,true
262,3500.0,297.0,,true
263,5000.0,600.0,,true
264,500.0,148.0,,true
265,125.0,526.0,,true
266,40.0,454.0,,true
267,350.0,172.0,,true
268,500.0,172.0,,false
269,500.0,304.0,,false
270,3300.0,25.0,,false
271,3300.0,23.0,,false
272,3300.0,29.0,,false
273,60.0,227.0,,false
274,60.0,218.0,,false
275,60.0,221.0,,false
276,60.0,173.0,,false
277,800.0,4.0,,false
278,60.0,116.0,,false
279,60.0,92.0,,false
280,60.0,116.0,,false
281,60.0,89.0,,false
282,60.0,107.0,,false
283,60.0,91.0,,false
284,60.0,120.0,,false
285,60.0,108.0,,false
286,60.0,81.0,,false
287,100.0,208.0,,false
288,100.0,188.0,,false
289,900.0,10.0,,false
290,1150.0,16.0,,false
291,1000.0,6.0,,false
292,1350.0,49.0,,true
293,500.0,59.0,,true
294,5000.0,20.0,,true
295,2200.0,137.0,,true
296,3500.0,311.0,,true
297,5000.0,600.0,,true
298,500.0,154.0,,true
299,125.0,453.0,,true
300,40.0,384.0,,true
301,350.0,177.0,,true
302,500.0,198.0,,false
303,500.0,583.0,,false
304,3300.0,22.0,,false
305,3300.0,24.0,,false
306,3300.0,28.0,,false
307,60.0,238.0,,false
308,60.0,225.0,,false
309,60.0,173.0,,false
310,800.0,4.0,,false
311,60.0,83.0,,false
312,60.0,89.0,,false
313,60.0,86.0,,false
314,60.0,117.0,,false
315,60.0,93.0,,false
316,60.0,107.0,,false
317,60.0,87.0,,false
318,60.0,100.0,,false
319,60.0,120.0,,false
320,100.0,247.0,,false
321,100.0,231.0,,false
322,900.0,9.0,,false
323,1150.0,18.0,,false
324,1000.0,6.0,,false
325,1350.0,47.0,,true
326,500.0,60.0,,true
327,5000.0,17.0,,true
328,2200.0,133.0,,true
329,3500.0,382.0,,true
330,5000.0,600.0,,true
331,500.0,152.0,,true
332,125.0,459.0,,true
333,40.0,364.0,,true
334,350.0,160.0,,true
335,500.0,181.0,,false
336,500.0,401.0,,false
337,3300.0,23.0,,false
338,3300.0,28.0,,false
339,3300.0,21.0,,false
340,60.0,202.0,,false
341,60.0,166.0,,false
342,60.0,212.0,,false
343,800.0,5.0,,false
344,60.0,113.0,,false
345,60.0,81.0,,false
346,60.0,113.0,,false
347,60.0,93.0,,false
348,60.0,89.0,,false
349,60.0,100.0,,false
350,60.0,118.0,,false
351,60.0,99.0,,false
352,60.0,83.0,,false
353,100.0,236.0,,false
354,100.0,188.0,,false
355,900.0,8.0,,false
356,1150.0,16.0,,false
357,1000.0,8.0,,false
358,1350.0,47.0,,true
359,500.0,56.0,,true
360,5000.0,17.0,,true
361,2200.0,138.0,,true
362,3500.0,316.0,,true
363,5000.0,600.0,,true
364,500.0,146.0,,true
365,125.0,526.0,,true
366,40.0,403.0,,true
367,350.0,166.0,,true
368,500.0,191.0,,false
369,500.0,567.0,,false
370,3300.0,30.0,,false
371,3300.0,27.0,,false
372,3300.0,27.0,,false
373,60.0,182.0,,false
374,60.0,225.0,,false
375,60.0,236.0,,false
376,60.0,231.0,,false
377,800.0,6.0,,false
378,60.0,108.0,,false
379,60.0,100.0,,false
380,60.0,117.0,,false
381,60.0,110.0,,false
382,60.0,99.0,,false
383,60.0,103.0,,false
384,60.0,119.0,,false
385,60.0,86.0,,false
386,100.0,243.0,,false
387,100.0,231.0,,false
388,900.0,7.0,,false
389,1150.0,13.0,,false
390,1000.0,6.0,,false
391,1350.0,50.0,,true
392,500.0,60.0,,true
393,5000.0,20.0,,true
394,2200.0,138.0,,true
395,3500.0,255.0,,true
396,5000.0,600.0,,true
397,500.0,142.0,,true
398,125.0,464.0,,true
399,40.0,403.0,,true
400,350.0,174.0,,true
401,500.0,183.0,,false
402,500.0,519.0,,false
403,3300.0,27.0,,false
404,3300.0,30.0,,false
405,3300.0,24.0,,false
406,60.0,213.0,,false
407,60.0,217.0,,false
408,60.0,233.0,,false
409,800.0,4.0,,false
410,60.0,98.0,,false
411,60.0,105.0,,false
412,60.0,113.0,,false
413,60.0,96.0,,false
414,60.0,116.0,,false
415,60.0,81.0,,false
416,60.0,106.0,,false
417,60.0,108.0,,false
418,60.0,82.0,,false
419,100.0,214.0,,false
420,100.0,245.0,,false
421,900.0,9.0,,false
422,1150.0,17.0,,false
423,1000.0,5.0,,false
424,1350.0,46.0,,true
425,500.0,56.0,,true
426,5000.0,16.0,,true
427,2200.0,137.0,,true
428,3500.0,275.0,,true
429,5000.0,600.0,,true
430,500.0,146.0,,true
431,125.0,481.0,,true
432,40.0,399.0,,true
433,350.0,166.0,,true
434,500.0,186.0,,false
435,500.0,477.0,,false
436,3300.0,25.0,,false
437,3300.0,24.0,,false
438,3300.0,30.0,,false
439,60.0,181.0,,false
440,60.0,190.0,,false
441,60.0,228.0,,false
442,60.0,187.0,,false
443,800.0,6.0,,false
444,60.0,106.0,,false
445,60.0,117.0,,false
446,60.0,103.0,,false
447,60.0,119.0,,false
448,60.0,107.0,,false
449,60.0,93.0,,false
450,100.0,204.0,,false
451,100.0,237.0,,false
452,900.0,7.0,,false
453,1150.0,17.0,,false
454,1000.0,5.0,,false
455,1350.0,49.0,,true
456,500.0,59.0,,true
457,5000.0,18.0,,true
458,2200.0,136.0,,true
459,3500.0,338.0,,true
460,5000.0,600.0,,true
461,500.0,146.0,,true
462,125.0,529.0,,true
463,40.0,442.0,,true
464,350.0,171.0,,true
465,500.0,186.0,,false
466,500.0,379.0,,false
467,3300.0,24.0,,false
468,3300.0,21.0,,false
469,3300.0,29.0,,false
470,60.0,178.0,,false
471,60.0,173.0,,false
472,60.0,216.0,,false
473,800.0,6.0,,false
474,60.0,99.0,,false
475,60.0,92.0,,false
476,60.0,96.0,,false
477,60.0,112.0,,false
478,60.0,106.0,,false
479,60.0,99.0,,false
480,60.0,85.0,,false
481,100.0,250.0,,false
482,100.0,224.0,,false
483,900.0,10.0,,false
484,1150.0,15.0,,false
485,1000.0,6.0,,false
486,1350.0,46.0,,true
487,500.0,57.0,,true
488,5000.0,18.0,,true
489,2200.0,132.0,,true
490,3500.0,299.0,,true
491,5000.0,600.0,,true
492,500.0,159.0,,true
493,125.0,512.0,,true
494,40.0,419.0,,true
495,350.0,170.0,,true
496,500.0,185.0,,false
497,500.0,501.0,,false
498,3300.0,26.0,,false
499,3300.0,29.0,,false
500,3300.0,28.0,,false
501,60.0,170.0,,false
502,60.0,220.0,,false
503,60.0,167.0,,false
504,800.0,6.0,,false
505,60.0,97.0,,false
506,60.0,90.0,,false
507,60.0,101.0,,false
508,60.0,81.0,,false
509,60.0,84.0,,false
510,60.0,96.0,,false
511,60.0,102.0,,false
512,60.0,115.0,,false
513,100.0,239.0,,false
514,100.0,234.0,,false
515,900.0,10.0,,false
516,1150.0,16.0,,false
517,1000.0,5.0,,false
518,1350.0,49.0,,true
519,500.0,57.0,,true
520,5000.0,16.0,,true
521,2200.0,135.0,,true
522,3500.0,256.0,,true
523,5000.0,600.0,,true
524,500.0,149.0,,true
525,125.0,510.0,,true
526,40.0,407.0,,true
527,350.0,166.0,,true
528,500.0,181.0,,false
529,500.0,382.0,,false
530,3300.0,26.0,,false
531,3300.0,29.0,,false
532,3300.0,22.0,,false
533,60.0,164.0,,false
534,60.0,152.0,,false
535,60.0,205.0,,false
536,60.0,164.0,,false
537,800.0,4.0,,false
538,60.0,87.0,,false
539,60.0,116.0,,false
540,60.0,100.0,,false
541,60.0,82.0,,false
542,60.0,110.0,,false
543,60.0,117.0,,false
544,60.0,118.0,,false
545,60.0,101.0,,false
546,60.0,116.0,,false
547,100.0,245.0,,false
548,100.0,231.0,,false
549,900.0,10.0,,false
550,1150.0,15.0,,false
551,1000.0,7.0,,false
552,1350.0,49.0,,true
553,500.0,58.0,,true
554,5000.0,17.0,,true
555,2200.0,131.0,,true
556,3500.0,397.0,,true
557,5000.0,600.0,,true
558,500.0,142.0,,true
559,125.0,519.0,,true
560,40.0,427.0,,true
561,350.0,144.0,,true
562,500.0,187.0,,false
563,500.0,353.0,,false
564,3300.0,29.0,,false
565,3300.0,21.0,,false
566,3300.0,21.0,,false
567,60.0,205.0,,false
568,60.0,209.0,,false
569,60.0,199.0,,false
570,800.0,4.0,,false
571,60.0,112.0,,false
572,60.0,97.0,,false
573,60.0,93.0,,false
574,60.0,81.0,,false
575,60.0,97.0,,false
576,60.0,87.0,,false
577,60.0,90.0,,false
578,60.0,107.0,,false
579,60.0,115.0,,false
580,100.0,217.0,,false
581,100.0,246.0,,false
582,900.0,7.0,,false
583,1150.0,14.0,,false
584,1000.0,5.0,,false
585,1350.0,47.0,,true
586,500.0,56.0,,true
587,5000.0,18.0,,true
588,2200.0,140.0,,true
589,3500.0,361.0,,true
590,5000.0,600.0,,true
591,500.0,145.0,,true
592,125.0,519.0,,true
593,40.0,361.0,,true
594,350.0,153.0,,true
595,500.0,171.0,,false
596,500.0,372.0,,false
597,3300.0,23.0,,false
598,3300.0,23.0,,false
599,3300.0,24.0,,false
600,60.0,244.0,,false
601,60.0,158.0,,false
602,60.0,210.0,,false
603,800.0,4.0,,false
604,60.0,104.0,,false
605,60.0,106.0,,false
606,60.0,101.0,,false
607,60.0,118.0,,false
608,60.0,99.0,,false
609,60.0,92.0,,false
610,100.0,238.0,,false
611,100.0,210.0,,false
612,900.0,7.0,,false
613,1150.0,17.0,,false
614,1000.0,7.0,,false
615,1350.0,48.0,,true
616,500.0,57.0,,true
617,5000.0,19.0,,true
618,2200.0,139.0,,true
619,3500.0,354.0,,true
620,5000.0,600.0,,true
621,500.0,155.0,,true
622,125.0,481.0,,true
623,40.0,398.0,,true
624,350.0,150.0,,true
625,500.0,194.0,,false
626,500.0,501.0,,false
627,3300.0,26.0,,false
628,3300.0,25.0,,false
629,3300.0,29.0,,false
630,60.0,205.0,,false
631,60.0,209.0,,false
632,60.0,238.0,,false
633,60.0,216.0,,false
634,800.0,5.0,,false
635,60.0,113.0,,false
636,60.0,84.0,,false
637,60.0,84.0,,false
638,60.0,92.0,,false
639,60.0,119.0,,false
640,60.0,93.0,,false
641,60.0,115.0,,false
642,60.0,91.0,,false
643,60.0,111.0,,false
644,60.0,101.0,,false
645,100.0,232.0,,false
646,100.0,214.0,,false
647,900.0,7.0,,false
648,1150.0,13.0,,false
649,1000.0,6.0,,false
650,1350.0,48.0,,true
651,500.0,56.0,,true
652,5000.0,19.0,,true
653,2200.0,138.0,,true
654,3500.0,300.0,,true
655,5000.0,600.0,,true
656,500.0,147.0,,true
657,125.0,481.0,,true
658,40.0,452.0,,true
659,350.0,160.0,,true
660,500.0,195.0,,false
661,500.0,516.0,,false
662,3300.0,22.0,,false
663,3300.0,27.0,,false
664,3300.0,28.0,,false
665,60.0,235.0,,false
666,60.0,207.0,,false
667,60.0,164.0,,false
668,800.0,5.0,,false
669,60.0,91.0,,false
670,60.0,85.0,,false
671,60.0,86.0,,false
672,60.0,81.0,,false
673,60.0,97.0,,false
674,60.0,116.0,,false
675,100.0,238.0,,false
676,100.0,231.0,,false
677,900.0,10.0,,false
678,1150.0,16.0,,false
679,1000.0,6.0,,false
680,1350.0,47.0,,true
681,500.0,56.0,,true
682,5000.0,19.0,,true
683,2200.0,138.0,,true
684,3500.0,354.0,,true
685,5000.0,600.0,,true
686,500.0,155.0,,true
687,125.0,462.0,,true
688,40.0,366.0,,true
689,350.0,153.0,,true
690,500.0,177.0,,false
691,500.0,369.0,,false
692,3300.0,27.0,,false
693,3300.0,28.0,,false
694,3300.0,28.0,,false
695,60.0,228.0,,false
696,60.0,241.0,,false
697,60.0,231.0,,false
698,60.0,242.0,,false
699,800.0,6.0,,false
700,60.0,87.0,,false
701,60.0,112.0,,false
702,60.0,83.0,,false
703,60.0,120.0,,false
704,60.0,115.0,,false
705,60.0,96.0,,false
706,60.0,89.0,,false
707,60.0,99.0,,false
708,60.0,95.0,,false
709,100.0,223.0,,false
710,100.0,213.0,,false
711,900.0,8.0,,false
712,1150.0,15.0,,false
713,1000.0,7.0,,false
714,1350.0,46.0,,true
715,500.0,56.0,,true
716,5000.0,20.0,,true
717,2200.0,135.0,,true
718,3500.0,310.0,,true
719,5000.0,600.0,,true
720,500.0,152.0,,true
721,125.0,499.0,,true
722,40.0,393.0,,true
723,350.0,151.0,,true
724,500.0,199.0,,false
725,500.0,384.0,,false
726,3300.0,25.0,,false
727,3300.0,29.0,,false
728,3300.0,26.0,,false
729,60.0,239.0,,false
730,60.0,163.0,,false
731,60.0,177.0,,false
732,800.0,4.0,,false
733,60.0,102.0,,false
734,60.0,110.0,,false
735,60.0,109.0,,false
736,60.0,116.0,,false
737,60.0,95.0,,false
738,60.0,118.0,,false
739,100.0,187.0,,false
740,100.0,207.0,,false
741,900.0,10.0,,false
742,1150.0,14.0,,false
743,1000.0,8.0,,false
744,1350.0,46.0,,true
745,500.0,57.0,,true
746,5000.0,18.0,,true
747,2200.0,133.0,,true
748,3500.0,342.0,,true
749,5000.0,600.0,,true
750,500.0,154.0,,true
751,125.0,528.0,,true
752,40.0,387.0,,true
753,350.0,171.0,,true
754,500.0,180.0,,false
755,500.0,418.0,,false
756,3300.0,27.0,,false
757,3300.0,21.0,,false
758,3300.0,21.0,,false
759,60.0,219.0,,false
760,60.0,171.0,,false
761,60.0,161.0,,false
762,60.0,152.0,,false
763,800.0,4.0,,false
764,60.0,113.0,,false
765,60.0,109.0,,false
766,60.0,101.0,,false
767,60.0,81.0,,false
768,60.0,119.0,,false
769,60.0,83.0,,false
770,60.0,99.0,,false
771,100.0,216.0,,false
772,100.0,226.0,,false
773,900.0,7.0,,false
774,1150.0,13.0,,false
775,1000.0,5.0,,false
776,1350.0,47.0,,true
777,500.0,60.0,,true
778,5000.0,18.0,,true
779,2200.0,136.0,,true
780,3500.0,360.0,,true
781,5000.0,600.0,,true
782,500.0,148.0,,true
783,125.0,509.0,,true
784,40.0,424.0,,true
785,350.0,171.0,,true
786,500.0,197.0,,false
787,500.0,597.0,,false
788,3300.0,30.0,,false
789,3300.0,21.0,,false
790,3300.0,24.0,,false
791,60.0,163.0,,false
792,60.0,195.0,,false
793,60.0,166.0,,false
794,60.0,206.0,,false
795,800.0,5.0,,false
796,60.0,84.0,,false
797,60.0,91.0,,false
798,60.0,84.0,,false
799,60.0,87.0,,false
800,60.0,95.0,,false
801,60.0,108.0,,false
802,100.0,220.0,,false
803,100.0,205.0,,false
804,900.0,10.0,,false
805,1150.0,18.0,,false
806,1000.0,7.0,,false
807,1350.0,49.0,,true
808,500.0,58.0,,true
809,5000.0,17.0,,true
810,2200.0,138.0,,true
811,3500.0,280.0,,true
812,5000.0,600.0,,true
813,500.0,160.0,,true
814,125.0,517.0,,true
815,40.0,352.0,,true
816,350.0,180.0,,true
817,500.0,199.0,,false
818,500.0,382.0,,false
819,3300.0,27.0,,false
820,3300.0,30.0,,false
821,3300.0,29.0,,false
822,60.0,168.0,,false
823,60.0,168.0,,false
824,60.0,196.0,,false
825,800.0,6.0,,false
826,60.0,100.0,,false
827,60.0,108.0,,false
828,60.0,81.0,,false
829,60.0,91.0,,false
830,60.0,100.0,,false
831,60.0,91.0,,false
832,60.0,89.0,,false
833,60.0,110.0,,false
834,60.0,112.0,,false
835,100.0,231.0,,false
836,100.0,247.0,,false
837,900.0,8.0,,false
838,1150.0,18.0,,false
839,1000.0,7.0,,false
840,1350.0,48.0,,true
841,500.0,58.0,,true
842,5000.0,18.0,,true
843,2200.0,137.0,,true
844,3500.0,340.0,,true
845,5000.0,600.0,,true
846,500.0,145.0,,true
847,125.0,480.0,,true
848,40.0,415.0,,true
849,350.0,178.0,,true
850,500.0,196.0,,false
851,500.0,390.0,,false
852,3300.0,25.0,,false
853,3300.0,28.0,,false
854,3300.0,21.0,,false
855,60.0,186.0,,false
856,60.0,155.0,,false
857,60.0,156.0,,false
858,800.0,6.0,,false
859,60.0,110.0,,false
860,60.0,119.0,,false
861,60.0,93.0,,false
862,60.0,86.0,,false
863,60.0,92.0,,false
864,60.0,82.0,,false
865,100.0,199.0,,false
866,100.0,208.0,,false
867,900.0,8.0,,false
868,1150.0,16.0,,false
869,1000.0,7.0,,false
870,1350.0,49.0,,true
871,500.0,56.0,,true
872,5000.0,16.0,,true
873,2200.0,138.0,,true
874,3500.0,395.0,,true
875,5000.0,600.0,,true
876,500.0,154.0,,true
877,125.0,468.0,,true
878,40.0,398.0,,true
879,350.0,143.0,,true
880,500.0,186.0,,false
881,500.0,319.0,,false
882,3300.0,25.0,,false
883,3300.0,25.0,,false
884,3300.0,22.0,,false
885,60.0,192.0,,false
886,60.0,220.0,,false
887,60.0,172.0,,false
888,800.0,6.0,,false
889,60.0,93.0,,false
890,60.0,81.0,,false
891,60.0,92.0,,false
892,60.0,90.0,,false
893,60.0,115.0,,false
894,60.0,115.0,,false
895,60.0,93.0,,false
896,100.0,239.0,,false
897,100.0,190.0,,false
898,900.0,8.0,,false
899,1150.0,18.0,,false
900,1000.0,8.0,,false
901,1350.0,47.0,,true
902,500.0,56.0,,true
903,5000.0,19.0,,true
904,2200.0,140.0,,true
905,3500.0,339.0,,true
906,5000.0,600.0,,true
907,500.0,155.0,,true
908,125.0,521.0,,true
909,40.0,424.0,,true
910,350.0,179.0,,true
911,500.0,187.0,,false
912,500.0,493.0,,false
913,3300.0,30.0,,false
914,3300.0,26.0,,false
915,3300.0,27.0,,false
916,60.0,176.0,,false
917,60.0,190.0,,false
918,60.0,167.0,,false
919,60.0,211.0,,false
920,800.0,5.0,,false
921,60.0,110.0,,false
922,60.0,106.0,,false
923,60.0,113.0,,false
924,60.0,117.0,,false
925,60.0,94.0,,false
926,60.0,107.0,,false
927,60.0,109.0,,false
928,60.0,99.0,,false
929,60.0,97.0,,false
930,100.0,250.0,,false
931,100.0,209.0,,false
932,900.0,9.0,,false
933,1150.0,14.0,,false
934,1000.0,8.0,,false
935,1350.0,47.0,,true
936,500.0,58.0,,true
937,5000.0,20.0,,true
938,2200.0,134.0,,true
939,3500.0,373.0,,true
940,5000.0,600.0,,true
941,500.0,145.0,,true
942,125.0,542.0,,true
943,40.0,358.0,,true
944,350.0,179.0,,true
945,500.0,196.0,,false
946,500.0,443.0,,false
947,3300.0,24.0,,false
948,3300.0,28.0,,false
949,3300.0,26.0,,false
950,60.0,173.0,,false
951,60.0,239.0,,false
952,60.0,239.0,,false
953,60.0,194.0,,false
954,800.0,5.0,,false
955,60.0,103.0,,false
956,60.0,90.0,,false
957,60.0,97.0,,false
958,60.0,94.0,,false
959,60.0,103.0,,false
960,60.0,88.0,,false
961,60.0,88.0,,false
962,60.0,106.0,,false
963,60.0,106.0,,false
964,100.0,197.0,,false
965,100.0,234.0,,false
966,900.0,7.0,,false
967,1150.0,17.0,,false
968,1000.0,7.0,,false
969,1350.0,47.0,,true
970,500.0,57.0,,true
971,5000.0,17.0,,true
972,2200.0,131.0,,true
973,3500.0,330.0,,true
974,5000.0,600.0,,true
975,500.0,146.0,,true
976,125.0,485.0,,true
977,40.0,351.0,,true
978,350.0,151.0,,true
979,500.0,175.0,,false
980,500.0,416.0,,false
981,3300.0,28.0,,false
982,3300.0,26.0,,false
983,3300.0,27.0,,false
984,60.0,226.0,,false
985,60.0,182.0,,false
986,60.0,175.0,,false
987,60.0,220.0,,false
988,800.0,4.0,,false
989,60.0,83.0,,false
990,60.0,92.0,,false
991,60.0,117.0,,false
992,60.0,115.0,,false
993,60.0,92.0,,false
994,60.0,93.0,,false
995,100.0,233.0,,false
996,100.0,186.0,,false
997,900.0,10.0,,false
998,1150.0,13.0,,false
999,1000.0,7.0,,false
1000,1350.0,50.0,,true
1001,500.0,58.0,,true
1002,5000.0,20.0,,true
1003,2200.0,131.0,,true
1004,3500.0,249.0,,true
1005,5000.0,600.0,,true
1006,500.0,153.0,,true
1007,125.0,533.0,,true
1008,40.0,386.0,,true
1009,350.0,167.0,,true
1010,500.0,188.0,,false
1011,500.0,361.0,,false
1012,3300.0,24.0,,false
1013,3300.0,21.0,,false
1014,3300.0,27.0,,false
1015,60.0,211.0,,false
1016,60.0,207.0,,false
1017,60.0,239.0,,false
1018,60.0,169.0,,false
1019,800.0,6.0,,false
1020,60.0,107.0,,false
1021,60.0,114.0,,false
1022,60.0,90.0,,false
1023,60.0,85.0,,false
1024,60.0,81.0,,false
1025,60.0,100.0,,false
1026,60.0,120.0,,false
1027,60.0,98.0,,false
1028,60.0,96.0,,false
1029,100.0,185.0,,false
1030,100.0,216.0,,false
1031,900.0,9.0,,false
1032,1150.0,14.0,,false
1033,1000.0,7.0,,false
1034,1350.0,49.0,,true
1035,500.0,58.0,,true
1036,5000.0,16.0,,true
1037,2200.0,136.0,,true
1038,3500.0,376.0,,true
1039,5000.0,600.0,,true
1040,500.0,148.0,,true
1041,125.0,520.0,,true
1042,40.0,391.0,,true
1043,350.0,158.0,,true
1044,500.0,185.0,,false
1045,500.0,551.0,,false
1046,3300.0,26.0,,false
1047,3300.0,21.0,,false
1048,3300.0,23.0,,false
1049,60.0,246.0,,false
1050,60.0,195.0,,false
1051,60.0,167.0,,false
1052,800.0,4.0,,false
1053,60.0,104.0,,false
1054,60.0,97.0,,false
1055,60.0,89.0,,false
1056,60.0,108.0,,false
1057,60.0,102.0,,false
1058,60.0,112.0,,false
1059,60.0,114.0,,false
1060,100.0,246.0,,false
1061,100.0,247.0,,false
1062,900.0,8.0,,false
1063,1150.0,13.0,,false
1064,1000.0,5.0,,false
1065,1350.0,46.0,,true
1066,500.0,56.0,,true
1067,5000.0,19.0,,true
1068,2200.0,140.0,,true
1069,3500.0,290.0,,true
1070,5000.0,600.0,,true
1071,500.0,155.0,,true
1072,125.0,513.0,,true
1073,40.0,355.0,,true
1074,350.0,172.0,,true
1075,500.0,183.0,,false
1076,500.0,487.0,,false
1077,3300.0,27.0,,false
1078,3300.0,28.0,,false
1079,3300.0,21.0,,false
1080,60.0,242.0,,false
1081,60.0,180.0,,false
1082,60.0,192.0,,false
1083,800.0,4.0,,false
1084,60.0,84.0,,false
1085,60.0,81.0,,false
1086,60.0,92.0,,false
1087,60.0,94.0,,false
1088,60.0,118.0,,false
1089,60.0,98.0,,false
1090,60.0,87.0,,false
1091,100.0,249.0,,false
1092,100.0,218.0,,false
1093,900.0,9.0,,false
1094,1150.0,17.0,,false
1095,1000.0,7.0,,false
1096,1350.0,47.0,,true
1097,500.0,58.0,,true
1098,5000.0,17.0,,true
1099,2200.0,137.0,,true
1100,3500.0,359.0,,true
1101,5000.0,600.0,,true
1102,500.0,142.0,,true
1103,125.0,457.0,,true
1104,40.0,395.0,,true
1105,350.0,141.0,,true
1106,500.0,171.0,,false
1107,500.0,437.0,,false
1108,3300.0,25.0,,false
1109,3300.0,23.0,,false
1110,3300.0,26.0,,false
1111,60.0,185.0,,false
1112,60.0,176.0,,false
1113,60.0,211.0,,false
1114,800.0,5.0,,false
1115,60.0,90.0,,false
1116,60.0,114.0,,false
1117,60.0,116.0,,false
1118,60.0,116.0,,false
1119,60.0,94.0,,false
1120,60.0,110.0,,false
1121,60.0,118.0,,false
1122,60.0,90.0,,false
1123,60.0,101.0,,false
1124,100.0,215.0,,false
1125,100.0,220.0,,false
1126,900.0,9.0,,false
1127,1150.0,18.0,,false
1128,1000.0,7.0,,false
1129,1350.0,46.0,,true
1130,500.0,60.0,,true
1131,5000.0,19.0,,true
1132,2200.0,132.0,,true
1133,3500.0,364.0,,true
1134,5000.0,600.0,,true
1135,500.0,159.0,,true
1136,125.0,454.0,,true
1137,40.0,394.0,,true
1138,350.0,142.0,,true
1139,500.0,192.0,,false
1140,500.0,302.0,,false
1141,3300.0,29.0,,false
1142,3300.0,29.0,,false
1143,3300.0,26.0,,false
1144,60.0,162.0,,false
1145,60.0,250.0,,false
1146,60.0,180.0,,false
1147,800.0,4.0,,false
1148,60.0,118.0,,false
1149,60.0,106.0,,false
1150,60.0,119.0,,false
1151,60.0,91.0,,false
1152,60.0,90.0,,false
1153,60.0,112.0,,false
1154,60.0,100.0,,false
1155,100.0,233.0,,false
1156,100.0,191.0,,false
1157,900.0,8.0,,false
1158,1150.0,15.0,,false
1159,1000.0,7.0,,false
1160,1350.0,46.0,,true
1161,500.0,58.0,,true
1162,5000.0,19.0,,true
1163,2200.0,135.0,,true
1164,3500.0,224.0,,true
1165,5000.0,600.0,,true
1166,500.0,143.0,,true
1167,125.0,503.0,,true
1168,40.0,425.0,,true
1169,350.0,160.0,,true
1170,500.0,185.0,,false
1171,500.0,552.0,,false
1172,3300.0,29.0,,false
1173,3300.0,24.0,,false
1174,3300.0,30.0,,false
1175,60.0,175.0,,false
1176,60.0,186.0,,false
1177,60.0,178.0,,false
1178,60.0,192.0,,false
1179,800.0,5.0,,false
1180,60.0,90.0,,false
1181,60.0,104.0,,false
1182,60.0,109.0,,false
1183,60.0,89.0,,false
1184,60.0,94.0,,false
1185,60.0,97.0,,false
1186,60.0,88.0,,false
1187,60.0,96.0,,false
1188,100.0,225.0,,false
1189,100.0,241.0,,false
1190,900.0,7.0,,false
1191,1150.0,17.0,,false
1192,1000.0,5.0,,false
1193,1350.0,49.0,,true
1194,500.0,60.0,,true
1195,5000.0,20.0,,true
1196,2200.0,137.0,,true
1197,3500.0,269.0,,true
1198,5000.0,600.0,,true
1199,500.0,156.0,,true
1200,125.0,522.0,,true
1201,40.0,357.0,,true
1202,350.0,154.0,,true
1203,500.0,185.0,,false
1204,500.0,356.0,,false
1205,3300.0,23.0,,false
1206,3300.0,29.0,,false
1207,3300.0,22.0,,false
1208,60.0,173.0,,false
1209,60.0,248.0,,false
1210,60.0,153.0,,false
1211,60.0,218.0,,false
1212,800.0,5.0,,false
1213,60.0,102.0,,false
1214,60.0,86.0,,false
1215,60.0,116.0,,false
1216,60.0,97.0,,false
1217,60.0,111.0,,false
1218,60.0,98.0,,false
1219,60.0,93.0,,false
1220,60.0,89.0,,false
1221,60.0,86.0,,false
1222,100.0,194.0,,false
1223,100.0,233.0,,false
1224,900.0,10.0,,false
1225,1150.0,17.0,,false
1226,1000.0,5.0,,false
1227,1350.0,50.0,,true
1228,500.0,59.0,,true
1229,5000.0,16.0,,true
1230,2200.0,140.0,,true
1231,3500.0,295.0,,true
1232,5000.0,600.0,,true
1233,500.0,151.0,,true
1234,125.0,535.0,,true
1235,40.0,358.0,,true
1236,350.0,141.0,,true
1237,500.0,200.0,,false
1238,500.0,405.0,,false
1239,3300.0,25.0,,false
1240,3300.0,29.0,,false
1241,3300.0,25.0,,false
1242,60.0,155.0,,false
1243,60.0,184.0,,false
1244,60.0,191.0,,false
1245,60.0,222.0,,false
1246,800.0,4.0,,false
1247,60.0,98.0,,false
1248,60.0,97.0,,false
1249,60.0,94.0,,false
1250,60.0,119.0,,false
1251,60.0,85.0,,false
1252,60.0,109.0,,false
1253,60.0,94.0,,false
1254,60.0,116.0,,false
1255,100.0,198.0,,false
1256,100.0,211.0,,false
1257,900.0,7.0,,false
1258,1150.0,15.0,,false
1259,1000.0,6.0,,false
1260,1350.0,50.0,,true
1261,500.0,56.0,,true
1262,5000.0,20.0,,true
1263,2200.0,136.0,,true
1264,3500.0,325.0,,true
1265,5000.0,600.0,,true
1266,500.0,151.0,,true
1267,125.0,498.0,,true
1268,40.0,454.0,,true
1269,350.0,172.0,,true
1270,500.0,200.0,,false
1271,500.0,355.0,,false
1272,3300.0,22.0,,false
1273,3300.0,25.0,,false
1274,3300.0,25.0,,false
1275,60.0,202.0,,false
1276,60.0,186.0,,false
1277,60.0,232.0,,false
1278,800.0,6.0,,false
1279,60.0,97.0,,false
1280,60.0,82.0,,false
1281,60.0,85.0,,false
1282,60.0,120.0,,false
1283,60.0,89.0,,false
1284,60.0,82.0,,false
1285,60.0,119.0,,false
1286,60.0,119.0,,false
1287,60.0,108.0,,false
1288,60.0,84.0,,false
1289,100.0,240.0,,false
1290,100.0,231.0,,false
1291,900.0,8.0,,false
1292,1150.0,17.0,,false
1293,1000.0,7.0,,false
1294,1350.0,47.0,,true
1295,500.0,58.0,,true
1296,5000.0,19.0,,true
1297,2200.0,138.0,,true
1298,3500.0,233.0,,true
1299,5000.0,600.0,,true
1300,500.0,156.0,,true
1301,125.0,525.0,,true
1302,40.0,409.0,,true
1303,350.0,158.0,,true
1304,500.0,189.0,,false
1305,500.0,314.0,,false
1306,3300.0,28.0,,false
1307,3300.0,30.0,,false
1308,3300.0,22.0,,false
1309,60.0,161.0,,false
1310,60.0,199.0,,false
1311,60.0,209.0,,false
1312,60.0,190.0,,false
1313,800.0,4.0,,false
1314,60.0,97.0,,false
1315,60.0,110.0,,false
1316,60.0,93.0,,false
1317,60.0,94.0,,false
1318,60.0,101.0,,false
1319,60.0,113.0,,false
1320,100.0,225.0,,false
1321,100.0,213.0,,false
1322,900.0,8.0,,false
1323,1150.0,17.0,,false
1324,1000.0,5.0,,false
1325,1350.0,49.0,,true
1326,500.0,56.0,,true
1327,5000.0,19.0,,true
1328,2200.0,140.0,,true
1329,3500.0,316.0,,true
1330,5000.0,600.0,,true
1331,500.0,142.0,,true
1332,125.0,544.0,,true
1333,40.0,427.0,,true
1334,350.0,160.0,,true
1335,500.0,184.0,,false
1336,500.0,457.0,,false
1337,3300.0,27.0,,false
1338,3300.0,29.0,,false
1339,3300.0,23.0,,false
1340,60.0,220.0,,false
1341,60.0,178.0,,false
1342,60.0,237.0,,false
1343,800.0,5.0,,false
1344,60.0,88.0,,false
1345,60.0,91.0,,false
1346,60.0,119.0,,false
1347,60.0,97.0,,false
1348,60.0,95.0,,false
1349,60.0,108.0,,false
1350,60.0,111.0,,false
1351,60.0,97.0,,false
1352,100.0,199.0,,false
1353,100.0,189.0,,false
1354,900.0,10.0,,false
1355,1150.0,13.0,,false
1356,1000.0,8.0,,false
1357,1350.0,48.0,,true
1358,500.0,56.0,,true
1359,5000.0,18.0,,true
1360,2200.0,136.0,,true
1361,3500.0,298.0,,true
1362,5000.0,600.0,,true
1363,500.0,154.0,,true
1364,125.0,462.0,,true
1365,40.0,411.0,,true
1366,350.0,179.0,,true
1367,500.0,182.0,,false
1368,500.0,322.0,,false
1369,3300.0,25.0,,false
1370,3300.0,28.0,,false
1371,3300.0,21.0,,false
1372,60.0,227.0,,false
1373,60.0,182.0,,false
1374,60.0,180.0,,false
1375,800.0,5.0,,false
1376,60.0,108.0,,false
1377,60.0,113.0,,false
1378,60.0,89.0,,false
1379,60.0,92.0,,false
1380,60.0,92.0,,false
1381,60.0,104.0,,false
1382,60.0,109.0,,false
1383,60.0,118.0,,false
1384,60.0,92.0,,false
1385,100.0,247.0,,false
1386,100.0,203.0,,false
1387,900.0,10.0,,false
1388,1150.0,16.0,,false
1389,1000.0,6.0,,false
1390,1350.0,47.0,,true
1391,500.0,57.0,,true
1392,5000.0,20.0,,true
1393,2200.0,139.0,,true
1394,3500.0,398.0,,true
1395,5000.0,600.0,,true
1396,500.0,151.0,,true
1397,125.0,499.0,,true
1398,40.0,421.0,,true
1399,350.0,146.0,,true
1400,500.0,178.0,,false
1401,500.0,501.0,,false
1402,3300.0,21.0,,false
1403,3300.0,28.0,,false
1404,3300.0,27.0,,false
1405,60.0,159.0,,false
1406,60.0,227.0,,false
1407,60.0,192.0,,false
1408,60.0,223.0,,false
1409,800.0,5.0,,false
1410,60.0,110.0,,false
1411,60.0,104.0,,false
1412,60.0,102.0,,false
1413,60.0,87.0,,false
1414,60.0,81.0,,false
1415,60.0,111.0,,false
1416,60.0,87.0,,false
1417,60.0,101.0,,false
1418,60.0,95.0,,false
1419,60.0,105.0,,false
1420,100.0,218.0,,false
1421,100.0,210.0,,false
1422,900.0,7.0,,false
1423,1150.0,17.0,,false
1424,1000.0,8.0,,false
1425,1350.0,49.0,,true
1426,500.0,59.0,,true
1427,5000.0,16.0,,true
1428,2200.0,139.0,,true
1429,3500.0,390.0,,true
1430,5000.0,600.0,,true
1431,500.0,156.0,,true
1432,125.0,530.0,,true
1433,40.0,434.0,,true
1434,350.0,180.0,,true
1435,500.0,199.0,,false
1436,500.0,435.0,,false
1437,3300.0,25.0,,false
1438,3300.0,27.0,,false
1439,3300.0,29.0,,false
1440,60.0,242.0,,false
1441,60.0,207.0,,false
1442,60.0,224.0,,false
1443,60.0,222.0,,false
1444,800.0,5.0,,false
1445,60.0,107.0,,false
1446,60.0,119.0,,false
1447,60.0,114.0,,false
1448,60.0,102.0,,false
1449,60.0,114.0,,false
1450,60.0,110.0,,false
1451,60.0,86.0,,false
1452,100.0,193.0,,false
1453,100.0,234.0,,false
1454,900.0,8.0,,false
1455,1150.0,18.0,,false
1456,1000.0,6.0,,false
1457,1350.0,46.0,,true
1458,500.0,60.0,,true
1459,5000.0,18.0,,true
1460,2200.0,131.0,,true
1461,3500.0,341.0,,true
1462,5000.0,600.0,,true
1463,500.0,143.0,,true
1464,125.0,521.0,,true
1465,40.0,375.0,,true
1466,350.0,176.0,,true
1467,500.0,174.0,,false
1468,500.0,512.0,,false
1469,3300.0,25.0,,false
1470,3300.0,23.0,,false
1471,3300.0,22.0,,false
1472,60.0,191.0,,false
1473,60.0,181.0,,false
1474,60.0,214.0,,false
1475,800.0,6.0,,false
1476,60.0,100.0,,false
1477,60.0,113.0,,false
1478,60.0,97.0,,false
1479,60.0,98.0,,false
1480,60.0,95.0,,false
1481,60.0,90.0,,false
1482,60.0,105.0,,false
1483,60.0,100.0,,false
1484,60.0,99.0,,false
1485,60.0,94.0,,false
1486,100.0,195.0,,false
1487,100.0,244.0,,false
1488,900.0,9.0,,false
1489,1150.0,13.0,,false
1490,1000.0,6.0,,false
1491,1350.0,47.0,,true
1492,500.0,57.0,,true
1493,5000.0,16.0,,true
1494,2200.0,135.0,,true
1495,3500.0,213.0,,true
1496,5000.0,600.0,,true
1497,500.0,155.0,,true
1498,125.0,524.0,,true
1499,40.0,396.0,,true
1500,350.0,148.0,,true
1501,500.0,184.0,,false
1502,500.0,525.0,,false
1503,3300.0,27.0,,false
1504,3300.0,29.0,,false
1505,3300.0,25.0,,false
1506,60.0,198.0,,false
1507,60.0,197.0,,false
1508,60.0,240.0,,false
1509,60.0,246.0,,false
1510,800.0,5.0,,false
1511,60.0,89.0,,false
1512,60.0,100.0,,false
1513,60.0,103.0,,false
1514,60.0,84.0,,false
1515,60.0,106.0,,false
1516,60.0,91.0,,false
1517,60.0,109.0,,false
1518,100.0,227.0,,false
1519,100.0,223.0,,false
1520,900.0,8.0,,false
1521,1150.0,14.0,,false
1522,1000.0,7.0,,false
1523,1350.0,46.0,,true
1524,500.0,60.0,,true
1525,5000.0,18.0,,true
1526,2200.0,131.0,,true
1527,3500.0,307.0,,true
1528,5000.0,600.0,,true
1529,500.0,146.0,,true
1530,125.0,524.0,,true
1531,40.0,423.0,,true
1532,350.0,153.0,,true
1533,500.0,193.0,,false
1534,500.0,495.0,,false
1535,3300.0,26.0,,false
1536,3300.0,30.0,,false
1537,3300.0,25.0,,false
1538,60.0,210.0,,false
1539,60.0,224.0,,false
1540,60.0,194.0,,false
1541,60.0,242.0,,false
1542,800.0,6.0,,false
1543,60.0,102.0,,false
1544,60.0,119.0,,false
1545,60.0,95.0,,false
1546,60.0,101.0,,false
1547,60.0,118.0,,false
1548,60.0,100.0,,false
1549,60.0,111.0,,false
1550,60.0,97.0,,false
1551,60.0,116.0,,false
1552,100.0,215.0,,false
1553,100.0,235.0,,false
1554,900.0,8.0,,false
1555,1150.0,13.0,,false
1556,1000.0,8.0,,false
1557,1350.0,48.0,,true
1558,500.0,60.0,,true
1559,5000.0,18.0,,true
1560,2200.0,133.0,,true
1561,3500.0,324.0,,true
1562,5000.0,600.0,,true
1563,500.0,141.0,,true
1564,125.0,465.0,,true
1565,40.0,445.0,,true
1566,350.0,179.0,,true
1567,500.0,177.0,,false
1568,500.0,431.0,,false
1569,3300.0,29.0,,false
1570,3300.0,28.0,,false
1571,3300.0,23.0,,false
1572,60.0,178.0,,false
1573,60.0,202.0,,false
1574,60.0,173.0,,false
1575,800.0,4.0,,false
1576,60.0,116.0,,false
1577,60.0,83.0,,false
1578,60.0,116.0,,false
1579,60.0,108.0,,false
1580,60.0,89.0,,false
1581,60.0,81.0,,false
1582,60.0,83.0,,false
1583,100.0,192.0,,false
1584,100.0,195.0,,false
1585,900.0,7.0,,false
1586,1150.0,15.0,,false
1587,1000.0,7.0,,false
1588,1350.0,49.0,,true
1589,500.0,60.0,,true
1590,5000.0,17.0,,true
1591,2200.0,133.0,,true
1592,3500.0,315.0,,true
1593,5000.0,600.0,,true
1594,500.0,159.0,,true
1595,125.0,455.0,,true
1596,40.0,425.0,,true
1597,350.0,177.0,,true
1598,500.0,198.0,,false
1599,500.0,319.0,,false
1600,3300.0,28.0,,false
1601,3300.0,22.0,,false
1602,3300.0,29.0,,false
1603,60.0,208.0,,false
1604,60.0,175.0,,false
1605,60.0,227.0,,false
1606,800.0,4.0,,false
1607,60.0,114.0,,false
1608,60.0,120.0,,false
1609,60.0,100.0,,false
1610,60.0,94.0,,false
1611,60.0,95.0,,false
1612,60.0,90.0,,false
1613,60.0,90.0,,false
1614,100.0,222.0,,false
1615,100.0,207.0,,false
1616,900.0,9.0,,false
1617,1150.0,13.0,,false
1618,1000.0,8.0,,false
1619,1350.0,46.0,,true
1620,500.0,59.0,,true
1621,5000.0,18.0,,true
1622,2200.0,138.0,,true
1623,3500.0,376.0,,true
1624,5000.0,600.0,,true
1625,500.0,158.0,,true
1626,125.0,525.0,,true
1627,40.0,442.0,,true
1628,350.0,171.0,,true
1629,500.0,198.0,,false
1630,500.0,585.0,,false
1631,3300.0,26.0,,false
1632,3300.0,23.0,,false
1633,3300.0,30.0,,false
1634,60.0,224.0,,false
1635,60.0,235.0,,false
1636,60.0,238.0,,false
1637,800.0,4.0,,false
1638,60.0,105.0,,false
1639,60.0,118.0,,false
1640,60.0,111.0,,false
1641,60.0,85.0,,false
1642,60.0,90.0,,false
1643,60.0,101.0,,false
1644,100.0,233.0,,false
1645,100.0,208.0,,false
1646,900.0,7.0,,false
1647,1150.0,18.0,,false
1648,1000.0,8.0,,false
1649,1350.0,50.0,,true
1650,500.0,58.0,,true
1651,5000.0,17.0,,true
1652,2200.0,136.0,,true
1653,3500.0,220.0,,true
1654,5000.0,600.0,,true
1655,500.0,148.0,,true
1656,125.0,508.0,,true
1657,40.0,369.0,,true
1658,350.0,154.0,,true
1659,500.0,187.0,,false
1660,500.0,453.0,,false
1661,3300.0,28.0,,false
1662,3300.0,21.0,,false
1663,3300.0,27.0,,false
1664,60.0,190.0,,false
1665,60.0,240.0,,false
1666,60.0,229.0,,false
1667,60.0,179.0,,false
1668,800.0,4.0,,false
1669,60.0,81.0,,false
1670,60.0,81.0,,false
1671,60.0,108.0,,false
1672,60.0,103.0,,false
1673,60.0,95.0,,false
1674,60.0,115.0,,false
1675,60.0,91.0,,false
1676,60.0,113.0,,false
1677,60.0,86.0,,false
1678,60.0,101.0,,false
1679,100.0,219.0,,false
1680,100.0,191.0,,false
1681,900.0,7.0,,false
1682,1150.0,17.0,,false
1683,1000.0,7.0,,false
1684,1350.0,49.0,,true
1685,500.0,60.0,,true
1686,5000.0,18.0,,true
1687,2200.0,138.0,,true
1688,3500.0,311.0,,true
1689,5000.0,600.0,,true
1690,500.0,151.0,,true
1691,125.0,509.0,,true
1692,40.0,374.0,,true
1693,350.0,147.0,,true
1694,500.0,198.0,,false
1695,500.0,503.0,,false
1696,3300.0,25.0,,false
1697,3300.0,27.0,,false
1698,3300.0,29.0,,false
1699,60.0,182.0,,false
1700,60.0,195.0,,false
1701,60.0,196.0,,false
1702,60.0,222.0,,false
1703,800.0,6.0,,false
1704,60.0,83.0,,false
1705,60.0,99.0,,false
1706,60.0,85.0,,false
1707,60.0,105.0,,false
1708,60.0,84.0,,false
1709,60.0,113.0,,false
1710,60.0,112.0,,false
1711,60.0,101.0,,false
1712,100.0,227.0,,false
1713,100.0,215.0,,false
1714,900.0,8.0,,false
1715,1150.0,17.0,,false
1716,1000.0,5.0,,false
1717,1350.0,50.0,,true
1718,500.0,60.0,,true
1719,5000.0,19.0,,true
1720,2200.0,131.0,,true
1721,3500.0,226.0,,true
1722,5000.0,600.0,,true
1723,500.0,153.0,,true
1724,125.0,513.0,,true
1725,40.0,369.0,,true
1726,350.0,144.0,,true
1727,500.0,175.0,,false
1728,500.0,546.0,,false
1729,3300.0,28.0,,false
1730,3300.0,22.0,,false
1731,3300.0,30.0,,false
1732,60.0,216.0,,false
1733,60.0,198.0,,false
1734,60.0,160.0,,false
1735,800.0,5.0,,false
1736,60.0,85.0,,false
1737,60.0,110.0,,false
1738,60.0,93.0,,false
1739,60.0,107.0,,false
1740,60.0,81.0,,false
1741,60.0,114.0,,false
1742,60.0,92.0,,false
1743,60.0,120.0,,false
1744,60.0,87.0,,false
1745,60.0,93.0,,false
1746,100.0,200.0,,false
1747,100.0,215.0,,false
1748,900.0,9.0,,false
1749,1150.0,14.0,,false
1750,1000.0,5.0,,false
1751,1350.0,49.0,,true
1752,500.0,59.0,,true
1753,5000.0,16.0,,true
1754,2200.0,135.0,,true
1755,3500.0,355.0,,true
1756,5000.0,600.0,,true
1757,500.0,151.0,,true
1758,125.0,547.0,,true
1759,40.0,406.0,,true
1760,350.0,154.0,,true
1761,500.0,175.0,,false
1762,500.0,568.0,,false
1763,3300.0,22.0,,false
1764,3300.0,27.0,,false
1765,3300.0,26.0,,false
1766,60.0,156.0,,false
1767,60.0,239.0,,false
1768,60.0,227.0,,false
1769,60.0,163.0,,false
1770,800.0,6.0,,false
1771,60.0,104.0,,false
1772,60.0,103.0,,false
1773,60.0,90.0,,false
1774,60.0,100.0,,false
1775,60.0,110.0,,false
1776,60.0,119.0,,false
1777,60.0,117.0,,false
1778,100.0,202.0,,false
1779,100.0,218.0,,false
1780,900.0,9.0,,false
1781,1150.0,16.0,,false
1782,1000.0,6.0,,false
1783,1350.0,50.0,,true
1784,500.0,57.0,,true
1785,5000.0,16.0,,true
1786,2200.0,140.0,,true
1787,3500.0,375.0,,true
1788,5000.0,600.0,,true
1789,500.0,149.0,,true
1790,125.0,532.0,,true
1791,40.0,356.0,,true
1792,350.0,176.0,,true
1793,500.0,196.0,,false
1794,500.0,336.0,,false
1795,3300.0,23.0,,false
1796,3300.0,29.0,,false
1797,3300.0,27.0,,false
1798,60.0,223.0,,false
1799,60.0,195.0,,false
1800,60.0,205.0,,false
1801,60.0,250.0,,false
1802,800.0,5.0,,false
1803,60.0,96.0,,false
1804,60.0,87.0,,false
1805,60.0,101.0,,false
1806,60.0,91.0,,false
1807,60.0,88.0,,false
1808,60.0,118.0,,false
1809,60.0,112.0,,false
1810,60.0,92.0,,false
1811,100.0,227.0,,false
1812,100.0,206.0,,false
1813,900.0,9.0,,false
1814,1150.0,13.0,,false
1815,1000.0,5.0,,false
1816,1350.0,47.0,,true
1817,500.0,56.0,,true
1818,5000.0,19.0,,true
1819,2200.0,136.0,,true
1820,3500.0,303.0,,true
1821,5000.0,600.0,,true
1822,500.0,156.0,,true
1823,125.0,451.0,,true
1824,40.0,413.0,,true
1825,350.0,152.0,,true
1826,500.0,192.0,,false
1827,500.0,468.0,,false
1828,3300.0,22.0,,false
1829,3300.0,24.0,,false
1830,3300.0,28.0,,false
1831,60.0,216.0,,false
1832,60.0,169.0,,false
1833,60.0,237.0,,false
1834,60.0,234.0,,false
1835,800.0,6.0,,false
1836,60.0,100.0,,false
1837,60.0,118.0,,false
1838,60.0,116.0,,false
1839,60.0,107.0,,false
1840,60.0,92.0,,false
1841,60.0,109.0,,false
1842,60.0,120.0,,false
1843,100.0,232.0,,false
1844,100.0,215.0,,false
1845,900.0,7.0,,false
1846,1150.0,18.0,,false
1847,1000.0,5.0,,false
1848,1350.0,49.0,,true
1849,500.0,59.0,,true
1850,5000.0,16.0,,true
1851,2200.0,131.0,,true
1852,3500.0,307.0,,true
1853,5000.0,600.0,,true
1854,500.0,145.0,,true
1855,125.0,468.0,,true
1856,40.0,439.0,,true
1857,350.0,173.0,,true
1858,500.0,189.0,,false
1859,500.0,328.0,,false
1860,3300.0,29.0,,false
1861,3300.0,22.0,,false
1862,3300.0,26.0,,false
1863,60.0,215.0,,false
1864,60.0,224.0,,false
1865,60.0,242.0,,false
1866,60.0,194.0,,false
1867,800.0,5.0,,false
1868,60.0,101.0,,false
1869,60.0,107.0,,false
1870,60.0,88.0,,false
1871,60.0,82.0,,false
1872,60.0,111.0,,false
1873,60.0,91.0,,false
1874,100.0,222.0,,false
1875,100.0,212.0,,false
1876,900.0,7.0,,false
1877,1150.0,17.0,,false
1878,1000.0,5.0,,false
1879,1350.0,48.0,,true
1880,500.0,57.0,,true
1881,5000.0,20.0,,true
1882,2200.0,138.0,,true
1883,3500.0,326.0,,true
1884,5000.0,600.0,,true
1885,500.0,143.0,,true
1886,125.0,520.0,,true
1887,40.0,400.0,,true
1888,350.0,145.0,,true
1889,500.0,185.0,,false
1890,500.0,487.0,,false
1891,3300.0,24.0,,false
1892,3300.0,27.0,,false
1893,3300.0,27.0,,false
1894,60.0,174.0,,false
1895,60.0,235.0,,false
1896,60.0,198.0,,false
1897,60.0,180.0,,false
1898,800.0,5.0,,false
1899,60.0,107.0,,false
1900,60.0,117.0,,false
1901,60.0,118.0,,false
1902,60.0,103.0,,false
1903,60.0,119.0,,false
1904,60.0,98.0,,false
1905,60.0,107.0,,false
1906,60.0,86.0,,false
1907,60.0,116.0,,false
1908,100.0,181.0,,false
1909,100.0,231.0,,false
1910,900.0,10.0,,false
1911,1150.0,18.0,,false
1912,1000.0,5.0,,false
1913,1350.0,46.0,,true
1914,500.0,58.0,,true
1915,5000.0,18.0,,true
1916,2200.0,140.0,,true
1917,3500.0,306.0,,true
1918,5000.0,600.0,,true
1919,500.0,142.0,,true
1920,125.0,481.0,,true
1921,40.0,365.0,,true
1922,350.0,145.0,,true
1923,500.0,181.0,,false
1924,500.0,405.0,,false
1925,3300.0,24.0,,false
1926,3300.0,24.0,,false
1927,3300.0,26.0,,false
1928,60.0,225.0,,false
1929,60.0,223.0,,false
1930,60.0,229.0,,false
1931,60.0,190.0,,false
1932,800.0,6.0,,false
1933,60.0,105.0,,false
1934,60.0,102.0,,false
1935,60.0,88.0,,false
1936,60.0,120.0,,false
1937,60.0,88.0,,false
1938,60.0,86.0,,false
1939,60.0,91.0,,false
1940,100.0,188.0,,false
1941,100.0,194.0,,false
1942,900.0,8.0,,false
1943,1150.0,15.0,,false
1944,1000.0,7.0,,false
1945,1350.0,46.0,,true
1946,500.0,57.0,,true
1947,5000.0,17.0,,true
1948,2200.0,140.0,,true
1949,3500.0,370.0,,true
1950,5000.0,600.0,,true
1951,500.0,146.0,,true
1952,125.0,454.0,,true
1953,40.0,360.0,,true
1954,350.0,172.0,,true
1955,500.0,174.0,,false
1956,500.0,520.0,,false
1957,3300.0,23.0,,false
1958,3300.0,22.0,,false
1959,3300.0,27.0,,false
1960,60.0,198.0,,false
1961,60.0,178.0,,false
1962,60.0,221.0,,false
1963,60.0,191.0,,false
1964,800.0,6.0,,false
1965,60.0,88.0,,false
1966,60.0,88.0,,false
1967,60.0,99.0,,false
1968,60.0,120.0,,false
1969,60.0,106.0,,false
1970,60.0,95.0,,false
1971,100.0,209.0,,false
1972,100.0,206.0,,false
1973,900.0,9.0,,false
1974,1150.0,14.0,,false
1975,1000.0,6.0,,false
1976,1350.0,46.0,,true
1977,500.0,58.0,,true
1978,5000.0,19.0,,true
1979,2200.0,140.0,,true
1980,3500.0,372.0,,true
1981,5000.0,600.0,,true
1982,500.0,155.0,,true
1983,125.0,530.0,,true
1984,40.0,450.0,,true
1985,350.0,142.0,,true
1986,500.0,177.0,,false
1987,500.0,511.0,,false
1988,3300.0,28.0,,false
1989,3300.0,25.0,,false
1990,3300.0,30.0,,false
1991,60.0,164.0,,false
1992,60.0,163.0,,false
1993,60.0,242.0,,false
1994,60.0,248.0,,false
1995,800.0,5.0,,false
1996,60.0,89.0,,false
1997,60.0,114.0,,false
1998,60.0,120.0,,false
1999,60.0,113.0,,false
2000,60.0,95.0,,false
2001,60.0,110.0,,false
2002,100.0,227.0,,false
2003,100.0,246.0,,false
2004,900.0,8.0,,false
2005,1150.0,18.0,,false
2006,1000.0,7.0,,false
2007,1350.0,48.0,,true
2008,500.0,60.0,,true
2009,5000.0,16.0,,true
2010,2200.0,132.0,,true
2011,3500.0,203.0,,true
2012,5000.0,600.0,,true
2013,500.0,155.0,,true
2014,125.0,501.0,,true
2015,40.0,385.0,,true
2016,350.0,166.0,,true
2017,500.0,178.0,,false
2018,500.0,529.0,,false
2019,3300.0,21.0,,false
2020,3300.0,22.0,,false
2021,3300.0,23.0,,false
2022,60.0,203.0,,false
2023,60.0,161.0,,false
2024,60.0,156.0,,false
2025,60.0,220.0,,false
2026,800.0,5.0,,false
2027,60.0,103.0,,false
2028,60.0,86.0,,false
2029,60.0,120.0,,false
2030,60.0,114.0,,false
2031,60.0,102.0,,false
2032,60.0,84.0,,false
2033,60.0,87.0,,false
2034,60.0,119.0,,false
2035,100.0,220.0,,false
2036,100.0,243.0,,false
2037,900.0,8.0,,false
2038,1150.0,13.0,,false
2039,1000.0,8.0,,false
2040,1350.0,48.0,,true
2041,500.0,58.0,,true
2042,5000.0,16.0,,true
2043,2200.0,139.0,,true
2044,3500.0,302.0,,true
2045,5000.0,600.0,,true
2046,500.0,147.0,,true
2047,125.0,538.0,,true
2048,40.0,364.0,,true
2049,350.0,164.0,,true
2050,500.0,175.0,,false
2051,500.0,389.0,,false
2052,3300.0,23.0,,false
2053,3300.0,28.0,,false
2054,3300.0,27.0,,false
2055,60.0,242.0,,false
2056,60.0,173.0,,false
2057,60.0,193.0,,false
2058,60.0,156.0,,false
2059,800.0,4.0,,false
2060,60.0,82.0,,false
2061,60.0,100.0,,false
2062,60.0,87.0,,false
2063,60.0,95.0,,false
2064,60.0,100.0,,false
2065,60.0,96.0,,false
2066,60.0,116.0,,false
2067,60.0,105.0,,false
2068,60.0,99.0,,false
2069,100.0,246.0,,false
2070,100.0,222.0,,false
2071,900.0,9.0,,false
2072,1150.0,18.0,,false
2073,1000.0,8.0,,false
2074,1350.0,46.0,,true
2075,500.0,60.0,,true
2076,5000.0,19.0,,true
2077,2200.0,140.0,,true
2078,3500.0,383.0,,true
2079,5000.0,600.0,,true
2080,500.0,147.0,,true
2081,125.0,536.0,,true
2082,40.0,389.0,,true
2083,350.0,169.0,,true
2084,500.0,188.0,,false
2085,500.0,560.0,,false
2086,3300.0,26.0,,false
2087,3300.0,29.0,,false
2088,3300.0,28.0,,false
2089,60.0,222.0,,false
2090,60.0,239.0,,false
2091,60.0,248.0,,false
2092,800.0,5.0,,false
2093,60.0,119.0,,false
2094,60.0,98.0,,false
2095,60.0,108.0,,false
2096,60.0,119.0,,false
2097,60.0,111.0,,false
2098,60.0,119.0,,false
2099,60.0,111.0,,false
2100,60.0,83.0,,false
2101,60.0,86.0,,false
2102,100.0,222.0,,false
2103,100.0,194.0,,false
2104,900.0,7.0,,false
2105,1150.0,18.0,,false
2106,1000.0,5.0,,false
2107,1350.0,48.0,,true
2108,500.0,58.0,,true
2109,5000.0,20.0,,true
2110,2200.0,136.0,,true
2111,3500.0,383.0,,true
2112,5000.0,600.0,,true
2113,500.0,146.0,,true
2114,125.0,477.0,,true
2115,40.0,371.0,,true
2116,350.0,146.0,,true
2117,500.0,187.0,,false
2118,500.0,381.0,,false
2119,3300.0,23.0,,false
2120,3300.0,26.0,,false
2121,3300.0,30.0,,false
2122,60.0,233.0,,false
2123,60.0,242.0,,false
2124,60.0,188.0,,false
2125,60.0,214.0,,false
2126,800.0,6.0,,false
2127,60.0,85.0,,false
2128,60.0,83.0,,false
2129,60.0,97.0,,false
2130,60.0,81.0,,false
2131,60.0,94.0,,false
2132,60.0,109.0,,false
2133,60.0,105.0,,false
2134,60.0,103.0,,false
2135,60.0,111.0,,false
2136,60.0,119.0,,false
2137,100.0,181.0,,false
2138,100.0,227.0,,false
2139,900.0,9.0,,false
2140,1150.0,13.0,,false
2141,1000.0,8.0,,false
2142,1350.0,48.0,,true
2143,500.0,58.0,,true
2144,5000.0,18.0,,true
2145,2200.0,134.0,,true
2146,3500.0,298.0,,true
2147,5000.0,600.0,,true
2148,500.0,146.0,,true
2149,125.0,538.0,,true
2150,40.0,430.0,,true
2151,350.0,178.0,,true
2152,500.0,171.0,,false
2153,500.0,591.0,,false
2154,3300.0,23.0,,false
2155,3300.0,28.0,,false
2156,3300.0,23.0,,false
2157,60.0,180.0,,false
2158,60.0,169.0,,false
2159,60.0,210.0,,false
2160,60.0,227.0,,false
2161,800.0,5.0,,false
2162,60.0,81.0,,false
2163,60.0,85.0,,false
2164,60.0,107.0,,false
2165,60.0,120.0,,false
2166,60.0,96.0,,false
2167,60.0,104.0,,false
2168,60.0,108.0,,false
2169,100.0,197.0,,false
2170,100.0,229.0,,false
2171,900.0,7.0,,false
2172,1150.0,16.0,,false
2173,1000.0,7.0,,false
2174,1350.0,47.0,,true
2175,500.0,56.0,,true
2176,5000.0,17.0,,true
2177,2200.0,135.0,,true
2178,3500.0,319.0,,true
2179,5000.0,600.0,,true
2180,500.0,142.0,,true
2181,125.0,469.0,,true
2182,40.0,435.0,,true
2183,350.0,173.0,,true
2184,500.0,186.0,,false
2185,500.0,311.0,,false
2186,3300.0,28.0,,false
2187,3300.0,22.0,,false
2188,3300.0,25.0,,false
2189,60.0,186.0,,false
2190,60.0,203.0,,false
2191,60.0,196.0,,false
2192,60.0,161.0,,false
2193,800.0,5.0,,false
2194,60.0,87.0,,false
2195,60.0,87.0,,false
2196,60.0,99.0,,false
2197,60.0,100.0,,false
2198,60.0,93.0,,false
2199,60.0,84.0,,false
2200,100.0,200.0,,false
2201,100.0,248.0,,false
2202,900.0,7.0,,false
2203,1150.0,13.0,,false
2204,1000.0,5.0,,false
2205,1350.0,46.0,,true
2206,500.0,60.0,,true
2207,5000.0,17.0,,true
2208,2200.0,137.0,,true
2209,3500.0,324.0,,true
2210,5000.0,600.0,,true
2211,500.0,158.0,,true
2212,125.0,477.0,,true
2213,40.0,401.0,,true
2214,350.0,153.0,,true
2215,500.0,192.0,,false
2216,500.0,595.0,,false
2217,3300.0,26.0,,false
2218,3300.0,26.0,,false
2219,3300.0,25.0,,false
2220,60.0,203.0,,false
2221,60.0,227.0,,false
2222,60.0,202.0,,false
2223,800.0,4.0,,false
2224,60.0,99.0,,false
2225,60.0,114.0,,false
2226,60.0,83.0,,false
2227,60.0,113.0,,false
2228,60.0,111.0,,false
2229,60.0,93.0,,false
2230,60.0,92.0,,false
2231,60.0,103.0,,false
2232,60.0,89.0,,false
2233,60.0,116.0,,false
2234,100.0,208.0,,false
2235,100.0,239.0,,false
2236,900.0,8.0,,false
2237,1150.0,17.0,,false
2238,1000.0,5.0,,false
2239,1350.0,49.0,,true
2240,500.0,57.0,,true
2241,5000.0,17.0,,true
2242,2200.0,133.0,,true
2243,3500.0,226.0,,true
2244,5000.0,600.0,,true
2245,500.0,151.0,,true
2246,125.0,510.0,,true
2247,40.0,402.0,,true
2248,350.0,147.0,,true
2249,500.0,196.0,,false
2250,500.0,322.0,,false
2251,3300.0,27.0,,false
2252,3300.0,23.0,,false
2253,3300.0,24.0,,false
2254,60.0,177.0,,false
2255,60.0,155.0,,false
2256,60.0,244.0,,false
2257,60.0,208.0,,false
2258,800.0,4.0,,false
2259,60.0,88.0,,false
2260,60.0,104.0,,false
2261,60.0,101.0,,false
2262,60.0,96.0,,false
2263,60.0,117.0,,false
2264,60.0,108.0,,false
2265,100.0,194.0,,false
2266,100.0,194.0,,false
2267,900.0,10.0,,false
2268,1150.0,17.0,,false
2269,1000.0,7.0,,false
2270,1350.0,46.0,,true
2271,500.0,60.0,,true
2272,5000.0,18.0,,true
2273,2200.0,140.0,,true
2274,3500.0,265.0,,true
2275,5000.0,600.0,,true
2276,500.0,147.0,,true
2277,125.0,454.0,,true
2278,40.0,388.0,,true
2279,350.0,172.0,,true
2280,500.0,195.0,,false
2281,500.0,359.0,,false
2282,3300.0,26.0,,false
2283,3300.0,30.0,,false
2284,3300.0,28.0,,false
2285,60.0,158.0,,false
2286,60.0,220.0,,false
2287,60.0,248.0,,false
2288,60.0,235.0,,false
2289,800.0,4.0,,false
2290,60.0,96.0,,false
2291,60.0,106.0,,false
2292,60.0,110.0,,false
2293,60.0,89.0,,false
2294,60.0,112.0,,false
2295,60.0,104.0,,false
2296,60.0,114.0,,false
2297,60.0,104.0,,false
2298,100.0,187.0,,false
2299,100.0,247.0,,false
2300,900.0,7.0,,false
2301,1150.0,14.0,,false
2302,1000.0,6.0,,false
2303,1350.0,50.0,,true
2304,500.0,59.0,,true
2305,5000.0,20.0,,true
2306,2200.0,135.0,,true
2307,3500.0,344.0,,true
2308,5000.0,600.0,,true
2309,500.0,143.0,,true
2310,125.0,453.0,,true
2311,40.0,426.0,,true
2312,350.0,148.0,,true
2313,500.0,187.0,,false
2314,500.0,537.0,,false
2315,3300.0,23.0,,false
2316,3300.0,23.0,,false
2317,3300.0,23.0,,false
2318,60.0,227.0,,false
2319,60.0,234.0,,false
2320,60.0,210.0,,false
2321,60.0,170.0,,false
2322,800.0,5.0,,false
2323,60.0,91.0,,false
2324,60.0,98.0,,false
2325,60.0,119.0,,false
2326,60.0,100.0,,false
2327,60.0,85.0,,false
2328,60.0,96.0,,false
2329,60.0,96.0,,false
2330,60.0,106.0,,false
2331,60.0,97.0,,false
2332,60.0,87.0,,false
2333,100.0,188.0,,false
2334,100.0,203.0,,false
2335,900.0,10.0,,false
2336,1150.0,15.0,,false
2337,1000.0,7.0,,false
2338,1350.0,48.0,,true
2339,500.0,60.0,,true
2340,5000.0,20.0,,true
2341,2200.0,134.0,,true
2342,3500.0,213.0,,true
2343,5000.0,600.0,,true
2344,500.0,141.0,,true
2345,125.0,459.0,,true
2346,40.0,404.0,,true
2347,350.0,164.0,,true
2348,500.0,188.0,,false
2349,500.0,411.0,,false
2350,3300.0,25.0,,false
2351,3300.0,27.0,,false
2352,3300.0,26.0,,false
2353,60.0,226.0,,false
2354,60.0,209.0,,false
2355,60.0,223.0,,false
2356,60.0,174.0,,false
2357,800.0,5.0,,false
2358,60.0,113.0,,false
2359,60.0,84.0,,false
2360,60.0,119.0,,false
2361,60.0,108.0,,false
2362,60.0,95.0,,false
2363,60.0,86.0,,false
2364,60.0,83.0,,false
2365,100.0,241.0,,false
2366,100.0,189.0,,false
2367,900.0,8.0,,false
2368,1150.0,14.0,,false
2369,1000.0,7.0,,false
2370,1350.0,47.0,,true
2371,500.0,56.0,,true
2372,5000.0,16.0,,true
2373,2200.0,135.0,,true
2374,3500.0,230.0,,true
2375,5000.0,600.0,,true
2376,500.0,148.0,,true
2377,125.0,472.0,,true
2378,40.0,459.0,,true
2379,350.0,150.0,,true
2380,500.0,200.0,,false
2381,500.0,333.0,,false
2382,3300.0,30.0,,false
2383,3300.0,28.0,,false
2384,3300.0,28.0,,false
2385,60.0,202.0,,false
2386,60.0,169.0,,false
2387,60.0,172.0,,false
2388,800.0,6.0,,false
2389,60.0,84.0,,false
2390,60.0,95.0,,false
2391,60.0,81.0,,false
2392,60.0,95.0,,false
2393,60.0,120.0,,false
2394,60.0,92.0,,false
2395,60.0,93.0,,false
2396,60.0,116.0,,false
2397,60.0,118.0,,false
2398,60.0,96.0,,false
2399,100.0,216.0,,false
2400,100.0,223.0,,false
2401,900.0,10.0,,false
2402,1150.0,13.0,,false
2403,1000.0,6.0,,false
2404,1350.0,48.0,,true
2405,500.0,60.0,,true
2406,5000.0,18.0,,true
2407,2200.0,137.0,,true
2408,3500.0,318.0,,true
2409,5000.0,600.0,,true
2410,500.0,149.0,,true
2411,125.0,537.0,,true
2412,40.0,431.0,,true
2413,350.0,164.0,,true
2414,500.0,174.0,,false
2415,500.0,371.0,,false
2416,3300.0,21.0,,false
2417,3300.0,29.0,,false
2418,3300.0,25.0,,false
2419,60.0,199.0,,false
2420,60.0,207.0,,false
2421,60.0,153.0,,false
2422,800.0,4.0,,false
2423,60.0,104.0,,false
2424,60.0,108.0,,false
2425,60.0,87.0,,false
2426,60.0,102.0,,false
2427,60.0,110.0,,false
2428,60.0,104.0,,false
2429,100.0,230.0,,false
2430,100.0,197.0,,false
2431,900.0,9.0,,false
2432,1150.0,13.0,,false
2433,1000.0,7.0,,false
2434,1350.0,49.0,,true
2435,500.0,60.0,,true
2436,5000.0,19.0,,true
2437,2200.0,139.0,,true
2438,3500.0,307.0,,true
2439,5000.0,600.0,,true
2440,500.0,143.0,,true
2441,125.0,497.0,,true
2442,40.0,407.0,,true
2443,350.0,155.0,,true
2444,500.0,185.0,,false
2445,500.0,393.0,,false
2446,3300.0,22.0,,false
2447,3300.0,22.0,,false
2448,3300.0,24.0,,false
2449,60.0,234.0,,false
2450,60.0,201.0,,false
2451,60.0,244.0,,false
2452,60.0,246.0,,false
2453,800.0,4.0,,false
2454,60.0,81.0,,false
2455,60.0,119.0,,false
2456,60.0,112.0,,false
2457,60.0,110.0,,false
2458,60.0,98.0,,false
2459,60.0,101.0,,false
2460,60.0,86.0,,false
2461,60.0,104.0,,false
2462,100.0,212.0,,false
2463,100.0,234.0,,false
2464,900.0,10.0,,false
2465,1150.0,16.0,,false
2466,1000.0,7.0,,false
2467,1350.0,49.0,,true
2468,500.0,58.0,,true
2469,5000.0,18.0,,true
2470,2200.0,137.0,,true
2471,3500.0,370.0,,true
2472,5000.0,600.0,,true
2473,500.0,150.0,,true
2474,125.0,481.0,,true
2475,40.0,384.0,,true
2476,350.0,165.0,,true
2477,500.0,187.0,,false
2478,500.0,542.0,,false
2479,3300.0,24.0,,false
2480,3300.0,29.0,,false
2481,3300.0,24.0,,false
2482,60.0,234.0,,false
2483,60.0,233.0,,false
2484,60.0,194.0,,false
2485,800.0,5.0,,false
2486,60.0,109.0,,false
2487,60.0,94.0,,false
2488,60.0,82.0,,false
2489,60.0,94.0,,false
2490,60.0,107.0,,false
2491,60.0,86.0,,false
2492,60.0,103.0,,false
2493,60.0,107.0,,false
2494,60.0,95.0,,false
2495,100.0,227.0,,false
2496,100.0,187.0,,false
2497,900.0,10.0,,false
2498,1150.0,15.0,,false
2499,1000.0,5.0,,false
2500,1350.0,46.0,,true
2501,500.0,60.0,,true
2502,5000.0,16.0,,true
2503,2200.0,135.0,,true
2504,3500.0,217.0,,true
2505,5000.0,600.0,,true
2506,500.0,146.0,,true
2507,125.0,515.0,,true
2508,40.0,456.0,,true
2509,350.0,151.0,,true
2510,500.0,181.0,,false
2511,500.0,327.0,,false
2512,3300.0,22.0,,false
2513,3300.0,26.0,,false
2514,3300.0,24.0,,false
2515,60.0,159.0,,false
2516,60.0,154.0,,false
2517,60.0,183.0,,false
2518,800.0,5.0,,false
2519,60.0,117.0,,false
2520,60.0,89.0,,false
2521,60.0,102.0,,false
2522,60.0,111.0,,false
2523,60.0,112.0,,false
2524,60.0,93.0,,false
2525,60.0,92.0,,false
2526,60.0,93.0,,false
2527,60.0,100.0,,false
2528,60.0,117.0,,false
2529,100.0,215.0,,false
2530,100.0,222.0,,false
2531,900.0,10.0,,false
2532,1150.0,18.0,,false
2533,1000.0,5.0,,false
2534,1350.0,50.0,,true
2535,500.0,60.0,,true
2536,5000.0,18.0,,true
2537,2200.0,137.0,,true
2538,3500.0,330.0,,true
2539,5000.0,600.0,,true
2540,500.0,148.0,,true
2541,125.0,513.0,,true
2542,40.0,374.0,,true
2543,350.0,174.0,,true
2544,500.0,176.0,,false
2545,500.0,538.0,,false
2546,3300.0,25.0,,false
2547,3300.0,27.0,,false
2548,3300.0,21.0,,false
2549,60.0,184.0,,false
2550,60.0,206.0,,false
2551,60.0,191.0,,false
2552,60.0,170.0,,false
2553,800.0,6.0,,false
2554,60.0,108.0,,false
2555,60.0,104.0,,false
2556,60.0,82.0,,false
2557,60.0,82.0,,false
2558,60.0,97.0,,false
2559,60.0,93.0,,false
2560,60.0,108.0,,false
2561,100.0,249.0,,false
2562,100.0,238.0,,false
2563,900.0,10.0,,false
2564,1150.0,15.0,,false
2565,1000.0,7.0,,false
2566,1350.0,50.0,,true
2567,500.0,59.0,,true
2568,5000.0,18.0,,true
2569,2200.0,131.0,,true
2570,3500.0,342.0,,true
2571,5000.0,600.0,,true
2572,500.0,146.0,,true
2573,125.0,540.0,,true
2574,40.0,365.0,,true
2575,350.0,150.0,,true
2576,500.0,190.0,,false
2577,500.0,322.0,,false
2578,3300.0,23.0,,false
2579,3300.0,28.0,,false
2580,3300.0,22.0,,false
2581,60.0,215.0,,false
2582,60.0,247.0,,false
2583,60.0,206.0,,false
2584,800.0,6.0,,false
2585,60.0,81.0,,false
2586,60.0,85.0,,false
2587,60.0,115.0,,false
2588,60.0,116.0,,false
2589,60.0,110.0,,false
2590,60.0,105.0,,false
2591,60.0,117.0,,false
2592,100.0,215.0,,false
2593,100.0,181.0,,false
2594,900.0,9.0,,false
2595,1150.0,18.0,,false
2596,1000.0,6.0,,false
2597,1350.0,46.0,,true
2598,500.0,60.0,,true
2599,5000.0,17.0,,true
2600,2200.0,136.0,,true
2601,3500.0,267.0,,true
2602,5000.0,600.0,,true
2603,500.0,156.0,,true
2604,125.0,540.0,,true
2605,40.0,398.0,,true
2606,350.0,146.0,,true
2607,500.0,197.0,,false
2608,500.0,568.0,,false
2609,3300.0,28.0,,false
2610,3300.0,30.0,,false
2611,3300.0,23.0,,false
2612,60.0,235.0,,false
2613,60.0,178.0,,false
2614,60.0,219.0,,false
2615,800.0,6.0,,false
2616,60.0,114.0,,false
2617,60.0,91.0,,false
2618,60.0,113.0,,false
2619,60.0,110.0,,false
2620,60.0,94.0,,false
2621,60.0,82.0,,false
2622,60.0,94.0,,false
2623,100.0,219.0,,false
2624,100.0,212.0,,false
2625,900.0,7.0,,false
2626,1150.0,18.0,,false
2627,1000.0,5.0,,false
2628,1350.0,47.0,,true
2629,500.0,58.0,,true
2630,5000.0,20.0,,true
2631,2200.0,131.0,,true
2632,3500.0,343.0,,true
2633,5000.0,600.0,,true
2634,500.0,147.0,,true
2635,125.0,545.0,,true
2636,40.0,426.0,,true
2637,350.0,157.0,,true
2638,500.0,172.0,,false
2639,500.0,303.0,,false
2640,3300.0,29.0,,false
2641,3300.0,23.0,,false
2642,3300.0,27.0,,false
2643,60.0,237.0,,false
2644,60.0,233.0,,false
2645,60.0,166.0,,false
2646,60.0,164.0,,false
2647,800.0,5.0,,false
2648,60.0,88.0,,false
2649,60.0,116.0,,false
2650,60.0,104.0,,false
2651,60.0,110.0,,false
2652,60.0,120.0,,false
2653,60.0,102.0,,false
2654,60.0,81.0,,false
2655,100.0,249.0,,false
2656,100.0,242.0,,false
2657,900.0,10.0,,false
2658,1150.0,13.0,,false
2659,1000.0,7.0,,false
2660,1350.0,48.0,,true
2661,500.0,58.0,,true
2662,5000.0,16.0,,true
2663,2200.0,138.0,,true
2664,3500.0,308.0,,true
2665,5000.0,600.0,,true
2666,500.0,146.0,,true
2667,125.0,494.0,,true
2668,40.0,385.0,,true
2669,350.0,152.0,,true
2670,500.0,185.0,,false
2671,500.0,342.0,,false
2672,3300.0,22.0,,false
2673,3300.0,30.0,,false
2674,3300.0,26.0,,false
2675,60.0,223.0,,false
2676,60.0,156.0,,false
2677,60.0,187.0,,false
2678,800.0,5.0,,false
2679,60.0,101.0,,false
2680,60.0,86.0,,false
2681,60.0,112.0,,false
2682,60.0,85.0,,false
2683,60.0,120.0,,false
2684,60.0,82.0,,false
2685,60.0,81.0,,false
2686,60.0,119.0,,false
2687,60.0,100.0,,false
2688,60.0,105.0,,false
2689,100.0,186.0,,false
2690,100.0,247.0,,false
2691,900.0,9.0,,false
2692,1150.0,15.0,,false
2693,1000.0,8.0,,false
2694,1350.0,48.0,,true
2695,500.0,57.0,,true
2696,5000.0,18.0,,true
2697,2200.0,138.0,,true
2698,3500.0,313.0,,true
2699,5000.0,600.0,,true
2700,500.0,159.0,,true
2701,125.0,457.0,,true
2702,40.0,435.0,,true
2703,350.0,172.0,,true
2704,500.0,192.0,,false
2705,500.0,352.0,,false
2706,3300.0,21.0,,false
2707,3300.0,25.0,,false
2708,3300.0,21.0,,false
2709,60.0,249.0,,false
2710,60.0,249.0,,false
2711,60.0,236.0,,false
2712,800.0,5.0,,false
2713,60.0,84.0,,false
2714,60.0,105.0,,false
2715,60.0,95.0,,false
2716,60.0,107.0,,false
2717,60.0,104.0,,false
2718,60.0,92.0,,false
2719,60.0,118.0,,false
2720,60.0,100.0,,false
2721,60.0,119.0,,false
2722,60.0,108.0,,false
2723,100.0,218.0,,false
2724,100.0,196.0,,false
2725,900.0,7.0,,false
2726,1150.0,17.0,,false
2727,1000.0,8.0,,false
2728,1350.0,50.0,,true
2729,500.0,56.0,,true
2730,5000.0,17.0,,true
2731,2200.0,138.0,,true
2732,3500.0,370.0,,true
2733,5000.0,600.0,,true
2734,500.0,154.0,,true
2735,125.0,471.0,,true
2736,40.0,458.0,,true
2737,350.0,150.0,,true
2738,500.0,186.0,,false
2739,500.0,516.0,,false
2740,3300.0,25.0,,false
2741,3300.0,22.0,,false
2742,3300.0,23.0,,false
2743,60.0,179.0,,false
2744,60.0,228.0,,false
2745,60.0,216.0,,false
2746,800.0,5.0,,false
2747,60.0,96.0,,false
2748,60.0,102.0,,false
2749,60.0,92.0,,false
2750,60.0,112.0,,false
2751,60.0,87.0,,false
2752,60.0,117.0,,false
2753,60.0,112.0,,false
2754,60.0,112.0,,false
2755,100.0,194.0,,false
2756,100.0,210.0,,false
2757,900.0,9.0,,false
2758,1150.0,17.0,,false
2759,1000.0,8.0,,false
2760,1350.0,48.0,,true
2761,500.0,58.0,,true
2762,5000.0,18.0,,true
2763,2200.0,136.0,,true
2764,3500.0,381.0,,true
2765,5000.0,600.0,,true
2766,500.0,159.0,,true
2767,125.0,475.0,,true
2768,40.0,411.0,,true
2769,350.0,180.0,,true
2770,500.0,179.0,,false
2771,500.0,399.0,,false
2772,3300.0,21.0,,false
2773,3300.0,29.0,,false
2774,3300.0,23.0,,false
2775,60.0,193.0,,false
2776,60.0,187.0,,false
2777,60.0,250.0,,false
2778,800.0,6.0,,false
2779,60.0,120.0,,false
2780,60.0,102.0,,false
2781,60.0,118.0,,false
2782,60.0,110.0,,false
2783,60.0,93.0,,false
2784,60.0,90.0,,false
2785,100.0,209.0,,false
2786,100.0,244.0,,false
2787,900.0,10.0,,false
2788,1150.0,13.0,,false
2789,1000.0,7.0,,false
2790,1350.0,46.0,,true
2791,500.0,56.0,,true
2792,5000.0,19.0,,true
2793,2200.0,139.0,,true
2794,3500.0,239.0,,true
2795,5000.0,600.0,,true
2796,500.0,142.0,,true
2797,125.0,510.0,,true
2798,40.0,377.0,,true
2799,350.0,178.0,,true
2800,500.0,175.0,,false
2801,500.0,485.0,,false
2802,3300.0,26.0,,false
2803,3300.0,22.0,,false
2804,3300.0,26.0,,false
2805,60.0,220.0,,false
2806,60.0,226.0,,false
2807,60.0,181.0,,false
2808,800.0,4.0,,false
2809,60.0,93.0,,false
2810,60.0,119.0,,false
2811,60.0,117.0,,false
2812,60.0,111.0,,false
2813,60.0,100.0,,false
2814,60.0,81.0,,false
2815,100.0,181.0,,false
2816,100.0,181.0,,false
2817,900.0,8.0,,false
2818,1150.0,14.0,,false
2819,1000.0,8.0,,false
2820,1350.0,48.0,,true
2821,500.0,57.0,,true
2822,5000.0,20.0,,true
2823,2200.0,133.0,,true
2824,3500.0,228.0,,true
2825,5000.0,600.0,,true
2826,500.0,154.0,,true
2827,125.0,455.0,,true
2828,40.0,385.0,,true
2829,350.0,148.0,,true
2830,500.0,196.0,,false
2831,500.0,474.0,,false
2832,3300.0,21.0,,false
2833,3300.0,21.0,,false
2834,3300.0,25.0,,false
2835,60.0,213.0,,false
2836,60.0,163.0,,false
2837,60.0,184.0,,false
2838,800.0,5.0,,false
2839,60.0,110.0,,false
2840,60.0,118.0,,false
2841,60.0,95.0,,false
2842,60.0,112.0,,false
2843,60.0,100.0,,false
2844,60.0,90.0,,false
2845,60.0,94.0,,false
2846,60.0,87.0,,false
2847,100.0,221.0,,false
2848,100.0,203.0,,false
2849,900.0,7.0,,false
2850,1150.0,15.0,,false
2851,1000.0,8.0,,false
2852,1350.0,49.0,,true
2853,500.0,56.0,,true
2854,5000.0,20.0,,true
2855,2200.0,140.0,,true
2856,3500.0,278.0,,true
2857,5000.0,600.0,,true
2858,500.0,147.0,,true
2859,125.0,514.0,,true
2860,40.0,373.0,,true
2861,350.0,172.0,,true
2862,500.0,180.0,,false
2863,500.0,353.0,,false
2864,3300.0,25.0,,false
2865,3300.0,30.0,,false
2866,3300.0,27.0,,false
2867,60.0,236.0,,false
2868,60.0,153.0,,false
2869,60.0,215.0,,false
2870,800.0,5.0,,false
2871,60.0,98.0,,false
2872,60.0,116.0,,false
2873,60.0,87.0,,false
2874,60.0,89.0,,false
2875,60.0,92.0,,false
2876,60.0,106.0,,false
2877,60.0,114.0,,false
2878,60.0,95.0,,false
2879,60.0,91.0,,false
2880,60.0,86.0,,false
2881,100.0,213.0,,false
2882,100.0,223.0,,false
2883,900.0,10.0,,false
2884,1150.0,14.0,,false
2885,1000.0,5.0,,false
2886,1350.0,49.0,,true
2887,500.0,59.0,,true
2888,5000.0,20.0,,true
2889,2200.0,135.0,,true
2890,3500.0,214.0,,true
2891,5000.0,600.0,,true
2892,500.0,141.0,,true
2893,125.0,527.0,,true
2894,40.0,351.0,,true
2895,350.0,154.0,,true
2896,500.0,171.0,,false
2897,500.0,444.0,,false
2898,3300.0,24.0,,false
2899,3300.0,29.0,,false
2900,3300.0,30.0,,false
2901,60.0,171.0,,false
2902,60.0,169.0,,false
2903,60.0,247.0,,false
2904,800.0,4.0,,false
2905,60.0,83.0,,false
2906,60.0,81.0,,false
2907,60.0,116.0,,false
2908,60.0,90.0,,false
2909,60.0,115.0,,false
2910,60.0,99.0,,false
2911,100.0,191.0,,false
2912,100.0,235.0,,false
2913,900.0,8.0,,false
2914,1150.0,15.0,,false
2915,1000.0,6.0,,false
2916,1350.0,46.0,,true
2917,500.0,56.0,,true
2918,5000.0,19.0,,true
2919,2200.0,134.0,,true
2920,3500.0,329.0,,true
2921,5000.0,600.0,,true
2922,500.0,152.0,,true
2923,125.0,534.0,,true
2924,40.0,444.0,,true
2925,350.0,145.0,,true
2926,500.0,174.0,,false
2927,500.0,581.0,,false
2928,3300.0,29.0,,false
2929,3300.0,21.0,,false
2930,3300.0,25.0,,false
2931,60.0,217.0,,false
2932,60.0,232.0,,false
2933,60.0,155.0,,false
2934,60.0,163.0,,false
2935,800.0,6.0,,false
2936,60.0,111.0,,false
2937,60.0,106.0,,false
2938,60.0,113.0,,false
2939,60.0,88.0,,false
2940,60.0,106.0,,false
2941,60.0,109.0,,false
2942,60.0,104.0,,false
2943,60.0,100.0,,false
2944,60.0,91.0,,false
2945,60.0,112.0,,false
2946,100.0,209.0,,false
2947,100.0,211.0,,false
2948,900.0,7.0,,false
2949,1150.0,14.0,,false
2950,1000.0,6.0,,false
2951,1350.0,49.0,,true
2952,500.0,56.0,,true
2953,5000.0,16.0,,true
2954,2200.0,134.0,,true
2955,3500.0,254.0,,true
2956,5000.0,600.0,,true
2957,500.0,142.0,,true
2958,125.0,516.0,,true
2959,40.0,358.0,,true
2960,350.0,163.0,,true
2961,500.0,186.0,,false
2962,500.0,468.0,,false
2963,3300.0,29.0,,false
2964,3300.0,25.0,,false
2965,3300.0,28.0,,false
2966,60.0,246.0,,false
2967,60.0,194.0,,false
2968,60.0,153.0,,false
2969,800.0,6.0,,false
2970,60.0,88.0,,false
2971,60.0,114.0,,false
2972,60.0,119.0,,false
2973,60.0,114.0,,false
2974,60.0,97.0,,false
2975,60.0,85.0,,false
2976,60.0,81.0,,false
2977,100.0,222.0,,false
2978,100.0,202.0,,false
2979,900.0,9.0,,false
2980,1150.0,13.0,,false
2981,1000.0,7.0,,false
2982,1350.0,48.0,,true
2983,500.0,57.0,,true
2984,5000.0,18.0,,true
2985,2200.0,139.0,,true
2986,3500.0,271.0,,true
2987,5000.0,600.0,,true
2988,500.0,143.0,,true
2989,125.0,471.0,,true
2990,40.0,362.0,,true
2991,350.0,154.0,,true
2992,500.0,188.0,,false
2993,500.0,507.0,,false
2994,3300.0,26.0,,false
2995,3300.0,29.0,,false
2996,3300.0,29.0,,false
2997,60.0,173.0,,false
2998,60.0,237.0,,false
2999,60.0,235.0,,false
3000,800.0,6.0,,false
3001,60.0,83.0,,false
3002,60.0,90.0,,false
3003,60.0,102.0,,false
3004,60.0,113.0,,false
3005,60.0,115.0,,false
3006,60.0,111.0,,false
3007,60.0,81.0,,false
3008,100.0,200.0,,false
3009,100.0,208.0,,false
3010,900.0,7.0,,false
3011,1150.0,18.0,,false
3012,1000.0,5.0,,false
3013,1350.0,46.0,,true
3014,500.0,60.0,,true
3015,5000.0,16.0,,true
3016,2200.0,140.0,,true
3017,3500.0,238.0,,true
3018,5000.0,600.0,,true
3019,500.0,149.0,,true
3020,125.0,535.0,,true
3021,40.0,451.0,,true
3022,350.0,153.0,,true
3023,500.0,172.0,,false
3024,500.0,512.0,,false
3025,3300.0,27.0,,false
3026,3300.0,29.0,,false
3027,3300.0,24.0,,false
3028,60.0,173.0,,false
3029,60.0,220.0,,false
3030,60.0,219.0,,false
3031,800.0,5.0,,false
3032,60.0,120.0,,false
3033,60.0,86.0,,false
3034,60.0,104.0,,false
3035,60.0,113.0,,false
3036,60.0,90.0,,false
3037,60.0,102.0,,false
3038,60.0,88.0,,false
3039,60.0,115.0,,false
3040,60.0,83.0,,false
3041,60.0,112.0,,false
3042,100.0,198.0,,false
3043,100.0,197.0,,false
3044,900.0,9.0,,false
3045,1150.0,17.0,,false
3046,1000.0,7.0,,false
3047,1350.0,47.0,,true
3048,500.0,58.0,,true
3049,5000.0,20.0,,true
3050,2200.0,131.0,,true
3051,3500.0,257.0,,true
3052,5000.0,600.0,,true
3053,500.0,146.0,,true
3054,125.0,511.0,,true
3055,40.0,373.0,,true
3056,350.0,160.0,,true
3057,500.0,176.0,,false
3058,500.0,442.0,,false
3059,3300.0,26.0,,false
3060,3300.0,29.0,,false
3061,3300.0,30.0,,false
3062,60.0,207.0,,false
3063,60.0,233.0,,false
3064,60.0,234.0,,false
3065,800.0,4.0,,false
3066,60.0,87.0,,false
3067,60.0,107.0,,false
3068,60.0,103.0,,false
3069,60.0,88.0,,false
3070,60.0,101.0,,false
3071,60.0,95.0,,false
3072,60.0,106.0,,false
3073,60.0,82.0,,false
3074,60.0,98.0,,false
3075,60.0,97.0,,false
3076,100.0,191.0,,false
3077,100.0,211.0,,false
3078,900.0,8.0,,false
3079,1150.0,16.0,,false
3080,1000.0,5.0,,false
3081,1350.0,50.0,,true
3082,500.0,57.0,,true
3083,5000.0,19.0,,true
3084,2200.0,134.0,,true
3085,3500.0,383.0,,true
3086,5000.0,600.0,,true
3087,500.0,146.0,,true
3088,125.0,455.0,,true
3089,40.0,404.0,,true
3090,350.0,146.0,,true
3091,500.0,173.0,,false
3092,500.0,389.0,,false
3093,3300.0,24.0,,false
3094,3300.0,23.0,,false
3095,3300.0,27.0,,false
3096,60.0,226.0,,false
3097,60.0,189.0,,false
3098,60.0,157.0,,false
3099,800.0,4.0,,false
3100,60.0,101.0,,false
3101,60.0,86.0,,false
3102,60.0,91.0,,false
3103,60.0,91.0,,false
3104,60.0,114.0,,false
3105,60.0,85.0,,false
3106,60.0,116.0,,false
3107,100.0,215.0,,false
3108,100.0,211.0,,false
3109,900.0,7.0,,false
3110,1150.0,13.0,,false
3111,1000.0,6.0,,false
3112,1350.0,46.0,,true
3113,500.0,56.0,,true
3114,5000.0,17.0,,true
3115,2200.0,137.0,,true
3116,3500.0,363.0,,true
3117,5000.0,600.0,,true
3118,500.0,142.0,,true
3119,125.0,474.0,,true
3120,40.0,394.0,,true
3121,350.0,152.0,,true
3122,500.0,179.0,,false
3123,500.0,595.0,,false
3124,3300.0,23.0,,false
3125,3300.0,25.0,,false
3126,3300.0,30.0,,false
3127,60.0,173.0,,false
3128,60.0,188.0,,false
3129,60.0,203.0,,false
3130,60.0,161.0,,false
3131,800.0,6.0,,false
3132,60.0,100.0,,false
3133,60.0,92.0,,false
3134,60.0,93.0,,false
3135,60.0,111.0,,false
3136,60.0,90.0,,false
3137,60.0,113.0,,false
3138,60.0,109.0,,false
3139,100.0,184.0,,false
3140,100.0,184.0,,false
3141,900.0,8.0,,false
3142,1150.0,18.0,,false
3143,1000.0,7.0,,false
3144,1350.0,46.0,,true
3145,500.0,59.0,,true
3146,5000.0,20.0,,true
3147,2200.0,139.0,,true
3148,3500.0,348.0,,true
3149,5000.0,600.0,,true
3150,500.0,145.0,,true
3151,125.0,462.0,,true
3152,40.0,370.0,,true
3153,350.0,179.0,,true
3154,500.0,173.0,,false
3155,500.0,429.0,,false
3156,3300.0,24.0,,false
3157,3300.0,24.0,,false
3158,3300.0,28.0,,false
3159,60.0,178.0,,false
3160,60.0,175.0,,false
3161,60.0,246.0,,false
3162,60.0,181.0,,false
3163,800.0,4.0,,false
3164,60.0,108.0,,false
3165,60.0,119.0,,false
3166,60.0,88.0,,false
3167,60.0,89.0,,false
3168,60.0,117.0,,false
3169,60.0,93.0,,false
3170,100.0,190.0,,false
3171,100.0,191.0,,false
3172,900.0,8.0,,false
3173,1150.0,18.0,,false
3174,1000.0,5.0,,false
3175,1350.0,48.0,,true
3176,500.0,60.0,,true
3177,5000.0,19.0,,true
3178,2200.0,134.0,,true
3179,3500.0,275.0,,true
3180,5000.0,600.0,,true
3181,500.0,143.0,,true
3182,125.0,477.0,,true
3183,40.0,387.0,,true
3184,350.0,156.0,,true
3185,500.0,181.0,,false
3186,500.0,340.0,,false
3187,3300.0,21.0,,false
3188,3300.0,21.0,,false
3189,3300.0,29.0,,false
3190,60.0,173.0,,false
3191,60.0,154.0,,false
3192,60.0,228.0,,false
3193,60.0,159.0,,false
3194,800.0,5.0,,false
3195,60.0,114.0,,false
3196,60.0,111.0,,false
3197,60.0,82.0,,false
3198,60.0,105.0,,false
3199,60.0,99.0,,false
3200,60.0,93.0,,false
3201,60.0,96.0,,false
3202,60.0,120.0,,false
3203,60.0,98.0,,false
3204,100.0,238.0,,false
3205,100.0,192.0,,false
3206,900.0,10.0,,false
3207,1150.0,17.0,,false
3208,1000.0,8.0,,false
3209,1350.0,46.0,,true
3210,500.0,57.0,,true
3211,5000.0,16.0,,true
3212,2200.0,133.0,,true
3213,3500.0,287.0,,true
3214,5000.0,600.0,,true
3215,500.0,142.0,,true
3216,125.0,472.0,,true
3217,40.0,375.0,,true
3218,350.0,180.0,,true
3219,500.0,198.0,,false
3220,500.0,365.0,,false
3221,3300.0,24.0,,false
3222,3300.0,24.0,,false
3223,3300.0,28.0,,false
3224,60.0,192.0,,false
3225,60.0,244.0,,false
3226,60.0,165.0,,false
3227,800.0,6.0,,false
3228,60.0,114.0,,false
3229,60.0,86.0,,false
3230,60.0,98.0,,false
3231,60.0,102.0,,false
3232,60.0,98.0,,false
3233,60.0,117.0,,false
3234,60.0,90.0,,false
3235,60.0,95.0,,false
3236,60.0,91.0,,false
3237,100.0,236.0,,false
3238,100.0,192.0,,false
3239,900.0,7.0,,false
3240,1150.0,14.0,,false
3241,1000.0,6.0,,false
