Reference,height,width,stripwidth,preemptable
1,1350.0,50.0,720,true
2,500.0,56.0,,true
3,5000.0,18.0,,true
4,2200.0,135.0,,true
5,3500.0,220.0,,true
6,5000.0,600.0,,true
7,500.0,151.0,,true
8,125.0,520.0,,true
9,40.0,410.0,,true
10,350.0,163.0,,true
11,500.0,197.0,,false
12,500.0,412.0,,false
13,3300.0,30.0,,false
14,3300.0,29.0,,false
15,3300.0,27.0,,false
16,60.0,199.0,,false
17,60.0,161.0,,false
18,60.0,235.0,,false
19,60.0,191.0,,false
20,800.0,6.0,,false
21,60.0,108.0,,false
22,60.0,94.0,,false
23,60.0,120.0,,false
24,60.0,97.0,,false
25,60.0,84.0,,false
26,60.0,81.0,,false
27,60.0,120.0,,false
28,60.0,99.0,,false
29,100.0,187.0,,false
30,100.0,183.0,,false
31,900.0,7.0,,false
32,1150.0,13.0,,false
33,1000.0,8.0,,false
34,1350.0,48.0,,true
35,500.0,59.0,,true
36,5000.0,20.0,,true
37,2200.0,132.0,,true
38,3500.0,220.0,,true
39,5000.0,600.0,,true
40,500.0,148.0,,true
41,125.0,483.0,,true
42,40.0,422.0,,true
43,350.0,172.0,,true
44,500.0,185.0,,false
45,500.0,399.0,,false
46,3300.0,24.0,,false
47,3300.0,26.0,,false
48,3300.0,21.0,,false
49,60.0,223.0,,false
50,60.0,213.0,,false
51,60.0,206.0,,false
52,800.0,4.0,,false
53,60.0,95.0,,false
54,60.0,111.0,,false
55,60.0,118.0,,false
56,60.0,87.0,,false
57,60.0,113.0,,false
58,60.0,114.0,,false
59,60.0,106.0,,false
60,60.0,88.0,,false
61,60.0,99.0,,false
62,100.0,223.0,,false
63,100.0,208.0,,false
64,900.0,8.0,,false
65,1150.0,14.0,,false
66,1000.0,8.0,,false
67,1350.0,50.0,,true
68,500.0,57.0,,true
69,5000.0,20.0,,true
70,2200.0,138.0,,true
71,3500.0,364.0,,true
72,5000.0,600.0,,true
73,500.0,142.0,,true
74,125.0,514.0,,true
75,40.0,416.0,,true
76,350.0,155.0,,true
77,500.0,197.0,,false
78,500.0,519.0,,false
79,3300.0,28.0,,false
80,3300.0,22.0,,false
81,3300.0,28.0,,false
82,60.0,203.0,,false
83,60.0,176.0,,false
84,60.0,158.0,,false
85,800.0,6.0,,false
86,60.0,113.0,,false
87,60.0,106.0,,false
88,60.0,105.0,,false
89,60.0,85.0,,false
90,60.0,120.0,,false
91,60.0,98.0,,false
92,60.0,95.0,,false
93,60.0,86.0,,false
94,60.0,106.0,,false
95,100.0,243.0,,false
96,100.0,194.0,,false
97,900.0,7.0,,false
98,1150.0,17.0,,false
99,1000.0,7.0,,false
100,1350.0,46.0,,true
101,500.0,57.0,,true
102,5000.0,16.0,,true
103,2200.0,140.0,,true
104,3500.0,272.0,,true
105,5000.0,600.0,,true
106,500.0,147.0,,true
107,125.0,533.0,,true
108,40.0,358.0,,true
109,350.0,173.0,,true
110,500.0,196.0,,false
111,500.0,568.0,,false
112,3300.0,28.0,,false
113,3300.0,24.0,,false
114,3300.0,27.0,,false
115,60.0,237.0,,false
116,60.0,178.0,,false
117,60.0,200.0,,false
118,60.0,197.0,,false
119,800.0,4.0,,false
120,60.0,120.0,,false
121,60.0,104.0,,false
122,60.0,95.0,,false
123,60.0,103.0,,false
124,60.0,104.0,,false
125,60.0,91.0,,false
126,60.0,113.0,,false
127,60.0,115.0,,false
128,60.0,109.0,,false
129,100.0,230.0,,false
130,100.0,200.0,,false
131,900.0,8.0,,false
132,1150.0,16.0,,false
133,1000.0,8.0,,false
134,1350.0,47.0,,true
135,500.0,57.0,,true
136,5000.0,18.0,,true
137,2200.0,136.0,,true
138,3500.0,347.0,,true
139,5000.0,600.0,,true
140,500.0,155.0,,true
141,125.0,451.0,,true
142,40.0,420.0,,true
143,350.0,147.0,,true
144,500.0,194.0,,false
145,500.0,492.0,,false
146,3300.0,30.0,,false
147,3300.0,29.0,,false
148,3300.0,22.0,,false
149,60.0,194.0,,false
150,60.0,211.0,,false
151,60.0,188.0,,false
152,60.0,174.0,,false
153,800.0,5.0,,false
154,60.0,87.0,,false
155,60.0,104.0,,false
156,60.0,104.0,,false
157,60.0,113.0,,false
158,60.0,90.0,,false
159,60.0,114.0,,false
160,60.0,90.0,,false
161,60.0,88.0,,false
162,60.0,116.0,,false
163,100.0,206.0,,false
164,100.0,188.0,,false
165,900.0,10.0,,false
166,1150.0,13.0,,false
167,1000.0,8.0,,false
168,1350.0,50.0,,true
169,500.0,58.0,,true
170,5000.0,17.0,,true
171,2200.0,139.0,,true
172,3500.0,322.0,,true
173,5000.0,600.0,,true
174,500.0,149.0,,true
175,125.0,526.0,,true
176,40.0,442.0,,true
177,350.0,169.0,,true
178,500.0,192.0,,false
179,500.0,364.0,,false
180,3300.0,29.0,,false
181,3300.0,24.0,,false
182,3300.0,25.0,,false
183,60.0,248.0,,false
184,60.0,232.0,,false
185,60.0,214.0,,false
186,60.0,212.0,,false
187,800.0,5.0,,false
188,60.0,113.0,,false
189,60.0,81.0,,false
190,60.0,105.0,,false
191,60.0,117.0,,false
192,60.0,98.0,,false
193,60.0,116.0,,false
194,100.0,182.0,,false
195,100.0,240.0,,false
196,900.0,9.0,,false
197,1150.0,15.0,,false
198,1000.0,5.0,,false
199,1350.0,50.0,,true
200,500.0,58.0,,true
201,5000.0,16.0,,true
202,2200.0,138.0,,true
203,3500.0,341.0,,true
204,5000.0,600.0,,true
205,500.0,146.0,,true
206,125.0,466.0,,true
207,40.0,371.0,,true
208,350.0,152.0,,true
209,500.0,181.0,,false
210,500.0,540.0,,false
211,3300.0,30.0,,false
212,3300.0,29.0,,false
213,3300.0,29.0,,false
214,60.0,221.0,,false
215,60.0,203.0,,false
216,60.0,218.0,,false
217,800.0,4.0,,false
218,60.0,97.0,,false
219,60.0,120.0,,false
220,60.0,99.0,,false
221,60.0,94.0,,false
222,60.0,117.0,,false
223,60.0,114.0,,false
224,60.0,100.0,,false
225,60.0,108.0,,false
226,100.0,209.0,,false
227,100.0,233.0,,false
228,900.0,7.0,,false
229,1150.0,14.0,,false
230,1000.0,6.0,,false
231,1350.0,46.0,,true
232,500.0,59.0,,true
233,5000.0,18.0,,true
234,2200.0,137.0,,true
235,3500.0,382.0,,true
236,5000.0,600.0,,true
237,500.0,159.0,,true
238,125.0,532.0,,true
239,40.0,448.0,,true
240,350.0,142.0,,true
241,500.0,188.0,,false
242,500.0,530.0,,false
243,3300.0,24.0,,false
244,3300.0,26.0,,false
245,3300.0,29.0,,false
246,60.0,196.0,,false
247,60.0,167.0,,false
248,60.0,175.0,,false
249,60.0,217.0,,false
250,800.0,4.0,,false
251,60.0,107.0,,false
252,60.0,108.0,,false
253,60.0,82.0,,false
254,60.0,86.0,,false
255,60.0,99.0,,false
256,60.0,83.0,,false
257,60.0,95.0,,false
258,60.0,100.0,,false
259,60.0,107.0,,false
260,60.0,119.0,,false
261,100.0,218.0,,false
262,100.0,187.0,,false
263,900.0,7.0,,false
264,1150.0,17.0,,false
265,1000.0,8.0,,false
266,1350.0,47.0,,true
267,500.0,57.0,,true
268,5000.0,20.0,,true
269,2200.0,136.0,,true
270,3500.0,301.0,,true
271,5000.0,600.0,,true
272,500.0,156.0,,true
273,125.0,489.0,,true
274,40.0,402.0,,true
275,350.0,165.0,,true
276,500.0,175.0,,false
277,500.0,455.0,,false
278,3300.0,21.0,,false
279,3300.0,27.0,,false
280,3300.0,29.0,,false
281,60.0,208.0,,false
282,60.0,203.0,,false
283,60.0,234.0,,false
284,60.0,164.0,,false
285,800.0,6.0,,false
286,60.0,119.0,,false
287,60.0,86.0,,false
288,60.0,88.0,,false
289,60.0,109.0,,false
290,60.0,97.0,,false
291,60.0,90.0,,false
292,60.0,109.0,,false
293,100.0,222.0,,false
294,100.0,240.0,,false
295,900.0,8.0,,false
296,1150.0,17.0,,false
297,1000.0,6.0,,false
298,1350.0,46.0,,true
299,500.0,58.0,,true
300,5000.0,20.0,,true
301,2200.0,134.0,,true
302,3500.0,299.0,,true
303,5000.0,600.0,,true
304,500.0,144.0,,true
305,125.0,491.0,,true
306,40.0,395.0,,true
307,350.0,150.0,,true
308,500.0,199.0,,false
309,500.0,444.0,,false
310,3300.0,30.0,,false
311,3300.0,25.0,,false
312,3300.0,30.0,,false
313,60.0,160.0,,false
314,60.0,175.0,,false
315,60.0,189.0,,false
316,60.0,155.0,,false
317,800.0,4.0,,false
318,60.0,95.0,,false
319,60.0,110.0,,false
320,60.0,106.0,,false
321,60.0,107.0,,false
322,60.0,81.0,,false
323,60.0,110.0,,false
324,100.0,210.0,,false
325,100.0,236.0,,false
326,900.0,9.0,,false
327,1150.0,17.0,,false
328,1000.0,8.0,,false
329,1350.0,48.0,,true
330,500.0,60.0,,true
331,5000.0,19.0,,true
332,2200.0,137.0,,true
333,3500.0,206.0,,true
334,5000.0,600.0,,true
335,500.0,141.0,,true
336,125.0,494.0,,true
337,40.0,378.0,,true
338,350.0,141.0,,true
339,500.0,186.0,,false
340,500.0,325.0,,false
341,3300.0,27.0,,false
342,3300.0,29.0,,false
343,3300.0,27.0,,false
344,60.0,239.0,,false
345,60.0,235.0,,false
346,60.0,209.0,,false
347,60.0,153.0,,false
348,800.0,5.0,,false
349,60.0,86.0,,false
350,60.0,119.0,,false
351,60.0,89.0,,false
352,60.0,118.0,,false
353,60.0,113.0,,false
354,60.0,105.0,,false
355,60.0,84.0,,false
356,100.0,221.0,,false
357,100.0,234.0,,false
358,900.0,10.0,,false
359,1150.0,16.0,,false
360,1000.0,5.0,,false
361,1350.0,49.0,,true
362,500.0,60.0,,true
363,5000.0,19.0,,true
364,2200.0,136.0,,true
365,3500.0,224.0,,true
366,5000.0,600.0,,true
367,500.0,160.0,,true
368,125.0,490.0,,true
369,40.0,358.0,,true
370,350.0,164.0,,true
371,500.0,173.0,,false
372,500.0,324.0,,false
373,3300.0,23.0,,false
374,3300.0,25.0,,false
375,3300.0,27.0,,false
376,60.0,215.0,,false
377,60.0,228.0,,false
378,60.0,163.0,,false
379,60.0,202.0,,false
380,800.0,5.0,,false
381,60.0,112.0,,false
382,60.0,115.0,,false
383,60.0,95.0,,false
384,60.0,92.0,,false
385,60.0,98.0,,false
386,60.0,92.0,,false
387,60.0,85.0,,false
388,60.0,93.0,,false
389,60.0,99.0,,false
390,100.0,199.0,,false
391,100.0,199.0,,false
392,900.0,7.0,,false
393,1150.0,14.0,,false
394,1000.0,6.0,,false
395,1350.0,47.0,,true
396,500.0,60.0,,true
397,5000.0,20.0,,true
398,2200.0,134.0,,true
399,3500.0,296.0,,true
400,5000.0,600.0,,true
401,500.0,160.0,,true
402,125.0,514.0,,true
403,40.0,445.0,,true
404,350.0,173.0,,true
405,500.0,188.0,,false
406,500.0,466.0,,false
407,3300.0,29.0,,false
408,3300.0,22.0,,false
409,3300.0,28.0,,false
410,60.0,193.0,,false
411,60.0,237.0,,false
412,60.0,226.0,,false
413,800.0,5.0,,false
414,60.0,89.0,,false
415,60.0,87.0,,false
416,60.0,104.0,,false
417,60.0,92.0,,false
418,60.0,91.0,,false
419,60.0,102.0,,false
420,60.0,118.0,,false
421,60.0,92.0,,false
422,60.0,106.0,,false
423,60.0,115.0,,false
424,100.0,222.0,,false
425,100.0,210.0,,false
426,900.0,7.0,,false
427,1150.0,15.0,,false
428,1000.0,7.0,,false
429,1350.0,46.0,,true
430,500.0,57.0,,true
431,5000.0,19.0,,true
432,2200.0,135.0,,true
433,3500.0,373.0,,true
434,5000.0,600.0,,true
435,500.0,142.0,,true
436,125.0,462.0,,true
437,40.0,351.0,,true
438,350.0,141.0,,true
439,500.0,171.0,,false
440,500.0,399.0,,false
441,3300.0,21.0,,false
442,3300.0,27.0,,false
443,3300.0,29.0,,false
444,60.0,157.0,,false
445,60.0,243.0,,false
446,60.0,174.0,,false
447,60.0,175.0,,false
448,800.0,6.0,,false
449,60.0,102.0,,false
450,60.0,84.0,,false
451,60.0,116.0,,false
452,60.0,87.0,,false
453,60.0,81.0,,false
454,60.0,113.0,,false
455,60.0,111.0,,false
456,60.0,115.0,,false
457,60.0,88.0,,false
458,100.0,239.0,,false
459,100.0,239.0,,false
460,900.0,8.0,,false
461,1150.0,15.0,,false
462,1000.0,8.0,,false
463,1350.0,49.0,,true
464,500.0,58.0,,true
465,5000.0,17.0,,true
466,2200.0,136.0,,true
467,3500.0,248.0,,true
468,5000.0,600.0,,true
469,500.0,160.0,,true
470,125.0,508.0,,true
471,40.0,361.0,,true
472,350.0,173.0,,true
473,500.0,195.0,,false
474,500.0,468.0,,false
475,3300.0,29.0,,false
476,3300.0,26.0,,false
477,3300.0,30.0,,false
478,60.0,171.0,,false
479,60.0,229.0,,false
480,60.0,170.0,,false
481,60.0,160.0,,false
482,800.0,5.0,,false
483,60.0,115.0,,false
484,60.0,94.0,,false
485,60.0,85.0,,false
486,60.0,109.0,,false
487,60.0,99.0,,false
488,60.0,81.0,,false
489,60.0,116.0,,false
490,60.0,113.0,,false
491,100.0,211.0,,false
492,100.0,205.0,,false
493,900.0,8.0,,false
494,1150.0,18.0,,false
495,1000.0,5.0,,false
496,1350.0,48.0,,true
497,500.0,57.0,,true
498,5000.0,19.0,,true
499,2200.0,131.0,,true
500,3500.0,358.0,,true
501,5000.0,600.0,,true
502,500.0,144.0,,true
503,125.0,463.0,,true
504,40.0,407.0,,true
505,350.0,154.0,,true
506,500.0,172.0,,false
507,500.0,486.0,,false
508,3300.0,26.0,,false
509,3300.0,27.0,,false
510,3300.0,25.0,,false
511,60.0,207.0,,false
512,60.0,215.0,,false
513,60.0,182.0,,false
514,800.0,5.0,,false
515,60.0,105.0,,false
516,60.0,112.0,,false
517,60.0,95.0,,false
518,60.0,112.0,,false
519,60.0,106.0,,false
520,60.0,84.0,,false
521,100.0,249.0,,false
522,100.0,216.0,,false
523,900.0,7.0,,false
524,1150.0,17.0,,false
525,1000.0,8.0,,false
526,1350.0,48.0,,true
527,500.0,58.0,,true
528,5000.0,19.0,,true
529,2200.0,137.0,,true
530,3500.0,283.0,,true
531,5000.0,600.0,,true
532,500.0,159.0,,true
533,125.0,531.0,,true
534,40.0,412.0,,true
535,350.0,164.0,,true
536,500.0,173.0,,false
537,500.0,365.0,,false
538,3300.0,21.0,,false
539,3300.0,21.0,,false
540,3300.0,27.0,,false
541,60.0,210.0,,false
542,60.0,246.0,,false
543,60.0,182.0,,false
544,800.0,6.0,,false
545,60.0,104.0,,false
546,60.0,106.0,,false
547,60.0,112.0,,false
548,60.0,99.0,,false
549,60.0,100.0,,false
550,60.0,115.0,,false
551,60.0,93.0,,false
552,60.0,111.0,,false
553,100.0,198.0,,false
554,100.0,192.0,,false
555,900.0,7.0,,false
556,1150.0,15.0,,false
557,1000.0,6.0,,false
558,1350.0,49.0,,true
559,500.0,60.0,,true
560,5000.0,18.0,,true
561,2200.0,131.0,,true
562,3500.0,351.0,,true
563,5000.0,600.0,,true
564,500.0,148.0,,true
565,125.0,544.0,,true
566,40.0,457.0,,true
567,350.0,155.0,,true
568,500.0,175.0,,false
569,500.0,455.0,,false
570,3300.0,30.0,,false
571,3300.0,27.0,,false
572,3300.0,28.0,,false
573,60.0,171.0,,false
574,60.0,157.0,,false
575,60.0,194.0,,false
576,800.0,6.0,,false
577,60.0,98.0,,false
578,60.0,119.0,,false
579,60.0,86.0,,false
580,60.0,85.0,,false
581,60.0,101.0,,false
582,60.0,102.0,,false
583,60.0,109.0,,false
584,100.0,225.0,,false
585,100.0,204.0,,false
586,900.0,10.0,,false
587,1150.0,16.0,,false
588,1000.0,8.0,,false
589,1350.0,48.0,,true
590,500.0,60.0,,true
591,5000.0,20.0,,true
592,2200.0,134.0,,true
593,3500.0,278.0,,true
594,5000.0,600.0,,true
595,500.0,142.0,,true
596,125.0,543.0,,true
597,40.0,379.0,,true
598,350.0,180.0,,true
599,500.0,179.0,,false
600,500.0,412.0,,false
601,3300.0,24.0,,false
602,3300.0,24.0,,false
603,3300.0,28.0,,false
604,60.0,240.0,,false
605,60.0,197.0,,false
606,60.0,156.0,,false
607,60.0,215.0,,false
608,800.0,4.0,,false
609,60.0,98.0,,false
610,60.0,89.0,,false
611,60.0,97.0,,false
612,60.0,107.0,,false
613,60.0,106.0,,false
614,60.0,104.0,,false
615,60.0,115.0,,false
616,60.0,97.0,,false
617,60.0,116.0,,false
618,60.0,116.0,,false
619,100.0,181.0,,false
620,100.0,207.0,,false
621,900.0,8.0,,false
622,1150.0,14.0,,false
623,1000.0,5.0,,false
624,1350.0,49.0,,true
625,500.0,56.0,,true
626,5000.0,17.0,,true
627,2200.0,134.0,,true
628,3500.0,241.0,,true
629,5000.0,600.0,,true
630,500.0,146.0,,true
631,125.0,480.0,,true
632,40.0,414.0,,true
633,350.0,163.0,,true
634,500.0,192.0,,false
635,500.0,563.0,,false
636,3300.0,21.0,,false
637,3300.0,21.0,,false
638,3300.0,21.0,,false
639,60.0,171.0,,false
640,60.0,153.0,,false
641,60.0,181.0,,false
642,60.0,184.0,,false
643,800.0,5.0,,false
644,60.0,104.0,,false
645,60.0,110.0,,false
646,60.0,93.0,,false
647,60.0,92.0,,false
648,60.0,87.0,,false
649,60.0,110.0,,false
650,60.0,103.0,,false
651,60.0,99.0,,false
652,60.0,120.0,,false
653,60.0,102.0,,false
654,100.0,230.0,,false
655,100.0,219.0,,false
656,900.0,8.0,,false
657,1150.0,16.0,,false
658,1000.0,6.0,,false
659,1350.0,46.0,,true
660,500.0,56.0,,true
661,5000.0,20.0,,true
662,2200.0,137.0,,true
663,3500.0,336.0,,true
664,5000.0,600.0,,true
665,500.0,154.0,,true
666,125.0,541.0,,true
667,40.0,378.0,,true
668,350.0,146.0,,true
669,500.0,187.0,,false
670,500.0,303.0,,false
671,3300.0,21.0,,false
672,3300.0,29.0,,false
673,3300.0,30.0,,false
674,60.0,222.0,,false
675,60.0,172.0,,false
676,60.0,180.0,,false
677,800.0,5.0,,false
678,60.0,114.0,,false
679,60.0,117.0,,false
680,60.0,102.0,,false
681,60.0,93.0,,false
682,60.0,100.0,,false
683,60.0,91.0,,false
684,100.0,205.0,,false
685,100.0,238.0,,false
686,900.0,10.0,,false
687,1150.0,15.0,,false
688,1000.0,5.0,,false
689,1350.0,49.0,,true
690,500.0,60.0,,true
691,5000.0,17.0,,true
692,2200.0,140.0,,true
693,3500.0,283.0,,true
694,5000.0,600.0,,true
695,500.0,154.0,,true
696,125.0,501.0,,true
697,40.0,392.0,,true
698,350.0,172.0,,true
699,500.0,179.0,,false
700,500.0,391.0,,false
701,3300.0,21.0,,false
702,3300.0,21.0,,false
703,3300.0,28.0,,false
704,60.0,187.0,,false
705,60.0,215.0,,false
706,60.0,178.0,,false
707,800.0,4.0,,false
708,60.0,119.0,,false
709,60.0,111.0,,false
710,60.0,85.0,,false
711,60.0,110.0,,false
712,60.0,113.0,,false
713,60.0,103.0,,false
714,60.0,104.0,,false
715,60.0,120.0,,false
716,100.0,211.0,,false
717,100.0,235.0,,false
718,900.0,7.0,,false
719,1150.0,13.0,,false
720,1000.0,5.0,,false
721,1350.0,50.0,,true
722,500.0,58.0,,true
723,5000.0,18.0,,true
724,2200.0,134.0,,true
725,3500.0,393.0,,true
726,5000.0,600.0,,true
727,500.0,157.0,,true
728,125.0,544.0,,true
729,40.0,411.0,,true
730,350.0,158.0,,true
731,500.0,194.0,,false
732,500.0,346.0,,false
733,3300.0,22.0,,false
734,3300.0,25.0,,false
735,3300.0,27.0,,false
736,60.0,157.0,,false
737,60.0,205.0,,false
738,60.0,216.0,,false
739,800.0,5.0,,false
740,60.0,81.0,,false
741,60.0,94.0,,false
742,60.0,89.0,,false
743,60.0,81.0,,false
744,60.0,92.0,,false
745,60.0,114.0,,false
746,100.0,224.0,,false
747,100.0,211.0,,false
748,900.0,8.0,,false
749,1150.0,16.0,,false
750,1000.0,7.0,,false
751,1350.0,48.0,,true
752,500.0,57.0,,true
753,5000.0,17.0,,true
754,2200.0,131.0,,true
755,3500.0,346.0,,true
756,5000.0,600.0,,true
757,500.0,160.0,,true
758,125.0,543.0,,true
759,40.0,422.0,,true
760,350.0,153.0,,true
761,500.0,178.0,,false
762,500.0,329.0,,false
763,3300.0,24.0,,false
764,3300.0,21.0,,false
765,3300.0,24.0,,false
766,60.0,168.0,,false
767,60.0,157.0,,false
768,60.0,224.0,,false
769,800.0,5.0,,false
770,60.0,98.0,,false
771,60.0,107.0,,false
772,60.0,103.0,,false
773,60.0,116.0,,false
774,60.0,102.0,,false
775,60.0,104.0,,false
776,60.0,84.0,,false
777,60.0,88.0,,false
778,100.0,216.0,,false
779,100.0,219.0,,false
780,900.0,10.0,,false
781,1150.0,15.0,,false
782,1000.0,8.0,,false
783,1350.0,47.0,,true
784,500.0,60.0,,true
785,5000.0,19.0,,true
786,2200.0,137.0,,true
787,3500.0,238.0,,true
788,5000.0,600.0,,true
789,500.0,158.0,,true
790,125.0,491.0,,true
791,40.0,425.0,,true
792,350.0,169.0,,true
793,500.0,191.0,,false
794,500.0,463.0,,false
795,3300.0,28.0,,false
796,3300.0,28.0,,false
797,3300.0,25.0,,false
798,60.0,158.0,,false
799,60.0,245.0,,false
800,60.0,188.0,,false
801,60.0,181.0,,false
802,800.0,6.0,,false
803,60.0,98.0,,false
804,60.0,104.0,,false
805,60.0,101.0,,false
806,60.0,95.0,,false
807,60.0,103.0,,false
808,60.0,110.0,,false
809,60.0,90.0,,false
810,60.0,118.0,,false
811,100.0,237.0,,false
812,100.0,187.0,,false
813,900.0,9.0,,false
814,1150.0,15.0,,false
815,1000.0,5.0,,false
816,1350.0,48.0,,true
817,500.0,57.0,,true
818,5000.0,16.0,,true
819,2200.0,135.0,,true
820,3500.0,320.0,,true
821,5000.0,600.0,,true
822,500.0,144.0,,true
823,125.0,511.0,,true
824,40.0,410.0,,true
825,350.0,159.0,,true
826,500.0,188.0,,false
827,500.0,410.0,,false
828,3300.0,27.0,,false
829,3300.0,27.0,,false
830,3300.0,29.0,,false
831,60.0,219.0,,false
832,60.0,232.0,,false
833,60.0,152.0,,false
834,60.0,158.0,,false
835,800.0,4.0,,false
836,60.0,101.0,,false
837,60.0,95.0,,false
838,60.0,107.0,,false
839,60.0,107.0,,false
840,60.0,103.0,,false
841,60.0,111.0,,false
842,60.0,90.0,,false
843,100.0,240.0,,false
844,100.0,209.0,,false
845,900.0,9.0,,false
846,1150.0,14.0,,false
847,1000.0,5.0,,false
848,1350.0,46.0,,true
849,500.0,60.0,,true
850,5000.0,18.0,,true
851,2200.0,139.0,,true
852,3500.0,263.0,,true
853,5000.0,600.0,,true
854,500.0,158.0,,true
855,125.0,509.0,,true
856,40.0,447.0,,true
857,350.0,145.0,,true
858,500.0,177.0,,false
859,500.0,336.0,,false
860,3300.0,23.0,,false
861,3300.0,30.0,,false
862,3300.0,23.0,,false
863,60.0,218.0,,false
864,60.0,212.0,,false
865,60.0,213.0,,false
866,60.0,184.0,,false
867,800.0,6.0,,false
868,60.0,116.0,,false
869,60.0,116.0,,false
870,60.0,109.0,,false
871,60.0,91.0,,false
872,60.0,114.0,,false
873,60.0,84.0,,false
874,60.0,96.0,,false
875,100.0,233.0,,false
876,100.0,182.0,,false
877,900.0,9.0,,false
878,1150.0,15.0,,false
879,1000.0,7.0,,false
880,1350.0,47.0,,true
881,500.0,60.0,,true
882,5000.0,18.0,,true
883,2200.0,138.0,,true
884,3500.0,218.0,,true
885,5000.0,600.0,,true
886,500.0,148.0,,true
887,125.0,495.0,,true
888,40.0,417.0,,true
889,350.0,179.0,,true
890,500.0,187.0,,false
891,500.0,522.0,,false
892,3300.0,21.0,,false
893,3300.0,29.0,,false
894,3300.0,28.0,,false
895,60.0,221.0,,false
896,60.0,166.0,,false
897,60.0,229.0,,false
898,800.0,6.0,,false
899,60.0,107.0,,false
900,60.0,113.0,,false
901,60.0,95.0,,false
902,60.0,108.0,,false
903,60.0,115.0,,false
904,60.0,110.0,,false
905,60.0,93.0,,false
906,100.0,228.0,,false
907,100.0,191.0,,false
908,900.0,7.0,,false
909,1150.0,17.0,,false
910,1000.0,7.0,,false
911,1350.0,47.0,,true
912,500.0,58.0,,true
913,5000.0,18.0,,true
914,2200.0,140.0,,true
915,3500.0,375.0,,true
916,5000.0,600.0,,true
917,500.0,149.0,,true
918,125.0,514.0,,true
919,40.0,396.0,,true
920,350.0,141.0,,true
921,500.0,178.0,,false
922,500.0,416.0,,false
923,3300.0,26.0,,false
924,3300.0,26.0,,false
925,3300.0,22.0,,false
926,60.0,168.0,,false
927,60.0,170.0,,false
928,60.0,236.0,,false
929,60.0,154.0,,false
930,800.0,4.0,,false
931,60.0,85.0,,false
932,60.0,117.0,,false
933,60.0,98.0,,false
934,60.0,83.0,,false
935,60.0,105.0,,false
936,60.0,101.0,,false
937,60.0,119.0,,false
938,100.0,247.0,,false
939,100.0,200.0,,false
940,900.0,8.0,,false
941,1150.0,16.0,,false
942,1000.0,7.0,,false
943,1350.0,49.0,,true
944,500.0,58.0,,true
945,5000.0,18.0,,true
946,2200.0,140.0,,true
947,3500.0,333.0,,true
948,5000.0,600.0,,true
949,500.0,149.0,,true
950,125.0,548.0,,true
951,40.0,370.0,,true
952,350.0,172.0,,true
953,500.0,175.0,,false
954,500.0,459.0,,false
955,3300.0,22.0,,false
956,3300.0,26.0,,false
957,3300.0,22.0,,false
958,60.0,170.0,,false
959,60.0,158.0,,false
960,60.0,202.0,,false
961,800.0,5.0,,false
962,60.0,116.0,,false
963,60.0,97.0,,false
964,60.0,97.0,,false
965,60.0,89.0,,false
966,60.0,115.0,,false
967,60.0,108.0,,false
968,60.0,104.0,,false
969,60.0,115.0,,false
970,60.0,101.0,,false
971,100.0,216.0,,false
972,100.0,204.0,,false
973,900.0,8.0,,false
974,1150.0,16.0,,false
975,1000.0,8.0,,false
976,1350.0,49.0,,true
977,500.0,59.0,,true
978,5000.0,19.0,,true
979,2200.0,135.0,,true
980,3500.0,224.0,,true
981,5000.0,600.0,,true
982,500.0,143.0,,true
983,125.0,482.0,,true
984,40.0,375.0,,true
985,350.0,161.0,,true
986,500.0,187.0,,false
987,500.0,452.0,,false
988,3300.0,27.0,,false
989,3300.0,30.0,,false
990,3300.0,25.0,,false
991,60.0,224.0,,false
992,60.0,166.0,,false
993,60.0,213.0,,false
994,800.0,4.0,,false
995,60.0,100.0,,false
996,60.0,109.0,,false
997,60.0,101.0,,false
998,60.0,94.0,,false
999,60.0,91.0,,false
1000,60.0,85.0,,false
1001,60.0,105.0,,false
1002,60.0,120.0,,false
1003,60.0,120.0,,false
1004,60.0,109.0,,false
1005,100.0,217.0,,false
1006,100.0,212.0,,false
1007,900.0,7.0,,false
1008,1150.0,13.0,,false
1009,1000.0,8.0,,false
1010,1350.0,48.0,,true
1011,500.0,60.0,,true
1012,5000.0,20.0,,true
1013,2200.0,131.0,,true
1014,3500.0,297.0,,true
1015,5000.0,600.0,,true
1016,500.0,146.0,,true
1017,125.0,470.0,,true
1018,40.0,389.0,,true
1019,350.0,160.0,,true
1020,500.0,174.0,,false
1021,500.0,503.0,,false
1022,3300.0,28.0,,false
1023,3300.0,28.0,,false
1024,3300.0,26.0,,false
1025,60.0,191.0,,false
1026,60.0,164.0,,false
1027,60.0,235.0,,false
1028,60.0,158.0,,false
1029,800.0,4.0,,false
1030,60.0,115.0,,false
1031,60.0,91.0,,false
1032,60.0,88.0,,false
1033,60.0,112.0,,false
1034,60.0,88.0,,false
1035,60.0,105.0,,false
1036,100.0,243.0,,false
1037,100.0,211.0,,false
1038,900.0,9.0,,false
1039,1150.0,18.0,,false
1040,1000.0,6.0,,false
1041,1350.0,47.0,,true
1042,500.0,60.0,,true
1043,5000.0,18.0,,true
1044,2200.0,132.0,,true
1045,3500.0,346.0,,true
1046,5000.0,600.0,,true
1047,500.0,144.0,,true
1048,125.0,527.0,,true
1049,40.0,451.0,,true
1050,350.0,171.0,,true
1051,500.0,192.0,,false
1052,500.0,537.0,,false
1053,3300.0,30.0,,false
1054,3300.0,25.0,,false
1055,3300.0,22.0,,false
1056,60.0,246.0,,false
1057,60.0,151.0,,false
1058,60.0,165.0,,false
1059,60.0,199.0,,false
1060,800.0,6.0,,false
1061,60.0,81.0,,false
1062,60.0,120.0,,false
1063,60.0,104.0,,false
1064,60.0,107.0,,false
1065,60.0,109.0,,false
1066,60.0,95.0,,false
1067,60.0,105.0,,false
1068,60.0,93.0,,false
1069,100.0,248.0,,false
1070,100.0,197.0,,false
1071,900.0,8.0,,false
1072,1150.0,13.0,,false
1073,1000.0,5.0,,false
1074,1350.0,47.0,,true
1075,500.0,60.0,,true
1076,5000.0,17.0,,true
1077,2200.0,136.0,,true
1078,3500.0,279.0,,true
1079,5000.0,600.0,,true
1080,500.0,142.0,,true
1081,125.0,525.0,,true
1082,40.0,415.0,,true
1083,350.0,145.0,,true
1084,500.0,182.0,,false
1085,500.0,425.0,,false
1086,3300.0,26.0,,false
1087,3300.0,24.0,,false
1088,3300.0,23.0,,false
1089,60.0,211.0,,false
1090,60.0,203.0,,false
1091,60.0,230.0,,false
1092,800.0,4.0,,false
1093,60.0,82.0,,false
1094,60.0,91.0,,false
1095,60.0,103.0,,false
1096,60.0,94.0,,false
1097,60.0,115.0,,false
1098,60.0,104.0,,false
1099,60.0,86.0,,false
1100,60.0,110.0,,false
1101,60.0,83.0,,false
1102,100.0,189.0,,false
1103,100.0,226.0,,false
1104,900.0,10.0,,false
1105,1150.0,15.0,,false
1106,1000.0,6.0,,false
1107,1350.0,47.0,,true
1108,500.0,57.0,,true
1109,5000.0,18.0,,true
1110,2200.0,133.0,,true
1111,3500.0,244.0,,true
1112,5000.0,600.0,,true
1113,500.0,144.0,,true
1114,125.0,514.0,,true
1115,40.0,385.0,,true
1116,350.0,174.0,,true
1117,500.0,178.0,,false
1118,500.0,544.0,,false
1119,3300.0,28.0,,false
1120,3300.0,28.0,,false
1121,3300.0,26.0,,false
1122,60.0,180.0,,false
1123,60.0,189.0,,false
1124,60.0,157.0,,false
1125,800.0,4.0,,false
1126,60.0,87.0,,false
1127,60.0,99.0,,false
1128,60.0,119.0,,false
1129,60.0,84.0,,false
1130,60.0,85.0,,false
1131,60.0,116.0,,false
1132,100.0,246.0,,false
1133,100.0,201.0,,false
1134,900.0,8.0,,false
1135,1150.0,13.0,,false
1136,1000.0,7.0,,false
1137,1350.0,48.0,,true
1138,500.0,58.0,,true
1139,5000.0,20.0,,true
1140,2200.0,136.0,,true
1141,3500.0,227.0,,true
1142,5000.0,600.0,,true
1143,500.0,144.0,,true
1144,125.0,480.0,,true
1145,40.0,383.0,,true
1146,350.0,155.0,,true
1147,500.0,182.0,,false
1148,500.0,477.0,,false
1149,3300.0,23.0,,false
1150,3300.0,24.0,,false
1151,3300.0,27.0,,false
1152,60.0,239.0,,false
1153,60.0,201.0,,false
1154,60.0,182.0,,false
1155,800.0,5.0,,false
1156,60.0,118.0,,false
1157,60.0,94.0,,false
1158,60.0,116.0,,false
1159,60.0,106.0,,false
1160,60.0,112.0,,false
1161,60.0,119.0,,false
1162,60.0,112.0,,false
1163,60.0,120.0,,false
1164,60.0,83.0,,false
1165,100.0,197.0,,false
1166,100.0,248.0,,false
1167,900.0,9.0,,false
1168,1150.0,14.0,,false
1169,1000.0,6.0,,false
1170,1350.0,49.0,,true
1171,500.0,59.0,,true
1172,5000.0,20.0,,true
1173,2200.0,132.0,,true
1174,3500.0,310.0,,true
1175,5000.0,600.0,,true
1176,500.0,158.0,,true
1177,125.0,458.0,,true
1178,40.0,383.0,,true
1179,350.0,141.0,,true
1180,500.0,198.0,,false
1181,500.0,460.0,,false
1182,3300.0,25.0,,false
1183,3300.0,30.0,,false
1184,3300.0,23.0,,false
1185,60.0,211.0,,false
1186,60.0,249.0,,false
1187,60.0,180.0,,false
1188,60.0,151.0,,false
1189,800.0,4.0,,false
1190,60.0,85.0,,false
1191,60.0,111.0,,false
1192,60.0,102.0,,false
1193,60.0,115.0,,false
1194,60.0,116.0,,false
1195,60.0,93.0,,false
1196,60.0,108.0,,false
1197,100.0,189.0,,false
1198,100.0,250.0,,false
1199,900.0,10.0,,false
1200,1150.0,13.0,,false
1201,1000.0,8.0,,false
1202,1350.0,47.0,,true
1203,500.0,58.0,,true
1204,5000.0,17.0,,true
1205,2200.0,140.0,,true
1206,3500.0,235.0,,true
1207,5000.0,600.0,,true
1208,500.0,159.0,,true
1209,125.0,493.0,,true
1210,40.0,394.0,,true
1211,350.0,164.0,,true
1212,500.0,172.0,,false
1213,500.0,354.0,,false
1214,3300.0,27.0,,false
1215,3300.0,26.0,,false
1216,3300.0,30.0,,false
1217,60.0,245.0,,false
1218,60.0,211.0,,false
1219,60.0,176.0,,false
1220,800.0,6.0,,false
1221,60.0,84.0,,false
1222,60.0,111.0,,false
1223,60.0,102.0,,false
1224,60.0,82.0,,false
1225,60.0,82.0,,false
1226,60.0,94.0,,false
1227,60.0,118.0,,false
1228,60.0,116.0,,false
1229,60.0,118.0,,false
1230,100.0,223.0,,false
1231,100.0,222.0,,false
1232,900.0,7.0,,false
1233,1150.0,17.0,,false
1234,1000.0,6.0,,false
1235,1350.0,46.0,,true
1236,500.0,56.0,,true
1237,5000.0,16.0,,true
1238,2200.0,132.0,,true
1239,3500.0,380.0,,true
1240,5000.0,600.0,,true
1241,500.0,152.0,,true
1242,125.0,535.0,,true
1243,40.0,361.0,,true
1244,350.0,179.0,,true
1245,500.0,178.0,,false
1246,500.0,517.0,,false
1247,3300.0,27.0,,false
1248,3300.0,30.0,,false
1249,3300.0,23.0,,false
1250,60.0,164.0,,false
1251,60.0,170.0,,false
1252,60.0,216.0,,false
1253,800.0,4.0,,false
1254,60.0,103.0,,false
1255,60.0,114.0,,false
1256,60.0,101.0,,false
1257,60.0,98.0,,false
1258,60.0,83.0,,false
1259,60.0,120.0,,false
1260,100.0,203.0,,false
1261,100.0,201.0,,false
1262,900.0,8.0,,false
1263,1150.0,14.0,,false
1264,1000.0,7.0,,false
1265,1350.0,48.0,,true
1266,500.0,56.0,,true
1267,5000.0,20.0,,true
1268,2200.0,138.0,,true
1269,3500.0,212.0,,true
1270,5000.0,600.0,,true
1271,500.0,141.0,,true
1272,125.0,487.0,,true
1273,40.0,417.0,,true
1274,350.0,143.0,,true
1275,500.0,177.0,,false
1276,500.0,558.0,,false
1277,3300.0,22.0,,false
1278,3300.0,25.0,,false
1279,3300.0,23.0,,false
1280,60.0,177.0,,false
1281,60.0,165.0,,false
1282,60.0,163.0,,false
1283,60.0,203.0,,false
1284,800.0,6.0,,false
1285,60.0,97.0,,false
1286,60.0,99.0,,false
1287,60.0,110.0,,false
1288,60.0,101.0,,false
1289,60.0,88.0,,false
1290,60.0,117.0,,false
1291,60.0,96.0,,false
1292,60.0,97.0,,false
1293,100.0,231.0,,false
1294,100.0,223.0,,false
1295,900.0,7.0,,false
1296,1150.0,14.0,,false
1297,1000.0,6.0,,false
1298,1350.0,49.0,,true
1299,500.0,56.0,,true
1300,5000.0,17.0,,true
1301,2200.0,136.0,,true
1302,3500.0,325.0,,true
1303,5000.0,600.0,,true
1304,500.0,145.0,,true
1305,125.0,518.0,,true
1306,40.0,415.0,,true
1307,350.0,168.0,,true
1308,500.0,200.0,,false
1309,500.0,430.0,,false
1310,3300.0,27.0,,false
1311,3300.0,29.0,,false
1312,3300.0,28.0,,false
1313,60.0,198.0,,false
1314,60.0,223.0,,false
1315,60.0,183.0,,false
1316,60.0,224.0,,false
1317,800.0,4.0,,false
1318,60.0,109.0,,false
1319,60.0,95.0,,false
1320,60.0,89.0,,false
1321,60.0,106.0,,false
1322,60.0,90.0,,false
1323,60.0,85.0,,false
1324,60.0,105.0,,false
1325,60.0,89.0,,false
1326,100.0,215.0,,false
1327,100.0,221.0,,false
1328,900.0,7.0,,false
1329,1150.0,18.0,,false
1330,1000.0,7.0,,false
1331,1350.0,49.0,,true
1332,500.0,58.0,,true
1333,5000.0,16.0,,true
1334,2200.0,134.0,,true
1335,3500.0,271.0,,true
1336,5000.0,600.0,,true
1337,500.0,152.0,,true
1338,125.0,469.0,,true
1339,40.0,425.0,,true
1340,350.0,155.0,,true
1341,500.0,180.0,,false
1342,500.0,460.0,,false
1343,3300.0,29.0,,false
1344,3300.0,28.0,,false
1345,3300.0,29.0,,false
1346,60.0,242.0,,false
1347,60.0,193.0,,false
1348,60.0,236.0,,false
1349,800.0,6.0,,false
1350,60.0,94.0,,false
1351,60.0,108.0,,false
1352,60.0,92.0,,false
1353,60.0,110.0,,false
1354,60.0,89.0,,false
1355,60.0,111.0,,false
1356,60.0,104.0,,false
1357,100.0,216.0,,false
1358,100.0,220.0,,false
1359,900.0,10.0,,false
1360,1150.0,17.0,,false
1361,1000.0,6.0,,false
1362,1350.0,46.0,,true
1363,500.0,56.0,,true
1364,5000.0,19.0,,true
1365,2200.0,136.0,,true
1366,3500.0,347.0,,true
1367,5000.0,600.0,,true
1368,500.0,142.0,,true
1369,125.0,486.0,,true
1370,40.0,395.0,,true
1371,350.0,157.0,,true
1372,500.0,197.0,,false
1373,500.0,342.0,,false
1374,3300.0,25.0,,false
1375,3300.0,26.0,,false
1376,3300.0,22.0,,false
1377,60.0,171.0,,false
1378,60.0,187.0,,false
1379,60.0,206.0,,false
1380,60.0,220.0,,false
1381,800.0,6.0,,false
1382,60.0,118.0,,false
1383,60.0,114.0,,false
1384,60.0,109.0,,false
1385,60.0,86.0,,false
1386,60.0,106.0,,false
1387,60.0,116.0,,false
1388,60.0,119.0,,false
1389,100.0,196.0,,false
1390,100.0,222.0,,false
1391,900.0,8.0,,false
1392,1150.0,15.0,,false
1393,1000.0,6.0,,false
1394,1350.0,47.0,,true
1395,500.0,56.0,,true
1396,5000.0,19.0,,true
1397,2200.0,138.0,,true
1398,3500.0,212.0,,true
1399,5000.0,600.0,,true
1400,500.0,147.0,,true
1401,125.0,453.0,,true
1402,40.0,438.0,,true
1403,350.0,145.0,,true
1404,500.0,188.0,,false
1405,500.0,541.0,,false
1406,3300.0,21.0,,false
1407,3300.0,25.0,,false
1408,3300.0,30.0,,false
1409,60.0,166.0,,false
1410,60.0,208.0,,false
1411,60.0,181.0,,false
1412,60.0,178.0,,false
1413,800.0,5.0,,false
1414,60.0,102.0,,false
1415,60.0,82.0,,false
1416,60.0,116.0,,false
1417,60.0,113.0,,false
1418,60.0,110.0,,false
1419,60.0,115.0,,false
1420,100.0,188.0,,false
1421,100.0,229.0,,false
1422,900.0,7.0,,false
1423,1150.0,14.0,,false
1424,1000.0,6.0,,false
1425,1350.0,49.0,,true
1426,500.0,57.0,,true
1427,5000.0,18.0,,true
1428,2200.0,132.0,,true
1429,3500.0,312.0,,true
1430,5000.0,600.0,,true
1431,500.0,155.0,,true
1432,125.0,548.0,,true
1433,40.0,385.0,,true
1434,350.0,178.0,,true
1435,500.0,185.0,,false
1436,500.0,585.0,,false
1437,3300.0,25.0,,false
1438,3300.0,28.0,,false
1439,3300.0,28.0,,false
1440,60.0,221.0,,false
1441,60.0,217.0,,false
1442,60.0,160.0,,false
1443,800.0,5.0,,false
1444,60.0,120.0,,false
1445,60.0,85.0,,false
1446,60.0,99.0,,false
1447,60.0,99.0,,false
1448,60.0,87.0,,false
1449,60.0,117.0,,false
1450,100.0,220.0,,false
1451,100.0,234.0,,false
1452,900.0,9.0,,false
1453,1150.0,14.0,,false
1454,1000.0,7.0,,false
1455,1350.0,49.0,,true
1456,500.0,60.0,,true
1457,5000.0,19.0,,true
1458,2200.0,131.0,,true
1459,3500.0,234.0,,true
1460,5000.0,600.0,,true
1461,500.0,141.0,,true
1462,125.0,469.0,,true
1463,40.0,399.0,,true
1464,350.0,151.0,,true
1465,500.0,191.0,,false
1466,500.0,563.0,,false
1467,3300.0,23.0,,false
1468,3300.0,23.0,,false
1469,3300.0,21.0,,false
1470,60.0,248.0,,false
1471,60.0,173.0,,false
1472,60.0,239.0,,false
1473,800.0,4.0,,false
1474,60.0,84.0,,false
1475,60.0,106.0,,false
1476,60.0,92.0,,false
1477,60.0,104.0,,false
1478,60.0,88.0,,false
1479,60.0,83.0,,false
1480,60.0,98.0,,false
1481,60.0,120.0,,false
1482,60.0,107.0,,false
1483,100.0,223.0,,false
1484,100.0,250.0,,false
1485,900.0,8.0,,false
1486,1150.0,18.0,,false
1487,1000.0,7.0,,false
1488,1350.0,48.0,,true
1489,500.0,56.0,,true
1490,5000.0,19.0,,true
1491,2200.0,137.0,,true
1492,3500.0,337.0,,true
1493,5000.0,600.0,,true
1494,500.0,152.0,,true
1495,125.0,461.0,,true
1496,40.0,392.0,,true
1497,350.0,166.0,,true
1498,500.0,182.0,,false
1499,500.0,311.0,,false
1500,3300.0,28.0,,false
1501,3300.0,22.0,,false
1502,3300.0,21.0,,false
1503,60.0,156.0,,false
1504,60.0,178.0,,false
1505,60.0,215.0,,false
1506,800.0,4.0,,false
1507,60.0,103.0,,false
1508,60.0,102.0,,false
1509,60.0,94.0,,false
1510,60.0,99.0,,false
1511,60.0,98.0,,false
1512,60.0,102.0,,false
1513,60.0,113.0,,false
1514,60.0,85.0,,false
1515,100.0,186.0,,false
1516,100.0,191.0,,false
1517,900.0,10.0,,false
1518,1150.0,16.0,,false
1519,1000.0,6.0,,false
1520,1350.0,47.0,,true
1521,500.0,56.0,,true
1522,5000.0,19.0,,true
1523,2200.0,138.0,,true
1524,3500.0,270.0,,true
1525,5000.0,600.0,,true
1526,500.0,148.0,,true
1527,125.0,459.0,,true
1528,40.0,440.0,,true
1529,350.0,141.0,,true
1530,500.0,178.0,,false
1531,500.0,394.0,,false
1532,3300.0,24.0,,false
1533,3300.0,27.0,,false
1534,3300.0,27.0,,false
1535,60.0,205.0,,false
1536,60.0,199.0,,false
1537,60.0,240.0,,false
1538,800.0,4.0,,false
1539,60.0,91.0,,false
1540,60.0,104.0,,false
1541,60.0,92.0,,false
1542,60.0,90.0,,false
1543,60.0,112.0,,false
1544,60.0,81.0,,false
1545,60.0,116.0,,false
1546,60.0,81.0,,false
1547,60.0,86.0,,false
1548,60.0,94.0,,false
1549,100.0,242.0,,false
1550,100.0,213.0,,false
1551,900.0,7.0,,false
1552,1150.0,16.0,,false
1553,1000.0,8.0,,false
1554,1350.0,47.0,,true
1555,500.0,56.0,,true
1556,5000.0,20.0,,true
1557,2200.0,139.0,,true
1558,3500.0,204.0,,true
1559,5000.0,600.0,,true
1560,500.0,156.0,,true
1561,125.0,498.0,,true
1562,40.0,435.0,,true
1563,350.0,179.0,,true
1564,500.0,192.0,,false
1565,500.0,588.0,,false
1566,3300.0,30.0,,false
1567,3300.0,30.0,,false
1568,3300.0,21.0,,false
1569,60.0,204.0,,false
1570,60.0,243.0,,false
1571,60.0,204.0,,false
1572,60.0,234.0,,false
1573,800.0,6.0,,false
1574,60.0,116.0,,false
1575,60.0,115.0,,false
1576,60.0,118.0,,false
1577,60.0,111.0,,false
1578,60.0,97.0,,false
1579,60.0,83.0,,false
1580,60.0,102.0,,false
1581,60.0,113.0,,false
1582,60.0,82.0,,false
1583,100.0,183.0,,false
1584,100.0,212.0,,false
1585,900.0,7.0,,false
1586,1150.0,17.0,,false
1587,1000.0,7.0,,false
1588,1350.0,48.0,,true
1589,500.0,60.0,,true
1590,5000.0,17.0,,true
1591,2200.0,140.0,,true
1592,3500.0,276.0,,true
1593,5000.0,600.0,,true
1594,500.0,156.0,,true
1595,125.0,505.0,,true
1596,40.0,400.0,,true
1597,350.0,143.0,,true
1598,500.0,182.0,,false
1599,500.0,520.0,,false
1600,3300.0,24.0,,false
1601,3300.0,22.0,,false
1602,3300.0,30.0,,false
1603,60.0,197.0,,false
1604,60.0,184.0,,false
1605,60.0,227.0,,false
1606,60.0,177.0,,false
1607,800.0,6.0,,false
1608,60.0,116.0,,false
1609,60.0,91.0,,false
1610,60.0,120.0,,false
1611,60.0,86.0,,false
1612,60.0,100.0,,false
1613,60.0,101.0,,false
1614,60.0,89.0,,false
1615,100.0,236.0,,false
1616,100.0,212.0,,false
1617,900.0,10.0,,false
1618,1150.0,14.0,,false
1619,1000.0,6.0,,false
1620,1350.0,48.0,,true
1621,500.0,60.0,,true
1622,5000.0,17.0,,true
1623,2200.0,132.0,,true
1624,3500.0,237.0,,true
1625,5000.0,600.0,,true
1626,500.0,151.0,,true
1627,125.0,471.0,,true
1628,40.0,358.0,,true
1629,350.0,149.0,,true
1630,500.0,176.0,,false
1631,500.0,391.0,,false
1632,3300.0,23.0,,false
1633,3300.0,28.0,,false
1634,3300.0,23.0,,false
1635,60.0,182.0,,false
1636,60.0,232.0,,false
1637,60.0,187.0,,false
1638,60.0,198.0,,false
1639,800.0,5.0,,false
1640,60.0,91.0,,false
1641,60.0,101.0,,false
1642,60.0,90.0,,false
1643,60.0,108.0,,false
1644,60.0,113.0,,false
1645,60.0,82.0,,false
1646,60.0,119.0,,false
1647,60.0,84.0,,false
1648,100.0,239.0,,false
1649,100.0,242.0,,false
1650,900.0,8.0,,false
1651,1150.0,16.0,,false
1652,1000.0,6.0,,false
1653,1350.0,46.0,,true
1654,500.0,56.0,,true
1655,5000.0,16.0,,true
1656,2200.0,133.0,,true
1657,3500.0,370.0,,true
1658,5000.0,600.0,,true
1659,500.0,153.0,,true
1660,125.0,499.0,,true
1661,40.0,382.0,,true
1662,350.0,169.0,,true
1663,500.0,171.0,,false
1664,500.0,472.0,,false
1665,3300.0,23.0,,false
1666,3300.0,23.0,,false
1667,3300.0,26.0,,false
1668,60.0,189.0,,false
1669,60.0,165.0,,false
1670,60.0,153.0,,false
1671,60.0,229.0,,false
1672,800.0,6.0,,false
1673,60.0,86.0,,false
1674,60.0,119.0,,false
1675,60.0,119.0,,false
1676,60.0,119.0,,false
1677,60.0,104.0,,false
1678,60.0,117.0,,false
1679,60.0,120.0,,false
1680,60.0,113.0,,false
1681,60.0,118.0,,false
1682,60.0,89.0,,false
1683,100.0,211.0,,false
1684,100.0,247.0,,false
1685,900.0,7.0,,false
1686,1150.0,15.0,,false
1687,1000.0,5.0,,false
1688,1350.0,46.0,,true
1689,500.0,60.0,,true
1690,5000.0,18.0,,true
1691,2200.0,136.0,,true
1692,3500.0,385.0,,true
1693,5000.0,600.0,,true
1694,500.0,151.0,,true
1695,125.0,469.0,,true
1696,40.0,392.0,,true
1697,350.0,175.0,,true
1698,500.0,176.0,,false
1699,500.0,451.0,,false
1700,3300.0,24.0,,false
1701,3300.0,24.0,,false
1702,3300.0,22.0,,false
1703,60.0,177.0,,false
1704,60.0,174.0,,false
1705,60.0,187.0,,false
1706,800.0,5.0,,false
1707,60.0,114.0,,false
1708,60.0,108.0,,false
1709,60.0,118.0,,false
1710,60.0,117.0,,false
1711,60.0,96.0,,false
1712,60.0,107.0,,false
1713,100.0,245.0,,false
1714,100.0,201.0,,false
1715,900.0,8.0,,false
1716,1150.0,18.0,,false
1717,1000.0,8.0,,false
1718,1350.0,50.0,,true
1719,500.0,57.0,,true
1720,5000.0,20.0,,true
1721,2200.0,135.0,,true
1722,3500.0,400.0,,true
1723,5000.0,600.0,,true
1724,500.0,143.0,,true
1725,125.0,483.0,,true
1726,40.0,434.0,,true
1727,350.0,177.0,,true
1728,500.0,199.0,,false
1729,500.0,448.0,,false
1730,3300.0,30.0,,false
1731,3300.0,21.0,,false
1732,3300.0,25.0,,false
1733,60.0,241.0,,false
1734,60.0,238.0,,false
1735,60.0,198.0,,false
1736,800.0,4.0,,false
1737,60.0,85.0,,false
1738,60.0,96.0,,false
1739,60.0,97.0,,false
1740,60.0,85.0,,false
1741,60.0,93.0,,false
1742,60.0,113.0,,false
1743,60.0,104.0,,false
1744,60.0,101.0,,false
1745,100.0,219.0,,false
1746,100.0,242.0,,false
1747,900.0,7.0,,false
1748,1150.0,17.0,,false
1749,1000.0,6.0,,false
1750,1350.0,49.0,,true
1751,500.0,58.0,,true
1752,5000.0,20.0,,true
1753,2200.0,134.0,,true
1754,3500.0,243.0,,true
1755,5000.0,600.0,,true
1756,500.0,149.0,,true
1757,125.0,484.0,,true
1758,40.0,424.0,,true
1759,350.0,148.0,,true
1760,500.0,178.0,,false
1761,500.0,400.0,,false
1762,3300.0,28.0,,false
1763,3300.0,21.0,,false
1764,3300.0,29.0,,false
1765,60.0,223.0,,false
1766,60.0,162.0,,false
1767,60.0,172.0,,false
1768,60.0,237.0,,false
1769,800.0,5.0,,false
1770,60.0,98.0,,false
1771,60.0,102.0,,false
1772,60.0,98.0,,false
1773,60.0,115.0,,false
1774,60.0,99.0,,false
1775,60.0,113.0,,false
1776,100.0,238.0,,false
1777,100.0,250.0,,false
1778,900.0,7.0,,false
1779,1150.0,15.0,,false
1780,1000.0,5.0,,false
1781,1350.0,46.0,,true
1782,500.0,60.0,,true
1783,5000.0,20.0,,true
1784,2200.0,132.0,,true
1785,3500.0,346.0,,true
1786,5000.0,600.0,,true
1787,500.0,154.0,,true
1788,125.0,536.0,,true
1789,40.0,376.0,,true
1790,350.0,174.0,,true
1791,500.0,200.0,,false
1792,500.0,395.0,,false
1793,3300.0,24.0,,false
1794,3300.0,25.0,,false
1795,3300.0,26.0,,false
1796,60.0,170.0,,false
1797,60.0,157.0,,false
1798,60.0,189.0,,false
1799,60.0,222.0,,false
1800,800.0,6.0,,false
1801,60.0,113.0,,false
1802,60.0,88.0,,false
1803,60.0,92.0,,false
1804,60.0,93.0,,false
1805,60.0,116.0,,false
1806,60.0,106.0,,false
1807,60.0,107.0,,false
1808,60.0,81.0,,false
1809,100.0,219.0,,false
1810,100.0,201.0,,false
1811,900.0,7.0,,false
1812,1150.0,15.0,,false
1813,1000.0,8.0,,false
1814,1350.0,50.0,,true
1815,500.0,57.0,,true
1816,5000.0,16.0,,true
1817,2200.0,132.0,,true
1818,3500.0,251.0,,true
1819,5000.0,600.0,,true
1820,500.0,151.0,,true
1821,125.0,498.0,,true
1822,40.0,404.0,,true
1823,350.0,149.0,,true
1824,500.0,178.0,,false
1825,500.0,383.0,,false
1826,3300.0,23.0,,false
1827,3300.0,25.0,,false
1828,3300.0,22.0,,false
1829,60.0,157.0,,false
1830,60.0,242.0,,false
1831,60.0,236.0,,false
1832,60.0,169.0,,false
1833,800.0,5.0,,false
1834,60.0,112.0,,false
1835,60.0,95.0,,false
1836,60.0,89.0,,false
1837,60.0,105.0,,false
1838,60.0,116.0,,false
1839,60.0,118.0,,false
1840,100.0,189.0,,false
1841,100.0,194.0,,false
1842,900.0,9.0,,false
1843,1150.0,17.0,,false
1844,1000.0,6.0,,false
1845,1350.0,49.0,,true
1846,500.0,57.0,,true
1847,5000.0,17.0,,true
1848,2200.0,138.0,,true
1849,3500.0,231.0,,true
1850,5000.0,600.0,,true
1851,500.0,151.0,,true
1852,125.0,500.0,,true
1853,40.0,391.0,,true
1854,350.0,147.0,,true
1855,500.0,190.0,,false
1856,500.0,338.0,,false
1857,3300.0,30.0,,false
1858,3300.0,28.0,,false
1859,3300.0,25.0,,false
1860,60.0,219.0,,false
1861,60.0,246.0,,false
1862,60.0,160.0,,false
1863,800.0,4.0,,false
1864,60.0,119.0,,false
1865,60.0,104.0,,false
1866,60.0,82.0,,false
1867,60.0,82.0,,false
1868,60.0,113.0,,false
1869,60.0,110.0,,false
1870,60.0,116.0,,false
1871,60.0,81.0,,false
1872,60.0,105.0,,false
1873,60.0,87.0,,false
1874,100.0,247.0,,false
1875,100.0,242.0,,false
1876,900.0,8.0,,false
1877,1150.0,16.0,,false
1878,1000.0,5.0,,false
1879,1350.0,46.0,,true
1880,500.0,58.0,,true
1881,5000.0,20.0,,true
1882,2200.0,133.0,,true
1883,3500.0,305.0,,true
1884,5000.0,600.0,,true
1885,500.0,141.0,,true
1886,125.0,510.0,,true
1887,40.0,377.0,,true
1888,350.0,174.0,,true
1889,500.0,182.0,,false
1890,500.0,426.0,,false
1891,3300.0,24.0,,false
1892,3300.0,26.0,,false
1893,3300.0,21.0,,false
1894,60.0,248.0,,false
1895,60.0,182.0,,false
1896,60.0,152.0,,false
1897,800.0,5.0,,false
1898,60.0,103.0,,false
1899,60.0,89.0,,false
1900,60.0,99.0,,false
1901,60.0,113.0,,false
1902,60.0,114.0,,false
1903,60.0,97.0,,false
1904,60.0,119.0,,false
1905,60.0,112.0,,false
1906,60.0,120.0,,false
1907,60.0,109.0,,false
1908,100.0,248.0,,false
1909,100.0,208.0,,false
1910,900.0,7.0,,false
1911,1150.0,13.0,,false
1912,1000.0,7.0,,false
1913,1350.0,49.0,,true
1914,500.0,57.0,,true
1915,5000.0,17.0,,true
1916,2200.0,135.0,,true
1917,3500.0,322.0,,true
1918,5000.0,600.0,,true
1919,500.0,158.0,,true
1920,125.0,518.0,,true
1921,40.0,411.0,,true
1922,350.0,156.0,,true
1923,500.0,179.0,,false
1924,500.0,322.0,,false
1925,3300.0,24.0,,false
1926,3300.0,22.0,,false
1927,3300.0,29.0,,false
1928,60.0,155.0,,false
1929,60.0,182.0,,false
1930,60.0,168.0,,false
1931,60.0,182.0,,false
1932,800.0,5.0,,false
1933,60.0,114.0,,false
1934,60.0,83.0,,false
1935,60.0,106.0,,false
1936,60.0,101.0,,false
1937,60.0,87.0,,false
1938,60.0,120.0,,false
1939,60.0,93.0,,false
1940,60.0,113.0,,false
1941,60.0,104.0,,false
1942,60.0,90.0,,false
1943,100.0,226.0,,false
1944,100.0,233.0,,false
1945,900.0,10.0,,false
1946,1150.0,16.0,,false
1947,1000.0,5.0,,false
1948,1350.0,46.0,,true
1949,500.0,60.0,,true
1950,5000.0,16.0,,true
1951,2200.0,137.0,,true
1952,3500.0,239.0,,true
1953,5000.0,600.0,,true
1954,500.0,144.0,,true
1955,125.0,535.0,,true
1956,40.0,389.0,,true
1957,350.0,143.0,,true
1958,500.0,182.0,,false
1959,500.0,517.0,,false
1960,3300.0,27.0,,false
1961,3300.0,21.0,,false
1962,3300.0,25.0,,false
1963,60.0,248.0,,false
1964,60.0,213.0,,false
1965,60.0,158.0,,false
1966,800.0,6.0,,false
1967,60.0,119.0,,false
1968,60.0,93.0,,false
1969,60.0,115.0,,false
1970,60.0,107.0,,false
1971,60.0,103.0,,false
1972,60.0,100.0,,false
1973,60.0,99.0,,false
1974,60.0,99.0,,false
1975,100.0,243.0,,false
1976,100.0,205.0,,false
1977,900.0,8.0,,false
1978,1150.0,15.0,,false
1979,1000.0,8.0,,false
1980,1350.0,49.0,,true
1981,500.0,60.0,,true
1982,5000.0,17.0,,true
1983,2200.0,136.0,,true
1984,3500.0,222.0,,true
1985,5000.0,600.0,,true
1986,500.0,150.0,,true
1987,125.0,534.0,,true
1988,40.0,447.0,,true
1989,350.0,152.0,,true
1990,500.0,191.0,,false
1991,500.0,418.0,,false
1992,3300.0,28.0,,false
1993,3300.0,25.0,,false
1994,3300.0,23.0,,false
1995,60.0,155.0,,false
1996,60.0,163.0,,false
1997,60.0,218.0,,false
1998,800.0,4.0,,false
1999,60.0,115.0,,false
2000,60.0,89.0,,false
2001,60.0,97.0,,false
2002,60.0,112.0,,false
2003,60.0,114.0,,false
2004,60.0,118.0,,false
2005,60.0,98.0,,false
2006,60.0,95.0,,false
2007,60.0,88.0,,false
2008,60.0,105.0,,false
2009,100.0,184.0,,false
2010,100.0,213.0,,false
2011,900.0,7.0,,false
2012,1150.0,18.0,,false
2013,1000.0,7.0,,false
2014,1350.0,47.0,,true
2015,500.0,57.0,,true
2016,5000.0,17.0,,true
2017,2200.0,138.0,,true
2018,3500.0,250.0,,true
2019,5000.0,600.0,,true
2020,500.0,145.0,,true
2021,125.0,540.0,,true
2022,40.0,351.0,,true
2023,350.0,179.0,,true
2024,500.0,179.0,,false
2025,500.0,555.0,,false
2026,3300.0,23.0,,false
2027,3300.0,25.0,,false
2028,3300.0,25.0,,false
2029,60.0,154.0,,false
2030,60.0,201.0,,false
2031,60.0,183.0,,false
2032,800.0,5.0,,false
2033,60.0,86.0,,false
2034,60.0,88.0,,false
2035,60.0,109.0,,false
2036,60.0,95.0,,false
2037,60.0,92.0,,false
2038,60.0,111.0,,false
2039,60.0,118.0,,false
2040,60.0,87.0,,false
2041,60.0,110.0,,false
2042,60.0,101.0,,false
2043,100.0,187.0,,false
2044,100.0,215.0,,false
2045,900.0,7.0,,false
2046,1150.0,17.0,,false
2047,1000.0,5.0,,false
2048,1350.0,47.0,,true
2049,500.0,57.0,,true
2050,5000.0,18.0,,true
2051,2200.0,136.0,,true
2052,3500.0,257.0,,true
2053,5000.0,600.0,,true
2054,500.0,147.0,,true
2055,125.0,489.0,,true
2056,40.0,457.0,,true
2057,350.0,173.0,,true
2058,500.0,195.0,,false
2059,500.0,510.0,,false
2060,3300.0,25.0,,false
2061,3300.0,25.0,,false
2062,3300.0,25.0,,false
2063,60.0,161.0,,false
2064,60.0,178.0,,false
2065,60.0,170.0,,false
2066,60.0,245.0,,false
2067,800.0,5.0,,false
2068,60.0,94.0,,false
2069,60.0,105.0,,false
2070,60.0,94.0,,false
2071,60.0,85.0,,false
2072,60.0,103.0,,false
2073,60.0,104.0,,false
2074,60.0,100.0,,false
2075,60.0,93.0,,false
2076,100.0,208.0,,false
2077,100.0,226.0,,false
2078,900.0,7.0,,false
2079,1150.0,18.0,,false
2080,1000.0,6.0,,false
2081,1350.0,46.0,,true
2082,500.0,56.0,,true
2083,5000.0,16.0,,true
2084,2200.0,137.0,,true
2085,3500.0,284.0,,true
2086,5000.0,600.0,,true
2087,500.0,147.0,,true
2088,125.0,478.0,,true
2089,40.0,364.0,,true
2090,350.0,150.0,,true
2091,500.0,174.0,,false
2092,500.0,520.0,,false
2093,3300.0,21.0,,false
2094,3300.0,22.0,,false
2095,3300.0,22.0,,false
2096,60.0,240.0,,false
2097,60.0,225.0,,false
2098,60.0,152.0,,false
2099,60.0,216.0,,false
2100,800.0,6.0,,false
2101,60.0,86.0,,false
2102,60.0,115.0,,false
2103,60.0,93.0,,false
2104,60.0,89.0,,false
2105,60.0,117.0,,false
2106,60.0,88.0,,false
2107,60.0,100.0,,false
2108,60.0,112.0,,false
2109,60.0,117.0,,false
2110,60.0,103.0,,false
2111,100.0,226.0,,false
2112,100.0,221.0,,false
2113,900.0,7.0,,false
2114,1150.0,17.0,,false
2115,1000.0,7.0,,false
2116,1350.0,48.0,,true
2117,500.0,60.0,,true
2118,5000.0,19.0,,true
2119,2200.0,132.0,,true
2120,3500.0,215.0,,true
2121,5000.0,600.0,,true
2122,500.0,158.0,,true
2123,125.0,468.0,,true
2124,40.0,437.0,,true
2125,350.0,174.0,,true
2126,500.0,193.0,,false
2127,500.0,573.0,,false
2128,3300.0,21.0,,false
2129,3300.0,27.0,,false
2130,3300.0,23.0,,false
2131,60.0,156.0,,false
2132,60.0,164.0,,false
2133,60.0,163.0,,false
2134,800.0,4.0,,false
2135,60.0,106.0,,false
2136,60.0,120.0,,false
2137,60.0,88.0,,false
2138,60.0,105.0,,false
2139,60.0,93.0,,false
2140,60.0,98.0,,false
2141,100.0,231.0,,false
2142,100.0,239.0,,false
2143,900.0,8.0,,false
2144,1150.0,17.0,,false
2145,1000.0,7.0,,false
2146,1350.0,48.0,,true
2147,500.0,57.0,,true
2148,5000.0,19.0,,true
2149,2200.0,131.0,,true
2150,3500.0,342.0,,true
2151,5000.0,600.0,,true
2152,500.0,141.0,,true
2153,125.0,454.0,,true
2154,40.0,383.0,,true
2155,350.0,161.0,,true
2156,500.0,172.0,,false
2157,500.0,418.0,,false
2158,3300.0,30.0,,false
2159,3300.0,23.0,,false
2160,3300.0,23.0,,false
2161,60.0,237.0,,false
2162,60.0,198.0,,false
2163,60.0,176.0,,false
2164,800.0,6.0,,false
2165,60.0,112.0,,false
2166,60.0,90.0,,false
2167,60.0,86.0,,false
2168,60.0,114.0,,false
2169,60.0,87.0,,false
2170,60.0,115.0,,false
2171,60.0,115.0,,false
2172,60.0,96.0,,false
2173,100.0,238.0,,false
2174,100.0,185.0,,false
2175,900.0,7.0,,false
2176,1150.0,15.0,,false
2177,1000.0,5.0,,false
2178,1350.0,48.0,,true
2179,500.0,58.0,,true
2180,5000.0,18.0,,true
2181,2200.0,140.0,,true
2182,3500.0,324.0,,true
2183,5000.0,600.0,,true
2184,500.0,141.0,,true
2185,125.0,472.0,,true
2186,40.0,423.0,,true
2187,350.0,162.0,,true
2188,500.0,189.0,,false
2189,500.0,302.0,,false
2190,3300.0,24.0,,false
2191,3300.0,21.0,,false
2192,3300.0,30.0,,false
2193,60.0,235.0,,false
2194,60.0,238.0,,false
2195,60.0,191.0,,false
2196,60.0,221.0,,false
2197,800.0,5.0,,false
2198,60.0,81.0,,false
2199,60.0,93.0,,false
2200,60.0,104.0,,false
2201,60.0,101.0,,false
2202,60.0,118.0,,false
2203,60.0,96.0,,false
2204,60.0,98.0,,false
2205,60.0,110.0,,false
2206,60.0,108.0,,false
2207,100.0,181.0,,false
2208,100.0,205.0,,false
2209,900.0,8.0,,false
2210,1150.0,13.0,,false
2211,1000.0,5.0,,false
2212,1350.0,48.0,,true
2213,500.0,60.0,,true
2214,5000.0,18.0,,true
2215,2200.0,140.0,,true
2216,3500.0,371.0,,true
2217,5000.0,600.0,,true
2218,500.0,151.0,,true
2219,125.0,540.0,,true
2220,40.0,413.0,,true
2221,350.0,153.0,,true
2222,500.0,182.0,,false
2223,500.0,588.0,,false
2224,3300.0,22.0,,false
2225,3300.0,21.0,,false
2226,3300.0,22.0,,false
2227,60.0,210.0,,false
2228,60.0,157.0,,false
2229,60.0,179.0,,false
2230,60.0,208.0,,false
2231,800.0,5.0,,false
2232,60.0,104.0,,false
2233,60.0,120.0,,false
2234,60.0,120.0,,false
2235,60.0,83.0,,false
2236,60.0,90.0,,false
2237,60.0,95.0,,false
2238,100.0,183.0,,false
2239,100.0,192.0,,false
2240,900.0,8.0,,false
2241,1150.0,18.0,,false
2242,1000.0,6.0,,false
2243,1350.0,46.0,,true
2244,500.0,59.0,,true
2245,5000.0,16.0,,true
2246,2200.0,132.0,,true
2247,3500.0,357.0,,true
2248,5000.0,600.0,,true
2249,500.0,147.0,,true
2250,125.0,498.0,,true
2251,40.0,431.0,,true
2252,350.0,171.0,,true
2253,500.0,177.0,,false
2254,500.0,470.0,,false
2255,3300.0,25.0,,false
2256,3300.0,22.0,,false
2257,3300.0,29.0,,false
2258,60.0,164.0,,false
2259,60.0,210.0,,false
2260,60.0,167.0,,false
2261,60.0,153.0,,false
2262,800.0,5.0,,false
2263,60.0,104.0,,false
2264,60.0,93.0,,false
2265,60.0,100.0,,false
2266,60.0,115.0,,false
2267,60.0,81.0,,false
2268,60.0,98.0,,false
2269,60.0,114.0,,false
2270,60.0,105.0,,false
2271,60.0,84.0,,false
2272,100.0,209.0,,false
2273,100.0,193.0,,false
2274,900.0,10.0,,false
2275,1150.0,13.0,,false
2276,1000.0,6.0,,false
2277,1350.0,47.0,,true
2278,500.0,58.0,,true
2279,5000.0,20.0,,true
2280,2200.0,138.0,,true
2281,3500.0,310.0,,true
2282,5000.0,600.0,,true
2283,500.0,155.0,,true
2284,125.0,506.0,,true
2285,40.0,356.0,,true
2286,350.0,176.0,,true
2287,500.0,174.0,,false
2288,500.0,329.0,,false
2289,3300.0,28.0,,false
2290,3300.0,26.0,,false
2291,3300.0,23.0,,false
2292,60.0,225.0,,false
2293,60.0,216.0,,false
2294,60.0,247.0,,false
2295,60.0,197.0,,false
2296,800.0,4.0,,false
2297,60.0,84.0,,false
2298,60.0,115.0,,false
2299,60.0,96.0,,false
2300,60.0,81.0,,false
2301,60.0,107.0,,false
2302,60.0,117.0,,false
2303,60.0,106.0,,false
2304,60.0,109.0,,false
2305,60.0,109.0,,false
2306,60.0,102.0,,false
2307,100.0,201.0,,false
2308,100.0,197.0,,false
2309,900.0,8.0,,false
2310,1150.0,15.0,,false
2311,1000.0,7.0,,false
2312,1350.0,50.0,,true
2313,500.0,57.0,,true
2314,5000.0,19.0,,true
2315,2200.0,138.0,,true
2316,3500.0,369.0,,true
2317,5000.0,600.0,,true
2318,500.0,152.0,,true
2319,125.0,479.0,,true
2320,40.0,393.0,,true
2321,350.0,177.0,,true
2322,500.0,192.0,,false
2323,500.0,519.0,,false
2324,3300.0,27.0,,false
2325,3300.0,23.0,,false
2326,3300.0,28.0,,false
2327,60.0,185.0,,false
2328,60.0,231.0,,false
2329,60.0,167.0,,false
2330,800.0,4.0,,false
2331,60.0,108.0,,false
2332,60.0,112.0,,false
2333,60.0,101.0,,false
2334,60.0,83.0,,false
2335,60.0,84.0,,false
2336,60.0,103.0,,false
2337,60.0,109.0,,false
2338,100.0,237.0,,false
2339,100.0,198.0,,false
2340,900.0,8.0,,false
2341,1150.0,13.0,,false
2342,1000.0,8.0,,false
2343,1350.0,49.0,,true
2344,500.0,60.0,,true
2345,5000.0,16.0,,true
2346,2200.0,137.0,,true
2347,3500.0,324.0,,true
2348,5000.0,600.0,,true
2349,500.0,142.0,,true
2350,125.0,504.0,,true
2351,40.0,444.0,,true
2352,350.0,170.0,,true
2353,500.0,190.0,,false
2354,500.0,383.0,,false
2355,3300.0,23.0,,false
2356,3300.0,29.0,,false
2357,3300.0,30.0,,false
2358,60.0,187.0,,false
2359,60.0,164.0,,false
2360,60.0,200.0,,false
2361,800.0,5.0,,false
2362,60.0,84.0,,false
2363,60.0,115.0,,false
2364,60.0,119.0,,false
2365,60.0,90.0,,false
2366,60.0,93.0,,false
2367,60.0,107.0,,false
2368,100.0,232.0,,false
2369,100.0,185.0,,false
2370,900.0,8.0,,false
2371,1150.0,17.0,,false
2372,1000.0,5.0,,false
2373,1350.0,49.0,,true
2374,500.0,59.0,,true
2375,5000.0,18.0,,true
2376,2200.0,140.0,,true
2377,3500.0,400.0,,true
2378,5000.0,600.0,,true
2379,500.0,159.0,,true
2380,125.0,513.0,,true
2381,40.0,409.0,,true
2382,350.0,176.0,,true
2383,500.0,190.0,,false
2384,500.0,379.0,,false
2385,3300.0,21.0,,false
2386,3300.0,23.0,,false
2387,3300.0,26.0,,false
2388,60.0,175.0,,false
2389,60.0,173.0,,false
2390,60.0,155.0,,false
2391,60.0,191.0,,false
2392,800.0,5.0,,false
2393,60.0,87.0,,false
2394,60.0,85.0,,false
2395,60.0,102.0,,false
2396,60.0,90.0,,false
2397,60.0,117.0,,false
2398,60.0,120.0,,false
2399,60.0,117.0,,false
2400,60.0,98.0,,false
2401,100.0,225.0,,false
2402,100.0,183.0,,false
2403,900.0,9.0,,false
2404,1150.0,14.0,,false
2405,1000.0,5.0,,false
2406,1350.0,49.0,,true
2407,500.0,58.0,,true
2408,5000.0,17.0,,true
2409,2200.0,133.0,,true
2410,3500.0,231.0,,true
2411,5000.0,600.0,,true
2412,500.0,155.0,,true
2413,125.0,482.0,,true
2414,40.0,361.0,,true
2415,350.0,170.0,,true
2416,500.0,199.0,,false
2417,500.0,390.0,,false
2418,3300.0,25.0,,false
2419,3300.0,23.0,,false
2420,3300.0,28.0,,false
2421,60.0,229.0,,false
2422,60.0,236.0,,false
2423,60.0,168.0,,false
2424,60.0,196.0,,false
2425,800.0,5.0,,false
2426,60.0,98.0,,false
2427,60.0,118.0,,false
2428,60.0,111.0,,false
2429,60.0,106.0,,false
2430,60.0,85.0,,false
2431,60.0,91.0,,false
2432,60.0,106.0,,false
2433,60.0,93.0,,false
2434,60.0,116.0,,false
2435,60.0,104.0,,false
2436,100.0,224.0,,false
2437,100.0,230.0,,false
2438,900.0,9.0,,false
2439,1150.0,15.0,,false
2440,1000.0,6.0,,false
2441,1350.0,48.0,,true
2442,500.0,59.0,,true
2443,5000.0,18.0,,true
2444,2200.0,133.0,,true
2445,3500.0,296.0,,true
2446,5000.0,600.0,,true
2447,500.0,153.0,,true
2448,125.0,466.0,,true
2449,40.0,453.0,,true
2450,350.0,168.0,,true
2451,500.0,190.0,,false
2452,500.0,499.0,,false
2453,3300.0,28.0,,false
2454,3300.0,28.0,,false
2455,3300.0,28.0,,false
2456,60.0,201.0,,false
2457,60.0,240.0,,false
2458,60.0,193.0,,false
2459,800.0,4.0,,false
2460,60.0,91.0,,false
2461,60.0,114.0,,false
2462,60.0,99.0,,false
2463,60.0,108.0,,false
2464,60.0,85.0,,false
2465,60.0,106.0,,false
2466,60.0,111.0,,false
2467,60.0,103.0,,false
2468,100.0,210.0,,false
2469,100.0,187.0,,false
2470,900.0,10.0,,false
2471,1150.0,16.0,,false
2472,1000.0,6.0,,false
2473,1350.0,47.0,,true
2474,500.0,59.0,,true
2475,5000.0,16.0,,true
2476,2200.0,131.0,,true
2477,3500.0,214.0,,true
2478,5000.0,600.0,,true
2479,500.0,156.0,,true
2480,125.0,501.0,,true
2481,40.0,413.0,,true
2482,350.0,157.0,,true
2483,500.0,177.0,,false
2484,500.0,328.0,,false
2485,3300.0,24.0,,false
2486,3300.0,23.0,,false
2487,3300.0,26.0,,false
2488,60.0,201.0,,false
2489,60.0,247.0,,false
2490,60.0,243.0,,false
2491,60.0,151.0,,false
2492,800.0,4.0,,false
2493,60.0,100.0,,false
2494,60.0,105.0,,false
2495,60.0,81.0,,false
2496,60.0,103.0,,false
2497,60.0,104.0,,false
2498,60.0,83.0,,false
2499,60.0,103.0,,false
2500,100.0,192.0,,false
2501,100.0,187.0,,false
2502,900.0,7.0,,false
2503,1150.0,13.0,,false
2504,1000.0,5.0,,false
2505,1350.0,50.0,,true
2506,500.0,60.0,,true
2507,5000.0,17.0,,true
2508,2200.0,136.0,,true
2509,3500.0,281.0,,true
2510,5000.0,600.0,,true
2511,500.0,154.0,,true
2512,125.0,527.0,,true
2513,40.0,366.0,,true
2514,350.0,174.0,,true
2515,500.0,175.0,,false
2516,500.0,366.0,,false
2517,3300.0,27.0,,false
2518,3300.0,30.0,,false
2519,3300.0,29.0,,false
2520,60.0,155.0,,false
2521,60.0,169.0,,false
2522,60.0,192.0,,false
2523,800.0,4.0,,false
2524,60.0,114.0,,false
2525,60.0,102.0,,false
2526,60.0,109.0,,false
2527,60.0,83.0,,false
2528,60.0,106.0,,false
2529,60.0,114.0,,false
2530,100.0,186.0,,false
2531,100.0,250.0,,false
2532,900.0,7.0,,false
2533,1150.0,18.0,,false
2534,1000.0,6.0,,false
2535,1350.0,46.0,,true
2536,500.0,60.0,,true
2537,5000.0,18.0,,true
2538,2200.0,137.0,,true
2539,3500.0,275.0,,true
2540,5000.0,600.0,,true
2541,500.0,147.0,,true
2542,125.0,470.0,,true
2543,40.0,402.0,,true
2544,350.0,158.0,,true
2545,500.0,180.0,,false
2546,500.0,351.0,,false
2547,3300.0,30.0,,false
2548,3300.0,24.0,,false
2549,3300.0,27.0,,false
2550,60.0,227.0,,false
2551,60.0,198.0,,false
2552,60.0,199.0,,false
2553,60.0,229.0,,false
2554,800.0,5.0,,false
2555,60.0,98.0,,false
2556,60.0,94.0,,false
2557,60.0,89.0,,false
2558,60.0,111.0,,false
2559,60.0,120.0,,false
2560,60.0,119.0,,false
2561,100.0,219.0,,false
2562,100.0,191.0,,false
2563,900.0,9.0,,false
2564,1150.0,17.0,,false
2565,1000.0,7.0,,false
2566,1350.0,50.0,,true
2567,500.0,59.0,,true
2568,5000.0,20.0,,true
2569,2200.0,132.0,,true
2570,3500.0,382.0,,true
2571,5000.0,600.0,,true
2572,500.0,150.0,,true
2573,125.0,505.0,,true
2574,40.0,446.0,,true
2575,350.0,147.0,,true
2576,500.0,194.0,,false
2577,500.0,489.0,,false
2578,3300.0,27.0,,false
2579,3300.0,26.0,,false
2580,3300.0,30.0,,false
2581,60.0,179.0,,false
2582,60.0,221.0,,false
2583,60.0,233.0,,false
2584,800.0,5.0,,false
2585,60.0,109.0,,false
2586,60.0,91.0,,false
2587,60.0,85.0,,false
2588,60.0,106.0,,false
2589,60.0,104.0,,false
2590,60.0,119.0,,false
2591,60.0,96.0,,false
2592,60.0,84.0,,false
2593,60.0,83.0,,false
2594,60.0,91.0,,false
2595,100.0,196.0,,false
2596,100.0,220.0,,false
2597,900.0,8.0,,false
2598,1150.0,16.0,,false
2599,1000.0,6.0,,false
2600,1350.0,46.0,,true
2601,500.0,58.0,,true
2602,5000.0,20.0,,true
2603,2200.0,137.0,,true
2604,3500.0,363.0,,true
2605,5000.0,600.0,,true
2606,500.0,142.0,,true
2607,125.0,522.0,,true
2608,40.0,353.0,,true
2609,350.0,142.0,,true
2610,500.0,171.0,,false
2611,500.0,443.0,,false
2612,3300.0,26.0,,false
2613,3300.0,29.0,,false
2614,3300.0,30.0,,false
2615,60.0,222.0,,false
2616,60.0,186.0,,false
2617,60.0,179.0,,false
2618,800.0,5.0,,false
2619,60.0,113.0,,false
2620,60.0,113.0,,false
2621,60.0,102.0,,false
2622,60.0,95.0,,false
2623,60.0,107.0,,false
2624,60.0,117.0,,false
2625,60.0,103.0,,false
2626,100.0,247.0,,false
2627,100.0,249.0,,false
2628,900.0,7.0,,false
2629,1150.0,13.0,,false
2630,1000.0,8.0,,false
2631,1350.0,46.0,,true
2632,500.0,60.0,,true
2633,5000.0,20.0,,true
2634,2200.0,140.0,,true
2635,3500.0,360.0,,true
2636,5000.0,600.0,,true
2637,500.0,145.0,,true
2638,125.0,496.0,,true
2639,40.0,359.0,,true
2640,350.0,173.0,,true
2641,500.0,179.0,,false
2642,500.0,365.0,,false
2643,3300.0,29.0,,false
2644,3300.0,26.0,,false
2645,3300.0,22.0,,false
2646,60.0,182.0,,false
2647,60.0,238.0,,false
2648,60.0,214.0,,false
2649,800.0,4.0,,false
2650,60.0,107.0,,false
2651,60.0,111.0,,false
2652,60.0,114.0,,false
2653,60.0,107.0,,false
2654,60.0,90.0,,false
2655,60.0,84.0,,false
2656,100.0,191.0,,false
2657,100.0,229.0,,false
2658,900.0,10.0,,false
2659,1150.0,13.0,,false
2660,1000.0,7.0,,false
2661,1350.0,47.0,,true
2662,500.0,60.0,,true
2663,5000.0,18.0,,true
2664,2200.0,140.0,,true
2665,3500.0,390.0,,true
2666,5000.0,600.0,,true
2667,500.0,157.0,,true
2668,125.0,473.0,,true
2669,40.0,357.0,,true
2670,350.0,176.0,,true
2671,500.0,172.0,,false
2672,500.0,410.0,,false
2673,3300.0,29.0,,false
2674,3300.0,25.0,,false
2675,3300.0,22.0,,false
2676,60.0,164.0,,false
2677,60.0,244.0,,false
2678,60.0,170.0,,false
2679,800.0,6.0,,false
2680,60.0,83.0,,false
2681,60.0,109.0,,false
2682,60.0,88.0,,false
2683,60.0,107.0,,false
2684,60.0,96.0,,false
2685,60.0,89.0,,false
2686,60.0,107.0,,false
2687,100.0,185.0,,false
2688,100.0,228.0,,false
2689,900.0,10.0,,false
2690,1150.0,14.0,,false
2691,1000.0,6.0,,false
2692,1350.0,47.0,,true
2693,500.0,58.0,,true
2694,5000.0,19.0,,true
2695,2200.0,138.0,,true
2696,3500.0,275.0,,true
2697,5000.0,600.0,,true
2698,500.0,154.0,,true
2699,125.0,484.0,,true
2700,40.0,448.0,,true
2701,350.0,170.0,,true
2702,500.0,179.0,,false
2703,500.0,508.0,,false
2704,3300.0,23.0,,false
2705,3300.0,29.0,,false
2706,3300.0,26.0,,false
2707,60.0,205.0,,false
2708,60.0,240.0,,false
2709,60.0,204.0,,false
2710,800.0,5.0,,false
2711,60.0,113.0,,false
2712,60.0,94.0,,false
2713,60.0,117.0,,false
2714,60.0,83.0,,false
2715,60.0,113.0,,false
2716,60.0,89.0,,false
2717,60.0,119.0,,false
2718,60.0,115.0,,false
2719,60.0,106.0,,false
2720,60.0,113.0,,false
2721,100.0,204.0,,false
2722,100.0,242.0,,false
2723,900.0,8.0,,false
2724,1150.0,18.0,,false
2725,1000.0,7.0,,false
2726,1350.0,48.0,,true
2727,500.0,58.0,,true
2728,5000.0,17.0,,true
2729,2200.0,135.0,,true
2730,3500.0,390.0,,true
2731,5000.0,600.0,,true
2732,500.0,144.0,,true
2733,125.0,481.0,,true
2734,40.0,369.0,,true
2735,350.0,166.0,,true
2736,500.0,198.0,,false
2737,500.0,516.0,,false
2738,3300.0,28.0,,false
2739,3300.0,26.0,,false
2740,3300.0,29.0,,false
2741,60.0,211.0,,false
2742,60.0,181.0,,false
2743,60.0,160.0,,false
2744,800.0,4.0,,false
2745,60.0,95.0,,false
2746,60.0,120.0,,false
2747,60.0,82.0,,false
2748,60.0,96.0,,false
2749,60.0,113.0,,false
2750,60.0,95.0,,false
2751,100.0,243.0,,false
2752,100.0,246.0,,false
2753,900.0,9.0,,false
2754,1150.0,14.0,,false
2755,1000.0,5.0,,false
2756,1350.0,46.0,,true
2757,500.0,57.0,,true
2758,5000.0,18.0,,true
2759,2200.0,137.0,,true
2760,3500.0,201.0,,true
2761,5000.0,600.0,,true
2762,500.0,159.0,,true
2763,125.0,472.0,,true
2764,40.0,442.0,,true
2765,350.0,164.0,,true
2766,500.0,189.0,,false
2767,500.0,364.0,,false
2768,3300.0,30.0,,false
2769,3300.0,25.0,,false
2770,3300.0,23.0,,false
2771,60.0,162.0,,false
2772,60.0,201.0,,false
2773,60.0,226.0,,false
2774,800.0,5.0,,false
2775,60.0,93.0,,false
2776,60.0,116.0,,false
2777,60.0,105.0,,false
2778,60.0,99.0,,false
2779,60.0,111.0,,false
2780,60.0,98.0,,false
2781,60.0,112.0,,false
2782,60.0,105.0,,false
2783,60.0,90.0,,false
2784,100.0,192.0,,false
2785,100.0,182.0,,false
2786,900.0,9.0,,false
2787,1150.0,13.0,,false
2788,1000.0,8.0,,false
2789,1350.0,50.0,,true
2790,500.0,59.0,,true
2791,5000.0,19.0,,true
2792,2200.0,133.0,,true
2793,3500.0,339.0,,true
2794,5000.0,600.0,,true
2795,500.0,149.0,,true
2796,125.0,548.0,,true
2797,40.0,404.0,,true
2798,350.0,158.0,,true
2799,500.0,196.0,,false
2800,500.0,436.0,,false
2801,3300.0,21.0,,false
2802,3300.0,28.0,,false
2803,3300.0,25.0,,false
2804,60.0,179.0,,false
2805,60.0,234.0,,false
2806,60.0,231.0,,false
2807,800.0,4.0,,false
2808,60.0,117.0,,false
2809,60.0,82.0,,false
2810,60.0,112.0,,false
2811,60.0,87.0,,false
2812,60.0,114.0,,false
2813,60.0,101.0,,false
2814,60.0,112.0,,false
2815,100.0,200.0,,false
2816,100.0,236.0,,false
2817,900.0,7.0,,false
2818,1150.0,15.0,,false
2819,1000.0,7.0,,false
2820,1350.0,48.0,,true
2821,500.0,58.0,,true
2822,5000.0,19.0,,true
2823,2200.0,136.0,,true
2824,3500.0,300.0,,true
2825,5000.0,600.0,,true
2826,500.0,155.0,,true
2827,125.0,532.0,,true
2828,40.0,379.0,,true
2829,350.0,174.0,,true
2830,500.0,193.0,,false
2831,500.0,376.0,,false
2832,3300.0,24.0,,false
2833,3300.0,23.0,,false
2834,3300.0,22.0,,false
2835,60.0,244.0,,false
2836,60.0,185.0,,false
2837,60.0,203.0,,false
2838,800.0,4.0,,false
2839,60.0,106.0,,false
2840,60.0,119.0,,false
2841,60.0,95.0,,false
2842,60.0,108.0,,false
2843,60.0,99.0,,false
2844,60.0,115.0,,false
2845,60.0,81.0,,false
2846,100.0,221.0,,false
2847,100.0,192.0,,false
2848,900.0,10.0,,false
2849,1150.0,17.0,,false
2850,1000.0,7.0,,false
2851,1350.0,50.0,,true
2852,500.0,57.0,,true
2853,5000.0,16.0,,true
2854,2200.0,140.0,,true
2855,3500.0,274.0,,true
2856,5000.0,600.0,,true
2857,500.0,149.0,,true
2858,125.0,473.0,,true
2859,40.0,388.0,,true
2860,350.0,169.0,,true
2861,500.0,199.0,,false
2862,500.0,498.0,,false
2863,3300.0,30.0,,false
2864,3300.0,28.0,,false
2865,3300.0,28.0,,false
2866,60.0,155.0,,false
2867,60.0,234.0,,false
2868,60.0,176.0,,false
2869,60.0,195.0,,false
2870,800.0,5.0,,false
2871,60.0,109.0,,false
2872,60.0,85.0,,false
2873,60.0,92.0,,false
2874,60.0,109.0,,false
2875,60.0,82.0,,false
2876,60.0,105.0,,false
2877,60.0,114.0,,false
2878,100.0,182.0,,false
2879,100.0,206.0,,false
2880,900.0,9.0,,false
2881,1150.0,13.0,,false
2882,1000.0,5.0,,false
2883,1350.0,49.0,,true
2884,500.0,60.0,,true
2885,5000.0,17.0,,true
2886,2200.0,131.0,,true
2887,3500.0,221.0,,true
2888,5000.0,600.0,,true
2889,500.0,147.0,,true
2890,125.0,452.0,,true
2891,40.0,415.0,,true
2892,350.0,178.0,,true
2893,500.0,176.0,,false
2894,500.0,394.0,,false
2895,3300.0,22.0,,false
2896,3300.0,30.0,,false
2897,3300.0,23.0,,false
2898,60.0,204.0,,false
2899,60.0,161.0,,false
2900,60.0,161.0,,false
2901,60.0,155.0,,false
2902,800.0,6.0,,false
2903,60.0,90.0,,false
2904,60.0,97.0,,false
2905,60.0,97.0,,false
2906,60.0,105.0,,false
2907,60.0,89.0,,false
2908,60.0,115.0,,false
2909,60.0,120.0,,false
2910,60.0,114.0,,false
2911,60.0,111.0,,false
2912,60.0,120.0,,false
2913,100.0,203.0,,false
2914,100.0,186.0,,false
2915,900.0,9.0,,false
2916,1150.0,18.0,,false
2917,1000.0,5.0,,false
2918,1350.0,46.0,,true
2919,500.0,56.0,,true
2920,5000.0,20.0,,true
2921,2200.0,138.0,,true
2922,3500.0,276.0,,true
2923,5000.0,600.0,,true
2924,500.0,141.0,,true
2925,125.0,535.0,,true
2926,40.0,397.0,,true
2927,350.0,153.0,,true
2928,500.0,197.0,,false
2929,500.0,380.0,,false
2930,3300.0,22.0,,false
2931,3300.0,21.0,,false
2932,3300.0,28.0,,false
2933,60.0,182.0,,false
2934,60.0,230.0,,false
2935,60.0,204.0,,false
2936,800.0,5.0,,false
2937,60.0,106.0,,false
2938,60.0,109.0,,false
2939,60.0,89.0,,false
2940,60.0,92.0,,false
2941,60.0,103.0,,false
2942,60.0,103.0,,false
2943,60.0,93.0,,false
2944,60.0,119.0,,false
2945,100.0,184.0,,false
2946,100.0,192.0,,false
2947,900.0,9.0,,false
2948,1150.0,16.0,,false
2949,1000.0,5.0,,false
2950,1350.0,49.0,,true
2951,500.0,60.0,,true
2952,5000.0,20.0,,true
2953,2200.0,137.0,,true
2954,3500.0,331.0,,true
2955,5000.0,600.0,,true
2956,500.0,144.0,,true
2957,125.0,529.0,,true
2958,40.0,357.0,,true
2959,350.0,146.0,,true
2960,500.0,172.0,,false
2961,500.0,496.0,,false
2962,3300.0,21.0,,false
2963,3300.0,30.0,,false
2964,3300.0,21.0,,false
2965,60.0,233.0,,false
2966,60.0,163.0,,false
2967,60.0,171.0,,false
2968,800.0,6.0,,false
2969,60.0,82.0,,false
2970,60.0,117.0,,false
2971,60.0,97.0,,false
2972,60.0,103.0,,false
2973,60.0,91.0,,false
2974,60.0,112.0,,false
2975,60.0,85.0,,false
2976,60.0,88.0,,false
2977,60.0,105.0,,false
2978,60.0,98.0,,false
2979,100.0,216.0,,false
2980,100.0,182.0,,false
2981,900.0,8.0,,false
2982,1150.0,14.0,,false
2983,1000.0,6.0,,false
2984,1350.0,50.0,,true
2985,500.0,57.0,,true
2986,5000.0,18.0,,true
2987,2200.0,136.0,,true
2988,3500.0,368.0,,true
2989,5000.0,600.0,,true
2990,500.0,152.0,,true
2991,125.0,478.0,,true
2992,40.0,351.0,,true
2993,350.0,143.0,,true
2994,500.0,198.0,,false
2995,500.0,488.0,,false
2996,3300.0,29.0,,false
2997,3300.0,24.0,,false
2998,3300.0,22.0,,false
2999,60.0,186.0,,false
3000,60.0,213.0,,false
3001,60.0,247.0,,false
3002,800.0,4.0,,false
3003,60.0,90.0,,false
3004,60.0,96.0,,false
3005,60.0,95.0,,false
3006,60.0,108.0,,false
3007,60.0,88.0,,false
3008,60.0,91.0,,false
3009,60.0,94.0,,false
3010,60.0,110.0,,false
3011,60.0,94.0,,false
3012,60.0,85.0,,false
3013,100.0,199.0,,false
3014,100.0,205.0,,false
3015,900.0,7.0,,false
3016,1150.0,16.0,,false
3017,1000.0,5.0,,false
3018,1350.0,46.0,,true
3019,500.0,58.0,,true
3020,5000.0,18.0,,true
3021,2200.0,131.0,,true
3022,3500.0,236.0,,true
3023,5000.0,600.0,,true
3024,500.0,157.0,,true
3025,125.0,485.0,,true
3026,40.0,418.0,,true
3027,350.0,179.0,,true
3028,500.0,182.0,,false
3029,500.0,462.0,,false
3030,3300.0,21.0,,false
3031,3300.0,21.0,,false
3032,3300.0,24.0,,false
3033,60.0,197.0,,false
3034,60.0,193.0,,false
3035,60.0,181.0,,false
3036,60.0,227.0,,false
3037,800.0,6.0,,false
3038,60.0,87.0,,false
3039,60.0,110.0,,false
3040,60.0,84.0,,false
3041,60.0,88.0,,false
3042,60.0,118.0,,false
3043,60.0,86.0,,false
3044,100.0,201.0,,false
3045,100.0,228.0,,false
3046,900.0,10.0,,false
3047,1150.0,13.0,,false
3048,1000.0,5.0,,false
3049,1350.0,49.0,,true
3050,500.0,57.0,,true
3051,5000.0,18.0,,true
3052,2200.0,134.0,,true
3053,3500.0,240.0,,true
3054,5000.0,600.0,,true
3055,500.0,142.0,,true
3056,125.0,541.0,,true
3057,40.0,442.0,,true
3058,350.0,142.0,,true
3059,500.0,197.0,,false
3060,500.0,349.0,,false
3061,3300.0,25.0,,false
3062,3300.0,30.0,,false
3063,3300.0,22.0,,false
3064,60.0,195.0,,false
3065,60.0,153.0,,false
3066,60.0,211.0,,false
3067,800.0,4.0,,false
3068,60.0,84.0,,false
3069,60.0,91.0,,false
3070,60.0,83.0,,false
3071,60.0,99.0,,false
3072,60.0,90.0,,false
3073,60.0,83.0,,false
3074,60.0,111.0,,false
3075,60.0,109.0,,false
3076,100.0,248.0,,false
3077,100.0,250.0,,false
3078,900.0,10.0,,false
3079,1150.0,14.0,,false
3080,1000.0,6.0,,false
3081,1350.0,46.0,,true
3082,500.0,60.0,,true
3083,5000.0,20.0,,true
3084,2200.0,132.0,,true
3085,3500.0,282.0,,true
3086,5000.0,600.0,,true
3087,500.0,155.0,,true
3088,125.0,531.0,,true
3089,40.0,453.0,,true
3090,350.0,166.0,,true
3091,500.0,181.0,,false
3092,500.0,574.0,,false
3093,3300.0,22.0,,false
3094,3300.0,29.0,,false
3095,3300.0,25.0,,false
3096,60.0,186.0,,false
3097,60.0,182.0,,false
3098,60.0,210.0,,false
3099,800.0,6.0,,false
3100,60.0,103.0,,false
3101,60.0,85.0,,false
3102,60.0,94.0,,false
3103,60.0,119.0,,false
3104,60.0,90.0,,false
3105,60.0,117.0,,false
3106,60.0,103.0,,false
3107,60.0,114.0,,false
3108,60.0,117.0,,false
3109,60.0,91.0,,false
3110,100.0,250.0,,false
3111,100.0,194.0,,false
3112,900.0,7.0,,false
3113,1150.0,13.0,,false
3114,1000.0,6.0,,false
3115,1350.0,49.0,,true
3116,500.0,57.0,,true
3117,5000.0,16.0,,true
3118,2200.0,139.0,,true
3119,3500.0,284.0,,true
3120,5000.0,600.0,,true
3121,500.0,152.0,,true
3122,125.0,549.0,,true
3123,40.0,431.0,,true
3124,350.0,150.0,,true
3125,500.0,171.0,,false
3126,500.0,476.0,,false
3127,3300.0,24.0,,false
3128,3300.0,24.0,,false
3129,3300.0,23.0,,false
3130,60.0,238.0,,false
3131,60.0,154.0,,false
3132,60.0,192.0,,false
3133,800.0,4.0,,false
3134,60.0,85.0,,false
3135,60.0,97.0,,false
3136,60.0,90.0,,false
3137,60.0,81.0,,false
3138,60.0,86.0,,false
3139,60.0,97.0,,false
3140,60.0,102.0,,false
3141,60.0,101.0,,false
3142,60.0,92.0,,false
3143,100.0,227.0,,false
3144,100.0,200.0,,false
3145,900.0,7.0,,false
3146,1150.0,17.0,,false
3147,1000.0,8.0,,false
3148,1350.0,49.0,,true
3149,500.0,58.0,,true
3150,5000.0,19.0,,true
3151,2200.0,133.0,,true
3152,3500.0,247.0,,true
3153,5000.0,600.0,,true
3154,500.0,144.0,,true
3155,125.0,468.0,,true
3156,40.0,362.0,,true
3157,350.0,150.0,,true
3158,500.0,184.0,,false
3159,500.0,455.0,,false
3160,3300.0,26.0,,false
3161,3300.0,25.0,,false
3162,3300.0,28.0,,false
3163,60.0,226.0,,false
3164,60.0,169.0,,false
3165,60.0,167.0,,false
3166,60.0,187.0,,false
3167,800.0,6.0,,false
3168,60.0,103.0,,false
3169,60.0,91.0,,false
3170,60.0,115.0,,false
3171,60.0,94.0,,false
3172,60.0,114.0,,false
3173,60.0,82.0,,false
3174,60.0,101.0,,false
3175,60.0,100.0,,false
3176,100.0,192.0,,false
3177,100.0,238.0,,false
3178,900.0,10.0,,false
3179,1150.0,17.0,,false
3180,1000.0,5.0,,false
3181,1350.0,48.0,,true
3182,500.0,56.0,,true
3183,5000.0,19.0,,true
3184,2200.0,138.0,,true
3185,3500.0,332.0,,true
3186,5000.0,600.0,,true
3187,500.0,157.0,,true
3188,125.0,511.0,,true
3189,40.0,356.0,,true
3190,350.0,144.0,,true
3191,500.0,177.0,,false
3192,500.0,309.0,,false
3193,3300.0,26.0,,false
3194,3300.0,24.0,,false
3195,3300.0,30.0,,false
3196,60.0,218.0,,false
3197,60.0,155.0,,false
3198,60.0,181.0,,false
3199,60.0,186.0,,false
3200,800.0,5.0,,false
3201,60.0,120.0,,false
3202,60.0,84.0,,false
3203,60.0,86.0,,false
3204,60.0,90.0,,false
3205,60.0,119.0,,false
3206,60.0,108.0,,false
3207,60.0,101.0,,false
3208,60.0,101.0,,false
3209,60.0,93.0,,false
3210,60.0,117.0,,false
3211,100.0,228.0,,false
3212,100.0,232.0,,false
3213,900.0,7.0,,false
3214,1150.0,13.0,,false
3215,1000.0,8.0,,false
3216,1350.0,50.0,,true
3217,500.0,58.0,,true
3218,5000.0,16.0,,true
3219,2200.0,132.0,,true
3220,3500.0,358.0,,true
3221,5000.0,600.0,,true
3222,500.0,156.0,,true
3223,125.0,532.0,,true
3224,40.0,357.0,,true
3225,350.0,166.0,,true
3226,500.0,176.0,,false
3227,500.0,421.0,,false
3228,3300.0,24.0,,false
3229,3300.0,21.0,,false
3230,3300.0,30.0,,false
3231,60.0,221.0,,false
3232,60.0,203.0,,false
3233,60.0,229.0,,false
3234,800.0,6.0,,false
3235,60.0,118.0,,false
3236,60.0,110.0,,false
3237,60.0,94.0,,false
3238,60.0,101.0,,false
3239,60.0,99.0,,false
3240,60.0,88.0,,false
3241,60.0,117.0,,false
3242,60.0,105.0,,false
3243,60.0,104.0,,false
3244,100.0,222.0,,false
3245,100.0,242.0,,false
3246,900.0,8.0,,false
3247,1150.0,18.0,,false
3248,1000.0,5.0,,false
