Reference,height,width,stripwidth,preemptable
1,1350.0,48.0,720,true
2,500.0,60.0,,true
3,5000.0,17.0,,true
4,2200.0,137.0,,true
5,3500.0,285.0,,true
6,5000.0,600.0,,true
7,500.0,148.0,,true
8,125.0,452.0,,true
9,40.0,356.0,,true
10,350.0,160.0,,true
11,500.0,194.0,,false
12,500.0,512.0,,false
13,3300.0,27.0,,false
14,3300.0,28.0,,false
15,3300.0,30.0,,false
16,60.0,189.0,,false
17,60.0,204.0,,false
18,60.0,236.0,,false
19,800.0,4.0,,false
20,60.0,115.0,,false
21,60.0,81.0,,false
22,60.0,86.0,,false
23,60.0,99.0,,false
24,60.0,92.0,,false
25,60.0,86.0,,false
26,60.0,114.0,,false
27,60.0,91.0,,false
28,100.0,246.0,,false
29,100.0,235.0,,false
30,900.0,10.0,,false
31,1150.0,16.0,,false
32,1000.0,6.0,,false
33,1350.0,49.0,,true
34,500.0,59.0,,true
35,5000.0,16.0,,true
36,2200.0,132.0,,true
37,3500.0,316.0,,true
38,5000.0,600.0,,true
39,500.0,157.0,,true
40,125.0,528.0,,true
41,40.0,353.0,,true
42,350.0,179.0,,true
43,500.0,200.0,,false
44,500.0,332.0,,false
45,3300.0,28.0,,false
46,3300.0,28.0,,false
47,3300.0,30.0,,false
48,60.0,225.0,,false
49,60.0,226.0,,false
50,60.0,173.0,,false
51,800.0,4.0,,false
52,60.0,119.0,,false
53,60.0,97.0,,false
54,60.0,112.0,,false
55,60.0,101.0,,false
56,60.0,117.0,,false
57,60.0,81.0,,false
58,60.0,95.0,,false
59,100.0,191.0,,false
60,100.0,195.0,,false
61,900.0,7.0,,false
62,1150.0,14.0,,false
63,1000.0,5.0,,false
64,1350.0,50.0,,true
65,500.0,58.0,,true
66,5000.0,17.0,,true
67,2200.0,134.0,,true
68,3500.0,217.0,,true
69,5000.0,600.0,,true
70,500.0,152.0,,true
71,125.0,456.0,,true
72,40.0,421.0,,true
73,350.0,148.0,,true
74,500.0,188.0,,false
75,500.0,426.0,,false
76,3300.0,25.0,,false
77,3300.0,23.0,,false
78,3300.0,22.0,,false
79,60.0,216.0,,false
80,60.0,163.0,,false
81,60.0,221.0,,false
82,800.0,4.0,,false
83,60.0,120.0,,false
84,60.0,99.0,,false
85,60.0,108.0,,false
86,60.0,92.0,,false
87,60.0,81.0,,false
88,60.0,101.0,,false
89,100.0,207.0,,false
90,100.0,215.0,,false
91,900.0,10.0,,false
92,1150.0,13.0,,false
93,1000.0,7.0,,false
94,1350.0,47.0,,true
95,500.0,60.0,,true
96,5000.0,18.0,,true
97,2200.0,138.0,,true
98,3500.0,376.0,,true
99,5000.0,600.0,,true
100,500.0,148.0,,true
101,125.0,508.0,,true
102,40.0,379.0,,true
103,350.0,145.0,,true
104,500.0,190.0,,false
105,500.0,369.0,,false
106,3300.0,21.0,,false
107,3300.0,26.0,,false
108,3300.0,23.0,,false
109,60.0,160.0,,false
110,60.0,243.0,,false
111,60.0,227.0,,false
112,800.0,4.0,,false
113,60.0,92.0,,false
114,60.0,116.0,,false
115,60.0,84.0,,false
116,60.0,86.0,,false
117,60.0,105.0,,false
118,60.0,93.0,,false
119,60.0,86.0,,false
120,60.0,98.0,,false
121,60.0,88.0,,false
122,100.0,192.0,,false
123,100.0,248.0,,false
124,900.0,8.0,,false
125,1150.0,13.0,,false
126,1000.0,8.0,,false
127,1350.0,49.0,,true
128,500.0,56.0,,true
129,5000.0,17.0,,true
130,2200.0,132.0,,true
131,3500.0,215.0,,true
132,5000.0,600.0,,true
133,500.0,142.0,,true
134,125.0,543.0,,true
135,40.0,420.0,,true
136,350.0,158.0,,true
137,500.0,183.0,,false
138,500.0,455.0,,false
139,3300.0,30.0,,false
140,3300.0,28.0,,false
141,3300.0,21.0,,false
142,60.0,185.0,,false
143,60.0,232.0,,false
144,60.0,240.0,,false
145,800.0,4.0,,false
146,60.0,117.0,,false
147,60.0,118.0,,false
148,60.0,115.0,,false
149,60.0,117.0,,false
150,60.0,96.0,,false
151,60.0,91.0,,false
152,60.0,98.0,,false
153,60.0,104.0,,false
154,100.0,217.0,,false
155,100.0,215.0,,false
156,900.0,10.0,,false
157,1150.0,14.0,,false
158,1000.0,7.0,,false
159,1350.0,48.0,,true
160,500.0,59.0,,true
161,5000.0,18.0,,true
162,2200.0,137.0,,true
163,3500.0,212.0,,true
164,5000.0,600.0,,true
165,500.0,149.0,,true
166,125.0,515.0,,true
167,40.0,361.0,,true
168,350.0,162.0,,true
169,500.0,177.0,,false
170,500.0,466.0,,false
171,3300.0,25.0,,false
172,3300.0,23.0,,false
173,3300.0,26.0,,false
174,60.0,209.0,,false
175,60.0,186.0,,false
176,60.0,200.0,,false
177,60.0,182.0,,false
178,800.0,6.0,,false
179,60.0,112.0,,false
180,60.0,118.0,,false
181,60.0,82.0,,false
182,60.0,119.0,,false
183,60.0,98.0,,false
184,60.0,94.0,,false
185,60.0,94.0,,false
186,60.0,117.0,,false
187,60.0,120.0,,false
188,60.0,85.0,,false
189,100.0,223.0,,false
190,100.0,198.0,,false
191,900.0,9.0,,false
192,1150.0,15.0,,false
193,1000.0,7.0,,false
194,1350.0,49.0,,true
195,500.0,58.0,,true
196,5000.0,16.0,,true
197,2200.0,132.0,,true
198,3500.0,341.0,,true
199,5000.0,600.0,,true
200,500.0,148.0,,true
201,125.0,456.0,,true
202,40.0,408.0,,true
203,350.0,153.0,,true
204,500.0,172.0,,false
205,500.0,500.0,,false
206,3300.0,27.0,,false
207,3300.0,22.0,,false
208,3300.0,22.0,,false
209,60.0,179.0,,false
210,60.0,153.0,,false
211,60.0,160.0,,false
212,800.0,6.0,,false
213,60.0,83.0,,false
214,60.0,90.0,,false
215,60.0,107.0,,false
216,60.0,84.0,,false
217,60.0,105.0,,false
218,60.0,118.0,,false
219,100.0,200.0,,false
220,100.0,221.0,,false
221,900.0,7.0,,false
222,1150.0,15.0,,false
223,1000.0,7.0,,false
224,1350.0,49.0,,true
225,500.0,59.0,,true
226,5000.0,17.0,,true
227,2200.0,135.0,,true
228,3500.0,351.0,,true
229,5000.0,600.0,,true
230,500.0,152.0,,true
231,125.0,536.0,,true
232,40.0,436.0,,true
233,350.0,157.0,,true
234,500.0,190.0,,false
235,500.0,332.0,,false
236,3300.0,30.0,,false
237,3300.0,22.0,,false
238,3300.0,26.0,,false
239,60.0,239.0,,false
240,60.0,212.0,,false
241,60.0,174.0,,false
242,60.0,212.0,,false
243,800.0,5.0,,false
244,60.0,111.0,,false
245,60.0,109.0,,false
246,60.0,102.0,,false
247,60.0,110.0,,false
248,60.0,91.0,,false
249,60.0,82.0,,false
250,60.0,89.0,,false
251,60.0,117.0,,false
252,60.0,97.0,,false
253,100.0,227.0,,false
254,100.0,227.0,,false
255,900.0,7.0,,false
256,1150.0,16.0,,false
257,1000.0,6.0,,false
258,1350.0,48.0,,true
259,500.0,60.0,,true
260,5000.0,20.0,,true
261,2200.0,135.0,,true
262,3500.0,367.0,,true
263,5000.0,600.0,,true
264,500.0,143.0,,true
265,125.0,538.0,,true
266,40.0,418.0,,true
267,350.0,145.0,,true
268,500.0,199.0,,false
269,500.0,436.0,,false
270,3300.0,21.0,,false
271,3300.0,26.0,,false
272,3300.0,23.0,,false
273,60.0,205.0,,false
274,60.0,158.0,,false
275,60.0,198.0,,false
276,800.0,6.0,,false
277,60.0,92.0,,false
278,60.0,107.0,,false
279,60.0,100.0,,false
280,60.0,100.0,,false
281,60.0,93.0,,false
282,60.0,114.0,,false
283,100.0,228.0,,false
284,100.0,228.0,,false
285,900.0,10.0,,false
286,1150.0,13.0,,false
287,1000.0,7.0,,false
288,1350.0,49.0,,true
289,500.0,58.0,,true
290,5000.0,20.0,,true
291,2200.0,132.0,,true
292,3500.0,262.0,,true
293,5000.0,600.0,,true
294,500.0,158.0,,true
295,125.0,487.0,,true
296,40.0,366.0,,true
297,350.0,150.0,,true
298,500.0,193.0,,false
299,500.0,393.0,,false
300,3300.0,30.0,,false
301,3300.0,21.0,,false
302,3300.0,24.0,,false
303,60.0,172.0,,false
304,60.0,248.0,,false
305,60.0,174.0,,false
306,60.0,162.0,,false
307,800.0,6.0,,false
308,60.0,112.0,,false
309,60.0,100.0,,false
310,60.0,108.0,,false
311,60.0,116.0,,false
312,60.0,118.0,,false
313,60.0,87.0,,false
314,60.0,89.0,,false
315,60.0,117.0,,false
316,60.0,93.0,,false
317,60.0,120.0,,false
318,100.0,197.0,,false
319,100.0,235.0,,false
320,900.0,10.0,,false
321,1150.0,18.0,,false
322,1000.0,7.0,,false
323,1350.0,46.0,,true
324,500.0,60.0,,true
325,5000.0,16.0,,true
326,2200.0,133.0,,true
327,3500.0,385.0,,true
328,5000.0,600.0,,true
329,500.0,148.0,,true
330,125.0,535.0,,true
331,40.0,430.0,,true
332,350.0,178.0,,true
333,500.0,176.0,,false
334,500.0,348.0,,false
335,3300.0,21.0,,false
336,3300.0,22.0,,false
337,3300.0,25.0,,false
338,60.0,151.0,,false
339,60.0,217.0,,false
340,60.0,158.0,,false
341,800.0,4.0,,false
342,60.0,89.0,,false
343,60.0,118.0,,false
344,60.0,109.0,,false
345,60.0,90.0,,false
346,60.0,85.0,,false
347,60.0,97.0,,false
348,60.0,115.0,,false
349,100.0,221.0,,false
350,100.0,232.0,,false
351,900.0,9.0,,false
352,1150.0,17.0,,false
353,1000.0,6.0,,false
354,1350.0,50.0,,true
355,500.0,57.0,,true
356,5000.0,19.0,,true
357,2200.0,132.0,,true
358,3500.0,329.0,,true
359,5000.0,600.0,,true
360,500.0,142.0,,true
361,125.0,509.0,,true
362,40.0,451.0,,true
363,350.0,160.0,,true
364,500.0,178.0,,false
365,500.0,471.0,,false
366,3300.0,28.0,,false
367,3300.0,26.0,,false
368,3300.0,30.0,,false
369,60.0,213.0,,false
370,60.0,231.0,,false
371,60.0,163.0,,false
372,800.0,6.0,,false
373,60.0,99.0,,false
374,60.0,120.0,,false
375,60.0,88.0,,false
376,60.0,102.0,,false
377,60.0,84.0,,false
378,60.0,101.0,,false
379,100.0,232.0,,false
380,100.0,184.0,,false
381,900.0,10.0,,false
382,1150.0,15.0,,false
383,1000.0,8.0,,false
384,1350.0,46.0,,true
385,500.0,57.0,,true
386,5000.0,20.0,,true
387,2200.0,132.0,,true
388,3500.0,234.0,,true
389,5000.0,600.0,,true
390,500.0,148.0,,true
391,125.0,469.0,,true
392,40.0,416.0,,true
393,350.0,168.0,,true
394,500.0,181.0,,false
395,500.0,485.0,,false
396,3300.0,28.0,,false
397,3300.0,26.0,,false
398,3300.0,24.0,,false
399,60.0,176.0,,false
400,60.0,152.0,,false
401,60.0,178.0,,false
402,800.0,5.0,,false
403,60.0,91.0,,false
404,60.0,102.0,,false
405,60.0,111.0,,false
406,60.0,115.0,,false
407,60.0,118.0,,false
408,60.0,82.0,,false
409,60.0,103.0,,false
410,60.0,82.0,,false
411,60.0,113.0,,false
412,60.0,84.0,,false
413,100.0,188.0,,false
414,100.0,209.0,,false
415,900.0,7.0,,false
416,1150.0,17.0,,false
417,1000.0,7.0,,false
418,1350.0,46.0,,true
419,500.0,58.0,,true
420,5000.0,18.0,,true
421,2200.0,139.0,,true
422,3500.0,246.0,,true
423,5000.0,600.0,,true
424,500.0,156.0,,true
425,125.0,470.0,,true
426,40.0,418.0,,true
427,350.0,161.0,,true
428,500.0,198.0,,false
429,500.0,365.0,,false
430,3300.0,23.0,,false
431,3300.0,25.0,,false
432,3300.0,30.0,,false
433,60.0,226.0,,false
434,60.0,248.0,,false
435,60.0,211.0,,false
436,60.0,234.0,,false
437,800.0,6.0,,false
438,60.0,115.0,,false
439,60.0,95.0,,false
440,60.0,88.0,,false
441,60.0,111.0,,false
442,60.0,94.0,,false
443,60.0,107.0,,false
444,60.0,94.0,,false
445,60.0,112.0,,false
446,100.0,222.0,,false
447,100.0,238.0,,false
448,900.0,9.0,,false
449,1150.0,18.0,,false
450,1000.0,6.0,,false
451,1350.0,46.0,,true
452,500.0,60.0,,true
453,5000.0,20.0,,true
454,2200.0,140.0,,true
455,3500.0,254.0,,true
456,5000.0,600.0,,true
457,500.0,156.0,,true
458,125.0,550.0,,true
459,40.0,449.0,,true
460,350.0,161.0,,true
461,500.0,188.0,,false
462,500.0,455.0,,false
463,3300.0,22.0,,false
464,3300.0,28.0,,false
465,3300.0,22.0,,false
466,60.0,156.0,,false
467,60.0,214.0,,false
468,60.0,242.0,,false
469,800.0,5.0,,false
470,60.0,119.0,,false
471,60.0,89.0,,false
472,60.0,109.0,,false
473,60.0,94.0,,false
474,60.0,106.0,,false
475,60.0,89.0,,false
476,60.0,115.0,,false
477,60.0,110.0,,false
478,60.0,113.0,,false
479,100.0,190.0,,false
480,100.0,184.0,,false
481,900.0,7.0,,false
482,1150.0,17.0,,false
483,1000.0,7.0,,false
484,1350.0,48.0,,true
485,500.0,59.0,,true
486,5000.0,17.0,,true
487,2200.0,137.0,,true
488,3500.0,281.0,,true
489,5000.0,600.0,,true
490,500.0,147.0,,true
491,125.0,536.0,,true
492,40.0,380.0,,true
493,350.0,162.0,,true
494,500.0,193.0,,false
495,500.0,583.0,,false
496,3300.0,21.0,,false
497,3300.0,21.0,,false
498,3300.0,23.0,,false
499,60.0,151.0,,false
500,60.0,151.0,,false
501,60.0,208.0,,false
502,60.0,158.0,,false
503,800.0,6.0,,false
504,60.0,92.0,,false
505,60.0,110.0,,false
506,60.0,109.0,,false
507,60.0,106.0,,false
508,60.0,89.0,,false
509,60.0,109.0,,false
510,60.0,101.0,,false
511,60.0,109.0,,false
512,60.0,90.0,,false
513,60.0,94.0,,false
514,100.0,195.0,,false
515,100.0,200.0,,false
516,900.0,10.0,,false
517,1150.0,15.0,,false
518,1000.0,6.0,,false
519,1350.0,47.0,,true
520,500.0,56.0,,true
521,5000.0,19.0,,true
522,2200.0,136.0,,true
523,3500.0,394.0,,true
524,5000.0,600.0,,true
525,500.0,151.0,,true
526,125.0,503.0,,true
527,40.0,373.0,,true
528,350.0,147.0,,true
529,500.0,199.0,,false
530,500.0,483.0,,false
531,3300.0,27.0,,false
532,3300.0,26.0,,false
533,3300.0,25.0,,false
534,60.0,244.0,,false
535,60.0,223.0,,false
536,60.0,169.0,,false
537,800.0,6.0,,false
538,60.0,85.0,,false
539,60.0,101.0,,false
540,60.0,96.0,,false
541,60.0,120.0,,false
542,60.0,112.0,,false
543,60.0,101.0,,false
544,100.0,210.0,,false
545,100.0,188.0,,false
546,900.0,9.0,,false
547,1150.0,13.0,,false
548,1000.0,6.0,,false
549,1350.0,47.0,,true
550,500.0,56.0,,true
551,5000.0,16.0,,true
552,2200.0,136.0,,true
553,3500.0,240.0,,true
554,5000.0,600.0,,true
555,500.0,144.0,,true
556,125.0,516.0,,true
557,40.0,398.0,,true
558,350.0,169.0,,true
559,500.0,187.0,,false
560,500.0,514.0,,false
561,3300.0,28.0,,false
562,3300.0,26.0,,false
563,3300.0,24.0,,false
564,60.0,236.0,,false
565,60.0,178.0,,false
566,60.0,235.0,,false
567,60.0,233.0,,false
568,800.0,5.0,,false
569,60.0,85.0,,false
570,60.0,111.0,,false
571,60.0,106.0,,false
572,60.0,102.0,,false
573,60.0,114.0,,false
574,60.0,96.0,,false
575,60.0,102.0,,false
576,100.0,181.0,,false
577,100.0,225.0,,false
578,900.0,9.0,,false
579,1150.0,16.0,,false
580,1000.0,7.0,,false
581,1350.0,48.0,,true
582,500.0,57.0,,true
583,5000.0,17.0,,true
584,2200.0,134.0,,true
585,3500.0,341.0,,true
586,5000.0,600.0,,true
587,500.0,160.0,,true
588,125.0,493.0,,true
589,40.0,351.0,,true
590,350.0,161.0,,true
591,500.0,172.0,,false
592,500.0,566.0,,false
593,3300.0,27.0,,false
594,3300.0,30.0,,false
595,3300.0,30.0,,false
596,60.0,176.0,,false
597,60.0,188.0,,false
598,60.0,203.0,,false
599,60.0,224.0,,false
600,800.0,6.0,,false
601,60.0,110.0,,false
602,60.0,97.0,,false
603,60.0,104.0,,false
604,60.0,88.0,,false
605,60.0,82.0,,false
606,60.0,106.0,,false
607,60.0,81.0,,false
608,60.0,102.0,,false
609,60.0,95.0,,false
610,60.0,109.0,,false
611,100.0,232.0,,false
612,100.0,232.0,,false
613,900.0,10.0,,false
614,1150.0,16.0,,false
615,1000.0,6.0,,false
616,1350.0,48.0,,true
617,500.0,56.0,,true
618,5000.0,18.0,,true
619,2200.0,136.0,,true
620,3500.0,218.0,,true
621,5000.0,600.0,,true
622,500.0,152.0,,true
623,125.0,507.0,,true
624,40.0,428.0,,true
625,350.0,150.0,,true
626,500.0,185.0,,false
627,500.0,538.0,,false
628,3300.0,23.0,,false
629,3300.0,24.0,,false
630,3300.0,28.0,,false
631,60.0,201.0,,false
632,60.0,159.0,,false
633,60.0,185.0,,false
634,800.0,6.0,,false
635,60.0,120.0,,false
636,60.0,116.0,,false
637,60.0,101.0,,false
638,60.0,107.0,,false
639,60.0,86.0,,false
640,60.0,107.0,,false
641,60.0,88.0,,false
642,60.0,108.0,,false
643,100.0,197.0,,false
644,100.0,246.0,,false
645,900.0,9.0,,false
646,1150.0,18.0,,false
647,1000.0,8.0,,false
648,1350.0,49.0,,true
649,500.0,58.0,,true
650,5000.0,16.0,,true
651,2200.0,131.0,,true
652,3500.0,374.0,,true
653,5000.0,600.0,,true
654,500.0,148.0,,true
655,125.0,546.0,,true
656,40.0,398.0,,true
657,350.0,179.0,,true
658,500.0,172.0,,false
659,500.0,426.0,,false
660,3300.0,27.0,,false
661,3300.0,30.0,,false
662,3300.0,29.0,,false
663,60.0,249.0,,false
664,60.0,151.0,,false
665,60.0,194.0,,false
666,60.0,246.0,,false
667,800.0,4.0,,false
668,60.0,99.0,,false
669,60.0,91.0,,false
670,60.0,98.0,,false
671,60.0,83.0,,false
672,60.0,120.0,,false
673,60.0,120.0,,false
674,60.0,120.0,,false
675,60.0,89.0,,false
676,60.0,102.0,,false
677,60.0,110.0,,false
678,100.0,186.0,,false
679,100.0,247.0,,false
680,900.0,10.0,,false
681,1150.0,18.0,,false
682,1000.0,5.0,,false
683,1350.0,47.0,,true
684,500.0,56.0,,true
685,5000.0,18.0,,true
686,2200.0,131.0,,true
687,3500.0,294.0,,true
688,5000.0,600.0,,true
689,500.0,147.0,,true
690,125.0,529.0,,true
691,40.0,451.0,,true
692,350.0,144.0,,true
693,500.0,198.0,,false
694,500.0,387.0,,false
695,3300.0,30.0,,false
696,3300.0,27.0,,false
697,3300.0,23.0,,false
698,60.0,235.0,,false
699,60.0,176.0,,false
700,60.0,223.0,,false
701,60.0,169.0,,false
702,800.0,4.0,,false
703,60.0,82.0,,false
704,60.0,93.0,,false
705,60.0,118.0,,false
706,60.0,114.0,,false
707,60.0,113.0,,false
708,60.0,102.0,,false
709,60.0,109.0,,false
710,100.0,224.0,,false
711,100.0,208.0,,false
712,900.0,9.0,,false
713,1150.0,14.0,,false
714,1000.0,7.0,,false
715,1350.0,47.0,,true
716,500.0,58.0,,true
717,5000.0,16.0,,true
718,2200.0,137.0,,true
719,3500.0,362.0,,true
720,5000.0,600.0,,true
721,500.0,159.0,,true
722,125.0,523.0,,true
723,40.0,370.0,,true
724,350.0,160.0,,true
725,500.0,172.0,,false
726,500.0,323.0,,false
727,3300.0,26.0,,false
728,3300.0,29.0,,false
729,3300.0,27.0,,false
730,60.0,216.0,,false
731,60.0,172.0,,false
732,60.0,170.0,,false
733,800.0,6.0,,false
734,60.0,112.0,,false
735,60.0,84.0,,false
736,60.0,91.0,,false
737,60.0,94.0,,false
738,60.0,88.0,,false
739,60.0,94.0,,false
740,100.0,224.0,,false
741,100.0,213.0,,false
742,900.0,9.0,,false
743,1150.0,15.0,,false
744,1000.0,5.0,,false
745,1350.0,46.0,,true
746,500.0,57.0,,true
747,5000.0,16.0,,true
748,2200.0,138.0,,true
749,3500.0,209.0,,true
750,5000.0,600.0,,true
751,500.0,150.0,,true
752,125.0,479.0,,true
753,40.0,456.0,,true
754,350.0,159.0,,true
755,500.0,195.0,,false
756,500.0,545.0,,false
757,3300.0,22.0,,false
758,3300.0,28.0,,false
759,3300.0,21.0,,false
760,60.0,201.0,,false
761,60.0,206.0,,false
762,60.0,199.0,,false
763,800.0,5.0,,false
764,60.0,95.0,,false
765,60.0,93.0,,false
766,60.0,105.0,,false
767,60.0,92.0,,false
768,60.0,82.0,,false
769,60.0,88.0,,false
770,60.0,98.0,,false
771,60.0,83.0,,false
772,60.0,100.0,,false
773,100.0,192.0,,false
774,100.0,201.0,,false
775,900.0,9.0,,false
776,1150.0,16.0,,false
777,1000.0,7.0,,false
778,1350.0,46.0,,true
779,500.0,59.0,,true
780,5000.0,16.0,,true
781,2200.0,138.0,,true
782,3500.0,285.0,,true
783,5000.0,600.0,,true
784,500.0,159.0,,true
785,125.0,522.0,,true
786,40.0,352.0,,true
787,350.0,156.0,,true
788,500.0,193.0,,false
789,500.0,413.0,,false
790,3300.0,27.0,,false
791,3300.0,28.0,,false
792,3300.0,21.0,,false
793,60.0,227.0,,false
794,60.0,153.0,,false
795,60.0,207.0,,false
796,800.0,5.0,,false
797,60.0,112.0,,false
798,60.0,119.0,,false
799,60.0,111.0,,false
800,60.0,82.0,,false
801,60.0,120.0,,false
802,60.0,119.0,,false
803,100.0,206.0,,false
804,100.0,223.0,,false
805,900.0,8.0,,false
806,1150.0,14.0,,false
807,1000.0,7.0,,false
808,1350.0,49.0,,true
809,500.0,59.0,,true
810,5000.0,20.0,,true
811,2200.0,133.0,,true
812,3500.0,314.0,,true
813,5000.0,600.0,,true
814,500.0,156.0,,true
815,125.0,504.0,,true
816,40.0,389.0,,true
817,350.0,153.0,,true
818,500.0,199.0,,false
819,500.0,484.0,,false
820,3300.0,21.0,,false
821,3300.0,29.0,,false
822,3300.0,25.0,,false
823,60.0,158.0,,false
824,60.0,157.0,,false
825,60.0,237.0,,false
826,60.0,248.0,,false
827,800.0,6.0,,false
828,60.0,92.0,,false
829,60.0,98.0,,false
830,60.0,100.0,,false
831,60.0,85.0,,false
832,60.0,95.0,,false
833,60.0,113.0,,false
834,60.0,96.0,,false
835,60.0,85.0,,false
836,60.0,104.0,,false
837,100.0,200.0,,false
838,100.0,233.0,,false
839,900.0,8.0,,false
840,1150.0,13.0,,false
841,1000.0,7.0,,false
842,1350.0,48.0,,true
843,500.0,57.0,,true
844,5000.0,19.0,,true
845,2200.0,139.0,,true
846,3500.0,340.0,,true
847,5000.0,600.0,,true
848,500.0,144.0,,true
849,125.0,539.0,,true
850,40.0,430.0,,true
851,350.0,175.0,,true
852,500.0,183.0,,false
853,500.0,442.0,,false
854,3300.0,21.0,,false
855,3300.0,29.0,,false
856,3300.0,22.0,,false
857,60.0,235.0,,false
858,60.0,192.0,,false
859,60.0,186.0,,false
860,800.0,6.0,,false
861,60.0,86.0,,false
862,60.0,90.0,,false
863,60.0,88.0,,false
864,60.0,104.0,,false
865,60.0,108.0,,false
866,60.0,82.0,,false
867,60.0,87.0,,false
868,60.0,110.0,,false
869,100.0,223.0,,false
870,100.0,207.0,,false
871,900.0,10.0,,false
872,1150.0,16.0,,false
873,1000.0,8.0,,false
874,1350.0,48.0,,true
875,500.0,58.0,,true
876,5000.0,16.0,,true
877,2200.0,136.0,,true
878,3500.0,344.0,,true
879,5000.0,600.0,,true
880,500.0,156.0,,true
881,125.0,501.0,,true
882,40.0,361.0,,true
883,350.0,143.0,,true
884,500.0,175.0,,false
885,500.0,531.0,,false
886,3300.0,30.0,,false
887,3300.0,27.0,,false
888,3300.0,26.0,,false
889,60.0,164.0,,false
890,60.0,195.0,,false
891,60.0,215.0,,false
892,800.0,6.0,,false
893,60.0,84.0,,false
894,60.0,107.0,,false
895,60.0,97.0,,false
896,60.0,118.0,,false
897,60.0,117.0,,false
898,60.0,81.0,,false
899,60.0,81.0,,false
900,60.0,93.0,,false
901,100.0,233.0,,false
902,100.0,227.0,,false
903,900.0,9.0,,false
904,1150.0,17.0,,false
905,1000.0,6.0,,false
906,1350.0,47.0,,true
907,500.0,56.0,,true
908,5000.0,17.0,,true
909,2200.0,140.0,,true
910,3500.0,231.0,,true
911,5000.0,600.0,,true
912,500.0,141.0,,true
913,125.0,532.0,,true
914,40.0,436.0,,true
915,350.0,144.0,,true
916,500.0,178.0,,false
917,500.0,489.0,,false
918,3300.0,24.0,,false
919,3300.0,29.0,,false
920,3300.0,29.0,,false
921,60.0,164.0,,false
922,60.0,208.0,,false
923,60.0,246.0,,false
924,800.0,6.0,,false
925,60.0,87.0,,false
926,60.0,83.0,,false
927,60.0,103.0,,false
928,60.0,87.0,,false
929,60.0,99.0,,false
930,60.0,105.0,,false
931,60.0,104.0,,false
932,60.0,102.0,,false
933,60.0,116.0,,false
934,60.0,86.0,,false
935,100.0,184.0,,false
936,100.0,236.0,,false
937,900.0,10.0,,false
938,1150.0,13.0,,false
939,1000.0,5.0,,false
940,1350.0,47.0,,true
941,500.0,59.0,,true
942,5000.0,17.0,,true
943,2200.0,138.0,,true
944,3500.0,301.0,,true
945,5000.0,600.0,,true
946,500.0,159.0,,true
947,125.0,550.0,,true
948,40.0,415.0,,true
949,350.0,158.0,,true
950,500.0,173.0,,false
951,500.0,343.0,,false
952,3300.0,26.0,,false
953,3300.0,30.0,,false
954,3300.0,28.0,,false
955,60.0,207.0,,false
956,60.0,238.0,,false
957,60.0,250.0,,false
958,800.0,5.0,,false
959,60.0,115.0,,false
960,60.0,91.0,,false
961,60.0,111.0,,false
962,60.0,85.0,,false
963,60.0,93.0,,false
964,60.0,109.0,,false
965,60.0,109.0,,false
966,60.0,107.0,,false
967,100.0,192.0,,false
968,100.0,209.0,,false
969,900.0,10.0,,false
970,1150.0,13.0,,false
971,1000.0,8.0,,false
972,1350.0,49.0,,true
973,500.0,57.0,,true
974,5000.0,18.0,,true
975,2200.0,134.0,,true
976,3500.0,268.0,,true
977,5000.0,600.0,,true
978,500.0,152.0,,true
979,125.0,540.0,,true
980,40.0,458.0,,true
981,350.0,160.0,,true
982,500.0,195.0,,false
983,500.0,306.0,,false
984,3300.0,27.0,,false
985,3300.0,29.0,,false
986,3300.0,28.0,,false
987,60.0,202.0,,false
988,60.0,230.0,,false
989,60.0,214.0,,false
990,800.0,6.0,,false
991,60.0,88.0,,false
992,60.0,119.0,,false
993,60.0,104.0,,false
994,60.0,84.0,,false
995,60.0,95.0,,false
996,60.0,109.0,,false
997,60.0,94.0,,false
998,100.0,201.0,,false
999,100.0,227.0,,false
1000,900.0,10.0,,false
1001,1150.0,14.0,,false
1002,1000.0,5.0,,false
1003,1350.0,49.0,,true
1004,500.0,58.0,,true
1005,5000.0,17.0,,true
1006,2200.0,139.0,,true
1007,3500.0,319.0,,true
1008,5000.0,600.0,,true
1009,500.0,151.0,,true
1010,125.0,516.0,,true
1011,40.0,416.0,,true
1012,350.0,163.0,,true
1013,500.0,188.0,,false
1014,500.0,429.0,,false
1015,3300.0,28.0,,false
1016,3300.0,21.0,,false
1017,3300.0,29.0,,false
1018,60.0,198.0,,false
1019,60.0,214.0,,false
1020,60.0,183.0,,false
1021,60.0,187.0,,false
1022,800.0,5.0,,false
1023,60.0,108.0,,false
1024,60.0,95.0,,false
1025,60.0,104.0,,false
1026,60.0,100.0,,false
1027,60.0,89.0,,false
1028,60.0,116.0,,false
1029,60.0,82.0,,false
1030,100.0,227.0,,false
1031,100.0,187.0,,false
1032,900.0,8.0,,false
1033,1150.0,17.0,,false
1034,1000.0,5.0,,false
1035,1350.0,47.0,,true
1036,500.0,57.0,,true
1037,5000.0,20.0,,true
1038,2200.0,133.0,,true
1039,3500.0,376.0,,true
1040,5000.0,600.0,,true
1041,500.0,159.0,,true
1042,125.0,459.0,,true
1043,40.0,373.0,,true
1044,350.0,169.0,,true
1045,500.0,192.0,,false
1046,500.0,415.0,,false
1047,3300.0,22.0,,false
1048,3300.0,29.0,,false
1049,3300.0,28.0,,false
1050,60.0,197.0,,false
1051,60.0,165.0,,false
1052,60.0,191.0,,false
1053,800.0,4.0,,false
1054,60.0,99.0,,false
1055,60.0,110.0,,false
1056,60.0,109.0,,false
1057,60.0,119.0,,false
1058,60.0,100.0,,false
1059,60.0,90.0,,false
1060,100.0,184.0,,false
1061,100.0,192.0,,false
1062,900.0,8.0,,false
1063,1150.0,14.0,,false
1064,1000.0,5.0,,false
1065,1350.0,50.0,,true
1066,500.0,58.0,,true
1067,5000.0,19.0,,true
1068,2200.0,134.0,,true
1069,3500.0,237.0,,true
1070,5000.0,600.0,,true
1071,500.0,145.0,,true
1072,125.0,484.0,,true
1073,40.0,440.0,,true
1074,350.0,159.0,,true
1075,500.0,183.0,,false
1076,500.0,497.0,,false
1077,3300.0,30.0,,false
1078,3300.0,25.0,,false
1079,3300.0,21.0,,false
1080,60.0,152.0,,false
1081,60.0,158.0,,false
1082,60.0,248.0,,false
1083,60.0,235.0,,false
1084,800.0,6.0,,false
1085,60.0,88.0,,false
1086,60.0,116.0,,false
1087,60.0,101.0,,false
1088,60.0,113.0,,false
1089,60.0,89.0,,false
1090,60.0,98.0,,false
1091,60.0,106.0,,false
1092,60.0,95.0,,false
1093,60.0,116.0,,false
1094,100.0,191.0,,false
1095,100.0,208.0,,false
1096,900.0,10.0,,false
1097,1150.0,17.0,,false
1098,1000.0,6.0,,false
1099,1350.0,47.0,,true
1100,500.0,57.0,,true
1101,5000.0,18.0,,true
1102,2200.0,133.0,,true
1103,3500.0,303.0,,true
1104,5000.0,600.0,,true
1105,500.0,146.0,,true
1106,125.0,489.0,,true
1107,40.0,448.0,,true
1108,350.0,171.0,,true
1109,500.0,196.0,,false
1110,500.0,599.0,,false
1111,3300.0,30.0,,false
1112,3300.0,28.0,,false
1113,3300.0,27.0,,false
1114,60.0,240.0,,false
1115,60.0,195.0,,false
1116,60.0,158.0,,false
1117,60.0,225.0,,false
1118,800.0,5.0,,false
1119,60.0,97.0,,false
1120,60.0,97.0,,false
1121,60.0,88.0,,false
1122,60.0,89.0,,false
1123,60.0,81.0,,false
1124,60.0,104.0,,false
1125,60.0,102.0,,false
1126,60.0,95.0,,false
1127,60.0,86.0,,false
1128,60.0,99.0,,false
1129,100.0,206.0,,false
1130,100.0,181.0,,false
1131,900.0,8.0,,false
1132,1150.0,18.0,,false
1133,1000.0,5.0,,false
1134,1350.0,49.0,,true
1135,500.0,59.0,,true
1136,5000.0,20.0,,true
1137,2200.0,135.0,,true
1138,3500.0,325.0,,true
1139,5000.0,600.0,,true
1140,500.0,142.0,,true
1141,125.0,461.0,,true
1142,40.0,379.0,,true
1143,350.0,178.0,,true
1144,500.0,187.0,,false
1145,500.0,586.0,,false
1146,3300.0,29.0,,false
1147,3300.0,29.0,,false
1148,3300.0,23.0,,false
1149,60.0,241.0,,false
1150,60.0,234.0,,false
1151,60.0,216.0,,false
1152,60.0,171.0,,false
1153,800.0,4.0,,false
1154,60.0,111.0,,false
1155,60.0,94.0,,false
1156,60.0,92.0,,false
1157,60.0,112.0,,false
1158,60.0,81.0,,false
1159,60.0,109.0,,false
1160,100.0,245.0,,false
1161,100.0,186.0,,false
1162,900.0,10.0,,false
1163,1150.0,18.0,,false
1164,1000.0,6.0,,false
1165,1350.0,47.0,,true
1166,500.0,60.0,,true
1167,5000.0,19.0,,true
1168,2200.0,136.0,,true
1169,3500.0,250.0,,true
1170,5000.0,600.0,,true
1171,500.0,158.0,,true
1172,125.0,484.0,,true
1173,40.0,370.0,,true
1174,350.0,162.0,,true
1175,500.0,195.0,,false
1176,500.0,568.0,,false
1177,3300.0,26.0,,false
1178,3300.0,21.0,,false
1179,3300.0,22.0,,false
1180,60.0,199.0,,false
1181,60.0,239.0,,false
1182,60.0,223.0,,false
1183,800.0,5.0,,false
1184,60.0,95.0,,false
1185,60.0,92.0,,false
1186,60.0,120.0,,false
1187,60.0,104.0,,false
1188,60.0,118.0,,false
1189,60.0,118.0,,false
1190,100.0,230.0,,false
1191,100.0,213.0,,false
1192,900.0,8.0,,false
1193,1150.0,15.0,,false
1194,1000.0,6.0,,false
1195,1350.0,46.0,,true
1196,500.0,56.0,,true
1197,5000.0,20.0,,true
1198,2200.0,133.0,,true
1199,3500.0,277.0,,true
1200,5000.0,600.0,,true
1201,500.0,145.0,,true
1202,125.0,531.0,,true
1203,40.0,429.0,,true
1204,350.0,173.0,,true
1205,500.0,193.0,,false
1206,500.0,371.0,,false
1207,3300.0,23.0,,false
1208,3300.0,24.0,,false
1209,3300.0,28.0,,false
1210,60.0,161.0,,false
1211,60.0,215.0,,false
1212,60.0,234.0,,false
1213,60.0,158.0,,false
1214,800.0,4.0,,false
1215,60.0,88.0,,false
1216,60.0,116.0,,false
1217,60.0,109.0,,false
1218,60.0,83.0,,false
1219,60.0,84.0,,false
1220,60.0,107.0,,false
1221,100.0,184.0,,false
1222,100.0,212.0,,false
1223,900.0,7.0,,false
1224,1150.0,16.0,,false
1225,1000.0,6.0,,false
1226,1350.0,49.0,,true
1227,500.0,58.0,,true
1228,5000.0,17.0,,true
1229,2200.0,136.0,,true
1230,3500.0,337.0,,true
1231,5000.0,600.0,,true
1232,500.0,145.0,,true
1233,125.0,475.0,,true
1234,40.0,405.0,,true
1235,350.0,149.0,,true
1236,500.0,181.0,,false
1237,500.0,464.0,,false
1238,3300.0,27.0,,false
1239,3300.0,22.0,,false
1240,3300.0,27.0,,false
1241,60.0,242.0,,false
1242,60.0,231.0,,false
1243,60.0,210.0,,false
1244,60.0,202.0,,false
1245,800.0,5.0,,false
1246,60.0,86.0,,false
1247,60.0,106.0,,false
1248,60.0,115.0,,false
1249,60.0,117.0,,false
1250,60.0,98.0,,false
1251,60.0,120.0,,false
1252,60.0,87.0,,false
1253,60.0,103.0,,false
1254,100.0,193.0,,false
1255,100.0,235.0,,false
1256,900.0,8.0,,false
1257,1150.0,17.0,,false
1258,1000.0,8.0,,false
1259,1350.0,49.0,,true
1260,500.0,59.0,,true
1261,5000.0,18.0,,true
1262,2200.0,132.0,,true
1263,3500.0,277.0,,true
1264,5000.0,600.0,,true
1265,500.0,153.0,,true
1266,125.0,511.0,,true
1267,40.0,431.0,,true
1268,350.0,164.0,,true
1269,500.0,174.0,,false
1270,500.0,567.0,,false
1271,3300.0,23.0,,false
1272,3300.0,29.0,,false
1273,3300.0,24.0,,false
1274,60.0,250.0,,false
1275,60.0,225.0,,false
1276,60.0,181.0,,false
1277,800.0,4.0,,false
1278,60.0,99.0,,false
1279,60.0,99.0,,false
1280,60.0,99.0,,false
1281,60.0,109.0,,false
1282,60.0,89.0,,false
1283,60.0,106.0,,false
1284,60.0,95.0,,false
1285,60.0,114.0,,false
1286,100.0,208.0,,false
1287,100.0,227.0,,false
1288,900.0,7.0,,false
1289,1150.0,17.0,,false
1290,1000.0,6.0,,false
1291,1350.0,49.0,,true
1292,500.0,59.0,,true
1293,5000.0,17.0,,true
1294,2200.0,132.0,,true
1295,3500.0,326.0,,true
1296,5000.0,600.0,,true
1297,500.0,152.0,,true
1298,125.0,455.0,,true
1299,40.0,403.0,,true
1300,350.0,170.0,,true
1301,500.0,173.0,,false
1302,500.0,508.0,,false
1303,3300.0,28.0,,false
1304,3300.0,25.0,,false
1305,3300.0,26.0,,false
1306,60.0,178.0,,false
1307,60.0,153.0,,false
1308,60.0,191.0,,false
1309,800.0,6.0,,false
1310,60.0,111.0,,false
1311,60.0,96.0,,false
1312,60.0,117.0,,false
1313,60.0,107.0,,false
1314,60.0,97.0,,false
1315,60.0,87.0,,false
1316,60.0,86.0,,false
1317,60.0,102.0,,false
1318,100.0,246.0,,false
1319,100.0,201.0,,false
1320,900.0,7.0,,false
1321,1150.0,18.0,,false
1322,1000.0,8.0,,false
1323,1350.0,50.0,,true
1324,500.0,59.0,,true
1325,5000.0,18.0,,true
1326,2200.0,139.0,,true
1327,3500.0,318.0,,true
1328,5000.0,600.0,,true
1329,500.0,158.0,,true
1330,125.0,490.0,,true
1331,40.0,419.0,,true
1332,350.0,180.0,,true
1333,500.0,198.0,,false
1334,500.0,495.0,,false
1335,3300.0,25.0,,false
1336,3300.0,29.0,,false
1337,3300.0,25.0,,false
1338,60.0,247.0,,false
1339,60.0,203.0,,false
1340,60.0,199.0,,false
1341,800.0,4.0,,false
1342,60.0,96.0,,false
1343,60.0,99.0,,false
1344,60.0,117.0,,false
1345,60.0,88.0,,false
1346,60.0,86.0,,false
1347,60.0,92.0,,false
1348,60.0,118.0,,false
1349,60.0,106.0,,false
1350,60.0,110.0,,false
1351,100.0,203.0,,false
1352,100.0,237.0,,false
1353,900.0,10.0,,false
1354,1150.0,17.0,,false
1355,1000.0,8.0,,false
1356,1350.0,50.0,,true
1357,500.0,57.0,,true
1358,5000.0,18.0,,true
1359,2200.0,137.0,,true
1360,3500.0,208.0,,true
1361,5000.0,600.0,,true
1362,500.0,160.0,,true
1363,125.0,528.0,,true
1364,40.0,421.0,,true
1365,350.0,141.0,,true
1366,500.0,180.0,,false
1367,500.0,505.0,,false
1368,3300.0,27.0,,false
1369,3300.0,25.0,,false
1370,3300.0,27.0,,false
1371,60.0,232.0,,false
1372,60.0,151.0,,false
1373,60.0,205.0,,false
1374,60.0,244.0,,false
1375,800.0,6.0,,false
1376,60.0,90.0,,false
1377,60.0,87.0,,false
1378,60.0,110.0,,false
1379,60.0,119.0,,false
1380,60.0,91.0,,false
1381,60.0,103.0,,false
1382,60.0,90.0,,false
1383,100.0,203.0,,false
1384,100.0,194.0,,false
1385,900.0,10.0,,false
1386,1150.0,13.0,,false
1387,1000.0,8.0,,false
1388,1350.0,47.0,,true
1389,500.0,58.0,,true
1390,5000.0,20.0,,true
1391,2200.0,133.0,,true
1392,3500.0,268.0,,true
1393,5000.0,600.0,,true
1394,500.0,157.0,,true
1395,125.0,522.0,,true
1396,40.0,391.0,,true
1397,350.0,160.0,,true
1398,500.0,183.0,,false
1399,500.0,347.0,,false
1400,3300.0,22.0,,false
1401,3300.0,26.0,,false
1402,3300.0,25.0,,false
1403,60.0,225.0,,false
1404,60.0,174.0,,false
1405,60.0,161.0,,false
1406,60.0,235.0,,false
1407,800.0,6.0,,false
1408,60.0,116.0,,false
1409,60.0,101.0,,false
1410,60.0,91.0,,false
1411,60.0,81.0,,false
1412,60.0,93.0,,false
1413,60.0,92.0,,false
1414,60.0,100.0,,false
1415,100.0,198.0,,false
1416,100.0,192.0,,false
1417,900.0,9.0,,false
1418,1150.0,14.0,,false
1419,1000.0,8.0,,false
1420,1350.0,46.0,,true
1421,500.0,60.0,,true
1422,5000.0,20.0,,true
1423,2200.0,140.0,,true
1424,3500.0,302.0,,true
1425,5000.0,600.0,,true
1426,500.0,160.0,,true
1427,125.0,458.0,,true
1428,40.0,400.0,,true
1429,350.0,151.0,,true
1430,500.0,193.0,,false
1431,500.0,551.0,,false
1432,3300.0,27.0,,false
1433,3300.0,23.0,,false
1434,3300.0,23.0,,false
1435,60.0,162.0,,false
1436,60.0,161.0,,false
1437,60.0,204.0,,false
1438,800.0,4.0,,false
1439,60.0,105.0,,false
1440,60.0,103.0,,false
1441,60.0,99.0,,false
1442,60.0,113.0,,false
1443,60.0,109.0,,false
1444,60.0,117.0,,false
1445,60.0,103.0,,false
1446,60.0,94.0,,false
1447,60.0,88.0,,false
1448,100.0,192.0,,false
1449,100.0,218.0,,false
1450,900.0,7.0,,false
1451,1150.0,15.0,,false
1452,1000.0,8.0,,false
1453,1350.0,50.0,,true
1454,500.0,56.0,,true
1455,5000.0,16.0,,true
1456,2200.0,133.0,,true
1457,3500.0,395.0,,true
1458,5000.0,600.0,,true
1459,500.0,160.0,,true
1460,125.0,463.0,,true
1461,40.0,425.0,,true
1462,350.0,150.0,,true
1463,500.0,197.0,,false
1464,500.0,458.0,,false
1465,3300.0,30.0,,false
1466,3300.0,25.0,,false
1467,3300.0,23.0,,false
1468,60.0,189.0,,false
1469,60.0,164.0,,false
1470,60.0,219.0,,false
1471,800.0,6.0,,false
1472,60.0,84.0,,false
1473,60.0,117.0,,false
1474,60.0,114.0,,false
1475,60.0,96.0,,false
1476,60.0,89.0,,false
1477,60.0,82.0,,false
1478,100.0,192.0,,false
1479,100.0,186.0,,false
1480,900.0,10.0,,false
1481,1150.0,15.0,,false
1482,1000.0,5.0,,false
1483,1350.0,50.0,,true
1484,500.0,57.0,,true
1485,5000.0,17.0,,true
1486,2200.0,131.0,,true
1487,3500.0,202.0,,true
1488,5000.0,600.0,,true
1489,500.0,152.0,,true
1490,125.0,540.0,,true
1491,40.0,374.0,,true
1492,350.0,172.0,,true
1493,500.0,190.0,,false
1494,500.0,581.0,,false
1495,3300.0,24.0,,false
1496,3300.0,24.0,,false
1497,3300.0,25.0,,false
1498,60.0,189.0,,false
1499,60.0,218.0,,false
1500,60.0,158.0,,false
1501,800.0,4.0,,false
1502,60.0,99.0,,false
1503,60.0,82.0,,false
1504,60.0,97.0,,false
1505,60.0,120.0,,false
1506,60.0,84.0,,false
1507,60.0,87.0,,false
1508,100.0,237.0,,false
1509,100.0,219.0,,false
1510,900.0,7.0,,false
1511,1150.0,13.0,,false
1512,1000.0,7.0,,false
1513,1350.0,48.0,,true
1514,500.0,60.0,,true
1515,5000.0,16.0,,true
1516,2200.0,131.0,,true
1517,3500.0,302.0,,true
1518,5000.0,600.0,,true
1519,500.0,142.0,,true
1520,125.0,462.0,,true
1521,40.0,383.0,,true
1522,350.0,165.0,,true
1523,500.0,197.0,,false
1524,500.0,589.0,,false
1525,3300.0,28.0,,false
1526,3300.0,24.0,,false
1527,3300.0,25.0,,false
1528,60.0,208.0,,false
1529,60.0,232.0,,false
1530,60.0,180.0,,false
1531,800.0,6.0,,false
1532,60.0,107.0,,false
1533,60.0,85.0,,false
1534,60.0,104.0,,false
1535,60.0,102.0,,false
1536,60.0,95.0,,false
1537,60.0,107.0,,false
1538,60.0,91.0,,false
1539,60.0,98.0,,false
1540,100.0,191.0,,false
1541,100.0,213.0,,false
1542,900.0,10.0,,false
1543,1150.0,18.0,,false
1544,1000.0,6.0,,false
1545,1350.0,47.0,,true
1546,500.0,59.0,,true
1547,5000.0,20.0,,true
1548,2200.0,139.0,,true
1549,3500.0,394.0,,true
1550,5000.0,600.0,,true
1551,500.0,142.0,,true
1552,125.0,533.0,,true
1553,40.0,417.0,,true
1554,350.0,163.0,,true
1555,500.0,198.0,,false
1556,500.0,508.0,,false
1557,3300.0,23.0,,false
1558,3300.0,25.0,,false
1559,3300.0,27.0,,false
1560,60.0,238.0,,false
1561,60.0,183.0,,false
1562,60.0,201.0,,false
1563,800.0,6.0,,false
1564,60.0,98.0,,false
1565,60.0,92.0,,false
1566,60.0,116.0,,false
1567,60.0,116.0,,false
1568,60.0,99.0,,false
1569,60.0,103.0,,false
1570,60.0,89.0,,false
1571,60.0,103.0,,false
1572,100.0,209.0,,false
1573,100.0,198.0,,false
1574,900.0,8.0,,false
1575,1150.0,13.0,,false
1576,1000.0,7.0,,false
1577,1350.0,49.0,,true
1578,500.0,58.0,,true
1579,5000.0,19.0,,true
1580,2200.0,131.0,,true
1581,3500.0,331.0,,true
1582,5000.0,600.0,,true
1583,500.0,149.0,,true
1584,125.0,485.0,,true
1585,40.0,352.0,,true
1586,350.0,157.0,,true
1587,500.0,185.0,,false
1588,500.0,407.0,,false
1589,3300.0,21.0,,false
1590,3300.0,30.0,,false
1591,3300.0,29.0,,false
1592,60.0,191.0,,false
1593,60.0,240.0,,false
1594,60.0,243.0,,false
1595,60.0,158.0,,false
1596,800.0,4.0,,false
1597,60.0,101.0,,false
1598,60.0,87.0,,false
1599,60.0,89.0,,false
1600,60.0,89.0,,false
1601,60.0,97.0,,false
1602,60.0,112.0,,false
1603,60.0,116.0,,false
1604,60.0,110.0,,false
1605,60.0,102.0,,false
1606,100.0,191.0,,false
1607,100.0,229.0,,false
1608,900.0,9.0,,false
1609,1150.0,16.0,,false
1610,1000.0,8.0,,false
1611,1350.0,47.0,,true
1612,500.0,58.0,,true
1613,5000.0,17.0,,true
1614,2200.0,133.0,,true
1615,3500.0,204.0,,true
1616,5000.0,600.0,,true
1617,500.0,150.0,,true
1618,125.0,499.0,,true
1619,40.0,397.0,,true
1620,350.0,161.0,,true
1621,500.0,199.0,,false
1622,500.0,482.0,,false
1623,3300.0,25.0,,false
1624,3300.0,23.0,,false
1625,3300.0,28.0,,false
1626,60.0,184.0,,false
1627,60.0,183.0,,false
1628,60.0,198.0,,false
1629,60.0,235.0,,false
1630,800.0,5.0,,false
1631,60.0,100.0,,false
1632,60.0,100.0,,false
1633,60.0,119.0,,false
1634,60.0,110.0,,false
1635,60.0,112.0,,false
1636,60.0,85.0,,false
1637,60.0,106.0,,false
1638,60.0,85.0,,false
1639,100.0,208.0,,false
1640,100.0,187.0,,false
1641,900.0,8.0,,false
1642,1150.0,17.0,,false
1643,1000.0,7.0,,false
1644,1350.0,48.0,,true
1645,500.0,60.0,,true
1646,5000.0,19.0,,true
1647,2200.0,136.0,,true
1648,3500.0,216.0,,true
1649,5000.0,600.0,,true
1650,500.0,155.0,,true
1651,125.0,492.0,,true
1652,40.0,446.0,,true
1653,350.0,154.0,,true
1654,500.0,195.0,,false
1655,500.0,555.0,,false
1656,3300.0,30.0,,false
1657,3300.0,27.0,,false
1658,3300.0,25.0,,false
1659,60.0,163.0,,false
1660,60.0,172.0,,false
1661,60.0,189.0,,false
1662,60.0,235.0,,false
1663,800.0,5.0,,false
1664,60.0,88.0,,false
1665,60.0,114.0,,false
1666,60.0,98.0,,false
1667,60.0,82.0,,false
1668,60.0,87.0,,false
1669,60.0,95.0,,false
1670,60.0,97.0,,false
1671,60.0,92.0,,false
1672,60.0,95.0,,false
1673,100.0,191.0,,false
1674,100.0,197.0,,false
1675,900.0,8.0,,false
1676,1150.0,14.0,,false
1677,1000.0,8.0,,false
1678,1350.0,50.0,,true
1679,500.0,58.0,,true
1680,5000.0,16.0,,true
1681,2200.0,140.0,,true
1682,3500.0,381.0,,true
1683,5000.0,600.0,,true
1684,500.0,154.0,,true
1685,125.0,499.0,,true
1686,40.0,375.0,,true
1687,350.0,141.0,,true
1688,500.0,179.0,,false
1689,500.0,586.0,,false
1690,3300.0,29.0,,false
1691,3300.0,23.0,,false
1692,3300.0,24.0,,false
1693,60.0,170.0,,false
1694,60.0,208.0,,false
1695,60.0,174.0,,false
1696,60.0,155.0,,false
1697,800.0,4.0,,false
1698,60.0,88.0,,false
1699,60.0,96.0,,false
1700,60.0,91.0,,false
1701,60.0,109.0,,false
1702,60.0,116.0,,false
1703,60.0,111.0,,false
1704,60.0,97.0,,false
1705,60.0,107.0,,false
1706,60.0,116.0,,false
1707,100.0,227.0,,false
1708,100.0,231.0,,false
1709,900.0,9.0,,false
1710,1150.0,18.0,,false
1711,1000.0,6.0,,false
1712,1350.0,48.0,,true
1713,500.0,59.0,,true
1714,5000.0,16.0,,true
1715,2200.0,137.0,,true
1716,3500.0,352.0,,true
1717,5000.0,600.0,,true
1718,500.0,156.0,,true
1719,125.0,526.0,,true
1720,40.0,420.0,,true
1721,350.0,169.0,,true
1722,500.0,186.0,,false
1723,500.0,382.0,,false
1724,3300.0,24.0,,false
1725,3300.0,23.0,,false
1726,3300.0,27.0,,false
1727,60.0,159.0,,false
1728,60.0,153.0,,false
1729,60.0,180.0,,false
1730,60.0,155.0,,false
1731,800.0,5.0,,false
1732,60.0,118.0,,false
1733,60.0,94.0,,false
1734,60.0,93.0,,false
1735,60.0,86.0,,false
1736,60.0,109.0,,false
1737,60.0,86.0,,false
1738,60.0,84.0,,false
1739,100.0,236.0,,false
1740,100.0,192.0,,false
1741,900.0,9.0,,false
1742,1150.0,14.0,,false
1743,1000.0,6.0,,false
1744,1350.0,50.0,,true
1745,500.0,59.0,,true
1746,5000.0,19.0,,true
1747,2200.0,131.0,,true
1748,3500.0,209.0,,true
1749,5000.0,600.0,,true
1750,500.0,160.0,,true
1751,125.0,463.0,,true
1752,40.0,459.0,,true
1753,350.0,142.0,,true
1754,500.0,192.0,,false
1755,500.0,442.0,,false
1756,3300.0,22.0,,false
1757,3300.0,28.0,,false
1758,3300.0,30.0,,false
1759,60.0,201.0,,false
1760,60.0,230.0,,false
1761,60.0,177.0,,false
1762,60.0,230.0,,false
1763,800.0,6.0,,false
1764,60.0,90.0,,false
1765,60.0,101.0,,false
1766,60.0,106.0,,false
1767,60.0,113.0,,false
1768,60.0,109.0,,false
1769,60.0,84.0,,false
1770,60.0,105.0,,false
1771,60.0,100.0,,false
1772,60.0,98.0,,false
1773,100.0,218.0,,false
1774,100.0,202.0,,false
1775,900.0,9.0,,false
1776,1150.0,17.0,,false
1777,1000.0,8.0,,false
1778,1350.0,48.0,,true
1779,500.0,56.0,,true
1780,5000.0,18.0,,true
1781,2200.0,136.0,,true
1782,3500.0,296.0,,true
1783,5000.0,600.0,,true
1784,500.0,147.0,,true
1785,125.0,520.0,,true
1786,40.0,436.0,,true
1787,350.0,177.0,,true
1788,500.0,182.0,,false
1789,500.0,407.0,,false
1790,3300.0,21.0,,false
1791,3300.0,26.0,,false
1792,3300.0,25.0,,false
1793,60.0,184.0,,false
1794,60.0,188.0,,false
1795,60.0,160.0,,false
1796,60.0,198.0,,false
1797,800.0,4.0,,false
1798,60.0,117.0,,false
1799,60.0,83.0,,false
1800,60.0,86.0,,false
1801,60.0,114.0,,false
1802,60.0,86.0,,false
1803,60.0,117.0,,false
1804,60.0,100.0,,false
1805,100.0,240.0,,false
1806,100.0,232.0,,false
1807,900.0,9.0,,false
1808,1150.0,17.0,,false
1809,1000.0,8.0,,false
1810,1350.0,49.0,,true
1811,500.0,60.0,,true
1812,5000.0,20.0,,true
1813,2200.0,138.0,,true
1814,3500.0,347.0,,true
1815,5000.0,600.0,,true
1816,500.0,159.0,,true
1817,125.0,492.0,,true
1818,40.0,415.0,,true
1819,350.0,175.0,,true
1820,500.0,198.0,,false
1821,500.0,322.0,,false
1822,3300.0,29.0,,false
1823,3300.0,22.0,,false
1824,3300.0,26.0,,false
1825,60.0,172.0,,false
1826,60.0,177.0,,false
1827,60.0,159.0,,false
1828,800.0,4.0,,false
1829,60.0,98.0,,false
1830,60.0,89.0,,false
1831,60.0,117.0,,false
1832,60.0,91.0,,false
1833,60.0,87.0,,false
1834,60.0,101.0,,false
1835,60.0,117.0,,false
1836,60.0,94.0,,false
1837,60.0,94.0,,false
1838,100.0,191.0,,false
1839,100.0,217.0,,false
1840,900.0,9.0,,false
1841,1150.0,18.0,,false
1842,1000.0,7.0,,false
1843,1350.0,46.0,,true
1844,500.0,59.0,,true
1845,5000.0,19.0,,true
1846,2200.0,134.0,,true
1847,3500.0,340.0,,true
1848,5000.0,600.0,,true
1849,500.0,160.0,,true
1850,125.0,539.0,,true
1851,40.0,453.0,,true
1852,350.0,159.0,,true
1853,500.0,180.0,,false
1854,500.0,328.0,,false
1855,3300.0,27.0,,false
1856,3300.0,27.0,,false
1857,3300.0,21.0,,false
1858,60.0,241.0,,false
1859,60.0,156.0,,false
1860,60.0,224.0,,false
1861,60.0,225.0,,false
1862,800.0,5.0,,false
1863,60.0,98.0,,false
1864,60.0,119.0,,false
1865,60.0,83.0,,false
1866,60.0,88.0,,false
1867,60.0,96.0,,false
1868,60.0,110.0,,false
1869,100.0,213.0,,false
1870,100.0,200.0,,false
1871,900.0,9.0,,false
1872,1150.0,15.0,,false
1873,1000.0,5.0,,false
1874,1350.0,48.0,,true
1875,500.0,60.0,,true
1876,5000.0,20.0,,true
1877,2200.0,134.0,,true
1878,3500.0,251.0,,true
1879,5000.0,600.0,,true
1880,500.0,158.0,,true
1881,125.0,528.0,,true
1882,40.0,395.0,,true
1883,350.0,154.0,,true
1884,500.0,183.0,,false
1885,500.0,349.0,,false
1886,3300.0,29.0,,false
1887,3300.0,29.0,,false
1888,3300.0,24.0,,false
1889,60.0,182.0,,false
1890,60.0,169.0,,false
1891,60.0,158.0,,false
1892,800.0,6.0,,false
1893,60.0,96.0,,false
1894,60.0,88.0,,false
1895,60.0,94.0,,false
1896,60.0,90.0,,false
1897,60.0,98.0,,false
1898,60.0,119.0,,false
1899,60.0,93.0,,false
1900,60.0,92.0,,false
1901,60.0,117.0,,false
1902,100.0,235.0,,false
1903,100.0,241.0,,false
1904,900.0,8.0,,false
1905,1150.0,13.0,,false
1906,1000.0,7.0,,false
1907,1350.0,50.0,,true
1908,500.0,58.0,,true
1909,5000.0,18.0,,true
1910,2200.0,139.0,,true
1911,3500.0,368.0,,true
1912,5000.0,600.0,,true
1913,500.0,145.0,,true
1914,125.0,479.0,,true
1915,40.0,435.0,,true
1916,350.0,157.0,,true
1917,500.0,171.0,,false
1918,500.0,373.0,,false
1919,3300.0,27.0,,false
1920,3300.0,21.0,,false
1921,3300.0,23.0,,false
1922,60.0,172.0,,false
1923,60.0,205.0,,false
1924,60.0,172.0,,false
1925,800.0,5.0,,false
1926,60.0,116.0,,false
1927,60.0,88.0,,false
1928,60.0,83.0,,false
1929,60.0,111.0,,false
1930,60.0,83.0,,false
1931,60.0,92.0,,false
1932,100.0,223.0,,false
1933,100.0,238.0,,false
1934,900.0,10.0,,false
1935,1150.0,15.0,,false
1936,1000.0,8.0,,false
1937,1350.0,49.0,,true
1938,500.0,56.0,,true
1939,5000.0,17.0,,true
1940,2200.0,138.0,,true
1941,3500.0,289.0,,true
1942,5000.0,600.0,,true
1943,500.0,152.0,,true
1944,125.0,504.0,,true
1945,40.0,423.0,,true
1946,350.0,143.0,,true
1947,500.0,185.0,,false
1948,500.0,396.0,,false
1949,3300.0,27.0,,false
1950,3300.0,26.0,,false
1951,3300.0,30.0,,false
1952,60.0,223.0,,false
1953,60.0,190.0,,false
1954,60.0,197.0,,false
1955,800.0,4.0,,false
1956,60.0,103.0,,false
1957,60.0,85.0,,false
1958,60.0,119.0,,false
1959,60.0,93.0,,false
1960,60.0,96.0,,false
1961,60.0,115.0,,false
1962,100.0,207.0,,false
1963,100.0,216.0,,false
1964,900.0,7.0,,false
1965,1150.0,17.0,,false
1966,1000.0,7.0,,false
1967,1350.0,46.0,,true
1968,500.0,59.0,,true
1969,5000.0,19.0,,true
1970,2200.0,139.0,,true
1971,3500.0,203.0,,true
1972,5000.0,600.0,,true
1973,500.0,147.0,,true
1974,125.0,496.0,,true
1975,40.0,458.0,,true
1976,350.0,170.0,,true
1977,500.0,183.0,,false
1978,500.0,362.0,,false
1979,3300.0,29.0,,false
1980,3300.0,26.0,,false
1981,3300.0,29.0,,false
1982,60.0,191.0,,false
1983,60.0,188.0,,false
1984,60.0,182.0,,false
1985,60.0,186.0,,false
1986,800.0,5.0,,false
1987,60.0,118.0,,false
1988,60.0,95.0,,false
1989,60.0,111.0,,false
1990,60.0,88.0,,false
1991,60.0,98.0,,false
1992,60.0,83.0,,false
1993,60.0,95.0,,false
1994,60.0,86.0,,false
1995,100.0,192.0,,false
1996,100.0,245.0,,false
1997,900.0,8.0,,false
1998,1150.0,14.0,,false
1999,1000.0,5.0,,false
2000,1350.0,48.0,,true
2001,500.0,58.0,,true
2002,5000.0,18.0,,true
2003,2200.0,131.0,,true
2004,3500.0,304.0,,true
2005,5000.0,600.0,,true
2006,500.0,154.0,,true
2007,125.0,473.0,,true
2008,40.0,437.0,,true
2009,350.0,148.0,,true
2010,500.0,197.0,,false
2011,500.0,433.0,,false
2012,3300.0,30.0,,false
2013,3300.0,24.0,,false
2014,3300.0,24.0,,false
2015,60.0,197.0,,false
2016,60.0,186.0,,false
2017,60.0,237.0,,false
2018,60.0,155.0,,false
2019,800.0,4.0,,false
2020,60.0,92.0,,false
2021,60.0,100.0,,false
2022,60.0,98.0,,false
2023,60.0,120.0,,false
2024,60.0,81.0,,false
2025,60.0,119.0,,false
2026,60.0,99.0,,false
2027,60.0,101.0,,false
2028,100.0,241.0,,false
2029,100.0,237.0,,false
2030,900.0,10.0,,false
2031,1150.0,14.0,,false
2032,1000.0,5.0,,false
2033,1350.0,47.0,,true
2034,500.0,57.0,,true
2035,5000.0,18.0,,true
2036,2200.0,133.0,,true
2037,3500.0,242.0,,true
2038,5000.0,600.0,,true
2039,500.0,147.0,,true
2040,125.0,453.0,,true
2041,40.0,446.0,,true
2042,350.0,141.0,,true
2043,500.0,191.0,,false
2044,500.0,303.0,,false
2045,3300.0,24.0,,false
2046,3300.0,30.0,,false
2047,3300.0,24.0,,false
2048,60.0,182.0,,false
2049,60.0,200.0,,false
2050,60.0,234.0,,false
2051,60.0,154.0,,false
2052,800.0,4.0,,false
2053,60.0,87.0,,false
2054,60.0,81.0,,false
2055,60.0,118.0,,false
2056,60.0,98.0,,false
2057,60.0,105.0,,false
2058,60.0,85.0,,false
2059,60.0,94.0,,false
2060,100.0,198.0,,false
2061,100.0,250.0,,false
2062,900.0,8.0,,false
2063,1150.0,14.0,,false
2064,1000.0,8.0,,false
2065,1350.0,50.0,,true
2066,500.0,59.0,,true
2067,5000.0,18.0,,true
2068,2200.0,140.0,,true
2069,3500.0,393.0,,true
2070,5000.0,600.0,,true
2071,500.0,155.0,,true
2072,125.0,521.0,,true
2073,40.0,388.0,,true
2074,350.0,165.0,,true
2075,500.0,193.0,,false
2076,500.0,487.0,,false
2077,3300.0,29.0,,false
2078,3300.0,29.0,,false
2079,3300.0,28.0,,false
2080,60.0,179.0,,false
2081,60.0,172.0,,false
2082,60.0,210.0,,false
2083,60.0,184.0,,false
2084,800.0,4.0,,false
2085,60.0,100.0,,false
2086,60.0,88.0,,false
2087,60.0,110.0,,false
2088,60.0,99.0,,false
2089,60.0,95.0,,false
2090,60.0,108.0,,false
2091,100.0,233.0,,false
2092,100.0,214.0,,false
2093,900.0,8.0,,false
2094,1150.0,16.0,,false
2095,1000.0,8.0,,false
2096,1350.0,50.0,,true
2097,500.0,56.0,,true
2098,5000.0,17.0,,true
2099,2200.0,134.0,,true
2100,3500.0,235.0,,true
2101,5000.0,600.0,,true
2102,500.0,159.0,,true
2103,125.0,482.0,,true
2104,40.0,359.0,,true
2105,350.0,147.0,,true
2106,500.0,190.0,,false
2107,500.0,397.0,,false
2108,3300.0,30.0,,false
2109,3300.0,30.0,,false
2110,3300.0,26.0,,false
2111,60.0,228.0,,false
2112,60.0,192.0,,false
2113,60.0,202.0,,false
2114,60.0,193.0,,false
2115,800.0,6.0,,false
2116,60.0,113.0,,false
2117,60.0,114.0,,false
2118,60.0,86.0,,false
2119,60.0,115.0,,false
2120,60.0,110.0,,false
2121,60.0,110.0,,false
2122,60.0,85.0,,false
2123,100.0,193.0,,false
2124,100.0,196.0,,false
2125,900.0,7.0,,false
2126,1150.0,16.0,,false
2127,1000.0,8.0,,false
2128,1350.0,47.0,,true
2129,500.0,60.0,,true
2130,5000.0,18.0,,true
2131,2200.0,140.0,,true
2132,3500.0,308.0,,true
2133,5000.0,600.0,,true
2134,500.0,146.0,,true
2135,125.0,549.0,,true
2136,40.0,458.0,,true
2137,350.0,176.0,,true
2138,500.0,171.0,,false
2139,500.0,415.0,,false
2140,3300.0,26.0,,false
2141,3300.0,29.0,,false
2142,3300.0,28.0,,false
2143,60.0,153.0,,false
2144,60.0,246.0,,false
2145,60.0,188.0,,false
2146,60.0,197.0,,false
2147,800.0,5.0,,false
2148,60.0,93.0,,false
2149,60.0,114.0,,false
2150,60.0,93.0,,false
2151,60.0,114.0,,false
2152,60.0,102.0,,false
2153,60.0,107.0,,false
2154,60.0,116.0,,false
2155,100.0,191.0,,false
2156,100.0,221.0,,false
2157,900.0,7.0,,false
2158,1150.0,13.0,,false
2159,1000.0,6.0,,false
2160,1350.0,47.0,,true
2161,500.0,58.0,,true
2162,5000.0,17.0,,true
2163,2200.0,132.0,,true
2164,3500.0,245.0,,true
2165,5000.0,600.0,,true
2166,500.0,157.0,,true
2167,125.0,512.0,,true
2168,40.0,389.0,,true
2169,350.0,177.0,,true
2170,500.0,173.0,,false
2171,500.0,564.0,,false
2172,3300.0,28.0,,false
2173,3300.0,21.0,,false
2174,3300.0,27.0,,false
2175,60.0,222.0,,false
2176,60.0,213.0,,false
2177,60.0,246.0,,false
2178,800.0,6.0,,false
2179,60.0,119.0,,false
2180,60.0,118.0,,false
2181,60.0,118.0,,false
2182,60.0,82.0,,false
2183,60.0,103.0,,false
2184,60.0,93.0,,false
2185,60.0,91.0,,false
2186,100.0,236.0,,false
2187,100.0,185.0,,false
2188,900.0,8.0,,false
2189,1150.0,18.0,,false
2190,1000.0,8.0,,false
2191,1350.0,46.0,,true
2192,500.0,56.0,,true
2193,5000.0,19.0,,true
2194,2200.0,134.0,,true
2195,3500.0,201.0,,true
2196,5000.0,600.0,,true
2197,500.0,142.0,,true
2198,125.0,497.0,,true
2199,40.0,403.0,,true
2200,350.0,160.0,,true
2201,500.0,178.0,,false
2202,500.0,596.0,,false
2203,3300.0,25.0,,false
2204,3300.0,28.0,,false
2205,3300.0,25.0,,false
2206,60.0,192.0,,false
2207,60.0,171.0,,false
2208,60.0,167.0,,false
2209,60.0,204.0,,false
2210,800.0,6.0,,false
2211,60.0,99.0,,false
2212,60.0,101.0,,false
2213,60.0,109.0,,false
2214,60.0,93.0,,false
2215,60.0,82.0,,false
2216,60.0,120.0,,false
2217,60.0,104.0,,false
2218,100.0,189.0,,false
2219,100.0,218.0,,false
2220,900.0,10.0,,false
2221,1150.0,14.0,,false
2222,1000.0,7.0,,false
2223,1350.0,49.0,,true
2224,500.0,59.0,,true
2225,5000.0,16.0,,true
2226,2200.0,133.0,,true
2227,3500.0,248.0,,true
2228,5000.0,600.0,,true
2229,500.0,151.0,,true
2230,125.0,541.0,,true
2231,40.0,422.0,,true
2232,350.0,172.0,,true
2233,500.0,195.0,,false
2234,500.0,536.0,,false
2235,3300.0,23.0,,false
2236,3300.0,29.0,,false
2237,3300.0,30.0,,false
2238,60.0,160.0,,false
2239,60.0,241.0,,false
2240,60.0,247.0,,false
2241,800.0,5.0,,false
2242,60.0,99.0,,false
2243,60.0,99.0,,false
2244,60.0,98.0,,false
2245,60.0,103.0,,false
2246,60.0,102.0,,false
2247,60.0,110.0,,false
2248,60.0,99.0,,false
2249,60.0,109.0,,false
2250,60.0,104.0,,false
2251,60.0,107.0,,false
2252,100.0,200.0,,false
2253,100.0,206.0,,false
2254,900.0,8.0,,false
2255,1150.0,15.0,,false
2256,1000.0,8.0,,false
2257,1350.0,48.0,,true
2258,500.0,57.0,,true
2259,5000.0,18.0,,true
2260,2200.0,132.0,,true
2261,3500.0,391.0,,true
2262,5000.0,600.0,,true
2263,500.0,154.0,,true
2264,125.0,456.0,,true
2265,40.0,387.0,,true
2266,350.0,154.0,,true
2267,500.0,178.0,,false
2268,500.0,451.0,,false
2269,3300.0,25.0,,false
2270,3300.0,30.0,,false
2271,3300.0,28.0,,false
2272,60.0,195.0,,false
2273,60.0,243.0,,false
2274,60.0,164.0,,false
2275,800.0,4.0,,false
2276,60.0,115.0,,false
2277,60.0,104.0,,false
2278,60.0,117.0,,false
2279,60.0,84.0,,false
2280,60.0,96.0,,false
2281,60.0,118.0,,false
2282,100.0,246.0,,false
2283,100.0,183.0,,false
2284,900.0,9.0,,false
2285,1150.0,13.0,,false
2286,1000.0,8.0,,false
2287,1350.0,49.0,,true
2288,500.0,58.0,,true
2289,5000.0,18.0,,true
2290,2200.0,132.0,,true
2291,3500.0,334.0,,true
2292,5000.0,600.0,,true
2293,500.0,144.0,,true
2294,125.0,527.0,,true
2295,40.0,377.0,,true
2296,350.0,145.0,,true
2297,500.0,186.0,,false
2298,500.0,341.0,,false
2299,3300.0,24.0,,false
2300,3300.0,22.0,,false
2301,3300.0,30.0,,false
2302,60.0,228.0,,false
2303,60.0,184.0,,false
2304,60.0,187.0,,false
2305,60.0,182.0,,false
2306,800.0,4.0,,false
2307,60.0,114.0,,false
2308,60.0,99.0,,false
2309,60.0,107.0,,false
2310,60.0,117.0,,false
2311,60.0,97.0,,false
2312,60.0,106.0,,false
2313,60.0,84.0,,false
2314,60.0,107.0,,false
2315,100.0,188.0,,false
2316,100.0,246.0,,false
2317,900.0,8.0,,false
2318,1150.0,13.0,,false
2319,1000.0,7.0,,false
2320,1350.0,50.0,,true
2321,500.0,57.0,,true
2322,5000.0,20.0,,true
2323,2200.0,137.0,,true
2324,3500.0,223.0,,true
2325,5000.0,600.0,,true
2326,500.0,148.0,,true
2327,125.0,492.0,,true
2328,40.0,353.0,,true
2329,350.0,149.0,,true
2330,500.0,192.0,,false
2331,500.0,477.0,,false
2332,3300.0,25.0,,false
2333,3300.0,27.0,,false
2334,3300.0,23.0,,false
2335,60.0,196.0,,false
2336,60.0,216.0,,false
2337,60.0,243.0,,false
2338,60.0,225.0,,false
2339,800.0,6.0,,false
2340,60.0,94.0,,false
2341,60.0,104.0,,false
2342,60.0,81.0,,false
2343,60.0,93.0,,false
2344,60.0,107.0,,false
2345,60.0,105.0,,false
2346,60.0,95.0,,false
2347,60.0,96.0,,false
2348,100.0,198.0,,false
2349,100.0,184.0,,false
2350,900.0,9.0,,false
2351,1150.0,13.0,,false
2352,1000.0,7.0,,false
2353,1350.0,50.0,,true
2354,500.0,57.0,,true
2355,5000.0,16.0,,true
2356,2200.0,133.0,,true
2357,3500.0,396.0,,true
2358,5000.0,600.0,,true
2359,500.0,148.0,,true
2360,125.0,504.0,,true
2361,40.0,363.0,,true
2362,350.0,147.0,,true
2363,500.0,179.0,,false
2364,500.0,385.0,,false
2365,3300.0,26.0,,false
2366,3300.0,29.0,,false
2367,3300.0,26.0,,false
2368,60.0,214.0,,false
2369,60.0,179.0,,false
2370,60.0,181.0,,false
2371,800.0,6.0,,false
2372,60.0,111.0,,false
2373,60.0,115.0,,false
2374,60.0,114.0,,false
2375,60.0,114.0,,false
2376,60.0,104.0,,false
2377,60.0,116.0,,false
2378,60.0,81.0,,false
2379,100.0,186.0,,false
2380,100.0,230.0,,false
2381,900.0,7.0,,false
2382,1150.0,13.0,,false
2383,1000.0,5.0,,false
2384,1350.0,49.0,,true
2385,500.0,60.0,,true
2386,5000.0,19.0,,true
2387,2200.0,138.0,,true
2388,3500.0,227.0,,true
2389,5000.0,600.0,,true
2390,500.0,154.0,,true
2391,125.0,497.0,,true
2392,40.0,356.0,,true
2393,350.0,156.0,,true
2394,500.0,188.0,,false
2395,500.0,576.0,,false
2396,3300.0,30.0,,false
2397,3300.0,21.0,,false
2398,3300.0,28.0,,false
2399,60.0,203.0,,false
2400,60.0,189.0,,false
2401,60.0,246.0,,false
2402,800.0,6.0,,false
2403,60.0,108.0,,false
2404,60.0,97.0,,false
2405,60.0,96.0,,false
2406,60.0,91.0,,false
2407,60.0,84.0,,false
2408,60.0,115.0,,false
2409,60.0,106.0,,false
2410,60.0,117.0,,false
2411,60.0,98.0,,false
2412,60.0,116.0,,false
2413,100.0,197.0,,false
2414,100.0,207.0,,false
2415,900.0,8.0,,false
2416,1150.0,14.0,,false
2417,1000.0,7.0,,false
2418,1350.0,46.0,,true
2419,500.0,59.0,,true
2420,5000.0,18.0,,true
2421,2200.0,135.0,,true
2422,3500.0,258.0,,true
2423,5000.0,600.0,,true
2424,500.0,154.0,,true
2425,125.0,457.0,,true
2426,40.0,406.0,,true
2427,350.0,173.0,,true
2428,500.0,193.0,,false
2429,500.0,479.0,,false
2430,3300.0,30.0,,false
2431,3300.0,29.0,,false
2432,3300.0,27.0,,false
2433,60.0,180.0,,false
2434,60.0,215.0,,false
2435,60.0,182.0,,false
2436,60.0,205.0,,false
2437,800.0,6.0,,false
2438,60.0,105.0,,false
2439,60.0,108.0,,false
2440,60.0,83.0,,false
2441,60.0,117.0,,false
2442,60.0,86.0,,false
2443,60.0,90.0,,false
2444,60.0,86.0,,false
2445,60.0,96.0,,false
2446,100.0,209.0,,false
2447,100.0,215.0,,false
2448,900.0,9.0,,false
2449,1150.0,17.0,,false
2450,1000.0,5.0,,false
2451,1350.0,48.0,,true
2452,500.0,59.0,,true
2453,5000.0,16.0,,true
2454,2200.0,133.0,,true
2455,3500.0,347.0,,true
2456,5000.0,600.0,,true
2457,500.0,155.0,,true
2458,125.0,465.0,,true
2459,40.0,424.0,,true
2460,350.0,149.0,,true
2461,500.0,191.0,,false
2462,500.0,443.0,,false
2463,3300.0,26.0,,false
2464,3300.0,21.0,,false
2465,3300.0,30.0,,false
2466,60.0,202.0,,false
2467,60.0,220.0,,false
2468,60.0,181.0,,false
2469,800.0,5.0,,false
2470,60.0,111.0,,false
2471,60.0,90.0,,false
2472,60.0,115.0,,false
2473,60.0,87.0,,false
2474,60.0,93.0,,false
2475,60.0,81.0,,false
2476,100.0,182.0,,false
2477,100.0,245.0,,false
2478,900.0,9.0,,false
2479,1150.0,18.0,,false
2480,1000.0,8.0,,false
2481,1350.0,48.0,,true
2482,500.0,57.0,,true
2483,5000.0,18.0,,true
2484,2200.0,140.0,,true
2485,3500.0,323.0,,true
2486,5000.0,600.0,,true
2487,500.0,158.0,,true
2488,125.0,532.0,,true
2489,40.0,369.0,,true
2490,350.0,146.0,,true
2491,500.0,193.0,,false
2492,500.0,475.0,,false
2493,3300.0,28.0,,false
2494,3300.0,22.0,,false
2495,3300.0,22.0,,false
2496,60.0,211.0,,false
2497,60.0,191.0,,false
2498,60.0,182.0,,false
2499,800.0,5.0,,false
2500,60.0,96.0,,false
2501,60.0,81.0,,false
2502,60.0,88.0,,false
2503,60.0,107.0,,false
2504,60.0,119.0,,false
2505,60.0,93.0,,false
2506,100.0,237.0,,false
2507,100.0,210.0,,false
2508,900.0,8.0,,false
2509,1150.0,16.0,,false
2510,1000.0,8.0,,false
2511,1350.0,46.0,,true
2512,500.0,58.0,,true
2513,5000.0,18.0,,true
2514,2200.0,135.0,,true
2515,3500.0,397.0,,true
2516,5000.0,600.0,,true
2517,500.0,157.0,,true
2518,125.0,510.0,,true
2519,40.0,418.0,,true
2520,350.0,157.0,,true
2521,500.0,196.0,,false
2522,500.0,437.0,,false
2523,3300.0,29.0,,false
2524,3300.0,23.0,,false
2525,3300.0,29.0,,false
2526,60.0,178.0,,false
2527,60.0,164.0,,false
2528,60.0,214.0,,false
2529,800.0,6.0,,false
2530,60.0,106.0,,false
2531,60.0,92.0,,false
2532,60.0,92.0,,false
2533,60.0,113.0,,false
2534,60.0,89.0,,false
2535,60.0,99.0,,false
2536,100.0,236.0,,false
2537,100.0,209.0,,false
2538,900.0,8.0,,false
2539,1150.0,16.0,,false
2540,1000.0,6.0,,false
2541,1350.0,49.0,,true
2542,500.0,60.0,,true
2543,5000.0,17.0,,true
2544,2200.0,134.0,,true
2545,3500.0,271.0,,true
2546,5000.0,600.0,,true
2547,500.0,144.0,,true
2548,125.0,494.0,,true
2549,40.0,438.0,,true
2550,350.0,167.0,,true
2551,500.0,183.0,,false
2552,500.0,483.0,,false
2553,3300.0,26.0,,false
2554,3300.0,28.0,,false
2555,3300.0,21.0,,false
2556,60.0,211.0,,false
2557,60.0,199.0,,false
2558,60.0,161.0,,false
2559,800.0,4.0,,false
2560,60.0,95.0,,false
2561,60.0,84.0,,false
2562,60.0,115.0,,false
2563,60.0,87.0,,false
2564,60.0,113.0,,false
2565,60.0,96.0,,false
2566,60.0,95.0,,false
2567,60.0,100.0,,false
2568,60.0,91.0,,false
2569,100.0,229.0,,false
2570,100.0,195.0,,false
2571,900.0,8.0,,false
2572,1150.0,16.0,,false
2573,1000.0,5.0,,false
2574,1350.0,48.0,,true
2575,500.0,60.0,,true
2576,5000.0,19.0,,true
2577,2200.0,131.0,,true
2578,3500.0,201.0,,true
2579,5000.0,600.0,,true
2580,500.0,156.0,,true
2581,125.0,459.0,,true
2582,40.0,360.0,,true
2583,350.0,153.0,,true
2584,500.0,179.0,,false
2585,500.0,522.0,,false
2586,3300.0,22.0,,false
2587,3300.0,27.0,,false
2588,3300.0,22.0,,false
2589,60.0,167.0,,false
2590,60.0,216.0,,false
2591,60.0,185.0,,false
2592,60.0,233.0,,false
2593,800.0,6.0,,false
2594,60.0,114.0,,false
2595,60.0,98.0,,false
2596,60.0,87.0,,false
2597,60.0,112.0,,false
2598,60.0,100.0,,false
2599,60.0,108.0,,false
2600,60.0,116.0,,false
2601,100.0,199.0,,false
2602,100.0,210.0,,false
2603,900.0,10.0,,false
2604,1150.0,15.0,,false
2605,1000.0,6.0,,false
2606,1350.0,48.0,,true
2607,500.0,58.0,,true
2608,5000.0,16.0,,true
2609,2200.0,135.0,,true
2610,3500.0,317.0,,true
2611,5000.0,600.0,,true
2612,500.0,142.0,,true
2613,125.0,492.0,,true
2614,40.0,359.0,,true
2615,350.0,155.0,,true
2616,500.0,184.0,,false
2617,500.0,462.0,,false
2618,3300.0,26.0,,false
2619,3300.0,30.0,,false
2620,3300.0,24.0,,false
2621,60.0,154.0,,false
2622,60.0,195.0,,false
2623,60.0,172.0,,false
2624,800.0,5.0,,false
2625,60.0,107.0,,false
2626,60.0,103.0,,false
2627,60.0,116.0,,false
2628,60.0,104.0,,false
2629,60.0,104.0,,false
2630,60.0,81.0,,false
2631,100.0,229.0,,false
2632,100.0,243.0,,false
2633,900.0,10.0,,false
2634,1150.0,15.0,,false
2635,1000.0,5.0,,false
2636,1350.0,48.0,,true
2637,500.0,57.0,,true
2638,5000.0,17.0,,true
2639,2200.0,136.0,,true
2640,3500.0,373.0,,true
2641,5000.0,600.0,,true
2642,500.0,160.0,,true
2643,125.0,550.0,,true
2644,40.0,370.0,,true
2645,350.0,177.0,,true
2646,500.0,175.0,,false
2647,500.0,564.0,,false
2648,3300.0,24.0,,false
2649,3300.0,26.0,,false
2650,3300.0,24.0,,false
2651,60.0,217.0,,false
2652,60.0,232.0,,false
2653,60.0,161.0,,false
2654,800.0,6.0,,false
2655,60.0,119.0,,false
2656,60.0,104.0,,false
2657,60.0,82.0,,false
2658,60.0,99.0,,false
2659,60.0,92.0,,false
2660,60.0,91.0,,false
2661,60.0,104.0,,false
2662,60.0,104.0,,false
2663,60.0,98.0,,false
2664,100.0,242.0,,false
2665,100.0,201.0,,false
2666,900.0,9.0,,false
2667,1150.0,14.0,,false
2668,1000.0,7.0,,false
2669,1350.0,49.0,,true
2670,500.0,56.0,,true
2671,5000.0,17.0,,true
2672,2200.0,135.0,,true
2673,3500.0,259.0,,true
2674,5000.0,600.0,,true
2675,500.0,154.0,,true
2676,125.0,517.0,,true
2677,40.0,440.0,,true
2678,350.0,141.0,,true
2679,500.0,197.0,,false
2680,500.0,395.0,,false
2681,3300.0,21.0,,false
2682,3300.0,22.0,,false
2683,3300.0,28.0,,false
2684,60.0,182.0,,false
2685,60.0,211.0,,false
2686,60.0,233.0,,false
2687,60.0,220.0,,false
2688,800.0,6.0,,false
2689,60.0,82.0,,false
2690,60.0,120.0,,false
2691,60.0,111.0,,false
2692,60.0,102.0,,false
2693,60.0,98.0,,false
2694,60.0,108.0,,false
2695,60.0,92.0,,false
2696,60.0,103.0,,false
2697,100.0,221.0,,false
2698,100.0,247.0,,false
2699,900.0,7.0,,false
2700,1150.0,13.0,,false
2701,1000.0,6.0,,false
2702,1350.0,48.0,,true
2703,500.0,60.0,,true
2704,5000.0,16.0,,true
2705,2200.0,133.0,,true
2706,3500.0,321.0,,true
2707,5000.0,600.0,,true
2708,500.0,145.0,,true
2709,125.0,454.0,,true
2710,40.0,451.0,,true
2711,350.0,149.0,,true
2712,500.0,187.0,,false
2713,500.0,567.0,,false
2714,3300.0,23.0,,false
2715,3300.0,21.0,,false
2716,3300.0,27.0,,false
2717,60.0,167.0,,false
2718,60.0,181.0,,false
2719,60.0,222.0,,false
2720,60.0,154.0,,false
2721,800.0,4.0,,false
2722,60.0,115.0,,false
2723,60.0,82.0,,false
2724,60.0,115.0,,false
2725,60.0,119.0,,false
2726,60.0,88.0,,false
2727,60.0,92.0,,false
2728,60.0,88.0,,false
2729,60.0,95.0,,false
2730,60.0,116.0,,false
2731,60.0,115.0,,false
2732,100.0,187.0,,false
2733,100.0,239.0,,false
2734,900.0,7.0,,false
2735,1150.0,17.0,,false
2736,1000.0,5.0,,false
2737,1350.0,47.0,,true
2738,500.0,57.0,,true
2739,5000.0,20.0,,true
2740,2200.0,133.0,,true
2741,3500.0,381.0,,true
2742,5000.0,600.0,,true
2743,500.0,141.0,,true
2744,125.0,526.0,,true
2745,40.0,452.0,,true
2746,350.0,176.0,,true
2747,500.0,185.0,,false
2748,500.0,517.0,,false
2749,3300.0,30.0,,false
2750,3300.0,29.0,,false
2751,3300.0,28.0,,false
2752,60.0,203.0,,false
2753,60.0,169.0,,false
2754,60.0,158.0,,false
2755,800.0,4.0,,false
2756,60.0,106.0,,false
2757,60.0,115.0,,false
2758,60.0,108.0,,false
2759,60.0,114.0,,false
2760,60.0,115.0,,false
2761,60.0,102.0,,false
2762,60.0,118.0,,false
2763,100.0,222.0,,false
2764,100.0,239.0,,false
2765,900.0,7.0,,false
2766,1150.0,15.0,,false
2767,1000.0,5.0,,false
2768,1350.0,50.0,,true
2769,500.0,60.0,,true
2770,5000.0,18.0,,true
2771,2200.0,137.0,,true
2772,3500.0,323.0,,true
2773,5000.0,600.0,,true
2774,500.0,154.0,,true
2775,125.0,478.0,,true
2776,40.0,373.0,,true
2777,350.0,167.0,,true
2778,500.0,191.0,,false
2779,500.0,450.0,,false
2780,3300.0,28.0,,false
2781,3300.0,24.0,,false
2782,3300.0,30.0,,false
2783,60.0,242.0,,false
2784,60.0,243.0,,false
2785,60.0,178.0,,false
2786,800.0,4.0,,false
2787,60.0,88.0,,false
2788,60.0,84.0,,false
2789,60.0,104.0,,false
2790,60.0,105.0,,false
2791,60.0,112.0,,false
2792,60.0,85.0,,false
2793,60.0,87.0,,false
2794,100.0,182.0,,false
2795,100.0,242.0,,false
2796,900.0,10.0,,false
2797,1150.0,16.0,,false
2798,1000.0,8.0,,false
2799,1350.0,50.0,,true
2800,500.0,58.0,,true
2801,5000.0,20.0,,true
2802,2200.0,132.0,,true
2803,3500.0,380.0,,true
2804,5000.0,600.0,,true
2805,500.0,156.0,,true
2806,125.0,488.0,,true
2807,40.0,376.0,,true
2808,350.0,146.0,,true
2809,500.0,191.0,,false
2810,500.0,389.0,,false
2811,3300.0,26.0,,false
2812,3300.0,25.0,,false
2813,3300.0,26.0,,false
2814,60.0,197.0,,false
2815,60.0,164.0,,false
2816,60.0,207.0,,false
2817,60.0,205.0,,false
2818,800.0,5.0,,false
2819,60.0,104.0,,false
2820,60.0,85.0,,false
2821,60.0,93.0,,false
2822,60.0,100.0,,false
2823,60.0,108.0,,false
2824,60.0,98.0,,false
2825,60.0,93.0,,false
2826,100.0,213.0,,false
2827,100.0,210.0,,false
2828,900.0,8.0,,false
2829,1150.0,16.0,,false
2830,1000.0,5.0,,false
2831,1350.0,49.0,,true
2832,500.0,56.0,,true
2833,5000.0,20.0,,true
2834,2200.0,138.0,,true
2835,3500.0,229.0,,true
2836,5000.0,600.0,,true
2837,500.0,143.0,,true
2838,125.0,520.0,,true
2839,40.0,421.0,,true
2840,350.0,158.0,,true
2841,500.0,171.0,,false
2842,500.0,585.0,,false
2843,3300.0,30.0,,false
2844,3300.0,27.0,,false
2845,3300.0,28.0,,false
2846,60.0,184.0,,false
2847,60.0,240.0,,false
2848,60.0,241.0,,false
2849,60.0,230.0,,false
2850,800.0,6.0,,false
2851,60.0,115.0,,false
2852,60.0,82.0,,false
2853,60.0,91.0,,false
2854,60.0,90.0,,false
2855,60.0,116.0,,false
2856,60.0,91.0,,false
2857,100.0,193.0,,false
2858,100.0,226.0,,false
2859,900.0,7.0,,false
2860,1150.0,17.0,,false
2861,1000.0,6.0,,false
2862,1350.0,50.0,,true
2863,500.0,57.0,,true
2864,5000.0,18.0,,true
2865,2200.0,140.0,,true
2866,3500.0,310.0,,true
2867,5000.0,600.0,,true
2868,500.0,158.0,,true
2869,125.0,520.0,,true
2870,40.0,412.0,,true
2871,350.0,176.0,,true
2872,500.0,184.0,,false
2873,500.0,581.0,,false
2874,3300.0,28.0,,false
2875,3300.0,28.0,,false
2876,3300.0,30.0,,false
2877,60.0,225.0,,false
2878,60.0,151.0,,false
2879,60.0,225.0,,false
2880,60.0,241.0,,false
2881,800.0,4.0,,false
2882,60.0,95.0,,false
2883,60.0,109.0,,false
2884,60.0,88.0,,false
2885,60.0,99.0,,false
2886,60.0,119.0,,false
2887,60.0,82.0,,false
2888,100.0,202.0,,false
2889,100.0,241.0,,false
2890,900.0,10.0,,false
2891,1150.0,15.0,,false
2892,1000.0,8.0,,false
2893,1350.0,46.0,,true
2894,500.0,59.0,,true
2895,5000.0,17.0,,true
2896,2200.0,137.0,,true
2897,3500.0,216.0,,true
2898,5000.0,600.0,,true
2899,500.0,141.0,,true
2900,125.0,478.0,,true
2901,40.0,358.0,,true
2902,350.0,179.0,,true
2903,500.0,189.0,,false
2904,500.0,556.0,,false
2905,3300.0,23.0,,false
2906,3300.0,26.0,,false
2907,3300.0,30.0,,false
2908,60.0,156.0,,false
2909,60.0,176.0,,false
2910,60.0,174.0,,false
2911,800.0,6.0,,false
2912,60.0,84.0,,false
2913,60.0,93.0,,false
2914,60.0,82.0,,false
2915,60.0,88.0,,false
2916,60.0,98.0,,false
2917,60.0,110.0,,false
2918,60.0,109.0,,false
2919,100.0,218.0,,false
2920,100.0,244.0,,false
2921,900.0,10.0,,false
2922,1150.0,14.0,,false
2923,1000.0,5.0,,false
2924,1350.0,49.0,,true
2925,500.0,56.0,,true
2926,5000.0,18.0,,true
2927,2200.0,132.0,,true
2928,3500.0,254.0,,true
2929,5000.0,600.0,,true
2930,500.0,151.0,,true
2931,125.0,481.0,,true
2932,40.0,356.0,,true
2933,350.0,156.0,,true
2934,500.0,190.0,,false
2935,500.0,515.0,,false
2936,3300.0,30.0,,false
2937,3300.0,25.0,,false
2938,3300.0,23.0,,false
2939,60.0,207.0,,false
2940,60.0,246.0,,false
2941,60.0,197.0,,false
2942,800.0,4.0,,false
2943,60.0,84.0,,false
2944,60.0,109.0,,false
2945,60.0,89.0,,false
2946,60.0,115.0,,false
2947,60.0,100.0,,false
2948,60.0,117.0,,false
2949,100.0,249.0,,false
2950,100.0,214.0,,false
2951,900.0,9.0,,false
2952,1150.0,18.0,,false
2953,1000.0,8.0,,false
2954,1350.0,46.0,,true
2955,500.0,59.0,,true
2956,5000.0,20.0,,true
2957,2200.0,137.0,,true
2958,3500.0,399.0,,true
2959,5000.0,600.0,,true
2960,500.0,157.0,,true
2961,125.0,480.0,,true
2962,40.0,422.0,,true
2963,350.0,145.0,,true
2964,500.0,200.0,,false
2965,500.0,515.0,,false
2966,3300.0,27.0,,false
2967,3300.0,21.0,,false
2968,3300.0,26.0,,false
2969,60.0,248.0,,false
2970,60.0,219.0,,false
2971,60.0,241.0,,false
2972,60.0,212.0,,false
2973,800.0,5.0,,false
2974,60.0,111.0,,false
2975,60.0,119.0,,false
2976,60.0,107.0,,false
2977,60.0,116.0,,false
2978,60.0,109.0,,false
2979,60.0,104.0,,false
2980,100.0,185.0,,false
2981,100.0,196.0,,false
2982,900.0,9.0,,false
2983,1150.0,17.0,,false
2984,1000.0,8.0,,false
2985,1350.0,48.0,,true
2986,500.0,59.0,,true
2987,5000.0,18.0,,true
2988,2200.0,134.0,,true
2989,3500.0,374.0,,true
2990,5000.0,600.0,,true
2991,500.0,157.0,,true
2992,125.0,507.0,,true
2993,40.0,386.0,,true
2994,350.0,150.0,,true
2995,500.0,174.0,,false
2996,500.0,590.0,,false
2997,3300.0,24.0,,false
2998,3300.0,25.0,,false
2999,3300.0,28.0,,false
3000,60.0,176.0,,false
3001,60.0,239.0,,false
3002,60.0,211.0,,false
3003,800.0,6.0,,false
3004,60.0,98.0,,false
3005,60.0,102.0,,false
3006,60.0,117.0,,false
3007,60.0,100.0,,false
3008,60.0,85.0,,false
3009,60.0,108.0,,false
3010,60.0,114.0,,false
3011,60.0,106.0,,false
3012,60.0,91.0,,false
3013,100.0,250.0,,false
3014,100.0,187.0,,false
3015,900.0,10.0,,false
3016,1150.0,18.0,,false
3017,1000.0,8.0,,false
3018,1350.0,49.0,,true
3019,500.0,57.0,,true
3020,5000.0,20.0,,true
3021,2200.0,132.0,,true
3022,3500.0,222.0,,true
3023,5000.0,600.0,,true
3024,500.0,151.0,,true
3025,125.0,543.0,,true
3026,40.0,421.0,,true
3027,350.0,144.0,,true
3028,500.0,184.0,,false
3029,500.0,448.0,,false
3030,3300.0,29.0,,false
3031,3300.0,27.0,,false
3032,3300.0,28.0,,false
3033,60.0,218.0,,false
3034,60.0,176.0,,false
3035,60.0,165.0,,false
3036,60.0,202.0,,false
3037,800.0,6.0,,false
3038,60.0,81.0,,false
3039,60.0,111.0,,false
3040,60.0,90.0,,false
3041,60.0,103.0,,false
3042,60.0,92.0,,false
3043,60.0,94.0,,false
3044,60.0,101.0,,false
3045,100.0,183.0,,false
3046,100.0,197.0,,false
3047,900.0,7.0,,false
3048,1150.0,16.0,,false
3049,1000.0,6.0,,false
3050,1350.0,48.0,,true
3051,500.0,57.0,,true
3052,5000.0,20.0,,true
3053,2200.0,135.0,,true
3054,3500.0,291.0,,true
3055,5000.0,600.0,,true
3056,500.0,160.0,,true
3057,125.0,506.0,,true
3058,40.0,435.0,,true
3059,350.0,160.0,,true
3060,500.0,186.0,,false
3061,500.0,365.0,,false
3062,3300.0,27.0,,false
3063,3300.0,26.0,,false
3064,3300.0,29.0,,false
3065,60.0,239.0,,false
3066,60.0,158.0,,false
3067,60.0,215.0,,false
3068,60.0,186.0,,false
3069,800.0,5.0,,false
3070,60.0,89.0,,false
3071,60.0,94.0,,false
3072,60.0,82.0,,false
3073,60.0,105.0,,false
3074,60.0,83.0,,false
3075,60.0,119.0,,false
3076,60.0,120.0,,false
3077,100.0,189.0,,false
3078,100.0,217.0,,false
3079,900.0,9.0,,false
3080,1150.0,13.0,,false
3081,1000.0,7.0,,false
3082,1350.0,47.0,,true
3083,500.0,58.0,,true
3084,5000.0,18.0,,true
3085,2200.0,136.0,,true
3086,3500.0,300.0,,true
3087,5000.0,600.0,,true
3088,500.0,160.0,,true
3089,125.0,465.0,,true
3090,40.0,413.0,,true
3091,350.0,170.0,,true
3092,500.0,200.0,,false
3093,500.0,409.0,,false
3094,3300.0,24.0,,false
3095,3300.0,29.0,,false
3096,3300.0,25.0,,false
3097,60.0,213.0,,false
3098,60.0,211.0,,false
3099,60.0,234.0,,false
3100,800.0,4.0,,false
3101,60.0,113.0,,false
3102,60.0,83.0,,false
3103,60.0,102.0,,false
3104,60.0,117.0,,false
3105,60.0,112.0,,false
3106,60.0,95.0,,false
3107,60.0,94.0,,false
3108,100.0,210.0,,false
3109,100.0,189.0,,false
3110,900.0,9.0,,false
3111,1150.0,17.0,,false
3112,1000.0,6.0,,false
3113,1350.0,47.0,,true
3114,500.0,60.0,,true
3115,5000.0,20.0,,true
3116,2200.0,138.0,,true
3117,3500.0,314.0,,true
3118,5000.0,600.0,,true
3119,500.0,160.0,,true
3120,125.0,525.0,,true
3121,40.0,355.0,,true
3122,350.0,148.0,,true
3123,500.0,193.0,,false
3124,500.0,399.0,,false
3125,3300.0,21.0,,false
3126,3300.0,29.0,,false
3127,3300.0,27.0,,false
3128,60.0,182.0,,false
3129,60.0,165.0,,false
3130,60.0,181.0,,false
3131,60.0,192.0,,false
3132,800.0,4.0,,false
3133,60.0,92.0,,false
3134,60.0,85.0,,false
3135,60.0,96.0,,false
3136,60.0,97.0,,false
3137,60.0,92.0,,false
3138,60.0,120.0,,false
3139,60.0,107.0,,false
3140,60.0,106.0,,false
3141,100.0,250.0,,false
3142,100.0,205.0,,false
3143,900.0,8.0,,false
3144,1150.0,16.0,,false
3145,1000.0,6.0,,false
3146,1350.0,46.0,,true
3147,500.0,59.0,,true
3148,5000.0,20.0,,true
3149,2200.0,135.0,,true
3150,3500.0,221.0,,true
3151,5000.0,600.0,,true
3152,500.0,155.0,,true
3153,125.0,508.0,,true
3154,40.0,413.0,,true
3155,350.0,169.0,,true
3156,500.0,173.0,,false
3157,500.0,584.0,,false
3158,3300.0,22.0,,false
3159,3300.0,27.0,,false
3160,3300.0,30.0,,false
3161,60.0,193.0,,false
3162,60.0,234.0,,false
3163,60.0,161.0,,false
3164,60.0,223.0,,false
3165,800.0,4.0,,false
3166,60.0,106.0,,false
3167,60.0,86.0,,false
3168,60.0,101.0,,false
3169,60.0,82.0,,false
3170,60.0,85.0,,false
3171,60.0,109.0,,false
3172,60.0,87.0,,false
3173,60.0,114.0,,false
3174,100.0,231.0,,false
3175,100.0,215.0,,false
3176,900.0,10.0,,false
3177,1150.0,15.0,,false
3178,1000.0,7.0,,false
3179,1350.0,47.0,,true
3180,500.0,58.0,,true
3181,5000.0,18.0,,true
3182,2200.0,140.0,,true
3183,3500.0,380.0,,true
3184,5000.0,600.0,,true
3185,500.0,157.0,,true
3186,125.0,495.0,,true
3187,40.0,352.0,,true
3188,350.0,177.0,,true
3189,500.0,173.0,,false
3190,500.0,581.0,,false
3191,3300.0,24.0,,false
3192,3300.0,21.0,,false
3193,3300.0,26.0,,false
3194,60.0,200.0,,false
3195,60.0,210.0,,false
3196,60.0,152.0,,false
3197,60.0,180.0,,false
3198,800.0,4.0,,false
3199,60.0,119.0,,false
3200,60.0,91.0,,false
3201,60.0,120.0,,false
3202,60.0,85.0,,false
3203,60.0,100.0,,false
3204,60.0,117.0,,false
3205,60.0,106.0,,false
3206,60.0,119.0,,false
3207,60.0,108.0,,false
3208,60.0,110.0,,false
3209,100.0,198.0,,false
3210,100.0,188.0,,false
3211,900.0,9.0,,false
3212,1150.0,17.0,,false
3213,1000.0,8.0,,false
