Reference,height,width,stripwidth,preemptable
1,1350.0,49.0,720,true
2,500.0,60.0,,true
3,5000.0,18.0,,true
4,2200.0,136.0,,true
5,3500.0,296.0,,true
6,5000.0,600.0,,true
7,500.0,153.0,,true
8,125.0,456.0,,true
9,40.0,437.0,,true
10,350.0,166.0,,true
11,500.0,187.0,,false
12,500.0,314.0,,false
13,3300.0,28.0,,false
14,3300.0,22.0,,false
15,3300.0,28.0,,false
16,60.0,207.0,,false
17,60.0,204.0,,false
18,60.0,164.0,,false
19,800.0,4.0,,false
20,60.0,98.0,,false
21,60.0,83.0,,false
22,60.0,95.0,,false
23,60.0,89.0,,false
24,60.0,102.0,,false
25,60.0,96.0,,false
26,60.0,108.0,,false
27,60.0,84.0,,false
28,60.0,107.0,,false
29,60.0,101.0,,false
30,100.0,204.0,,false
31,100.0,246.0,,false
32,900.0,10.0,,false
33,1150.0,15.0,,false
34,1000.0,8.0,,false
35,1350.0,46.0,,true
36,500.0,56.0,,true
37,5000.0,18.0,,true
38,2200.0,138.0,,true
39,3500.0,344.0,,true
40,5000.0,600.0,,true
41,500.0,160.0,,true
42,125.0,462.0,,true
43,40.0,425.0,,true
44,350.0,157.0,,true
45,500.0,188.0,,false
46,500.0,307.0,,false
47,3300.0,28.0,,false
48,3300.0,24.0,,false
49,3300.0,23.0,,false
50,60.0,193.0,,false
51,60.0,224.0,,false
52,60.0,191.0,,false
53,60.0,206.0,,false
54,800.0,5.0,,false
55,60.0,99.0,,false
56,60.0,90.0,,false
57,60.0,112.0,,false
58,60.0,118.0,,false
59,60.0,88.0,,false
60,60.0,112.0,,false
61,100.0,218.0,,false
62,100.0,247.0,,false
63,900.0,7.0,,false
64,1150.0,18.0,,false
65,1000.0,7.0,,false
66,1350.0,47.0,,true
67,500.0,57.0,,true
68,5000.0,20.0,,true
69,2200.0,139.0,,true
70,3500.0,348.0,,true
71,5000.0,600.0,,true
72,500.0,158.0,,true
73,125.0,542.0,,true
74,40.0,361.0,,true
75,350.0,148.0,,true
76,500.0,187.0,,false
77,500.0,380.0,,false
78,3300.0,28.0,,false
79,3300.0,22.0,,false
80,3300.0,24.0,,false
81,60.0,180.0,,false
82,60.0,175.0,,false
83,60.0,196.0,,false
84,60.0,223.0,,false
85,800.0,6.0,,false
86,60.0,106.0,,false
87,60.0,92.0,,false
88,60.0,101.0,,false
89,60.0,108.0,,false
90,60.0,109.0,,false
91,60.0,117.0,,false
92,60.0,92.0,,false
93,60.0,117.0,,false
94,60.0,119.0,,false
95,60.0,99.0,,false
96,100.0,214.0,,false
97,100.0,189.0,,false
98,900.0,9.0,,false
99,1150.0,15.0,,false
100,1000.0,8.0,,false
101,1350.0,50.0,,true
102,500.0,58.0,,true
103,5000.0,16.0,,true
104,2200.0,136.0,,true
105,3500.0,334.0,,true
106,5000.0,600.0,,true
107,500.0,153.0,,true
108,125.0,460.0,,true
109,40.0,379.0,,true
110,350.0,160.0,,true
111,500.0,200.0,,false
112,500.0,360.0,,false
113,3300.0,27.0,,false
114,3300.0,25.0,,false
115,3300.0,30.0,,false
116,60.0,244.0,,false
117,60.0,245.0,,false
118,60.0,153.0,,false
119,60.0,186.0,,false
120,800.0,5.0,,false
121,60.0,91.0,,false
122,60.0,100.0,,false
123,60.0,85.0,,false
124,60.0,81.0,,false
125,60.0,109.0,,false
126,60.0,93.0,,false
127,60.0,105.0,,false
128,60.0,83.0,,false
129,60.0,106.0,,false
130,60.0,90.0,,false
131,100.0,201.0,,false
132,100.0,238.0,,false
133,900.0,8.0,,false
134,1150.0,16.0,,false
135,1000.0,8.0,,false
136,1350.0,47.0,,true
137,500.0,59.0,,true
138,5000.0,17.0,,true
139,2200.0,132.0,,true
140,3500.0,223.0,,true
141,5000.0,600.0,,true
142,500.0,153.0,,true
143,125.0,528.0,,true
144,40.0,415.0,,true
145,350.0,141.0,,true
146,500.0,175.0,,false
147,500.0,447.0,,false
148,3300.0,26.0,,false
149,3300.0,26.0,,false
150,3300.0,30.0,,false
151,60.0,188.0,,false
152,60.0,241.0,,false
153,60.0,249.0,,false
154,60.0,185.0,,false
155,800.0,6.0,,false
156,60.0,90.0,,false
157,60.0,109.0,,false
158,60.0,98.0,,false
159,60.0,103.0,,false
160,60.0,91.0,,false
161,60.0,102.0,,false
162,100.0,203.0,,false
163,100.0,241.0,,false
164,900.0,8.0,,false
165,1150.0,18.0,,false
166,1000.0,6.0,,false
167,1350.0,49.0,,true
168,500.0,57.0,,true
169,5000.0,17.0,,true
170,2200.0,132.0,,true
171,3500.0,316.0,,true
172,5000.0,600.0,,true
173,500.0,145.0,,true
174,125.0,492.0,,true
175,40.0,360.0,,true
176,350.0,167.0,,true
177,500.0,200.0,,false
178,500.0,427.0,,false
179,3300.0,28.0,,false
180,3300.0,30.0,,false
181,3300.0,22.0,,false
182,60.0,188.0,,false
183,60.0,153.0,,false
184,60.0,221.0,,false
185,60.0,231.0,,false
186,800.0,5.0,,false
187,60.0,114.0,,false
188,60.0,114.0,,false
189,60.0,82.0,,false
190,60.0,112.0,,false
191,60.0,115.0,,false
192,60.0,115.0,,false
193,60.0,108.0,,false
194,60.0,83.0,,false
195,60.0,88.0,,false
196,60.0,111.0,,false
197,100.0,197.0,,false
198,100.0,232.0,,false
199,900.0,7.0,,false
200,1150.0,14.0,,false
201,1000.0,5.0,,false
202,1350.0,46.0,,true
203,500.0,56.0,,true
204,5000.0,20.0,,true
205,2200.0,138.0,,true
206,3500.0,248.0,,true
207,5000.0,600.0,,true
208,500.0,143.0,,true
209,125.0,498.0,,true
210,40.0,402.0,,true
211,350.0,155.0,,true
212,500.0,198.0,,false
213,500.0,311.0,,false
214,3300.0,23.0,,false
215,3300.0,22.0,,false
216,3300.0,28.0,,false
217,60.0,175.0,,false
218,60.0,199.0,,false
219,60.0,204.0,,false
220,60.0,233.0,,false
221,800.0,5.0,,false
222,60.0,119.0,,false
223,60.0,115.0,,false
224,60.0,86.0,,false
225,60.0,119.0,,false
226,60.0,107.0,,false
227,60.0,82.0,,false
228,100.0,196.0,,false
229,100.0,184.0,,false
230,900.0,9.0,,false
231,1150.0,16.0,,false
232,1000.0,8.0,,false
233,1350.0,49.0,,true
234,500.0,60.0,,true
235,5000.0,20.0,,true
236,2200.0,139.0,,true
237,3500.0,280.0,,true
238,5000.0,600.0,,true
239,500.0,141.0,,true
240,125.0,522.0,,true
241,40.0,358.0,,true
242,350.0,166.0,,true
243,500.0,178.0,,false
244,500.0,353.0,,false
245,3300.0,25.0,,false
246,3300.0,27.0,,false
247,3300.0,28.0,,false
248,60.0,240.0,,false
249,60.0,198.0,,false
250,60.0,196.0,,false
251,800.0,6.0,,false
252,60.0,120.0,,false
253,60.0,87.0,,false
254,60.0,95.0,,false
255,60.0,88.0,,false
256,60.0,114.0,,false
257,60.0,94.0,,false
258,60.0,114.0,,false
259,100.0,226.0,,false
260,100.0,211.0,,false
261,900.0,9.0,,false
262,1150.0,14.0,,false
263,1000.0,8.0,,false
264,1350.0,48.0,,true
265,500.0,58.0,,true
266,5000.0,16.0,,true
267,2200.0,136.0,,true
268,3500.0,253.0,,true
269,5000.0,600.0,,true
270,500.0,160.0,,true
271,125.0,518.0,,true
272,40.0,442.0,,true
273,350.0,175.0,,true
274,500.0,195.0,,false
275,500.0,570.0,,false
276,3300.0,27.0,,false
277,3300.0,26.0,,false
278,3300.0,26.0,,false
279,60.0,232.0,,false
280,60.0,152.0,,false
281,60.0,218.0,,false
282,60.0,198.0,,false
283,800.0,4.0,,false
284,60.0,111.0,,false
285,60.0,100.0,,false
286,60.0,99.0,,false
287,60.0,81.0,,false
288,60.0,81.0,,false
289,60.0,114.0,,false
290,60.0,108.0,,false
291,100.0,208.0,,false
292,100.0,209.0,,false
293,900.0,8.0,,false
294,1150.0,15.0,,false
295,1000.0,8.0,,false
296,1350.0,50.0,,true
297,500.0,60.0,,true
298,5000.0,17.0,,true
299,2200.0,139.0,,true
300,3500.0,386.0,,true
301,5000.0,600.0,,true
302,500.0,141.0,,true
303,125.0,511.0,,true
304,40.0,432.0,,true
305,350.0,167.0,,true
306,500.0,180.0,,false
307,500.0,508.0,,false
308,3300.0,22.0,,false
309,3300.0,26.0,,false
310,3300.0,24.0,,false
311,60.0,155.0,,false
312,60.0,212.0,,false
313,60.0,184.0,,false
314,60.0,218.0,,false
315,800.0,5.0,,false
316,60.0,104.0,,false
317,60.0,91.0,,false
318,60.0,98.0,,false
319,60.0,99.0,,false
320,60.0,108.0,,false
321,60.0,89.0,,false
322,60.0,84.0,,false
323,60.0,98.0,,false
324,60.0,98.0,,false
325,60.0,113.0,,false
326,100.0,202.0,,false
327,100.0,195.0,,false
328,900.0,8.0,,false
329,1150.0,16.0,,false
330,1000.0,5.0,,false
331,1350.0,50.0,,true
332,500.0,58.0,,true
333,5000.0,17.0,,true
334,2200.0,139.0,,true
335,3500.0,267.0,,true
336,5000.0,600.0,,true
337,500.0,151.0,,true
338,125.0,477.0,,true
339,40.0,357.0,,true
340,350.0,145.0,,true
341,500.0,175.0,,false
342,500.0,533.0,,false
343,3300.0,25.0,,false
344,3300.0,24.0,,false
345,3300.0,25.0,,false
346,60.0,171.0,,false
347,60.0,247.0,,false
348,60.0,227.0,,false
349,60.0,158.0,,false
350,800.0,4.0,,false
351,60.0,81.0,,false
352,60.0,84.0,,false
353,60.0,96.0,,false
354,60.0,114.0,,false
355,60.0,81.0,,false
356,60.0,113.0,,false
357,60.0,104.0,,false
358,60.0,104.0,,false
359,60.0,113.0,,false
360,60.0,100.0,,false
361,100.0,206.0,,false
362,100.0,220.0,,false
363,900.0,10.0,,false
364,1150.0,16.0,,false
365,1000.0,5.0,,false
366,1350.0,49.0,,true
367,500.0,58.0,,true
368,5000.0,20.0,,true
369,2200.0,134.0,,true
370,3500.0,369.0,,true
371,5000.0,600.0,,true
372,500.0,144.0,,true
373,125.0,453.0,,true
374,40.0,414.0,,true
375,350.0,148.0,,true
376,500.0,187.0,,false
377,500.0,379.0,,false
378,3300.0,23.0,,false
379,3300.0,21.0,,false
380,3300.0,23.0,,false
381,60.0,155.0,,false
382,60.0,212.0,,false
383,60.0,208.0,,false
384,800.0,5.0,,false
385,60.0,88.0,,false
386,60.0,110.0,,false
387,60.0,104.0,,false
388,60.0,84.0,,false
389,60.0,114.0,,false
390,60.0,120.0,,false
391,60.0,104.0,,false
392,60.0,108.0,,false
393,60.0,90.0,,false
394,60.0,108.0,,false
395,100.0,199.0,,false
396,100.0,196.0,,false
397,900.0,10.0,,false
398,1150.0,15.0,,false
399,1000.0,8.0,,false
400,1350.0,50.0,,true
401,500.0,60.0,,true
402,5000.0,18.0,,true
403,2200.0,131.0,,true
404,3500.0,348.0,,true
405,5000.0,600.0,,true
406,500.0,153.0,,true
407,125.0,466.0,,true
408,40.0,374.0,,true
409,350.0,178.0,,true
410,500.0,197.0,,false
411,500.0,478.0,,false
412,3300.0,28.0,,false
413,3300.0,21.0,,false
414,3300.0,24.0,,false
415,60.0,161.0,,false
416,60.0,186.0,,false
417,60.0,171.0,,false
418,60.0,223.0,,false
419,800.0,5.0,,false
420,60.0,119.0,,false
421,60.0,101.0,,false
422,60.0,82.0,,false
423,60.0,120.0,,false
424,60.0,84.0,,false
425,60.0,108.0,,false
426,100.0,238.0,,false
427,100.0,200.0,,false
428,900.0,9.0,,false
429,1150.0,16.0,,false
430,1000.0,5.0,,false
431,1350.0,49.0,,true
432,500.0,59.0,,true
433,5000.0,20.0,,true
434,2200.0,133.0,,true
435,3500.0,378.0,,true
436,5000.0,600.0,,true
437,500.0,146.0,,true
438,125.0,535.0,,true
439,40.0,427.0,,true
440,350.0,143.0,,true
441,500.0,183.0,,false
442,500.0,369.0,,false
443,3300.0,21.0,,false
444,3300.0,30.0,,false
445,3300.0,22.0,,false
446,60.0,206.0,,false
447,60.0,197.0,,false
448,60.0,240.0,,false
449,60.0,155.0,,false
450,800.0,6.0,,false
451,60.0,95.0,,false
452,60.0,114.0,,false
453,60.0,98.0,,false
454,60.0,88.0,,false
455,60.0,86.0,,false
456,60.0,102.0,,false
457,60.0,95.0,,false
458,60.0,97.0,,false
459,100.0,211.0,,false
460,100.0,183.0,,false
461,900.0,9.0,,false
462,1150.0,17.0,,false
463,1000.0,8.0,,false
464,1350.0,50.0,,true
465,500.0,57.0,,true
466,5000.0,20.0,,true
467,2200.0,135.0,,true
468,3500.0,276.0,,true
469,5000.0,600.0,,true
470,500.0,157.0,,true
471,125.0,466.0,,true
472,40.0,375.0,,true
473,350.0,150.0,,true
474,500.0,192.0,,false
475,500.0,592.0,,false
476,3300.0,24.0,,false
477,3300.0,21.0,,false
478,3300.0,30.0,,false
479,60.0,193.0,,false
480,60.0,229.0,,false
481,60.0,236.0,,false
482,800.0,4.0,,false
483,60.0,109.0,,false
484,60.0,119.0,,false
485,60.0,97.0,,false
486,60.0,83.0,,false
487,60.0,112.0,,false
488,60.0,101.0,,false
489,60.0,99.0,,false
490,60.0,106.0,,false
491,100.0,240.0,,false
492,100.0,240.0,,false
493,900.0,8.0,,false
494,1150.0,13.0,,false
495,1000.0,5.0,,false
496,1350.0,46.0,,true
497,500.0,59.0,,true
498,5000.0,17.0,,true
499,2200.0,133.0,,true
500,3500.0,366.0,,true
501,5000.0,600.0,,true
502,500.0,157.0,,true
503,125.0,480.0,,true
504,40.0,404.0,,true
505,350.0,147.0,,true
506,500.0,184.0,,false
507,500.0,344.0,,false
508,3300.0,21.0,,false
509,3300.0,29.0,,false
510,3300.0,24.0,,false
511,60.0,239.0,,false
512,60.0,174.0,,false
513,60.0,217.0,,false
514,60.0,219.0,,false
515,800.0,5.0,,false
516,60.0,104.0,,false
517,60.0,84.0,,false
518,60.0,110.0,,false
519,60.0,98.0,,false
520,60.0,120.0,,false
521,60.0,116.0,,false
522,60.0,117.0,,false
523,60.0,98.0,,false
524,60.0,98.0,,false
525,100.0,229.0,,false
526,100.0,204.0,,false
527,900.0,9.0,,false
528,1150.0,16.0,,false
529,1000.0,6.0,,false
530,1350.0,46.0,,true
531,500.0,56.0,,true
532,5000.0,19.0,,true
533,2200.0,133.0,,true
534,3500.0,400.0,,true
535,5000.0,600.0,,true
536,500.0,146.0,,true
537,125.0,489.0,,true
538,40.0,379.0,,true
539,350.0,141.0,,true
540,500.0,174.0,,false
541,500.0,515.0,,false
542,3300.0,24.0,,false
543,3300.0,30.0,,false
544,3300.0,26.0,,false
545,60.0,157.0,,false
546,60.0,162.0,,false
547,60.0,161.0,,false
548,800.0,4.0,,false
549,60.0,108.0,,false
550,60.0,102.0,,false
551,60.0,86.0,,false
552,60.0,99.0,,false
553,60.0,97.0,,false
554,60.0,110.0,,false
555,100.0,229.0,,false
556,100.0,191.0,,false
557,900.0,8.0,,false
558,1150.0,13.0,,false
559,1000.0,7.0,,false
560,1350.0,47.0,,true
561,500.0,56.0,,true
562,5000.0,17.0,,true
563,2200.0,134.0,,true
564,3500.0,338.0,,true
565,5000.0,600.0,,true
566,500.0,155.0,,true
567,125.0,535.0,,true
568,40.0,369.0,,true
569,350.0,154.0,,true
570,500.0,200.0,,false
571,500.0,426.0,,false
572,3300.0,21.0,,false
573,3300.0,27.0,,false
574,3300.0,27.0,,false
575,60.0,242.0,,false
576,60.0,193.0,,false
577,60.0,191.0,,false
578,800.0,4.0,,false
579,60.0,118.0,,false
580,60.0,112.0,,false
581,60.0,89.0,,false
582,60.0,111.0,,false
583,60.0,95.0,,false
584,60.0,114.0,,false
585,60.0,114.0,,false
586,60.0,81.0,,false
587,100.0,194.0,,false
588,100.0,210.0,,false
589,900.0,10.0,,false
590,1150.0,13.0,,false
591,1000.0,6.0,,false
592,1350.0,50.0,,true
593,500.0,60.0,,true
594,5000.0,17.0,,true
595,2200.0,139.0,,true
596,3500.0,254.0,,true
597,5000.0,600.0,,true
598,500.0,154.0,,true
599,125.0,544.0,,true
600,40.0,412.0,,true
601,350.0,159.0,,true
602,500.0,195.0,,false
603,500.0,530.0,,false
604,3300.0,30.0,,false
605,3300.0,23.0,,false
606,3300.0,24.0,,false
607,60.0,232.0,,false
608,60.0,182.0,,false
609,60.0,249.0,,false
610,60.0,186.0,,false
611,800.0,6.0,,false
612,60.0,116.0,,false
613,60.0,102.0,,false
614,60.0,101.0,,false
615,60.0,115.0,,false
616,60.0,92.0,,false
617,60.0,112.0,,false
618,60.0,114.0,,false
619,100.0,218.0,,false
620,100.0,207.0,,false
621,900.0,7.0,,false
622,1150.0,16.0,,false
623,1000.0,8.0,,false
624,1350.0,50.0,,true
625,500.0,60.0,,true
626,5000.0,17.0,,true
627,2200.0,134.0,,true
628,3500.0,305.0,,true
629,5000.0,600.0,,true
630,500.0,149.0,,true
631,125.0,476.0,,true
632,40.0,395.0,,true
633,350.0,144.0,,true
634,500.0,194.0,,false
635,500.0,399.0,,false
636,3300.0,30.0,,false
637,3300.0,22.0,,false
638,3300.0,21.0,,false
639,60.0,207.0,,false
640,60.0,205.0,,false
641,60.0,249.0,,false
642,800.0,5.0,,false
643,60.0,94.0,,false
644,60.0,119.0,,false
645,60.0,106.0,,false
646,60.0,108.0,,false
647,60.0,100.0,,false
648,60.0,94.0,,false
649,60.0,98.0,,false
650,60.0,104.0,,false
651,60.0,92.0,,false
652,60.0,93.0,,false
653,100.0,233.0,,false
654,100.0,242.0,,false
655,900.0,8.0,,false
656,1150.0,17.0,,false
657,1000.0,6.0,,false
658,1350.0,48.0,,true
659,500.0,60.0,,true
660,5000.0,16.0,,true
661,2200.0,140.0,,true
662,3500.0,272.0,,true
663,5000.0,600.0,,true
664,500.0,159.0,,true
665,125.0,537.0,,true
666,40.0,431.0,,true
667,350.0,180.0,,true
668,500.0,187.0,,false
669,500.0,366.0,,false
670,3300.0,25.0,,false
671,3300.0,28.0,,false
672,3300.0,24.0,,false
673,60.0,209.0,,false
674,60.0,219.0,,false
675,60.0,235.0,,false
676,800.0,4.0,,false
677,60.0,95.0,,false
678,60.0,99.0,,false
679,60.0,89.0,,false
680,60.0,111.0,,false
681,60.0,87.0,,false
682,60.0,95.0,,false
683,60.0,117.0,,false
684,100.0,202.0,,false
685,100.0,237.0,,false
686,900.0,9.0,,false
687,1150.0,14.0,,false
688,1000.0,6.0,,false
689,1350.0,46.0,,true
690,500.0,56.0,,true
691,5000.0,18.0,,true
692,2200.0,140.0,,true
693,3500.0,237.0,,true
694,5000.0,600.0,,true
695,500.0,160.0,,true
696,125.0,516.0,,true
697,40.0,388.0,,true
698,350.0,168.0,,true
699,500.0,176.0,,false
700,500.0,323.0,,false
701,3300.0,21.0,,false
702,3300.0,22.0,,false
703,3300.0,28.0,,false
704,60.0,198.0,,false
705,60.0,225.0,,false
706,60.0,152.0,,false
707,800.0,4.0,,false
708,60.0,94.0,,false
709,60.0,99.0,,false
710,60.0,114.0,,false
711,60.0,90.0,,false
712,60.0,114.0,,false
713,60.0,115.0,,false
714,60.0,115.0,,false
715,60.0,107.0,,false
716,60.0,113.0,,false
717,100.0,212.0,,false
718,100.0,190.0,,false
719,900.0,9.0,,false
720,1150.0,14.0,,false
721,1000.0,5.0,,false
722,1350.0,50.0,,true
723,500.0,56.0,,true
724,5000.0,17.0,,true
725,2200.0,138.0,,true
726,3500.0,320.0,,true
727,5000.0,600.0,,true
728,500.0,160.0,,true
729,125.0,522.0,,true
730,40.0,383.0,,true
731,350.0,141.0,,true
732,500.0,189.0,,false
733,500.0,485.0,,false
734,3300.0,29.0,,false
735,3300.0,21.0,,false
736,3300.0,22.0,,false
737,60.0,222.0,,false
738,60.0,194.0,,false
739,60.0,160.0,,false
740,800.0,6.0,,false
741,60.0,118.0,,false
742,60.0,100.0,,false
743,60.0,114.0,,false
744,60.0,85.0,,false
745,60.0,103.0,,false
746,60.0,116.0,,false
747,60.0,103.0,,false
748,100.0,196.0,,false
749,100.0,204.0,,false
750,900.0,8.0,,false
751,1150.0,15.0,,false
752,1000.0,8.0,,false
753,1350.0,50.0,,true
754,500.0,58.0,,true
755,5000.0,16.0,,true
756,2200.0,140.0,,true
757,3500.0,245.0,,true
758,5000.0,600.0,,true
759,500.0,144.0,,true
760,125.0,502.0,,true
761,40.0,412.0,,true
762,350.0,167.0,,true
763,500.0,189.0,,false
764,500.0,302.0,,false
765,3300.0,28.0,,false
766,3300.0,27.0,,false
767,3300.0,27.0,,false
768,60.0,208.0,,false
769,60.0,215.0,,false
770,60.0,157.0,,false
771,60.0,245.0,,false
772,800.0,4.0,,false
773,60.0,103.0,,false
774,60.0,107.0,,false
775,60.0,88.0,,false
776,60.0,91.0,,false
777,60.0,116.0,,false
778,60.0,117.0,,false
779,60.0,100.0,,false
780,60.0,97.0,,false
781,100.0,220.0,,false
782,100.0,189.0,,false
783,900.0,7.0,,false
784,1150.0,15.0,,false
785,1000.0,5.0,,false
786,1350.0,47.0,,true
787,500.0,60.0,,true
788,5000.0,20.0,,true
789,2200.0,132.0,,true
790,3500.0,394.0,,true
791,5000.0,600.0,,true
792,500.0,158.0,,true
793,125.0,543.0,,true
794,40.0,435.0,,true
795,350.0,145.0,,true
796,500.0,196.0,,false
797,500.0,524.0,,false
798,3300.0,23.0,,false
799,3300.0,29.0,,false
800,3300.0,26.0,,false
801,60.0,218.0,,false
802,60.0,151.0,,false
803,60.0,203.0,,false
804,800.0,4.0,,false
805,60.0,86.0,,false
806,60.0,110.0,,false
807,60.0,87.0,,false
808,60.0,94.0,,false
809,60.0,92.0,,false
810,60.0,82.0,,false
811,100.0,225.0,,false
812,100.0,210.0,,false
813,900.0,10.0,,false
814,1150.0,15.0,,false
815,1000.0,7.0,,false
816,1350.0,46.0,,true
817,500.0,57.0,,true
818,5000.0,19.0,,true
819,2200.0,138.0,,true
820,3500.0,265.0,,true
821,5000.0,600.0,,true
822,500.0,145.0,,true
823,125.0,460.0,,true
824,40.0,377.0,,true
825,350.0,141.0,,true
826,500.0,194.0,,false
827,500.0,368.0,,false
828,3300.0,28.0,,false
829,3300.0,27.0,,false
830,3300.0,25.0,,false
831,60.0,158.0,,false
832,60.0,214.0,,false
833,60.0,234.0,,false
834,60.0,223.0,,false
835,800.0,6.0,,false
836,60.0,106.0,,false
837,60.0,92.0,,false
838,60.0,83.0,,false
839,60.0,108.0,,false
840,60.0,105.0,,false
841,60.0,117.0,,false
842,60.0,82.0,,false
843,60.0,89.0,,false
844,60.0,88.0,,false
845,100.0,228.0,,false
846,100.0,192.0,,false
847,900.0,9.0,,false
848,1150.0,13.0,,false
849,1000.0,8.0,,false
850,1350.0,46.0,,true
851,500.0,57.0,,true
852,5000.0,17.0,,true
853,2200.0,137.0,,true
854,3500.0,338.0,,true
855,5000.0,600.0,,true
856,500.0,147.0,,true
857,125.0,482.0,,true
858,40.0,413.0,,true
859,350.0,144.0,,true
860,500.0,196.0,,false
861,500.0,374.0,,false
862,3300.0,28.0,,false
863,3300.0,25.0,,false
864,3300.0,29.0,,false
865,60.0,198.0,,false
866,60.0,180.0,,false
867,60.0,192.0,,false
868,800.0,5.0,,false
869,60.0,93.0,,false
870,60.0,111.0,,false
871,60.0,102.0,,false
872,60.0,90.0,,false
873,60.0,105.0,,false
874,60.0,81.0,,false
875,60.0,115.0,,false
876,60.0,97.0,,false
877,60.0,117.0,,false
878,60.0,118.0,,false
879,100.0,207.0,,false
880,100.0,249.0,,false
881,900.0,9.0,,false
882,1150.0,17.0,,false
883,1000.0,8.0,,false
884,1350.0,47.0,,true
885,500.0,56.0,,true
886,5000.0,20.0,,true
887,2200.0,134.0,,true
888,3500.0,262.0,,true
889,5000.0,600.0,,true
890,500.0,149.0,,true
891,125.0,455.0,,true
892,40.0,407.0,,true
893,350.0,152.0,,true
894,500.0,198.0,,false
895,500.0,413.0,,false
896,3300.0,21.0,,false
897,3300.0,22.0,,false
898,3300.0,28.0,,false
899,60.0,216.0,,false
900,60.0,183.0,,false
901,60.0,244.0,,false
902,800.0,6.0,,false
903,60.0,97.0,,false
904,60.0,110.0,,false
905,60.0,103.0,,false
906,60.0,90.0,,false
907,60.0,83.0,,false
908,60.0,104.0,,false
909,60.0,84.0,,false
910,60.0,120.0,,false
911,100.0,213.0,,false
912,100.0,232.0,,false
913,900.0,10.0,,false
914,1150.0,17.0,,false
915,1000.0,8.0,,false
916,1350.0,49.0,,true
917,500.0,59.0,,true
918,5000.0,17.0,,true
919,2200.0,131.0,,true
920,3500.0,235.0,,true
921,5000.0,600.0,,true
922,500.0,143.0,,true
923,125.0,516.0,,true
924,40.0,377.0,,true
925,350.0,147.0,,true
926,500.0,189.0,,false
927,500.0,336.0,,false
928,3300.0,29.0,,false
929,3300.0,27.0,,false
930,3300.0,24.0,,false
931,60.0,249.0,,false
932,60.0,190.0,,false
933,60.0,159.0,,false
934,800.0,6.0,,false
935,60.0,96.0,,false
936,60.0,104.0,,false
937,60.0,110.0,,false
938,60.0,102.0,,false
939,60.0,83.0,,false
940,60.0,107.0,,false
941,60.0,110.0,,false
942,60.0,110.0,,false
943,60.0,105.0,,false
944,100.0,186.0,,false
945,100.0,228.0,,false
946,900.0,10.0,,false
947,1150.0,13.0,,false
948,1000.0,5.0,,false
949,1350.0,49.0,,true
950,500.0,58.0,,true
951,5000.0,19.0,,true
952,2200.0,133.0,,true
953,3500.0,263.0,,true
954,5000.0,600.0,,true
955,500.0,150.0,,true
956,125.0,525.0,,true
957,40.0,358.0,,true
958,350.0,164.0,,true
959,500.0,192.0,,false
960,500.0,336.0,,false
961,3300.0,21.0,,false
962,3300.0,24.0,,false
963,3300.0,23.0,,false
964,60.0,236.0,,false
965,60.0,161.0,,false
966,60.0,243.0,,false
967,60.0,239.0,,false
968,800.0,6.0,,false
969,60.0,82.0,,false
970,60.0,118.0,,false
971,60.0,84.0,,false
972,60.0,119.0,,false
973,60.0,81.0,,false
974,60.0,120.0,,false
975,60.0,95.0,,false
976,60.0,86.0,,false
977,60.0,107.0,,false
978,60.0,103.0,,false
979,100.0,191.0,,false
980,100.0,188.0,,false
981,900.0,7.0,,false
982,1150.0,13.0,,false
983,1000.0,6.0,,false
984,1350.0,47.0,,true
985,500.0,56.0,,true
986,5000.0,19.0,,true
987,2200.0,134.0,,true
988,3500.0,358.0,,true
989,5000.0,600.0,,true
990,500.0,145.0,,true
991,125.0,546.0,,true
992,40.0,394.0,,true
993,350.0,151.0,,true
994,500.0,199.0,,false
995,500.0,412.0,,false
996,3300.0,26.0,,false
997,3300.0,22.0,,false
998,3300.0,23.0,,false
999,60.0,188.0,,false
1000,60.0,239.0,,false
1001,60.0,173.0,,false
1002,800.0,5.0,,false
1003,60.0,81.0,,false
1004,60.0,115.0,,false
1005,60.0,103.0,,false
1006,60.0,96.0,,false
1007,60.0,98.0,,false
1008,60.0,96.0,,false
1009,60.0,97.0,,false
1010,60.0,114.0,,false
1011,60.0,89.0,,false
1012,60.0,95.0,,false
1013,100.0,192.0,,false
1014,100.0,245.0,,false
1015,900.0,10.0,,false
1016,1150.0,14.0,,false
1017,1000.0,6.0,,false
1018,1350.0,48.0,,true
1019,500.0,56.0,,true
1020,5000.0,20.0,,true
1021,2200.0,134.0,,true
1022,3500.0,253.0,,true
1023,5000.0,600.0,,true
1024,500.0,142.0,,true
1025,125.0,547.0,,true
1026,40.0,402.0,,true
1027,350.0,167.0,,true
1028,500.0,186.0,,false
1029,500.0,446.0,,false
1030,3300.0,29.0,,false
1031,3300.0,27.0,,false
1032,3300.0,28.0,,false
1033,60.0,163.0,,false
1034,60.0,210.0,,false
1035,60.0,195.0,,false
1036,800.0,6.0,,false
1037,60.0,115.0,,false
1038,60.0,116.0,,false
1039,60.0,105.0,,false
1040,60.0,106.0,,false
1041,60.0,103.0,,false
1042,60.0,107.0,,false
1043,60.0,93.0,,false
1044,60.0,98.0,,false
1045,60.0,83.0,,false
1046,100.0,234.0,,false
1047,100.0,209.0,,false
1048,900.0,7.0,,false
1049,1150.0,16.0,,false
1050,1000.0,8.0,,false
1051,1350.0,48.0,,true
1052,500.0,59.0,,true
1053,5000.0,17.0,,true
1054,2200.0,138.0,,true
1055,3500.0,291.0,,true
1056,5000.0,600.0,,true
1057,500.0,153.0,,true
1058,125.0,536.0,,true
1059,40.0,383.0,,true
1060,350.0,166.0,,true
1061,500.0,192.0,,false
1062,500.0,538.0,,false
1063,3300.0,28.0,,false
1064,3300.0,21.0,,false
1065,3300.0,30.0,,false
1066,60.0,225.0,,false
1067,60.0,226.0,,false
1068,60.0,210.0,,false
1069,800.0,4.0,,false
1070,60.0,82.0,,false
1071,60.0,94.0,,false
1072,60.0,84.0,,false
1073,60.0,83.0,,false
1074,60.0,90.0,,false
1075,60.0,107.0,,false
1076,60.0,117.0,,false
1077,60.0,82.0,,false
1078,100.0,213.0,,false
1079,100.0,209.0,,false
1080,900.0,8.0,,false
1081,1150.0,18.0,,false
1082,1000.0,8.0,,false
1083,1350.0,46.0,,true
1084,500.0,60.0,,true
1085,5000.0,18.0,,true
1086,2200.0,134.0,,true
1087,3500.0,227.0,,true
1088,5000.0,600.0,,true
1089,500.0,156.0,,true
1090,125.0,536.0,,true
1091,40.0,456.0,,true
1092,350.0,162.0,,true
1093,500.0,177.0,,false
1094,500.0,474.0,,false
1095,3300.0,24.0,,false
1096,3300.0,29.0,,false
1097,3300.0,26.0,,false
1098,60.0,183.0,,false
1099,60.0,170.0,,false
1100,60.0,232.0,,false
1101,800.0,6.0,,false
1102,60.0,106.0,,false
1103,60.0,91.0,,false
1104,60.0,104.0,,false
1105,60.0,98.0,,false
1106,60.0,114.0,,false
1107,60.0,110.0,,false
1108,60.0,109.0,,false
1109,60.0,109.0,,false
1110,60.0,84.0,,false
1111,100.0,214.0,,false
1112,100.0,248.0,,false
1113,900.0,10.0,,false
1114,1150.0,15.0,,false
1115,1000.0,8.0,,false
1116,1350.0,49.0,,true
1117,500.0,57.0,,true
1118,5000.0,16.0,,true
1119,2200.0,139.0,,true
1120,3500.0,242.0,,true
1121,5000.0,600.0,,true
1122,500.0,155.0,,true
1123,125.0,458.0,,true
1124,40.0,421.0,,true
1125,350.0,151.0,,true
1126,500.0,184.0,,false
1127,500.0,476.0,,false
1128,3300.0,27.0,,false
1129,3300.0,21.0,,false
1130,3300.0,24.0,,false
1131,60.0,205.0,,false
1132,60.0,171.0,,false
1133,60.0,171.0,,false
1134,60.0,250.0,,false
1135,800.0,6.0,,false
1136,60.0,116.0,,false
1137,60.0,104.0,,false
1138,60.0,112.0,,false
1139,60.0,87.0,,false
1140,60.0,90.0,,false
1141,60.0,104.0,,false
1142,60.0,109.0,,false
1143,100.0,193.0,,false
1144,100.0,234.0,,false
1145,900.0,8.0,,false
1146,1150.0,15.0,,false
1147,1000.0,8.0,,false
1148,1350.0,50.0,,true
1149,500.0,56.0,,true
1150,5000.0,16.0,,true
1151,2200.0,139.0,,true
1152,3500.0,313.0,,true
1153,5000.0,600.0,,true
1154,500.0,147.0,,true
1155,125.0,543.0,,true
1156,40.0,425.0,,true
1157,350.0,141.0,,true
1158,500.0,200.0,,false
1159,500.0,470.0,,false
1160,3300.0,22.0,,false
1161,3300.0,24.0,,false
1162,3300.0,24.0,,false
1163,60.0,250.0,,false
1164,60.0,231.0,,false
1165,60.0,247.0,,false
1166,800.0,6.0,,false
1167,60.0,81.0,,false
1168,60.0,106.0,,false
1169,60.0,109.0,,false
1170,60.0,83.0,,false
1171,60.0,100.0,,false
1172,60.0,114.0,,false
1173,60.0,94.0,,false
1174,60.0,81.0,,false
1175,100.0,191.0,,false
1176,100.0,224.0,,false
1177,900.0,8.0,,false
1178,1150.0,18.0,,false
1179,1000.0,5.0,,false
1180,1350.0,47.0,,true
1181,500.0,56.0,,true
1182,5000.0,18.0,,true
1183,2200.0,133.0,,true
1184,3500.0,369.0,,true
1185,5000.0,600.0,,true
1186,500.0,145.0,,true
1187,125.0,508.0,,true
1188,40.0,417.0,,true
1189,350.0,175.0,,true
1190,500.0,176.0,,false
1191,500.0,553.0,,false
1192,3300.0,24.0,,false
1193,3300.0,22.0,,false
1194,3300.0,27.0,,false
1195,60.0,197.0,,false
1196,60.0,249.0,,false
1197,60.0,160.0,,false
1198,60.0,179.0,,false
1199,800.0,6.0,,false
1200,60.0,87.0,,false
1201,60.0,117.0,,false
1202,60.0,117.0,,false
1203,60.0,90.0,,false
1204,60.0,94.0,,false
1205,60.0,86.0,,false
1206,60.0,98.0,,false
1207,60.0,118.0,,false
1208,100.0,210.0,,false
1209,100.0,248.0,,false
1210,900.0,8.0,,false
1211,1150.0,14.0,,false
1212,1000.0,5.0,,false
1213,1350.0,50.0,,true
1214,500.0,59.0,,true
1215,5000.0,17.0,,true
1216,2200.0,137.0,,true
1217,3500.0,235.0,,true
1218,5000.0,600.0,,true
1219,500.0,158.0,,true
1220,125.0,542.0,,true
1221,40.0,394.0,,true
1222,350.0,173.0,,true
1223,500.0,200.0,,false
1224,500.0,392.0,,false
1225,3300.0,24.0,,false
1226,3300.0,21.0,,false
1227,3300.0,25.0,,false
1228,60.0,213.0,,false
1229,60.0,240.0,,false
1230,60.0,249.0,,false
1231,800.0,4.0,,false
1232,60.0,102.0,,false
1233,60.0,93.0,,false
1234,60.0,108.0,,false
1235,60.0,109.0,,false
1236,60.0,113.0,,false
1237,60.0,97.0,,false
1238,100.0,218.0,,false
1239,100.0,202.0,,false
1240,900.0,7.0,,false
1241,1150.0,17.0,,false
1242,1000.0,5.0,,false
1243,1350.0,50.0,,true
1244,500.0,56.0,,true
1245,5000.0,18.0,,true
1246,2200.0,138.0,,true
1247,3500.0,233.0,,true
1248,5000.0,600.0,,true
1249,500.0,145.0,,true
1250,125.0,482.0,,true
1251,40.0,448.0,,true
1252,350.0,142.0,,true
1253,500.0,187.0,,false
1254,500.0,384.0,,false
1255,3300.0,29.0,,false
1256,3300.0,25.0,,false
1257,3300.0,25.0,,false
1258,60.0,174.0,,false
1259,60.0,218.0,,false
1260,60.0,208.0,,false
1261,800.0,6.0,,false
1262,60.0,110.0,,false
1263,60.0,103.0,,false
1264,60.0,105.0,,false
1265,60.0,100.0,,false
1266,60.0,111.0,,false
1267,60.0,98.0,,false
1268,100.0,237.0,,false
1269,100.0,193.0,,false
1270,900.0,9.0,,false
1271,1150.0,13.0,,false
1272,1000.0,5.0,,false
1273,1350.0,49.0,,true
1274,500.0,60.0,,true
1275,5000.0,19.0,,true
1276,2200.0,134.0,,true
1277,3500.0,217.0,,true
1278,5000.0,600.0,,true
1279,500.0,158.0,,true
1280,125.0,457.0,,true
1281,40.0,355.0,,true
1282,350.0,141.0,,true
1283,500.0,187.0,,false
1284,500.0,390.0,,false
1285,3300.0,26.0,,false
1286,3300.0,28.0,,false
1287,3300.0,22.0,,false
1288,60.0,158.0,,false
1289,60.0,244.0,,false
1290,60.0,185.0,,false
1291,60.0,216.0,,false
1292,800.0,5.0,,false
1293,60.0,81.0,,false
1294,60.0,97.0,,false
1295,60.0,91.0,,false
1296,60.0,101.0,,false
1297,60.0,111.0,,false
1298,60.0,94.0,,false
1299,100.0,243.0,,false
1300,100.0,219.0,,false
1301,900.0,10.0,,false
1302,1150.0,16.0,,false
1303,1000.0,6.0,,false
1304,1350.0,47.0,,true
1305,500.0,56.0,,true
1306,5000.0,17.0,,true
1307,2200.0,138.0,,true
1308,3500.0,248.0,,true
1309,5000.0,600.0,,true
1310,500.0,141.0,,true
1311,125.0,538.0,,true
1312,40.0,388.0,,true
1313,350.0,153.0,,true
1314,500.0,184.0,,false
1315,500.0,489.0,,false
1316,3300.0,22.0,,false
1317,3300.0,25.0,,false
1318,3300.0,23.0,,false
1319,60.0,200.0,,false
1320,60.0,204.0,,false
1321,60.0,223.0,,false
1322,800.0,6.0,,false
1323,60.0,112.0,,false
1324,60.0,98.0,,false
1325,60.0,83.0,,false
1326,60.0,107.0,,false
1327,60.0,93.0,,false
1328,60.0,113.0,,false
1329,60.0,88.0,,false
1330,60.0,109.0,,false
1331,100.0,211.0,,false
1332,100.0,228.0,,false
1333,900.0,8.0,,false
1334,1150.0,14.0,,false
1335,1000.0,5.0,,false
1336,1350.0,47.0,,true
1337,500.0,60.0,,true
1338,5000.0,18.0,,true
1339,2200.0,139.0,,true
1340,3500.0,236.0,,true
1341,5000.0,600.0,,true
1342,500.0,147.0,,true
1343,125.0,505.0,,true
1344,40.0,421.0,,true
1345,350.0,146.0,,true
1346,500.0,173.0,,false
1347,500.0,593.0,,false
1348,3300.0,25.0,,false
1349,3300.0,25.0,,false
1350,3300.0,23.0,,false
1351,60.0,204.0,,false
1352,60.0,168.0,,false
1353,60.0,232.0,,false
1354,60.0,239.0,,false
1355,800.0,4.0,,false
1356,60.0,97.0,,false
1357,60.0,102.0,,false
1358,60.0,111.0,,false
1359,60.0,112.0,,false
1360,60.0,84.0,,false
1361,60.0,100.0,,false
1362,60.0,84.0,,false
1363,60.0,103.0,,false
1364,60.0,111.0,,false
1365,60.0,85.0,,false
1366,100.0,234.0,,false
1367,100.0,195.0,,false
1368,900.0,9.0,,false
1369,1150.0,15.0,,false
1370,1000.0,5.0,,false
1371,1350.0,49.0,,true
1372,500.0,56.0,,true
1373,5000.0,16.0,,true
1374,2200.0,139.0,,true
1375,3500.0,392.0,,true
1376,5000.0,600.0,,true
1377,500.0,157.0,,true
1378,125.0,479.0,,true
1379,40.0,434.0,,true
1380,350.0,162.0,,true
1381,500.0,179.0,,false
1382,500.0,393.0,,false
1383,3300.0,23.0,,false
1384,3300.0,28.0,,false
1385,3300.0,26.0,,false
1386,60.0,242.0,,false
1387,60.0,243.0,,false
1388,60.0,182.0,,false
1389,800.0,4.0,,false
1390,60.0,116.0,,false
1391,60.0,97.0,,false
1392,60.0,81.0,,false
1393,60.0,93.0,,false
1394,60.0,107.0,,false
1395,60.0,111.0,,false
1396,60.0,86.0,,false
1397,60.0,96.0,,false
1398,60.0,110.0,,false
1399,100.0,224.0,,false
1400,100.0,225.0,,false
1401,900.0,8.0,,false
1402,1150.0,18.0,,false
1403,1000.0,7.0,,false
1404,1350.0,49.0,,true
1405,500.0,57.0,,true
1406,5000.0,17.0,,true
1407,2200.0,132.0,,true
1408,3500.0,294.0,,true
1409,5000.0,600.0,,true
1410,500.0,156.0,,true
1411,125.0,533.0,,true
1412,40.0,352.0,,true
1413,350.0,177.0,,true
1414,500.0,192.0,,false
1415,500.0,504.0,,false
1416,3300.0,29.0,,false
1417,3300.0,27.0,,false
1418,3300.0,21.0,,false
1419,60.0,223.0,,false
1420,60.0,177.0,,false
1421,60.0,157.0,,false
1422,60.0,173.0,,false
1423,800.0,6.0,,false
1424,60.0,84.0,,false
1425,60.0,108.0,,false
1426,60.0,82.0,,false
1427,60.0,94.0,,false
1428,60.0,106.0,,false
1429,60.0,90.0,,false
1430,100.0,185.0,,false
1431,100.0,211.0,,false
1432,900.0,9.0,,false
1433,1150.0,15.0,,false
1434,1000.0,5.0,,false
1435,1350.0,49.0,,true
1436,500.0,57.0,,true
1437,5000.0,17.0,,true
1438,2200.0,137.0,,true
1439,3500.0,277.0,,true
1440,5000.0,600.0,,true
1441,500.0,150.0,,true
1442,125.0,522.0,,true
1443,40.0,435.0,,true
1444,350.0,161.0,,true
1445,500.0,194.0,,false
1446,500.0,588.0,,false
1447,3300.0,27.0,,false
1448,3300.0,22.0,,false
1449,3300.0,24.0,,false
1450,60.0,206.0,,false
1451,60.0,175.0,,false
1452,60.0,159.0,,false
1453,60.0,223.0,,false
1454,800.0,5.0,,false
1455,60.0,116.0,,false
1456,60.0,112.0,,false
1457,60.0,86.0,,false
1458,60.0,119.0,,false
1459,60.0,99.0,,false
1460,60.0,90.0,,false
1461,60.0,81.0,,false
1462,60.0,107.0,,false
1463,100.0,221.0,,false
1464,100.0,233.0,,false
1465,900.0,7.0,,false
1466,1150.0,14.0,,false
1467,1000.0,7.0,,false
1468,1350.0,46.0,,true
1469,500.0,58.0,,true
1470,5000.0,17.0,,true
1471,2200.0,139.0,,true
1472,3500.0,343.0,,true
1473,5000.0,600.0,,true
1474,500.0,151.0,,true
1475,125.0,510.0,,true
1476,40.0,429.0,,true
1477,350.0,141.0,,true
1478,500.0,188.0,,false
1479,500.0,320.0,,false
1480,3300.0,30.0,,false
1481,3300.0,27.0,,false
1482,3300.0,29.0,,false
1483,60.0,162.0,,false
1484,60.0,205.0,,false
1485,60.0,173.0,,false
1486,800.0,4.0,,false
1487,60.0,109.0,,false
1488,60.0,96.0,,false
1489,60.0,116.0,,false
1490,60.0,111.0,,false
1491,60.0,97.0,,false
1492,60.0,85.0,,false
1493,60.0,93.0,,false
1494,60.0,82.0,,false
1495,60.0,115.0,,false
1496,60.0,115.0,,false
1497,100.0,222.0,,false
1498,100.0,247.0,,false
1499,900.0,10.0,,false
1500,1150.0,14.0,,false
1501,1000.0,8.0,,false
1502,1350.0,50.0,,true
1503,500.0,58.0,,true
1504,5000.0,20.0,,true
1505,2200.0,140.0,,true
1506,3500.0,396.0,,true
1507,5000.0,600.0,,true
1508,500.0,150.0,,true
1509,125.0,535.0,,true
1510,40.0,378.0,,true
1511,350.0,147.0,,true
1512,500.0,178.0,,false
1513,500.0,442.0,,false
1514,3300.0,25.0,,false
1515,3300.0,22.0,,false
1516,3300.0,23.0,,false
1517,60.0,210.0,,false
1518,60.0,191.0,,false
1519,60.0,194.0,,false
1520,800.0,5.0,,false
1521,60.0,94.0,,false
1522,60.0,86.0,,false
1523,60.0,104.0,,false
1524,60.0,97.0,,false
1525,60.0,111.0,,false
1526,60.0,117.0,,false
1527,100.0,225.0,,false
1528,100.0,240.0,,false
1529,900.0,10.0,,false
1530,1150.0,14.0,,false
1531,1000.0,5.0,,false
1532,1350.0,50.0,,true
1533,500.0,59.0,,true
1534,5000.0,16.0,,true
1535,2200.0,138.0,,true
1536,3500.0,206.0,,true
1537,5000.0,600.0,,true
1538,500.0,142.0,,true
1539,125.0,462.0,,true
1540,40.0,442.0,,true
1541,350.0,153.0,,true
1542,500.0,191.0,,false
1543,500.0,304.0,,false
1544,3300.0,21.0,,false
1545,3300.0,25.0,,false
1546,3300.0,23.0,,false
1547,60.0,224.0,,false
1548,60.0,222.0,,false
1549,60.0,189.0,,false
1550,800.0,6.0,,false
1551,60.0,110.0,,false
1552,60.0,92.0,,false
1553,60.0,112.0,,false
1554,60.0,84.0,,false
1555,60.0,116.0,,false
1556,60.0,93.0,,false
1557,60.0,97.0,,false
1558,60.0,91.0,,false
1559,100.0,245.0,,false
1560,100.0,204.0,,false
1561,900.0,10.0,,false
1562,1150.0,13.0,,false
1563,1000.0,7.0,,false
1564,1350.0,47.0,,true
1565,500.0,58.0,,true
1566,5000.0,18.0,,true
1567,2200.0,135.0,,true
1568,3500.0,396.0,,true
1569,5000.0,600.0,,true
1570,500.0,144.0,,true
1571,125.0,491.0,,true
1572,40.0,411.0,,true
1573,350.0,170.0,,true
1574,500.0,187.0,,false
1575,500.0,520.0,,false
1576,3300.0,29.0,,false
1577,3300.0,28.0,,false
1578,3300.0,25.0,,false
1579,60.0,161.0,,false
1580,60.0,194.0,,false
1581,60.0,237.0,,false
1582,60.0,176.0,,false
1583,800.0,4.0,,false
1584,60.0,105.0,,false
1585,60.0,98.0,,false
1586,60.0,88.0,,false
1587,60.0,99.0,,false
1588,60.0,92.0,,false
1589,60.0,108.0,,false
1590,100.0,221.0,,false
1591,100.0,218.0,,false
1592,900.0,10.0,,false
1593,1150.0,18.0,,false
1594,1000.0,7.0,,false
1595,1350.0,46.0,,true
1596,500.0,60.0,,true
1597,5000.0,16.0,,true
1598,2200.0,133.0,,true
1599,3500.0,299.0,,true
1600,5000.0,600.0,,true
1601,500.0,153.0,,true
1602,125.0,528.0,,true
1603,40.0,406.0,,true
1604,350.0,155.0,,true
1605,500.0,191.0,,false
1606,500.0,347.0,,false
1607,3300.0,23.0,,false
1608,3300.0,30.0,,false
1609,3300.0,28.0,,false
1610,60.0,232.0,,false
1611,60.0,198.0,,false
1612,60.0,238.0,,false
1613,800.0,5.0,,false
1614,60.0,84.0,,false
1615,60.0,101.0,,false
1616,60.0,86.0,,false
1617,60.0,83.0,,false
1618,60.0,103.0,,false
1619,60.0,109.0,,false
1620,100.0,193.0,,false
1621,100.0,232.0,,false
1622,900.0,9.0,,false
1623,1150.0,16.0,,false
1624,1000.0,5.0,,false
1625,1350.0,50.0,,true
1626,500.0,56.0,,true
1627,5000.0,17.0,,true
1628,2200.0,139.0,,true
1629,3500.0,213.0,,true
1630,5000.0,600.0,,true
1631,500.0,156.0,,true
1632,125.0,466.0,,true
1633,40.0,425.0,,true
1634,350.0,154.0,,true
1635,500.0,183.0,,false
1636,500.0,546.0,,false
1637,3300.0,26.0,,false
1638,3300.0,25.0,,false
1639,3300.0,30.0,,false
1640,60.0,243.0,,false
1641,60.0,226.0,,false
1642,60.0,177.0,,false
1643,800.0,4.0,,false
1644,60.0,112.0,,false
1645,60.0,98.0,,false
1646,60.0,107.0,,false
1647,60.0,92.0,,false
1648,60.0,119.0,,false
1649,60.0,91.0,,false
1650,100.0,206.0,,false
1651,100.0,243.0,,false
1652,900.0,9.0,,false
1653,1150.0,14.0,,false
1654,1000.0,7.0,,false
1655,1350.0,50.0,,true
1656,500.0,59.0,,true
1657,5000.0,20.0,,true
1658,2200.0,134.0,,true
1659,3500.0,275.0,,true
1660,5000.0,600.0,,true
1661,500.0,158.0,,true
1662,125.0,523.0,,true
1663,40.0,436.0,,true
1664,350.0,149.0,,true
1665,500.0,179.0,,false
1666,500.0,326.0,,false
1667,3300.0,21.0,,false
1668,3300.0,25.0,,false
1669,3300.0,26.0,,false
1670,60.0,159.0,,false
1671,60.0,183.0,,false
1672,60.0,159.0,,false
1673,800.0,4.0,,false
1674,60.0,88.0,,false
1675,60.0,89.0,,false
1676,60.0,95.0,,false
1677,60.0,113.0,,false
1678,60.0,114.0,,false
1679,60.0,118.0,,false
1680,60.0,114.0,,false
1681,100.0,230.0,,false
1682,100.0,194.0,,false
1683,900.0,8.0,,false
1684,1150.0,13.0,,false
1685,1000.0,6.0,,false
1686,1350.0,47.0,,true
1687,500.0,58.0,,true
1688,5000.0,17.0,,true
1689,2200.0,135.0,,true
1690,3500.0,318.0,,true
1691,5000.0,600.0,,true
1692,500.0,160.0,,true
1693,125.0,469.0,,true
1694,40.0,380.0,,true
1695,350.0,142.0,,true
1696,500.0,199.0,,false
1697,500.0,567.0,,false
1698,3300.0,24.0,,false
1699,3300.0,21.0,,false
1700,3300.0,22.0,,false
1701,60.0,172.0,,false
1702,60.0,157.0,,false
1703,60.0,163.0,,false
1704,60.0,153.0,,false
1705,800.0,4.0,,false
1706,60.0,112.0,,false
1707,60.0,120.0,,false
1708,60.0,115.0,,false
1709,60.0,102.0,,false
1710,60.0,82.0,,false
1711,60.0,96.0,,false
1712,60.0,99.0,,false
1713,60.0,84.0,,false
1714,60.0,119.0,,false
1715,100.0,195.0,,false
1716,100.0,218.0,,false
1717,900.0,9.0,,false
1718,1150.0,18.0,,false
1719,1000.0,5.0,,false
1720,1350.0,50.0,,true
1721,500.0,58.0,,true
1722,5000.0,20.0,,true
1723,2200.0,137.0,,true
1724,3500.0,292.0,,true
1725,5000.0,600.0,,true
1726,500.0,155.0,,true
1727,125.0,534.0,,true
1728,40.0,370.0,,true
1729,350.0,156.0,,true
1730,500.0,178.0,,false
1731,500.0,540.0,,false
1732,3300.0,22.0,,false
1733,3300.0,22.0,,false
1734,3300.0,25.0,,false
1735,60.0,236.0,,false
1736,60.0,219.0,,false
1737,60.0,155.0,,false
1738,60.0,165.0,,false
1739,800.0,4.0,,false
1740,60.0,115.0,,false
1741,60.0,99.0,,false
1742,60.0,89.0,,false
1743,60.0,91.0,,false
1744,60.0,95.0,,false
1745,60.0,117.0,,false
1746,60.0,94.0,,false
1747,100.0,218.0,,false
1748,100.0,184.0,,false
1749,900.0,10.0,,false
1750,1150.0,14.0,,false
1751,1000.0,8.0,,false
1752,1350.0,49.0,,true
1753,500.0,58.0,,true
1754,5000.0,19.0,,true
1755,2200.0,137.0,,true
1756,3500.0,263.0,,true
1757,5000.0,600.0,,true
1758,500.0,156.0,,true
1759,125.0,548.0,,true
1760,40.0,447.0,,true
1761,350.0,173.0,,true
1762,500.0,185.0,,false
1763,500.0,441.0,,false
1764,3300.0,30.0,,false
1765,3300.0,26.0,,false
1766,3300.0,24.0,,false
1767,60.0,197.0,,false
1768,60.0,166.0,,false
1769,60.0,216.0,,false
1770,800.0,6.0,,false
1771,60.0,90.0,,false
1772,60.0,90.0,,false
1773,60.0,99.0,,false
1774,60.0,97.0,,false
1775,60.0,119.0,,false
1776,60.0,113.0,,false
1777,60.0,119.0,,false
1778,60.0,106.0,,false
1779,100.0,235.0,,false
1780,100.0,197.0,,false
1781,900.0,7.0,,false
1782,1150.0,14.0,,false
1783,1000.0,6.0,,false
1784,1350.0,48.0,,true
1785,500.0,59.0,,true
1786,5000.0,18.0,,true
1787,2200.0,139.0,,true
1788,3500.0,274.0,,true
1789,5000.0,600.0,,true
1790,500.0,147.0,,true
1791,125.0,452.0,,true
1792,40.0,450.0,,true
1793,350.0,147.0,,true
1794,500.0,191.0,,false
1795,500.0,366.0,,false
1796,3300.0,26.0,,false
1797,3300.0,23.0,,false
1798,3300.0,25.0,,false
1799,60.0,238.0,,false
1800,60.0,180.0,,false
1801,60.0,250.0,,false
1802,60.0,205.0,,false
1803,800.0,4.0,,false
1804,60.0,113.0,,false
1805,60.0,98.0,,false
1806,60.0,109.0,,false
1807,60.0,88.0,,false
1808,60.0,110.0,,false
1809,60.0,104.0,,false
1810,60.0,114.0,,false
1811,60.0,105.0,,false
1812,60.0,96.0,,false
1813,100.0,249.0,,false
1814,100.0,242.0,,false
1815,900.0,10.0,,false
1816,1150.0,18.0,,false
1817,1000.0,8.0,,false
1818,1350.0,49.0,,true
1819,500.0,58.0,,true
1820,5000.0,16.0,,true
1821,2200.0,136.0,,true
1822,3500.0,329.0,,true
1823,5000.0,600.0,,true
1824,500.0,153.0,,true
1825,125.0,511.0,,true
1826,40.0,414.0,,true
1827,350.0,171.0,,true
1828,500.0,199.0,,false
1829,500.0,501.0,,false
1830,3300.0,23.0,,false
1831,3300.0,27.0,,false
1832,3300.0,28.0,,false
1833,60.0,157.0,,false
1834,60.0,197.0,,false
1835,60.0,190.0,,false
1836,800.0,6.0,,false
1837,60.0,109.0,,false
1838,60.0,120.0,,false
1839,60.0,85.0,,false
1840,60.0,104.0,,false
1841,60.0,94.0,,false
1842,60.0,100.0,,false
1843,100.0,189.0,,false
1844,100.0,231.0,,false
1845,900.0,9.0,,false
1846,1150.0,18.0,,false
1847,1000.0,7.0,,false
1848,1350.0,49.0,,true
1849,500.0,57.0,,true
1850,5000.0,19.0,,true
1851,2200.0,135.0,,true
1852,3500.0,242.0,,true
1853,5000.0,600.0,,true
1854,500.0,142.0,,true
1855,125.0,477.0,,true
1856,40.0,392.0,,true
1857,350.0,157.0,,true
1858,500.0,198.0,,false
1859,500.0,389.0,,false
1860,3300.0,26.0,,false
1861,3300.0,22.0,,false
1862,3300.0,27.0,,false
1863,60.0,173.0,,false
1864,60.0,209.0,,false
1865,60.0,248.0,,false
1866,800.0,6.0,,false
1867,60.0,116.0,,false
1868,60.0,89.0,,false
1869,60.0,96.0,,false
1870,60.0,118.0,,false
1871,60.0,119.0,,false
1872,60.0,117.0,,false
1873,60.0,82.0,,false
1874,60.0,119.0,,false
1875,60.0,113.0,,false
1876,60.0,106.0,,false
1877,100.0,190.0,,false
1878,100.0,227.0,,false
1879,900.0,7.0,,false
1880,1150.0,18.0,,false
1881,1000.0,7.0,,false
1882,1350.0,48.0,,true
1883,500.0,57.0,,true
1884,5000.0,20.0,,true
1885,2200.0,136.0,,true
1886,3500.0,294.0,,true
1887,5000.0,600.0,,true
1888,500.0,153.0,,true
1889,125.0,501.0,,true
1890,40.0,436.0,,true
1891,350.0,160.0,,true
1892,500.0,195.0,,false
1893,500.0,536.0,,false
1894,3300.0,28.0,,false
1895,3300.0,28.0,,false
1896,3300.0,21.0,,false
1897,60.0,231.0,,false
1898,60.0,177.0,,false
1899,60.0,171.0,,false
1900,60.0,247.0,,false
1901,800.0,5.0,,false
1902,60.0,111.0,,false
1903,60.0,119.0,,false
1904,60.0,91.0,,false
1905,60.0,120.0,,false
1906,60.0,104.0,,false
1907,60.0,94.0,,false
1908,60.0,83.0,,false
1909,60.0,113.0,,false
1910,60.0,86.0,,false
1911,100.0,220.0,,false
1912,100.0,186.0,,false
1913,900.0,7.0,,false
1914,1150.0,18.0,,false
1915,1000.0,8.0,,false
1916,1350.0,46.0,,true
1917,500.0,56.0,,true
1918,5000.0,17.0,,true
1919,2200.0,136.0,,true
1920,3500.0,374.0,,true
1921,5000.0,600.0,,true
1922,500.0,160.0,,true
1923,125.0,484.0,,true
1924,40.0,417.0,,true
1925,350.0,178.0,,true
1926,500.0,195.0,,false
1927,500.0,363.0,,false
1928,3300.0,29.0,,false
1929,3300.0,22.0,,false
1930,3300.0,30.0,,false
1931,60.0,213.0,,false
1932,60.0,192.0,,false
1933,60.0,207.0,,false
1934,800.0,6.0,,false
1935,60.0,101.0,,false
1936,60.0,104.0,,false
1937,60.0,105.0,,false
1938,60.0,99.0,,false
1939,60.0,91.0,,false
1940,60.0,101.0,,false
1941,100.0,189.0,,false
1942,100.0,184.0,,false
1943,900.0,8.0,,false
1944,1150.0,17.0,,false
1945,1000.0,8.0,,false
1946,1350.0,47.0,,true
1947,500.0,58.0,,true
1948,5000.0,18.0,,true
1949,2200.0,135.0,,true
1950,3500.0,364.0,,true
1951,5000.0,600.0,,true
1952,500.0,142.0,,true
1953,125.0,518.0,,true
1954,40.0,378.0,,true
1955,350.0,173.0,,true
1956,500.0,196.0,,false
1957,500.0,486.0,,false
1958,3300.0,22.0,,false
1959,3300.0,25.0,,false
1960,3300.0,27.0,,false
1961,60.0,187.0,,false
1962,60.0,178.0,,false
1963,60.0,178.0,,false
1964,800.0,5.0,,false
1965,60.0,108.0,,false
1966,60.0,120.0,,false
1967,60.0,101.0,,false
1968,60.0,98.0,,false
1969,60.0,109.0,,false
1970,60.0,113.0,,false
1971,60.0,110.0,,false
1972,100.0,241.0,,false
1973,100.0,189.0,,false
1974,900.0,9.0,,false
1975,1150.0,13.0,,false
1976,1000.0,8.0,,false
1977,1350.0,50.0,,true
1978,500.0,59.0,,true
1979,5000.0,16.0,,true
1980,2200.0,139.0,,true
1981,3500.0,388.0,,true
1982,5000.0,600.0,,true
1983,500.0,154.0,,true
1984,125.0,507.0,,true
1985,40.0,385.0,,true
1986,350.0,177.0,,true
1987,500.0,173.0,,false
1988,500.0,443.0,,false
1989,3300.0,23.0,,false
1990,3300.0,30.0,,false
1991,3300.0,25.0,,false
1992,60.0,204.0,,false
1993,60.0,216.0,,false
1994,60.0,223.0,,false
1995,60.0,172.0,,false
1996,800.0,5.0,,false
1997,60.0,119.0,,false
1998,60.0,109.0,,false
1999,60.0,93.0,,false
2000,60.0,118.0,,false
2001,60.0,105.0,,false
2002,60.0,102.0,,false
2003,60.0,118.0,,false
2004,60.0,116.0,,false
2005,100.0,187.0,,false
2006,100.0,235.0,,false
2007,900.0,9.0,,false
2008,1150.0,14.0,,false
2009,1000.0,8.0,,false
2010,1350.0,49.0,,true
2011,500.0,60.0,,true
2012,5000.0,17.0,,true
2013,2200.0,137.0,,true
2014,3500.0,339.0,,true
2015,5000.0,600.0,,true
2016,500.0,149.0,,true
2017,125.0,535.0,,true
2018,40.0,358.0,,true
2019,350.0,177.0,,true
2020,500.0,196.0,,false
2021,500.0,372.0,,false
2022,3300.0,29.0,,false
2023,3300.0,28.0,,false
2024,3300.0,30.0,,false
2025,60.0,207.0,,false
2026,60.0,224.0,,false
2027,60.0,210.0,,false
2028,800.0,4.0,,false
2029,60.0,88.0,,false
2030,60.0,87.0,,false
2031,60.0,106.0,,false
2032,60.0,88.0,,false
2033,60.0,102.0,,false
2034,60.0,105.0,,false
2035,60.0,101.0,,false
2036,60.0,103.0,,false
2037,60.0,100.0,,false
2038,60.0,116.0,,false
2039,100.0,194.0,,false
2040,100.0,187.0,,false
2041,900.0,10.0,,false
2042,1150.0,18.0,,false
2043,1000.0,5.0,,false
2044,1350.0,49.0,,true
2045,500.0,59.0,,true
2046,5000.0,20.0,,true
2047,2200.0,138.0,,true
2048,3500.0,237.0,,true
2049,5000.0,600.0,,true
2050,500.0,157.0,,true
2051,125.0,480.0,,true
2052,40.0,404.0,,true
2053,350.0,167.0,,true
2054,500.0,189.0,,false
2055,500.0,318.0,,false
2056,3300.0,30.0,,false
2057,3300.0,25.0,,false
2058,3300.0,27.0,,false
2059,60.0,204.0,,false
2060,60.0,202.0,,false
2061,60.0,183.0,,false
2062,800.0,6.0,,false
2063,60.0,84.0,,false
2064,60.0,110.0,,false
2065,60.0,103.0,,false
2066,60.0,87.0,,false
2067,60.0,86.0,,false
2068,60.0,104.0,,false
2069,60.0,88.0,,false
2070,60.0,90.0,,false
2071,100.0,206.0,,false
2072,100.0,185.0,,false
2073,900.0,9.0,,false
2074,1150.0,13.0,,false
2075,1000.0,8.0,,false
2076,1350.0,50.0,,true
2077,500.0,57.0,,true
2078,5000.0,17.0,,true
2079,2200.0,133.0,,true
2080,3500.0,206.0,,true
2081,5000.0,600.0,,true
2082,500.0,155.0,,true
2083,125.0,517.0,,true
2084,40.0,450.0,,true
2085,350.0,141.0,,true
2086,500.0,185.0,,false
2087,500.0,592.0,,false
2088,3300.0,30.0,,false
2089,3300.0,22.0,,false
2090,3300.0,24.0,,false
2091,60.0,179.0,,false
2092,60.0,174.0,,false
2093,60.0,249.0,,false
2094,800.0,5.0,,false
2095,60.0,95.0,,false
2096,60.0,102.0,,false
2097,60.0,101.0,,false
2098,60.0,99.0,,false
2099,60.0,116.0,,false
2100,60.0,112.0,,false
2101,60.0,114.0,,false
2102,60.0,96.0,,false
2103,60.0,105.0,,false
2104,100.0,245.0,,false
2105,100.0,232.0,,false
2106,900.0,8.0,,false
2107,1150.0,17.0,,false
2108,1000.0,5.0,,false
2109,1350.0,50.0,,true
2110,500.0,56.0,,true
2111,5000.0,18.0,,true
2112,2200.0,136.0,,true
2113,3500.0,347.0,,true
2114,5000.0,600.0,,true
2115,500.0,146.0,,true
2116,125.0,476.0,,true
2117,40.0,373.0,,true
2118,350.0,167.0,,true
2119,500.0,171.0,,false
2120,500.0,427.0,,false
2121,3300.0,29.0,,false
2122,3300.0,27.0,,false
2123,3300.0,22.0,,false
2124,60.0,158.0,,false
2125,60.0,214.0,,false
2126,60.0,168.0,,false
2127,800.0,6.0,,false
2128,60.0,115.0,,false
2129,60.0,113.0,,false
2130,60.0,92.0,,false
2131,60.0,107.0,,false
2132,60.0,106.0,,false
2133,60.0,102.0,,false
2134,100.0,237.0,,false
2135,100.0,227.0,,false
2136,900.0,10.0,,false
2137,1150.0,13.0,,false
2138,1000.0,7.0,,false
2139,1350.0,46.0,,true
2140,500.0,58.0,,true
2141,5000.0,17.0,,true
2142,2200.0,136.0,,true
2143,3500.0,319.0,,true
2144,5000.0,600.0,,true
2145,500.0,151.0,,true
2146,125.0,455.0,,true
2147,40.0,363.0,,true
2148,350.0,175.0,,true
2149,500.0,198.0,,false
2150,500.0,514.0,,false
2151,3300.0,30.0,,false
2152,3300.0,24.0,,false
2153,3300.0,25.0,,false
2154,60.0,198.0,,false
2155,60.0,244.0,,false
2156,60.0,225.0,,false
2157,800.0,5.0,,false
2158,60.0,101.0,,false
2159,60.0,87.0,,false
2160,60.0,84.0,,false
2161,60.0,91.0,,false
2162,60.0,91.0,,false
2163,60.0,99.0,,false
2164,60.0,101.0,,false
2165,60.0,107.0,,false
2166,100.0,193.0,,false
2167,100.0,239.0,,false
2168,900.0,7.0,,false
2169,1150.0,13.0,,false
2170,1000.0,7.0,,false
2171,1350.0,48.0,,true
2172,500.0,58.0,,true
2173,5000.0,16.0,,true
2174,2200.0,140.0,,true
2175,3500.0,211.0,,true
2176,5000.0,600.0,,true
2177,500.0,143.0,,true
2178,125.0,496.0,,true
2179,40.0,386.0,,true
2180,350.0,148.0,,true
2181,500.0,180.0,,false
2182,500.0,310.0,,false
2183,3300.0,27.0,,false
2184,3300.0,24.0,,false
2185,3300.0,21.0,,false
2186,60.0,183.0,,false
2187,60.0,232.0,,false
2188,60.0,202.0,,false
2189,800.0,6.0,,false
2190,60.0,112.0,,false
2191,60.0,115.0,,false
2192,60.0,105.0,,false
2193,60.0,91.0,,false
2194,60.0,115.0,,false
2195,60.0,86.0,,false
2196,60.0,119.0,,false
2197,60.0,99.0,,false
2198,60.0,106.0,,false
2199,100.0,217.0,,false
2200,100.0,202.0,,false
2201,900.0,10.0,,false
2202,1150.0,15.0,,false
2203,1000.0,7.0,,false
2204,1350.0,47.0,,true
2205,500.0,60.0,,true
2206,5000.0,19.0,,true
2207,2200.0,139.0,,true
2208,3500.0,314.0,,true
2209,5000.0,600.0,,true
2210,500.0,151.0,,true
2211,125.0,487.0,,true
2212,40.0,400.0,,true
2213,350.0,158.0,,true
2214,500.0,176.0,,false
2215,500.0,460.0,,false
2216,3300.0,22.0,,false
2217,3300.0,25.0,,false
2218,3300.0,23.0,,false
2219,60.0,207.0,,false
2220,60.0,226.0,,false
2221,60.0,169.0,,false
2222,60.0,214.0,,false
2223,800.0,5.0,,false
2224,60.0,85.0,,false
2225,60.0,112.0,,false
2226,60.0,96.0,,false
2227,60.0,88.0,,false
2228,60.0,87.0,,false
2229,60.0,119.0,,false
2230,60.0,96.0,,false
2231,60.0,115.0,,false
2232,60.0,115.0,,false
2233,60.0,81.0,,false
2234,100.0,235.0,,false
2235,100.0,223.0,,false
2236,900.0,10.0,,false
2237,1150.0,15.0,,false
2238,1000.0,8.0,,false
2239,1350.0,48.0,,true
2240,500.0,60.0,,true
2241,5000.0,20.0,,true
2242,2200.0,137.0,,true
2243,3500.0,219.0,,true
2244,5000.0,600.0,,true
2245,500.0,157.0,,true
2246,125.0,527.0,,true
2247,40.0,417.0,,true
2248,350.0,143.0,,true
2249,500.0,194.0,,false
2250,500.0,440.0,,false
2251,3300.0,29.0,,false
2252,3300.0,29.0,,false
2253,3300.0,30.0,,false
2254,60.0,198.0,,false
2255,60.0,250.0,,false
2256,60.0,166.0,,false
2257,60.0,164.0,,false
2258,800.0,4.0,,false
2259,60.0,84.0,,false
2260,60.0,111.0,,false
2261,60.0,113.0,,false
2262,60.0,104.0,,false
2263,60.0,107.0,,false
2264,60.0,87.0,,false
2265,60.0,88.0,,false
2266,60.0,91.0,,false
2267,100.0,184.0,,false
2268,100.0,208.0,,false
2269,900.0,7.0,,false
2270,1150.0,15.0,,false
2271,1000.0,5.0,,false
2272,1350.0,50.0,,true
2273,500.0,56.0,,true
2274,5000.0,17.0,,true
2275,2200.0,131.0,,true
2276,3500.0,362.0,,true
2277,5000.0,600.0,,true
2278,500.0,147.0,,true
2279,125.0,527.0,,true
2280,40.0,385.0,,true
2281,350.0,152.0,,true
2282,500.0,186.0,,false
2283,500.0,389.0,,false
2284,3300.0,24.0,,false
2285,3300.0,30.0,,false
2286,3300.0,23.0,,false
2287,60.0,222.0,,false
2288,60.0,153.0,,false
2289,60.0,228.0,,false
2290,800.0,5.0,,false
2291,60.0,84.0,,false
2292,60.0,87.0,,false
2293,60.0,106.0,,false
2294,60.0,87.0,,false
2295,60.0,104.0,,false
2296,60.0,96.0,,false
2297,100.0,245.0,,false
2298,100.0,189.0,,false
2299,900.0,8.0,,false
2300,1150.0,18.0,,false
2301,1000.0,6.0,,false
2302,1350.0,46.0,,true
2303,500.0,57.0,,true
2304,5000.0,17.0,,true
2305,2200.0,133.0,,true
2306,3500.0,266.0,,true
2307,5000.0,600.0,,true
2308,500.0,146.0,,true
2309,125.0,454.0,,true
2310,40.0,429.0,,true
2311,350.0,142.0,,true
2312,500.0,192.0,,false
2313,500.0,390.0,,false
2314,3300.0,21.0,,false
2315,3300.0,25.0,,false
2316,3300.0,23.0,,false
2317,60.0,158.0,,false
2318,60.0,240.0,,false
2319,60.0,205.0,,false
2320,60.0,162.0,,false
2321,800.0,5.0,,false
2322,60.0,86.0,,false
2323,60.0,117.0,,false
2324,60.0,105.0,,false
2325,60.0,97.0,,false
2326,60.0,95.0,,false
2327,60.0,101.0,,false
2328,60.0,111.0,,false
2329,60.0,108.0,,false
2330,100.0,189.0,,false
2331,100.0,243.0,,false
2332,900.0,9.0,,false
2333,1150.0,13.0,,false
2334,1000.0,5.0,,false
2335,1350.0,48.0,,true
2336,500.0,58.0,,true
2337,5000.0,19.0,,true
2338,2200.0,133.0,,true
2339,3500.0,216.0,,true
2340,5000.0,600.0,,true
2341,500.0,151.0,,true
2342,125.0,523.0,,true
2343,40.0,412.0,,true
2344,350.0,167.0,,true
2345,500.0,196.0,,false
2346,500.0,395.0,,false
2347,3300.0,26.0,,false
2348,3300.0,21.0,,false
2349,3300.0,29.0,,false
2350,60.0,169.0,,false
2351,60.0,244.0,,false
2352,60.0,188.0,,false
2353,800.0,6.0,,false
2354,60.0,85.0,,false
2355,60.0,107.0,,false
2356,60.0,87.0,,false
2357,60.0,117.0,,false
2358,60.0,115.0,,false
2359,60.0,115.0,,false
2360,60.0,96.0,,false
2361,60.0,84.0,,false
2362,60.0,118.0,,false
2363,60.0,96.0,,false
2364,100.0,228.0,,false
2365,100.0,242.0,,false
2366,900.0,7.0,,false
2367,1150.0,16.0,,false
2368,1000.0,7.0,,false
2369,1350.0,47.0,,true
2370,500.0,58.0,,true
2371,5000.0,19.0,,true
2372,2200.0,139.0,,true
2373,3500.0,372.0,,true
2374,5000.0,600.0,,true
2375,500.0,144.0,,true
2376,125.0,483.0,,true
2377,40.0,381.0,,true
2378,350.0,159.0,,true
2379,500.0,186.0,,false
2380,500.0,578.0,,false
2381,3300.0,29.0,,false
2382,3300.0,23.0,,false
2383,3300.0,28.0,,false
2384,60.0,215.0,,false
2385,60.0,214.0,,false
2386,60.0,188.0,,false
2387,800.0,4.0,,false
2388,60.0,96.0,,false
2389,60.0,84.0,,false
2390,60.0,102.0,,false
2391,60.0,91.0,,false
2392,60.0,119.0,,false
2393,60.0,118.0,,false
2394,60.0,110.0,,false
2395,60.0,88.0,,false
2396,60.0,117.0,,false
2397,60.0,104.0,,false
2398,100.0,247.0,,false
2399,100.0,241.0,,false
2400,900.0,7.0,,false
2401,1150.0,16.0,,false
2402,1000.0,5.0,,false
2403,1350.0,47.0,,true
2404,500.0,56.0,,true
2405,5000.0,17.0,,true
2406,2200.0,133.0,,true
2407,3500.0,233.0,,true
2408,5000.0,600.0,,true
2409,500.0,141.0,,true
2410,125.0,476.0,,true
2411,40.0,421.0,,true
2412,350.0,174.0,,true
2413,500.0,190.0,,false
2414,500.0,547.0,,false
2415,3300.0,24.0,,false
2416,3300.0,27.0,,false
2417,3300.0,27.0,,false
2418,60.0,172.0,,false
2419,60.0,210.0,,false
2420,60.0,205.0,,false
2421,60.0,209.0,,false
2422,800.0,4.0,,false
2423,60.0,112.0,,false
2424,60.0,99.0,,false
2425,60.0,101.0,,false
2426,60.0,93.0,,false
2427,60.0,92.0,,false
2428,60.0,102.0,,false
2429,100.0,195.0,,false
2430,100.0,224.0,,false
2431,900.0,8.0,,false
2432,1150.0,18.0,,false
2433,1000.0,6.0,,false
2434,1350.0,48.0,,true
2435,500.0,58.0,,true
2436,5000.0,18.0,,true
2437,2200.0,138.0,,true
2438,3500.0,203.0,,true
2439,5000.0,600.0,,true
2440,500.0,146.0,,true
2441,125.0,484.0,,true
2442,40.0,387.0,,true
2443,350.0,168.0,,true
2444,500.0,172.0,,false
2445,500.0,559.0,,false
2446,3300.0,28.0,,false
2447,3300.0,21.0,,false
2448,3300.0,28.0,,false
2449,60.0,183.0,,false
2450,60.0,167.0,,false
2451,60.0,161.0,,false
2452,800.0,5.0,,false
2453,60.0,106.0,,false
2454,60.0,82.0,,false
2455,60.0,120.0,,false
2456,60.0,101.0,,false
2457,60.0,81.0,,false
2458,60.0,85.0,,false
2459,100.0,215.0,,false
2460,100.0,234.0,,false
2461,900.0,8.0,,false
2462,1150.0,15.0,,false
2463,1000.0,7.0,,false
2464,1350.0,48.0,,true
2465,500.0,57.0,,true
2466,5000.0,20.0,,true
2467,2200.0,139.0,,true
2468,3500.0,347.0,,true
2469,5000.0,600.0,,true
2470,500.0,145.0,,true
2471,125.0,462.0,,true
2472,40.0,459.0,,true
2473,350.0,178.0,,true
2474,500.0,189.0,,false
2475,500.0,559.0,,false
2476,3300.0,29.0,,false
2477,3300.0,29.0,,false
2478,3300.0,30.0,,false
2479,60.0,164.0,,false
2480,60.0,207.0,,false
2481,60.0,171.0,,false
2482,800.0,4.0,,false
2483,60.0,101.0,,false
2484,60.0,102.0,,false
2485,60.0,92.0,,false
2486,60.0,91.0,,false
2487,60.0,120.0,,false
2488,60.0,86.0,,false
2489,60.0,112.0,,false
2490,60.0,118.0,,false
2491,60.0,101.0,,false
2492,60.0,83.0,,false
2493,100.0,230.0,,false
2494,100.0,200.0,,false
2495,900.0,9.0,,false
2496,1150.0,15.0,,false
2497,1000.0,7.0,,false
2498,1350.0,50.0,,true
2499,500.0,58.0,,true
2500,5000.0,16.0,,true
2501,2200.0,131.0,,true
2502,3500.0,239.0,,true
2503,5000.0,600.0,,true
2504,500.0,156.0,,true
2505,125.0,537.0,,true
2506,40.0,443.0,,true
2507,350.0,146.0,,true
2508,500.0,179.0,,false
2509,500.0,588.0,,false
2510,3300.0,22.0,,false
2511,3300.0,27.0,,false
2512,3300.0,29.0,,false
2513,60.0,217.0,,false
2514,60.0,241.0,,false
2515,60.0,212.0,,false
2516,800.0,4.0,,false
2517,60.0,96.0,,false
2518,60.0,117.0,,false
2519,60.0,97.0,,false
2520,60.0,111.0,,false
2521,60.0,98.0,,false
2522,60.0,102.0,,false
2523,60.0,83.0,,false
2524,60.0,116.0,,false
2525,100.0,220.0,,false
2526,100.0,203.0,,false
2527,900.0,7.0,,false
2528,1150.0,16.0,,false
2529,1000.0,7.0,,false
2530,1350.0,49.0,,true
2531,500.0,60.0,,true
2532,5000.0,17.0,,true
2533,2200.0,139.0,,true
2534,3500.0,346.0,,true
2535,5000.0,600.0,,true
2536,500.0,158.0,,true
2537,125.0,488.0,,true
2538,40.0,370.0,,true
2539,350.0,166.0,,true
2540,500.0,199.0,,false
2541,500.0,385.0,,false
2542,3300.0,24.0,,false
2543,3300.0,29.0,,false
2544,3300.0,21.0,,false
2545,60.0,167.0,,false
2546,60.0,209.0,,false
2547,60.0,197.0,,false
2548,800.0,6.0,,false
2549,60.0,83.0,,false
2550,60.0,115.0,,false
2551,60.0,97.0,,false
2552,60.0,113.0,,false
2553,60.0,105.0,,false
2554,60.0,85.0,,false
2555,60.0,109.0,,false
2556,100.0,209.0,,false
2557,100.0,217.0,,false
2558,900.0,8.0,,false
2559,1150.0,15.0,,false
2560,1000.0,7.0,,false
2561,1350.0,49.0,,true
2562,500.0,57.0,,true
2563,5000.0,17.0,,true
2564,2200.0,140.0,,true
2565,3500.0,366.0,,true
2566,5000.0,600.0,,true
2567,500.0,147.0,,true
2568,125.0,454.0,,true
2569,40.0,377.0,,true
2570,350.0,179.0,,true
2571,500.0,183.0,,false
2572,500.0,400.0,,false
2573,3300.0,29.0,,false
2574,3300.0,27.0,,false
2575,3300.0,26.0,,false
2576,60.0,176.0,,false
2577,60.0,221.0,,false
2578,60.0,236.0,,false
2579,800.0,5.0,,false
2580,60.0,108.0,,false
2581,60.0,118.0,,false
2582,60.0,117.0,,false
2583,60.0,92.0,,false
2584,60.0,119.0,,false
2585,60.0,110.0,,false
2586,100.0,203.0,,false
2587,100.0,197.0,,false
2588,900.0,9.0,,false
2589,1150.0,14.0,,false
2590,1000.0,6.0,,false
2591,1350.0,47.0,,true
2592,500.0,59.0,,true
2593,5000.0,19.0,,true
2594,2200.0,137.0,,true
2595,3500.0,298.0,,true
2596,5000.0,600.0,,true
2597,500.0,144.0,,true
2598,125.0,461.0,,true
2599,40.0,371.0,,true
2600,350.0,177.0,,true
2601,500.0,175.0,,false
2602,500.0,513.0,,false
2603,3300.0,29.0,,false
2604,3300.0,23.0,,false
2605,3300.0,28.0,,false
2606,60.0,177.0,,false
2607,60.0,184.0,,false
2608,60.0,188.0,,false
2609,60.0,186.0,,false
2610,800.0,5.0,,false
2611,60.0,102.0,,false
2612,60.0,107.0,,false
2613,60.0,103.0,,false
2614,60.0,112.0,,false
2615,60.0,115.0,,false
2616,60.0,103.0,,false
2617,60.0,105.0,,false
2618,60.0,107.0,,false
2619,60.0,114.0,,false
2620,60.0,94.0,,false
2621,100.0,229.0,,false
2622,100.0,206.0,,false
2623,900.0,10.0,,false
2624,1150.0,14.0,,false
2625,1000.0,6.0,,false
2626,1350.0,48.0,,true
2627,500.0,57.0,,true
2628,5000.0,17.0,,true
2629,2200.0,134.0,,true
2630,3500.0,372.0,,true
2631,5000.0,600.0,,true
2632,500.0,160.0,,true
2633,125.0,489.0,,true
2634,40.0,386.0,,true
2635,350.0,167.0,,true
2636,500.0,200.0,,false
2637,500.0,390.0,,false
2638,3300.0,23.0,,false
2639,3300.0,24.0,,false
2640,3300.0,28.0,,false
2641,60.0,164.0,,false
2642,60.0,234.0,,false
2643,60.0,229.0,,false
2644,60.0,218.0,,false
2645,800.0,6.0,,false
2646,60.0,81.0,,false
2647,60.0,106.0,,false
2648,60.0,86.0,,false
2649,60.0,81.0,,false
2650,60.0,120.0,,false
2651,60.0,118.0,,false
2652,60.0,92.0,,false
2653,100.0,242.0,,false
2654,100.0,220.0,,false
2655,900.0,9.0,,false
2656,1150.0,13.0,,false
2657,1000.0,6.0,,false
2658,1350.0,47.0,,true
2659,500.0,58.0,,true
2660,5000.0,16.0,,true
2661,2200.0,134.0,,true
2662,3500.0,325.0,,true
2663,5000.0,600.0,,true
2664,500.0,151.0,,true
2665,125.0,507.0,,true
2666,40.0,407.0,,true
2667,350.0,173.0,,true
2668,500.0,185.0,,false
2669,500.0,479.0,,false
2670,3300.0,28.0,,false
2671,3300.0,27.0,,false
2672,3300.0,23.0,,false
2673,60.0,162.0,,false
2674,60.0,173.0,,false
2675,60.0,178.0,,false
2676,800.0,5.0,,false
2677,60.0,100.0,,false
2678,60.0,107.0,,false
2679,60.0,92.0,,false
2680,60.0,100.0,,false
2681,60.0,114.0,,false
2682,60.0,96.0,,false
2683,60.0,86.0,,false
2684,60.0,117.0,,false
2685,60.0,91.0,,false
2686,60.0,113.0,,false
2687,100.0,236.0,,false
2688,100.0,239.0,,false
2689,900.0,9.0,,false
2690,1150.0,15.0,,false
2691,1000.0,5.0,,false
2692,1350.0,47.0,,true
2693,500.0,57.0,,true
2694,5000.0,19.0,,true
2695,2200.0,139.0,,true
2696,3500.0,262.0,,true
2697,5000.0,600.0,,true
2698,500.0,155.0,,true
2699,125.0,469.0,,true
2700,40.0,430.0,,true
2701,350.0,175.0,,true
2702,500.0,195.0,,false
2703,500.0,425.0,,false
2704,3300.0,29.0,,false
2705,3300.0,26.0,,false
2706,3300.0,21.0,,false
2707,60.0,163.0,,false
2708,60.0,171.0,,false
2709,60.0,212.0,,false
2710,60.0,221.0,,false
2711,800.0,5.0,,false
2712,60.0,111.0,,false
2713,60.0,102.0,,false
2714,60.0,96.0,,false
2715,60.0,114.0,,false
2716,60.0,104.0,,false
2717,60.0,118.0,,false
2718,60.0,112.0,,false
2719,100.0,197.0,,false
2720,100.0,192.0,,false
2721,900.0,9.0,,false
2722,1150.0,17.0,,false
2723,1000.0,7.0,,false
2724,1350.0,49.0,,true
2725,500.0,58.0,,true
2726,5000.0,20.0,,true
2727,2200.0,133.0,,true
2728,3500.0,214.0,,true
2729,5000.0,600.0,,true
2730,500.0,152.0,,true
2731,125.0,473.0,,true
2732,40.0,459.0,,true
2733,350.0,175.0,,true
2734,500.0,174.0,,false
2735,500.0,326.0,,false
2736,3300.0,21.0,,false
2737,3300.0,23.0,,false
2738,3300.0,29.0,,false
2739,60.0,162.0,,false
2740,60.0,190.0,,false
2741,60.0,177.0,,false
2742,800.0,5.0,,false
2743,60.0,110.0,,false
2744,60.0,91.0,,false
2745,60.0,119.0,,false
2746,60.0,91.0,,false
2747,60.0,100.0,,false
2748,60.0,84.0,,false
2749,60.0,104.0,,false
2750,60.0,107.0,,false
2751,100.0,181.0,,false
2752,100.0,247.0,,false
2753,900.0,8.0,,false
2754,1150.0,18.0,,false
2755,1000.0,5.0,,false
2756,1350.0,46.0,,true
2757,500.0,59.0,,true
2758,5000.0,17.0,,true
2759,2200.0,132.0,,true
2760,3500.0,256.0,,true
2761,5000.0,600.0,,true
2762,500.0,144.0,,true
2763,125.0,496.0,,true
2764,40.0,407.0,,true
2765,350.0,151.0,,true
2766,500.0,187.0,,false
2767,500.0,481.0,,false
2768,3300.0,25.0,,false
2769,3300.0,24.0,,false
2770,3300.0,27.0,,false
2771,60.0,171.0,,false
2772,60.0,217.0,,false
2773,60.0,171.0,,false
2774,60.0,225.0,,false
2775,800.0,6.0,,false
2776,60.0,106.0,,false
2777,60.0,98.0,,false
2778,60.0,82.0,,false
2779,60.0,90.0,,false
2780,60.0,111.0,,false
2781,60.0,113.0,,false
2782,60.0,86.0,,false
2783,60.0,98.0,,false
2784,60.0,101.0,,false
2785,60.0,119.0,,false
2786,100.0,235.0,,false
2787,100.0,247.0,,false
2788,900.0,7.0,,false
2789,1150.0,18.0,,false
2790,1000.0,5.0,,false
2791,1350.0,47.0,,true
2792,500.0,60.0,,true
2793,5000.0,19.0,,true
2794,2200.0,135.0,,true
2795,3500.0,305.0,,true
2796,5000.0,600.0,,true
2797,500.0,160.0,,true
2798,125.0,516.0,,true
2799,40.0,419.0,,true
2800,350.0,142.0,,true
2801,500.0,198.0,,false
2802,500.0,557.0,,false
2803,3300.0,24.0,,false
2804,3300.0,23.0,,false
2805,3300.0,26.0,,false
2806,60.0,211.0,,false
2807,60.0,202.0,,false
2808,60.0,173.0,,false
2809,60.0,249.0,,false
2810,800.0,4.0,,false
2811,60.0,83.0,,false
2812,60.0,116.0,,false
2813,60.0,118.0,,false
2814,60.0,106.0,,false
2815,60.0,93.0,,false
2816,60.0,91.0,,false
2817,60.0,92.0,,false
2818,100.0,185.0,,false
2819,100.0,199.0,,false
2820,900.0,7.0,,false
2821,1150.0,16.0,,false
2822,1000.0,6.0,,false
2823,1350.0,49.0,,true
2824,500.0,56.0,,true
2825,5000.0,17.0,,true
2826,2200.0,140.0,,true
2827,3500.0,360.0,,true
2828,5000.0,600.0,,true
2829,500.0,157.0,,true
2830,125.0,525.0,,true
2831,40.0,400.0,,true
2832,350.0,163.0,,true
2833,500.0,199.0,,false
2834,500.0,407.0,,false
2835,3300.0,29.0,,false
2836,3300.0,25.0,,false
2837,3300.0,24.0,,false
2838,60.0,240.0,,false
2839,60.0,158.0,,false
2840,60.0,226.0,,false
2841,800.0,4.0,,false
2842,60.0,85.0,,false
2843,60.0,104.0,,false
2844,60.0,116.0,,false
2845,60.0,116.0,,false
2846,60.0,92.0,,false
2847,60.0,114.0,,false
2848,60.0,109.0,,false
2849,100.0,238.0,,false
2850,100.0,242.0,,false
2851,900.0,8.0,,false
2852,1150.0,15.0,,false
2853,1000.0,5.0,,false
2854,1350.0,47.0,,true
2855,500.0,56.0,,true
2856,5000.0,17.0,,true
2857,2200.0,132.0,,true
2858,3500.0,327.0,,true
2859,5000.0,600.0,,true
2860,500.0,142.0,,true
2861,125.0,487.0,,true
2862,40.0,374.0,,true
2863,350.0,146.0,,true
2864,500.0,199.0,,false
2865,500.0,340.0,,false
2866,3300.0,27.0,,false
2867,3300.0,26.0,,false
2868,3300.0,30.0,,false
2869,60.0,244.0,,false
2870,60.0,181.0,,false
2871,60.0,166.0,,false
2872,60.0,162.0,,false
2873,800.0,4.0,,false
2874,60.0,93.0,,false
2875,60.0,83.0,,false
2876,60.0,81.0,,false
2877,60.0,89.0,,false
2878,60.0,82.0,,false
2879,60.0,92.0,,false
2880,60.0,108.0,,false
2881,100.0,247.0,,false
2882,100.0,194.0,,false
2883,900.0,8.0,,false
2884,1150.0,14.0,,false
2885,1000.0,8.0,,false
2886,1350.0,49.0,,true
2887,500.0,60.0,,true
2888,5000.0,19.0,,true
2889,2200.0,131.0,,true
2890,3500.0,395.0,,true
2891,5000.0,600.0,,true
2892,500.0,141.0,,true
2893,125.0,459.0,,true
2894,40.0,370.0,,true
2895,350.0,152.0,,true
2896,500.0,188.0,,false
2897,500.0,335.0,,false
2898,3300.0,24.0,,false
2899,3300.0,26.0,,false
2900,3300.0,25.0,,false
2901,60.0,250.0,,false
2902,60.0,241.0,,false
2903,60.0,183.0,,false
2904,60.0,171.0,,false
2905,800.0,4.0,,false
2906,60.0,107.0,,false
2907,60.0,112.0,,false
2908,60.0,111.0,,false
2909,60.0,99.0,,false
2910,60.0,117.0,,false
2911,60.0,90.0,,false
2912,100.0,201.0,,false
2913,100.0,245.0,,false
2914,900.0,10.0,,false
2915,1150.0,18.0,,false
2916,1000.0,6.0,,false
2917,1350.0,46.0,,true
2918,500.0,59.0,,true
2919,5000.0,18.0,,true
2920,2200.0,136.0,,true
2921,3500.0,359.0,,true
2922,5000.0,600.0,,true
2923,500.0,143.0,,true
2924,125.0,524.0,,true
2925,40.0,382.0,,true
2926,350.0,172.0,,true
2927,500.0,181.0,,false
2928,500.0,372.0,,false
2929,3300.0,28.0,,false
2930,3300.0,26.0,,false
2931,3300.0,21.0,,false
2932,60.0,158.0,,false
2933,60.0,190.0,,false
2934,60.0,200.0,,false
2935,800.0,5.0,,false
2936,60.0,92.0,,false
2937,60.0,91.0,,false
2938,60.0,83.0,,false
2939,60.0,120.0,,false
2940,60.0,99.0,,false
2941,60.0,108.0,,false
2942,60.0,91.0,,false
2943,60.0,105.0,,false
2944,60.0,83.0,,false
2945,100.0,221.0,,false
2946,100.0,184.0,,false
2947,900.0,10.0,,false
2948,1150.0,18.0,,false
2949,1000.0,7.0,,false
2950,1350.0,48.0,,true
2951,500.0,56.0,,true
2952,5000.0,18.0,,true
2953,2200.0,138.0,,true
2954,3500.0,257.0,,true
2955,5000.0,600.0,,true
2956,500.0,143.0,,true
2957,125.0,550.0,,true
2958,40.0,450.0,,true
2959,350.0,176.0,,true
2960,500.0,175.0,,false
2961,500.0,521.0,,false
2962,3300.0,25.0,,false
2963,3300.0,24.0,,false
2964,3300.0,27.0,,false
2965,60.0,200.0,,false
2966,60.0,210.0,,false
2967,60.0,198.0,,false
2968,800.0,5.0,,false
2969,60.0,97.0,,false
2970,60.0,113.0,,false
2971,60.0,119.0,,false
2972,60.0,112.0,,false
2973,60.0,94.0,,false
2974,60.0,119.0,,false
2975,100.0,243.0,,false
2976,100.0,188.0,,false
2977,900.0,10.0,,false
2978,1150.0,18.0,,false
2979,1000.0,7.0,,false
2980,1350.0,48.0,,true
2981,500.0,57.0,,true
2982,5000.0,19.0,,true
2983,2200.0,135.0,,true
2984,3500.0,395.0,,true
2985,5000.0,600.0,,true
2986,500.0,151.0,,true
2987,125.0,458.0,,true
2988,40.0,353.0,,true
2989,350.0,171.0,,true
2990,500.0,175.0,,false
2991,500.0,583.0,,false
2992,3300.0,27.0,,false
2993,3300.0,29.0,,false
2994,3300.0,26.0,,false
2995,60.0,195.0,,false
2996,60.0,169.0,,false
2997,60.0,193.0,,false
2998,60.0,202.0,,false
2999,800.0,4.0,,false
3000,60.0,97.0,,false
3001,60.0,115.0,,false
3002,60.0,81.0,,false
3003,60.0,101.0,,false
3004,60.0,117.0,,false
3005,60.0,82.0,,false
3006,60.0,111.0,,false
3007,100.0,185.0,,false
3008,100.0,233.0,,false
3009,900.0,8.0,,false
3010,1150.0,13.0,,false
3011,1000.0,8.0,,false
3012,1350.0,46.0,,true
3013,500.0,58.0,,true
3014,5000.0,17.0,,true
3015,2200.0,136.0,,true
3016,3500.0,351.0,,true
3017,5000.0,600.0,,true
3018,500.0,153.0,,true
3019,125.0,543.0,,true
3020,40.0,441.0,,true
3021,350.0,151.0,,true
3022,500.0,179.0,,false
3023,500.0,580.0,,false
3024,3300.0,22.0,,false
3025,3300.0,24.0,,false
3026,3300.0,28.0,,false
3027,60.0,204.0,,false
3028,60.0,230.0,,false
3029,60.0,202.0,,false
3030,60.0,247.0,,false
3031,800.0,4.0,,false
3032,60.0,110.0,,false
3033,60.0,106.0,,false
3034,60.0,112.0,,false
3035,60.0,94.0,,false
3036,60.0,112.0,,false
3037,60.0,85.0,,false
3038,60.0,104.0,,false
3039,60.0,87.0,,false
3040,60.0,114.0,,false
3041,60.0,84.0,,false
3042,100.0,213.0,,false
3043,100.0,208.0,,false
3044,900.0,9.0,,false
3045,1150.0,15.0,,false
3046,1000.0,7.0,,false
3047,1350.0,46.0,,true
3048,500.0,60.0,,true
3049,5000.0,18.0,,true
3050,2200.0,136.0,,true
3051,3500.0,223.0,,true
3052,5000.0,600.0,,true
3053,500.0,154.0,,true
3054,125.0,482.0,,true
3055,40.0,362.0,,true
3056,350.0,177.0,,true
3057,500.0,198.0,,false
3058,500.0,344.0,,false
3059,3300.0,25.0,,false
3060,3300.0,24.0,,false
3061,3300.0,23.0,,false
3062,60.0,176.0,,false
3063,60.0,210.0,,false
3064,60.0,163.0,,false
3065,60.0,222.0,,false
3066,800.0,6.0,,false
3067,60.0,91.0,,false
3068,60.0,96.0,,false
3069,60.0,106.0,,false
3070,60.0,112.0,,false
3071,60.0,94.0,,false
3072,60.0,96.0,,false
3073,60.0,85.0,,false
3074,100.0,215.0,,false
3075,100.0,207.0,,false
3076,900.0,10.0,,false
3077,1150.0,14.0,,false
3078,1000.0,7.0,,false
3079,1350.0,49.0,,true
3080,500.0,58.0,,true
3081,5000.0,16.0,,true
3082,2200.0,133.0,,true
3083,3500.0,391.0,,true
3084,5000.0,600.0,,true
3085,500.0,157.0,,true
3086,125.0,505.0,,true
3087,40.0,410.0,,true
3088,350.0,148.0,,true
3089,500.0,179.0,,false
3090,500.0,352.0,,false
3091,3300.0,29.0,,false
3092,3300.0,21.0,,false
3093,3300.0,22.0,,false
3094,60.0,199.0,,false
3095,60.0,197.0,,false
3096,60.0,187.0,,false
3097,800.0,4.0,,false
3098,60.0,107.0,,false
3099,60.0,86.0,,false
3100,60.0,97.0,,false
3101,60.0,113.0,,false
3102,60.0,81.0,,false
3103,60.0,103.0,,false
3104,60.0,118.0,,false
3105,60.0,107.0,,false
3106,100.0,201.0,,false
3107,100.0,239.0,,false
3108,900.0,7.0,,false
3109,1150.0,14.0,,false
3110,1000.0,6.0,,false
3111,1350.0,49.0,,true
3112,500.0,56.0,,true
3113,5000.0,17.0,,true
3114,2200.0,133.0,,true
3115,3500.0,228.0,,true
3116,5000.0,600.0,,true
3117,500.0,154.0,,true
3118,125.0,464.0,,true
3119,40.0,447.0,,true
3120,350.0,151.0,,true
3121,500.0,194.0,,false
3122,500.0,336.0,,false
3123,3300.0,26.0,,false
3124,3300.0,23.0,,false
3125,3300.0,30.0,,false
3126,60.0,188.0,,false
3127,60.0,235.0,,false
3128,60.0,244.0,,false
3129,60.0,190.0,,false
3130,800.0,5.0,,false
3131,60.0,102.0,,false
3132,60.0,106.0,,false
3133,60.0,88.0,,false
3134,60.0,97.0,,false
3135,60.0,119.0,,false
3136,60.0,106.0,,false
3137,60.0,81.0,,false
3138,60.0,99.0,,false
3139,60.0,102.0,,false
3140,60.0,89.0,,false
3141,100.0,196.0,,false
3142,100.0,195.0,,false
3143,900.0,10.0,,false
3144,1150.0,14.0,,false
3145,1000.0,5.0,,false
3146,1350.0,48.0,,true
3147,500.0,58.0,,true
3148,5000.0,19.0,,true
3149,2200.0,133.0,,true
3150,3500.0,325.0,,true
3151,5000.0,600.0,,true
3152,500.0,147.0,,true
3153,125.0,530.0,,true
3154,40.0,420.0,,true
3155,350.0,154.0,,true
3156,500.0,181.0,,false
3157,500.0,444.0,,false
3158,3300.0,26.0,,false
3159,3300.0,28.0,,false
3160,3300.0,30.0,,false
3161,60.0,228.0,,false
3162,60.0,152.0,,false
3163,60.0,181.0,,false
3164,60.0,241.0,,false
3165,800.0,6.0,,false
3166,60.0,86.0,,false
3167,60.0,115.0,,false
3168,60.0,115.0,,false
3169,60.0,90.0,,false
3170,60.0,103.0,,false
3171,60.0,116.0,,false
3172,100.0,222.0,,false
3173,100.0,207.0,,false
3174,900.0,7.0,,false
3175,1150.0,14.0,,false
3176,1000.0,7.0,,false
3177,1350.0,48.0,,true
3178,500.0,60.0,,true
3179,5000.0,16.0,,true
3180,2200.0,133.0,,true
3181,3500.0,334.0,,true
3182,5000.0,600.0,,true
3183,500.0,155.0,,true
3184,125.0,525.0,,true
3185,40.0,374.0,,true
3186,350.0,169.0,,true
3187,500.0,177.0,,false
3188,500.0,587.0,,false
3189,3300.0,29.0,,false
3190,3300.0,21.0,,false
3191,3300.0,24.0,,false
3192,60.0,227.0,,false
3193,60.0,177.0,,false
3194,60.0,207.0,,false
3195,800.0,6.0,,false
3196,60.0,118.0,,false
3197,60.0,85.0,,false
3198,60.0,94.0,,false
3199,60.0,81.0,,false
3200,60.0,112.0,,false
3201,60.0,107.0,,false
3202,100.0,181.0,,false
3203,100.0,189.0,,false
3204,900.0,8.0,,false
3205,1150.0,16.0,,false
3206,1000.0,5.0,,false
3207,1350.0,46.0,,true
3208,500.0,60.0,,true
3209,5000.0,20.0,,true
3210,2200.0,133.0,,true
3211,3500.0,288.0,,true
3212,5000.0,600.0,,true
3213,500.0,153.0,,true
3214,125.0,481.0,,true
3215,40.0,356.0,,true
3216,350.0,154.0,,true
3217,500.0,188.0,,false
3218,500.0,301.0,,false
3219,3300.0,24.0,,false
3220,3300.0,27.0,,false
3221,3300.0,22.0,,false
3222,60.0,187.0,,false
3223,60.0,244.0,,false
3224,60.0,211.0,,false
3225,60.0,174.0,,false
3226,800.0,5.0,,false
3227,60.0,119.0,,false
3228,60.0,95.0,,false
3229,60.0,107.0,,false
3230,60.0,88.0,,false
3231,60.0,82.0,,false
3232,60.0,100.0,,false
3233,100.0,183.0,,false
3234,100.0,198.0,,false
3235,900.0,7.0,,false
3236,1150.0,15.0,,false
3237,1000.0,7.0,,false
