Reference,height,width,stripwidth,preemptable
1,1350.0,47.0,720,true
2,500.0,58.0,,true
3,5000.0,16.0,,true
4,2200.0,136.0,,true
5,3500.0,243.0,,true
6,5000.0,600.0,,true
7,500.0,154.0,,true
8,125.0,540.0,,true
9,40.0,411.0,,true
10,350.0,165.0,,true
11,500.0,182.0,,false
12,500.0,510.0,,false
13,3300.0,23.0,,false
14,3300.0,30.0,,false
15,3300.0,26.0,,false
16,60.0,228.0,,false
17,60.0,193.0,,false
18,60.0,184.0,,false
19,800.0,5.0,,false
20,60.0,99.0,,false
21,60.0,106.0,,false
22,60.0,120.0,,false
23,60.0,118.0,,false
24,60.0,100.0,,false
25,60.0,81.0,,false
26,60.0,81.0,,false
27,60.0,117.0,,false
28,100.0,243.0,,false
29,100.0,183.0,,false
30,900.0,10.0,,false
31,1150.0,14.0,,false
32,1000.0,8.0,,false
33,1350.0,47.0,,true
34,500.0,58.0,,true
35,5000.0,19.0,,true
36,2200.0,139.0,,true
37,3500.0,329.0,,true
38,5000.0,600.0,,true
39,500.0,144.0,,true
40,125.0,484.0,,true
41,40.0,429.0,,true
42,350.0,157.0,,true
43,500.0,199.0,,false
44,500.0,495.0,,false
45,3300.0,29.0,,false
46,3300.0,27.0,,false
47,3300.0,21.0,,false
48,60.0,181.0,,false
49,60.0,162.0,,false
50,60.0,249.0,,false
51,800.0,4.0,,false
52,60.0,95.0,,false
53,60.0,87.0,,false
54,60.0,88.0,,false
55,60.0,107.0,,false
56,60.0,91.0,,false
57,60.0,110.0,,false
58,60.0,96.0,,false
59,60.0,98.0,,false
60,100.0,211.0,,false
61,100.0,207.0,,false
62,900.0,8.0,,false
63,1150.0,17.0,,false
64,1000.0,7.0,,false
65,1350.0,46.0,,true
66,500.0,57.0,,true
67,5000.0,16.0,,true
68,2200.0,133.0,,true
69,3500.0,250.0,,true
70,5000.0,600.0,,true
71,500.0,156.0,,true
72,125.0,547.0,,true
73,40.0,416.0,,true
74,350.0,146.0,,true
75,500.0,173.0,,false
76,500.0,334.0,,false
77,3300.0,24.0,,false
78,3300.0,22.0,,false
79,3300.0,27.0,,false
80,60.0,174.0,,false
81,60.0,178.0,,false
82,60.0,155.0,,false
83,800.0,4.0,,false
84,60.0,96.0,,false
85,60.0,95.0,,false
86,60.0,102.0,,false
87,60.0,92.0,,false
88,60.0,97.0,,false
89,60.0,95.0,,false
90,60.0,85.0,,false
91,60.0,81.0,,false
92,100.0,240.0,,false
93,100.0,203.0,,false
94,900.0,9.0,,false
95,1150.0,15.0,,false
96,1000.0,7.0,,false
97,1350.0,47.0,,true
98,500.0,57.0,,true
99,5000.0,20.0,,true
100,2200.0,132.0,,true
101,3500.0,269.0,,true
102,5000.0,600.0,,true
103,500.0,146.0,,true
104,125.0,509.0,,true
105,40.0,392.0,,true
106,350.0,158.0,,true
107,500.0,193.0,,false
108,500.0,375.0,,false
109,3300.0,30.0,,false
110,3300.0,21.0,,false
111,3300.0,25.0,,false
112,60.0,232.0,,false
113,60.0,189.0,,false
114,60.0,229.0,,false
115,60.0,201.0,,false
116,800.0,4.0,,false
117,60.0,103.0,,false
118,60.0,106.0,,false
119,60.0,119.0,,false
120,60.0,119.0,,false
121,60.0,97.0,,false
122,60.0,85.0,,false
123,60.0,116.0,,false
124,60.0,83.0,,false
125,60.0,107.0,,false
126,100.0,245.0,,false
127,100.0,199.0,,false
128,900.0,10.0,,false
129,1150.0,17.0,,false
130,1000.0,7.0,,false
131,1350.0,47.0,,true
132,500.0,57.0,,true
133,5000.0,16.0,,true
134,2200.0,136.0,,true
135,3500.0,322.0,,true
136,5000.0,600.0,,true
137,500.0,150.0,,true
138,125.0,540.0,,true
139,40.0,362.0,,true
140,350.0,165.0,,true
141,500.0,194.0,,false
142,500.0,370.0,,false
143,3300.0,22.0,,false
144,3300.0,25.0,,false
145,3300.0,21.0,,false
146,60.0,158.0,,false
147,60.0,215.0,,false
148,60.0,183.0,,false
149,800.0,4.0,,false
150,60.0,98.0,,false
151,60.0,107.0,,false
152,60.0,88.0,,false
153,60.0,105.0,,false
154,60.0,83.0,,false
155,60.0,111.0,,false
156,100.0,232.0,,false
157,100.0,236.0,,false
158,900.0,7.0,,false
159,1150.0,17.0,,false
160,1000.0,5.0,,false
161,1350.0,46.0,,true
162,500.0,56.0,,true
163,5000.0,17.0,,true
164,2200.0,132.0,,true
165,3500.0,228.0,,true
166,5000.0,600.0,,true
167,500.0,156.0,,true
168,125.0,466.0,,true
169,40.0,407.0,,true
170,350.0,169.0,,true
171,500.0,192.0,,false
172,500.0,344.0,,false
173,3300.0,29.0,,false
174,3300.0,24.0,,false
175,3300.0,21.0,,false
176,60.0,207.0,,false
177,60.0,240.0,,false
178,60.0,183.0,,false
179,800.0,4.0,,false
180,60.0,118.0,,false
181,60.0,98.0,,false
182,60.0,92.0,,false
183,60.0,118.0,,false
184,60.0,99.0,,false
185,60.0,116.0,,false
186,60.0,119.0,,false
187,60.0,91.0,,false
188,60.0,104.0,,false
189,100.0,222.0,,false
190,100.0,185.0,,false
191,900.0,10.0,,false
192,1150.0,13.0,,false
193,1000.0,5.0,,false
194,1350.0,48.0,,true
195,500.0,58.0,,true
196,5000.0,17.0,,true
197,2200.0,138.0,,true
198,3500.0,392.0,,true
199,5000.0,600.0,,true
200,500.0,146.0,,true
201,125.0,533.0,,true
202,40.0,396.0,,true
203,350.0,169.0,,true
204,500.0,190.0,,false
205,500.0,516.0,,false
206,3300.0,29.0,,false
207,3300.0,22.0,,false
208,3300.0,27.0,,false
209,60.0,221.0,,false
210,60.0,226.0,,false
211,60.0,212.0,,false
212,800.0,6.0,,false
213,60.0,91.0,,false
214,60.0,112.0,,false
215,60.0,85.0,,false
216,60.0,83.0,,false
217,60.0,86.0,,false
218,60.0,82.0,,false
219,60.0,87.0,,false
220,100.0,219.0,,false
221,100.0,250.0,,false
222,900.0,10.0,,false
223,1150.0,17.0,,false
224,1000.0,8.0,,false
225,1350.0,47.0,,true
226,500.0,58.0,,true
227,5000.0,18.0,,true
228,2200.0,136.0,,true
229,3500.0,377.0,,true
230,5000.0,600.0,,true
231,500.0,144.0,,true
232,125.0,506.0,,true
233,40.0,431.0,,true
234,350.0,170.0,,true
235,500.0,189.0,,false
236,500.0,306.0,,false
237,3300.0,22.0,,false
238,3300.0,27.0,,false
239,3300.0,24.0,,false
240,60.0,167.0,,false
241,60.0,228.0,,false
242,60.0,248.0,,false
243,800.0,6.0,,false
244,60.0,90.0,,false
245,60.0,104.0,,false
246,60.0,101.0,,false
247,60.0,81.0,,false
248,60.0,111.0,,false
249,60.0,115.0,,false
250,60.0,104.0,,false
251,60.0,120.0,,false
252,60.0,93.0,,false
253,100.0,240.0,,false
254,100.0,236.0,,false
255,900.0,7.0,,false
256,1150.0,13.0,,false
257,1000.0,6.0,,false
258,1350.0,47.0,,true
259,500.0,60.0,,true
260,5000.0,20.0,,true
261,2200.0,132.0,,true
262,3500.0,294.0,,true
263,5000.0,600.0,,true
264,500.0,146.0,,true
265,125.0,544.0,,true
266,40.0,393.0,,true
267,350.0,143.0,,true
268,500.0,176.0,,false
269,500.0,353.0,,false
270,3300.0,21.0,,false
271,3300.0,29.0,,false
272,3300.0,29.0,,false
273,60.0,205.0,,false
274,60.0,186.0,,false
275,60.0,199.0,,false
276,800.0,4.0,,false
277,60.0,97.0,,false
278,60.0,95.0,,false
279,60.0,119.0,,false
280,60.0,100.0,,false
281,60.0,85.0,,false
282,60.0,92.0,,false
283,60.0,108.0,,false
284,100.0,229.0,,false
285,100.0,232.0,,false
286,900.0,8.0,,false
287,1150.0,16.0,,false
288,1000.0,6.0,,false
289,1350.0,46.0,,true
290,500.0,58.0,,true
291,5000.0,20.0,,true
292,2200.0,131.0,,true
293,3500.0,235.0,,true
294,5000.0,600.0,,true
295,500.0,156.0,,true
296,125.0,520.0,,true
297,40.0,363.0,,true
298,350.0,143.0,,true
299,500.0,181.0,,false
300,500.0,352.0,,false
301,3300.0,28.0,,false
302,3300.0,22.0,,false
303,3300.0,24.0,,false
304,60.0,226.0,,false
305,60.0,200.0,,false
306,60.0,231.0,,false
307,60.0,201.0,,false
308,800.0,4.0,,false
309,60.0,115.0,,false
310,60.0,98.0,,false
311,60.0,103.0,,false
312,60.0,93.0,,false
313,60.0,111.0,,false
314,60.0,110.0,,false
315,60.0,119.0,,false
316,100.0,227.0,,false
317,100.0,198.0,,false
318,900.0,9.0,,false
319,1150.0,16.0,,false
320,1000.0,7.0,,false
321,1350.0,47.0,,true
322,500.0,57.0,,true
323,5000.0,18.0,,true
324,2200.0,131.0,,true
325,3500.0,237.0,,true
326,5000.0,600.0,,true
327,500.0,153.0,,true
328,125.0,480.0,,true
329,40.0,356.0,,true
330,350.0,151.0,,true
331,500.0,181.0,,false
332,500.0,471.0,,false
333,3300.0,27.0,,false
334,3300.0,26.0,,false
335,3300.0,30.0,,false
336,60.0,181.0,,false
337,60.0,189.0,,false
338,60.0,152.0,,false
339,800.0,4.0,,false
340,60.0,103.0,,false
341,60.0,102.0,,false
342,60.0,96.0,,false
343,60.0,104.0,,false
344,60.0,106.0,,false
345,60.0,81.0,,false
346,60.0,120.0,,false
347,60.0,87.0,,false
348,60.0,88.0,,false
349,100.0,241.0,,false
350,100.0,223.0,,false
351,900.0,7.0,,false
352,1150.0,13.0,,false
353,1000.0,8.0,,false
354,1350.0,48.0,,true
355,500.0,59.0,,true
356,5000.0,18.0,,true
357,2200.0,131.0,,true
358,3500.0,379.0,,true
359,5000.0,600.0,,true
360,500.0,148.0,,true
361,125.0,510.0,,true
362,40.0,359.0,,true
363,350.0,156.0,,true
364,500.0,188.0,,false
365,500.0,416.0,,false
366,3300.0,27.0,,false
367,3300.0,24.0,,false
368,3300.0,26.0,,false
369,60.0,159.0,,false
370,60.0,154.0,,false
371,60.0,164.0,,false
372,800.0,5.0,,false
373,60.0,118.0,,false
374,60.0,98.0,,false
375,60.0,107.0,,false
376,60.0,81.0,,false
377,60.0,108.0,,false
378,60.0,87.0,,false
379,60.0,101.0,,false
380,60.0,87.0,,false
381,60.0,101.0,,false
382,60.0,98.0,,false
383,100.0,211.0,,false
384,100.0,246.0,,false
385,900.0,8.0,,false
386,1150.0,13.0,,false
387,1000.0,5.0,,false
388,1350.0,46.0,,true
389,500.0,59.0,,true
390,5000.0,18.0,,true
391,2200.0,134.0,,true
392,3500.0,285.0,,true
393,5000.0,600.0,,true
394,500.0,155.0,,true
395,125.0,472.0,,true
396,40.0,376.0,,true
397,350.0,152.0,,true
398,500.0,200.0,,false
399,500.0,529.0,,false
400,3300.0,29.0,,false
401,3300.0,22.0,,false
402,3300.0,21.0,,false
403,60.0,240.0,,false
404,60.0,190.0,,false
405,60.0,157.0,,false
406,60.0,175.0,,false
407,800.0,5.0,,false
408,60.0,117.0,,false
409,60.0,105.0,,false
410,60.0,89.0,,false
411,60.0,105.0,,false
412,60.0,89.0,,false
413,60.0,118.0,,false
414,60.0,119.0,,false
415,60.0,103.0,,false
416,60.0,119.0,,false
417,60.0,81.0,,false
418,100.0,181.0,,false
419,100.0,211.0,,false
420,900.0,8.0,,false
421,1150.0,17.0,,false
422,1000.0,7.0,,false
423,1350.0,47.0,,true
424,500.0,60.0,,true
425,5000.0,16.0,,true
426,2200.0,133.0,,true
427,3500.0,374.0,,true
428,5000.0,600.0,,true
429,500.0,160.0,,true
430,125.0,491.0,,true
431,40.0,381.0,,true
432,350.0,174.0,,true
433,500.0,180.0,,false
434,500.0,522.0,,false
435,3300.0,22.0,,false
436,3300.0,21.0,,false
437,3300.0,21.0,,false
438,60.0,193.0,,false
439,60.0,167.0,,false
440,60.0,235.0,,false
441,60.0,158.0,,false
442,800.0,6.0,,false
443,60.0,102.0,,false
444,60.0,120.0,,false
445,60.0,82.0,,false
446,60.0,84.0,,false
447,60.0,87.0,,false
448,60.0,88.0,,false
449,100.0,229.0,,false
450,100.0,214.0,,false
451,900.0,7.0,,false
452,1150.0,13.0,,false
453,1000.0,8.0,,false
454,1350.0,46.0,,true
455,500.0,56.0,,true
456,5000.0,17.0,,true
457,2200.0,131.0,,true
458,3500.0,233.0,,true
459,5000.0,600.0,,true
460,500.0,159.0,,true
461,125.0,515.0,,true
462,40.0,450.0,,true
463,350.0,149.0,,true
464,500.0,186.0,,false
465,500.0,442.0,,false
466,3300.0,25.0,,false
467,3300.0,27.0,,false
468,3300.0,26.0,,false
469,60.0,218.0,,false
470,60.0,157.0,,false
471,60.0,244.0,,false
472,800.0,5.0,,false
473,60.0,116.0,,false
474,60.0,113.0,,false
475,60.0,84.0,,false
476,60.0,117.0,,false
477,60.0,85.0,,false
478,60.0,98.0,,false
479,60.0,119.0,,false
480,60.0,83.0,,false
481,60.0,84.0,,false
482,60.0,89.0,,false
483,100.0,182.0,,false
484,100.0,216.0,,false
485,900.0,8.0,,false
486,1150.0,15.0,,false
487,1000.0,8.0,,false
488,1350.0,47.0,,true
489,500.0,58.0,,true
490,5000.0,18.0,,true
491,2200.0,136.0,,true
492,3500.0,228.0,,true
493,5000.0,600.0,,true
494,500.0,141.0,,true
495,125.0,486.0,,true
496,40.0,406.0,,true
497,350.0,155.0,,true
498,500.0,174.0,,false
499,500.0,387.0,,false
500,3300.0,23.0,,false
501,3300.0,28.0,,false
502,3300.0,21.0,,false
503,60.0,163.0,,false
504,60.0,213.0,,false
505,60.0,191.0,,false
506,800.0,6.0,,false
507,60.0,84.0,,false
508,60.0,81.0,,false
509,60.0,88.0,,false
510,60.0,105.0,,false
511,60.0,88.0,,false
512,60.0,96.0,,false
513,60.0,96.0,,false
514,60.0,86.0,,false
515,60.0,95.0,,false
516,100.0,194.0,,false
517,100.0,211.0,,false
518,900.0,10.0,,false
519,1150.0,16.0,,false
520,1000.0,8.0,,false
521,1350.0,47.0,,true
522,500.0,57.0,,true
523,5000.0,18.0,,true
524,2200.0,135.0,,true
525,3500.0,300.0,,true
526,5000.0,600.0,,true
527,500.0,147.0,,true
528,125.0,535.0,,true
529,40.0,376.0,,true
530,350.0,164.0,,true
531,500.0,190.0,,false
532,500.0,513.0,,false
533,3300.0,23.0,,false
534,3300.0,29.0,,false
535,3300.0,23.0,,false
536,60.0,160.0,,false
537,60.0,159.0,,false
538,60.0,180.0,,false
539,800.0,5.0,,false
540,60.0,116.0,,false
541,60.0,119.0,,false
542,60.0,118.0,,false
543,60.0,92.0,,false
544,60.0,87.0,,false
545,60.0,116.0,,false
546,60.0,119.0,,false
547,60.0,83.0,,false
548,60.0,90.0,,false
549,100.0,233.0,,false
550,100.0,220.0,,false
551,900.0,9.0,,false
552,1150.0,14.0,,false
553,1000.0,5.0,,false
554,1350.0,46.0,,true
555,500.0,60.0,,true
556,5000.0,18.0,,true
557,2200.0,132.0,,true
558,3500.0,216.0,,true
559,5000.0,600.0,,true
560,500.0,156.0,,true
561,125.0,473.0,,true
562,40.0,379.0,,true
563,350.0,163.0,,true
564,500.0,200.0,,false
565,500.0,508.0,,false
566,3300.0,22.0,,false
567,3300.0,25.0,,false
568,3300.0,26.0,,false
569,60.0,242.0,,false
570,60.0,160.0,,false
571,60.0,223.0,,false
572,800.0,5.0,,false
573,60.0,119.0,,false
574,60.0,105.0,,false
575,60.0,86.0,,false
576,60.0,115.0,,false
577,60.0,120.0,,false
578,60.0,104.0,,false
579,60.0,103.0,,false
580,100.0,250.0,,false
581,100.0,239.0,,false
582,900.0,7.0,,false
583,1150.0,18.0,,false
584,1000.0,5.0,,false
585,1350.0,46.0,,true
586,500.0,60.0,,true
587,5000.0,20.0,,true
588,2200.0,134.0,,true
589,3500.0,386.0,,true
590,5000.0,600.0,,true
591,500.0,151.0,,true
592,125.0,502.0,,true
593,40.0,449.0,,true
594,350.0,156.0,,true
595,500.0,172.0,,false
596,500.0,391.0,,false
597,3300.0,26.0,,false
598,3300.0,26.0,,false
599,3300.0,26.0,,false
600,60.0,232.0,,false
601,60.0,174.0,,false
602,60.0,250.0,,false
603,60.0,246.0,,false
604,800.0,5.0,,false
605,60.0,119.0,,false
606,60.0,119.0,,false
607,60.0,81.0,,false
608,60.0,100.0,,false
609,60.0,104.0,,false
610,60.0,84.0,,false
611,100.0,215.0,,false
612,100.0,181.0,,false
613,900.0,9.0,,false
614,1150.0,13.0,,false
615,1000.0,8.0,,false
616,1350.0,48.0,,true
617,500.0,57.0,,true
618,5000.0,18.0,,true
619,2200.0,136.0,,true
620,3500.0,399.0,,true
621,5000.0,600.0,,true
622,500.0,144.0,,true
623,125.0,540.0,,true
624,40.0,451.0,,true
625,350.0,168.0,,true
626,500.0,198.0,,false
627,500.0,505.0,,false
628,3300.0,28.0,,false
629,3300.0,23.0,,false
630,3300.0,30.0,,false
631,60.0,210.0,,false
632,60.0,222.0,,false
633,60.0,228.0,,false
634,800.0,6.0,,false
635,60.0,83.0,,false
636,60.0,93.0,,false
637,60.0,97.0,,false
638,60.0,83.0,,false
639,60.0,99.0,,false
640,60.0,110.0,,false
641,100.0,202.0,,false
642,100.0,199.0,,false
643,900.0,9.0,,false
644,1150.0,15.0,,false
645,1000.0,8.0,,false
646,1350.0,49.0,,true
647,500.0,57.0,,true
648,5000.0,20.0,,true
649,2200.0,132.0,,true
650,3500.0,370.0,,true
651,5000.0,600.0,,true
652,500.0,152.0,,true
653,125.0,481.0,,true
654,40.0,449.0,,true
655,350.0,164.0,,true
656,500.0,192.0,,false
657,500.0,359.0,,false
658,3300.0,24.0,,false
659,3300.0,27.0,,false
660,3300.0,27.0,,false
661,60.0,210.0,,false
662,60.0,245.0,,false
663,60.0,168.0,,false
664,60.0,182.0,,false
665,800.0,5.0,,false
666,60.0,107.0,,false
667,60.0,115.0,,false
668,60.0,82.0,,false
669,60.0,93.0,,false
670,60.0,103.0,,false
671,60.0,86.0,,false
672,60.0,99.0,,false
673,60.0,96.0,,false
674,60.0,112.0,,false
675,60.0,82.0,,false
676,100.0,199.0,,false
677,100.0,226.0,,false
678,900.0,8.0,,false
679,1150.0,15.0,,false
680,1000.0,6.0,,false
681,1350.0,46.0,,true
682,500.0,59.0,,true
683,5000.0,17.0,,true
684,2200.0,132.0,,true
685,3500.0,337.0,,true
686,5000.0,600.0,,true
687,500.0,158.0,,true
688,125.0,484.0,,true
689,40.0,400.0,,true
690,350.0,166.0,,true
691,500.0,191.0,,false
692,500.0,469.0,,false
693,3300.0,26.0,,false
694,3300.0,23.0,,false
695,3300.0,24.0,,false
696,60.0,231.0,,false
697,60.0,193.0,,false
698,60.0,247.0,,false
699,60.0,191.0,,false
700,800.0,5.0,,false
701,60.0,83.0,,false
702,60.0,81.0,,false
703,60.0,109.0,,false
704,60.0,92.0,,false
705,60.0,109.0,,false
706,60.0,88.0,,false
707,60.0,108.0,,false
708,60.0,99.0,,false
709,60.0,83.0,,false
710,100.0,200.0,,false
711,100.0,186.0,,false
712,900.0,9.0,,false
713,1150.0,16.0,,false
714,1000.0,7.0,,false
715,1350.0,48.0,,true
716,500.0,57.0,,true
717,5000.0,18.0,,true
718,2200.0,134.0,,true
719,3500.0,274.0,,true
720,5000.0,600.0,,true
721,500.0,147.0,,true
722,125.0,488.0,,true
723,40.0,401.0,,true
724,350.0,142.0,,true
725,500.0,184.0,,false
726,500.0,326.0,,false
727,3300.0,27.0,,false
728,3300.0,28.0,,false
729,3300.0,26.0,,false
730,60.0,201.0,,false
731,60.0,246.0,,false
732,60.0,173.0,,false
733,800.0,5.0,,false
734,60.0,89.0,,false
735,60.0,101.0,,false
736,60.0,104.0,,false
737,60.0,108.0,,false
738,60.0,96.0,,false
739,60.0,91.0,,false
740,60.0,97.0,,false
741,60.0,103.0,,false
742,100.0,239.0,,false
743,100.0,192.0,,false
744,900.0,7.0,,false
745,1150.0,16.0,,false
746,1000.0,7.0,,false
747,1350.0,46.0,,true
748,500.0,57.0,,true
749,5000.0,20.0,,true
750,2200.0,132.0,,true
751,3500.0,374.0,,true
752,5000.0,600.0,,true
753,500.0,156.0,,true
754,125.0,540.0,,true
755,40.0,356.0,,true
756,350.0,172.0,,true
757,500.0,188.0,,false
758,500.0,429.0,,false
759,3300.0,24.0,,false
760,3300.0,29.0,,false
761,3300.0,24.0,,false
762,60.0,157.0,,false
763,60.0,156.0,,false
764,60.0,192.0,,false
765,800.0,4.0,,false
766,60.0,111.0,,false
767,60.0,88.0,,false
768,60.0,87.0,,false
769,60.0,111.0,,false
770,60.0,112.0,,false
771,60.0,82.0,,false
772,60.0,119.0,,false
773,60.0,98.0,,false
774,60.0,114.0,,false
775,60.0,111.0,,false
776,100.0,199.0,,false
777,100.0,238.0,,false
778,900.0,7.0,,false
779,1150.0,17.0,,false
780,1000.0,6.0,,false
781,1350.0,46.0,,true
782,500.0,58.0,,true
783,5000.0,17.0,,true
784,2200.0,138.0,,true
785,3500.0,252.0,,true
786,5000.0,600.0,,true
787,500.0,152.0,,true
788,125.0,487.0,,true
789,40.0,392.0,,true
790,350.0,170.0,,true
791,500.0,185.0,,false
792,500.0,437.0,,false
793,3300.0,24.0,,false
794,3300.0,25.0,,false
795,3300.0,23.0,,false
796,60.0,189.0,,false
797,60.0,160.0,,false
798,60.0,239.0,,false
799,60.0,248.0,,false
800,800.0,6.0,,false
801,60.0,83.0,,false
802,60.0,92.0,,false
803,60.0,118.0,,false
804,60.0,111.0,,false
805,60.0,110.0,,false
806,60.0,107.0,,false
807,60.0,90.0,,false
808,100.0,219.0,,false
809,100.0,230.0,,false
810,900.0,9.0,,false
811,1150.0,13.0,,false
812,1000.0,7.0,,false
813,1350.0,50.0,,true
814,500.0,57.0,,true
815,5000.0,20.0,,true
816,2200.0,140.0,,true
817,3500.0,248.0,,true
818,5000.0,600.0,,true
819,500.0,141.0,,true
820,125.0,456.0,,true
821,40.0,451.0,,true
822,350.0,177.0,,true
823,500.0,173.0,,false
824,500.0,509.0,,false
825,3300.0,27.0,,false
826,3300.0,29.0,,false
827,3300.0,27.0,,false
828,60.0,207.0,,false
829,60.0,232.0,,false
830,60.0,192.0,,false
831,800.0,5.0,,false
832,60.0,90.0,,false
833,60.0,108.0,,false
834,60.0,102.0,,false
835,60.0,92.0,,false
836,60.0,106.0,,false
837,60.0,111.0,,false
838,60.0,88.0,,false
839,60.0,85.0,,false
840,60.0,91.0,,false
841,60.0,103.0,,false
842,100.0,219.0,,false
843,100.0,202.0,,false
844,900.0,8.0,,false
845,1150.0,14.0,,false
846,1000.0,6.0,,false
847,1350.0,48.0,,true
848,500.0,57.0,,true
849,5000.0,18.0,,true
850,2200.0,136.0,,true
851,3500.0,367.0,,true
852,5000.0,600.0,,true
853,500.0,152.0,,true
854,125.0,482.0,,true
855,40.0,389.0,,true
856,350.0,156.0,,true
857,500.0,181.0,,false
858,500.0,441.0,,false
859,3300.0,26.0,,false
860,3300.0,27.0,,false
861,3300.0,21.0,,false
862,60.0,216.0,,false
863,60.0,196.0,,false
864,60.0,181.0,,false
865,60.0,182.0,,false
866,800.0,4.0,,false
867,60.0,88.0,,false
868,60.0,98.0,,false
869,60.0,85.0,,false
870,60.0,88.0,,false
871,60.0,108.0,,false
872,60.0,102.0,,false
873,60.0,84.0,,false
874,60.0,95.0,,false
875,100.0,228.0,,false
876,100.0,216.0,,false
877,900.0,8.0,,false
878,1150.0,13.0,,false
879,1000.0,6.0,,false
880,1350.0,49.0,,true
881,500.0,57.0,,true
882,5000.0,19.0,,true
883,2200.0,133.0,,true
884,3500.0,344.0,,true
885,5000.0,600.0,,true
886,500.0,156.0,,true
887,125.0,509.0,,true
888,40.0,428.0,,true
889,350.0,151.0,,true
890,500.0,178.0,,false
891,500.0,477.0,,false
892,3300.0,30.0,,false
893,3300.0,21.0,,false
894,3300.0,25.0,,false
895,60.0,191.0,,false
896,60.0,235.0,,false
897,60.0,222.0,,false
898,800.0,4.0,,false
899,60.0,109.0,,false
900,60.0,120.0,,false
901,60.0,85.0,,false
902,60.0,106.0,,false
903,60.0,110.0,,false
904,60.0,88.0,,false
905,60.0,94.0,,false
906,100.0,198.0,,false
907,100.0,200.0,,false
908,900.0,10.0,,false
909,1150.0,14.0,,false
910,1000.0,6.0,,false
911,1350.0,48.0,,true
912,500.0,59.0,,true
913,5000.0,17.0,,true
914,2200.0,140.0,,true
915,3500.0,390.0,,true
916,5000.0,600.0,,true
917,500.0,142.0,,true
918,125.0,525.0,,true
919,40.0,426.0,,true
920,350.0,164.0,,true
921,500.0,173.0,,false
922,500.0,329.0,,false
923,3300.0,21.0,,false
924,3300.0,28.0,,false
925,3300.0,21.0,,false
926,60.0,226.0,,false
927,60.0,214.0,,false
928,60.0,202.0,,false
929,60.0,191.0,,false
930,800.0,5.0,,false
931,60.0,82.0,,false
932,60.0,82.0,,false
933,60.0,91.0,,false
934,60.0,99.0,,false
935,60.0,87.0,,false
936,60.0,109.0,,false
937,60.0,106.0,,false
938,100.0,246.0,,false
939,100.0,184.0,,false
940,900.0,7.0,,false
941,1150.0,14.0,,false
942,1000.0,8.0,,false
943,1350.0,46.0,,true
944,500.0,57.0,,true
945,5000.0,17.0,,true
946,2200.0,140.0,,true
947,3500.0,342.0,,true
948,5000.0,600.0,,true
949,500.0,141.0,,true
950,125.0,538.0,,true
951,40.0,454.0,,true
952,350.0,169.0,,true
953,500.0,185.0,,false
954,500.0,342.0,,false
955,3300.0,28.0,,false
956,3300.0,29.0,,false
957,3300.0,22.0,,false
958,60.0,208.0,,false
959,60.0,213.0,,false
960,60.0,151.0,,false
961,800.0,5.0,,false
962,60.0,82.0,,false
963,60.0,106.0,,false
964,60.0,120.0,,false
965,60.0,82.0,,false
966,60.0,97.0,,false
967,60.0,100.0,,false
968,60.0,118.0,,false
969,100.0,199.0,,false
970,100.0,241.0,,false
971,900.0,10.0,,false
972,1150.0,14.0,,false
973,1000.0,7.0,,false
974,1350.0,47.0,,true
975,500.0,58.0,,true
976,5000.0,19.0,,true
977,2200.0,132.0,,true
978,3500.0,310.0,,true
979,5000.0,600.0,,true
980,500.0,159.0,,true
981,125.0,548.0,,true
982,40.0,400.0,,true
983,350.0,173.0,,true
984,500.0,188.0,,false
985,500.0,587.0,,false
986,3300.0,23.0,,false
987,3300.0,30.0,,false
988,3300.0,29.0,,false
989,60.0,158.0,,false
990,60.0,196.0,,false
991,60.0,195.0,,false
992,800.0,4.0,,false
993,60.0,115.0,,false
994,60.0,118.0,,false
995,60.0,94.0,,false
996,60.0,111.0,,false
997,60.0,93.0,,false
998,60.0,84.0,,false
999,100.0,227.0,,false
1000,100.0,246.0,,false
1001,900.0,9.0,,false
1002,1150.0,17.0,,false
1003,1000.0,7.0,,false
1004,1350.0,48.0,,true
1005,500.0,60.0,,true
1006,5000.0,17.0,,true
1007,2200.0,132.0,,true
1008,3500.0,349.0,,true
1009,5000.0,600.0,,true
1010,500.0,147.0,,true
1011,125.0,480.0,,true
1012,40.0,412.0,,true
1013,350.0,147.0,,true
1014,500.0,195.0,,false
1015,500.0,535.0,,false
1016,3300.0,24.0,,false
1017,3300.0,21.0,,false
1018,3300.0,28.0,,false
1019,60.0,240.0,,false
1020,60.0,193.0,,false
1021,60.0,199.0,,false
1022,60.0,167.0,,false
1023,800.0,5.0,,false
1024,60.0,103.0,,false
1025,60.0,97.0,,false
1026,60.0,113.0,,false
1027,60.0,117.0,,false
1028,60.0,110.0,,false
1029,60.0,108.0,,false
1030,60.0,87.0,,false
1031,60.0,87.0,,false
1032,60.0,83.0,,false
1033,60.0,85.0,,false
1034,100.0,237.0,,false
1035,100.0,188.0,,false
1036,900.0,9.0,,false
1037,1150.0,18.0,,false
1038,1000.0,6.0,,false
1039,1350.0,50.0,,true
1040,500.0,59.0,,true
1041,5000.0,20.0,,true
1042,2200.0,138.0,,true
1043,3500.0,220.0,,true
1044,5000.0,600.0,,true
1045,500.0,151.0,,true
1046,125.0,482.0,,true
1047,40.0,435.0,,true
1048,350.0,173.0,,true
1049,500.0,173.0,,false
1050,500.0,379.0,,false
1051,3300.0,26.0,,false
1052,3300.0,23.0,,false
1053,3300.0,25.0,,false
1054,60.0,151.0,,false
1055,60.0,167.0,,false
1056,60.0,243.0,,false
1057,60.0,172.0,,false
1058,800.0,4.0,,false
1059,60.0,107.0,,false
1060,60.0,110.0,,false
1061,60.0,109.0,,false
1062,60.0,107.0,,false
1063,60.0,100.0,,false
1064,60.0,102.0,,false
1065,60.0,112.0,,false
1066,60.0,106.0,,false
1067,60.0,85.0,,false
1068,100.0,244.0,,false
1069,100.0,227.0,,false
1070,900.0,8.0,,false
1071,1150.0,17.0,,false
1072,1000.0,6.0,,false
1073,1350.0,50.0,,true
1074,500.0,59.0,,true
1075,5000.0,17.0,,true
1076,2200.0,131.0,,true
1077,3500.0,342.0,,true
1078,5000.0,600.0,,true
1079,500.0,159.0,,true
1080,125.0,480.0,,true
1081,40.0,431.0,,true
1082,350.0,159.0,,true
1083,500.0,197.0,,false
1084,500.0,549.0,,false
1085,3300.0,22.0,,false
1086,3300.0,26.0,,false
1087,3300.0,24.0,,false
1088,60.0,172.0,,false
1089,60.0,220.0,,false
1090,60.0,160.0,,false
1091,800.0,5.0,,false
1092,60.0,94.0,,false
1093,60.0,87.0,,false
1094,60.0,99.0,,false
1095,60.0,88.0,,false
1096,60.0,117.0,,false
1097,60.0,109.0,,false
1098,60.0,85.0,,false
1099,60.0,114.0,,false
1100,60.0,87.0,,false
1101,100.0,241.0,,false
1102,100.0,225.0,,false
1103,900.0,10.0,,false
1104,1150.0,16.0,,false
1105,1000.0,5.0,,false
1106,1350.0,46.0,,true
1107,500.0,58.0,,true
1108,5000.0,20.0,,true
1109,2200.0,133.0,,true
1110,3500.0,261.0,,true
1111,5000.0,600.0,,true
1112,500.0,144.0,,true
1113,125.0,494.0,,true
1114,40.0,363.0,,true
1115,350.0,168.0,,true
1116,500.0,178.0,,false
1117,500.0,423.0,,false
1118,3300.0,22.0,,false
1119,3300.0,27.0,,false
1120,3300.0,25.0,,false
1121,60.0,167.0,,false
1122,60.0,179.0,,false
1123,60.0,159.0,,false
1124,60.0,193.0,,false
1125,800.0,6.0,,false
1126,60.0,113.0,,false
1127,60.0,117.0,,false
1128,60.0,92.0,,false
1129,60.0,89.0,,false
1130,60.0,92.0,,false
1131,60.0,93.0,,false
1132,60.0,92.0,,false
1133,60.0,86.0,,false
1134,100.0,181.0,,false
1135,100.0,187.0,,false
1136,900.0,7.0,,false
1137,1150.0,16.0,,false
1138,1000.0,7.0,,false
1139,1350.0,46.0,,true
1140,500.0,56.0,,true
1141,5000.0,18.0,,true
1142,2200.0,136.0,,true
1143,3500.0,280.0,,true
1144,5000.0,600.0,,true
1145,500.0,144.0,,true
1146,125.0,512.0,,true
1147,40.0,448.0,,true
1148,350.0,167.0,,true
1149,500.0,178.0,,false
1150,500.0,318.0,,false
1151,3300.0,27.0,,false
1152,3300.0,26.0,,false
1153,3300.0,26.0,,false
1154,60.0,238.0,,false
1155,60.0,246.0,,false
1156,60.0,248.0,,false
1157,60.0,152.0,,false
1158,800.0,4.0,,false
1159,60.0,97.0,,false
1160,60.0,83.0,,false
1161,60.0,89.0,,false
1162,60.0,86.0,,false
1163,60.0,108.0,,false
1164,60.0,81.0,,false
1165,60.0,82.0,,false
1166,60.0,88.0,,false
1167,60.0,108.0,,false
1168,60.0,85.0,,false
1169,100.0,193.0,,false
1170,100.0,250.0,,false
1171,900.0,8.0,,false
1172,1150.0,16.0,,false
1173,1000.0,7.0,,false
1174,1350.0,49.0,,true
1175,500.0,56.0,,true
1176,5000.0,16.0,,true
1177,2200.0,133.0,,true
1178,3500.0,222.0,,true
1179,5000.0,600.0,,true
1180,500.0,151.0,,true
1181,125.0,483.0,,true
1182,40.0,355.0,,true
1183,350.0,180.0,,true
1184,500.0,183.0,,false
1185,500.0,548.0,,false
1186,3300.0,29.0,,false
1187,3300.0,30.0,,false
1188,3300.0,22.0,,false
1189,60.0,229.0,,false
1190,60.0,206.0,,false
1191,60.0,243.0,,false
1192,800.0,4.0,,false
1193,60.0,115.0,,false
1194,60.0,120.0,,false
1195,60.0,109.0,,false
1196,60.0,99.0,,false
1197,60.0,87.0,,false
1198,60.0,95.0,,false
1199,60.0,101.0,,false
1200,100.0,196.0,,false
1201,100.0,206.0,,false
1202,900.0,7.0,,false
1203,1150.0,18.0,,false
1204,1000.0,6.0,,false
1205,1350.0,50.0,,true
1206,500.0,58.0,,true
1207,5000.0,20.0,,true
1208,2200.0,139.0,,true
1209,3500.0,376.0,,true
1210,5000.0,600.0,,true
1211,500.0,150.0,,true
1212,125.0,480.0,,true
1213,40.0,455.0,,true
1214,350.0,168.0,,true
1215,500.0,173.0,,false
1216,500.0,530.0,,false
1217,3300.0,26.0,,false
1218,3300.0,22.0,,false
1219,3300.0,27.0,,false
1220,60.0,247.0,,false
1221,60.0,209.0,,false
1222,60.0,216.0,,false
1223,800.0,4.0,,false
1224,60.0,81.0,,false
1225,60.0,83.0,,false
1226,60.0,81.0,,false
1227,60.0,98.0,,false
1228,60.0,117.0,,false
1229,60.0,101.0,,false
1230,60.0,105.0,,false
1231,100.0,194.0,,false
1232,100.0,219.0,,false
1233,900.0,9.0,,false
1234,1150.0,15.0,,false
1235,1000.0,6.0,,false
1236,1350.0,50.0,,true
1237,500.0,58.0,,true
1238,5000.0,17.0,,true
1239,2200.0,137.0,,true
1240,3500.0,380.0,,true
1241,5000.0,600.0,,true
1242,500.0,148.0,,true
1243,125.0,534.0,,true
1244,40.0,439.0,,true
1245,350.0,167.0,,true
1246,500.0,183.0,,false
1247,500.0,496.0,,false
1248,3300.0,21.0,,false
1249,3300.0,23.0,,false
1250,3300.0,25.0,,false
1251,60.0,215.0,,false
1252,60.0,199.0,,false
1253,60.0,220.0,,false
1254,60.0,188.0,,false
1255,800.0,5.0,,false
1256,60.0,117.0,,false
1257,60.0,98.0,,false
1258,60.0,112.0,,false
1259,60.0,105.0,,false
1260,60.0,115.0,,false
1261,60.0,82.0,,false
1262,60.0,97.0,,false
1263,60.0,81.0,,false
1264,60.0,81.0,,false
1265,60.0,97.0,,false
1266,100.0,191.0,,false
1267,100.0,200.0,,false
1268,900.0,10.0,,false
1269,1150.0,14.0,,false
1270,1000.0,5.0,,false
1271,1350.0,48.0,,true
1272,500.0,58.0,,true
1273,5000.0,20.0,,true
1274,2200.0,136.0,,true
1275,3500.0,243.0,,true
1276,5000.0,600.0,,true
1277,500.0,160.0,,true
1278,125.0,521.0,,true
1279,40.0,445.0,,true
1280,350.0,167.0,,true
1281,500.0,190.0,,false
1282,500.0,403.0,,false
1283,3300.0,23.0,,false
1284,3300.0,25.0,,false
1285,3300.0,26.0,,false
1286,60.0,213.0,,false
1287,60.0,199.0,,false
1288,60.0,211.0,,false
1289,800.0,5.0,,false
1290,60.0,117.0,,false
1291,60.0,98.0,,false
1292,60.0,95.0,,false
1293,60.0,86.0,,false
1294,60.0,113.0,,false
1295,60.0,92.0,,false
1296,100.0,210.0,,false
1297,100.0,226.0,,false
1298,900.0,7.0,,false
1299,1150.0,15.0,,false
1300,1000.0,7.0,,false
1301,1350.0,46.0,,true
1302,500.0,56.0,,true
1303,5000.0,17.0,,true
1304,2200.0,138.0,,true
1305,3500.0,249.0,,true
1306,5000.0,600.0,,true
1307,500.0,156.0,,true
1308,125.0,470.0,,true
1309,40.0,379.0,,true
1310,350.0,150.0,,true
1311,500.0,176.0,,false
1312,500.0,448.0,,false
1313,3300.0,24.0,,false
1314,3300.0,22.0,,false
1315,3300.0,29.0,,false
1316,60.0,164.0,,false
1317,60.0,195.0,,false
1318,60.0,174.0,,false
1319,800.0,4.0,,false
1320,60.0,107.0,,false
1321,60.0,108.0,,false
1322,60.0,93.0,,false
1323,60.0,91.0,,false
1324,60.0,109.0,,false
1325,60.0,117.0,,false
1326,60.0,119.0,,false
1327,60.0,110.0,,false
1328,60.0,87.0,,false
1329,100.0,230.0,,false
1330,100.0,188.0,,false
1331,900.0,7.0,,false
1332,1150.0,16.0,,false
1333,1000.0,7.0,,false
1334,1350.0,47.0,,true
1335,500.0,58.0,,true
1336,5000.0,16.0,,true
1337,2200.0,136.0,,true
1338,3500.0,276.0,,true
1339,5000.0,600.0,,true
1340,500.0,152.0,,true
1341,125.0,504.0,,true
1342,40.0,457.0,,true
1343,350.0,168.0,,true
1344,500.0,173.0,,false
1345,500.0,410.0,,false
1346,3300.0,22.0,,false
1347,3300.0,26.0,,false
1348,3300.0,25.0,,false
1349,60.0,184.0,,false
1350,60.0,222.0,,false
1351,60.0,182.0,,false
1352,800.0,5.0,,false
1353,60.0,90.0,,false
1354,60.0,107.0,,false
1355,60.0,100.0,,false
1356,60.0,94.0,,false
1357,60.0,108.0,,false
1358,60.0,97.0,,false
1359,60.0,93.0,,false
1360,60.0,91.0,,false
1361,60.0,119.0,,false
1362,100.0,236.0,,false
1363,100.0,207.0,,false
1364,900.0,8.0,,false
1365,1150.0,15.0,,false
1366,1000.0,6.0,,false
1367,1350.0,46.0,,true
1368,500.0,59.0,,true
1369,5000.0,20.0,,true
1370,2200.0,132.0,,true
1371,3500.0,319.0,,true
1372,5000.0,600.0,,true
1373,500.0,149.0,,true
1374,125.0,546.0,,true
1375,40.0,388.0,,true
1376,350.0,144.0,,true
1377,500.0,185.0,,false
1378,500.0,396.0,,false
1379,3300.0,24.0,,false
1380,3300.0,21.0,,false
1381,3300.0,29.0,,false
1382,60.0,231.0,,false
1383,60.0,159.0,,false
1384,60.0,174.0,,false
1385,800.0,6.0,,false
1386,60.0,105.0,,false
1387,60.0,120.0,,false
1388,60.0,111.0,,false
1389,60.0,114.0,,false
1390,60.0,90.0,,false
1391,60.0,88.0,,false
1392,60.0,102.0,,false
1393,60.0,97.0,,false
1394,60.0,120.0,,false
1395,60.0,112.0,,false
1396,100.0,211.0,,false
1397,100.0,209.0,,false
1398,900.0,10.0,,false
1399,1150.0,14.0,,false
1400,1000.0,8.0,,false
1401,1350.0,50.0,,true
1402,500.0,59.0,,true
1403,5000.0,20.0,,true
1404,2200.0,132.0,,true
1405,3500.0,377.0,,true
1406,5000.0,600.0,,true
1407,500.0,156.0,,true
1408,125.0,478.0,,true
1409,40.0,382.0,,true
1410,350.0,145.0,,true
1411,500.0,182.0,,false
1412,500.0,465.0,,false
1413,3300.0,21.0,,false
1414,3300.0,28.0,,false
1415,3300.0,28.0,,false
1416,60.0,223.0,,false
1417,60.0,231.0,,false
1418,60.0,215.0,,false
1419,800.0,6.0,,false
1420,60.0,120.0,,false
1421,60.0,100.0,,false
1422,60.0,112.0,,false
1423,60.0,99.0,,false
1424,60.0,112.0,,false
1425,60.0,83.0,,false
1426,100.0,195.0,,false
1427,100.0,242.0,,false
1428,900.0,9.0,,false
1429,1150.0,14.0,,false
1430,1000.0,5.0,,false
1431,1350.0,50.0,,true
1432,500.0,60.0,,true
1433,5000.0,20.0,,true
1434,2200.0,136.0,,true
1435,3500.0,352.0,,true
1436,5000.0,600.0,,true
1437,500.0,158.0,,true
1438,125.0,477.0,,true
1439,40.0,450.0,,true
1440,350.0,143.0,,true
1441,500.0,175.0,,false
1442,500.0,408.0,,false
1443,3300.0,25.0,,false
1444,3300.0,25.0,,false
1445,3300.0,21.0,,false
1446,60.0,232.0,,false
1447,60.0,161.0,,false
1448,60.0,239.0,,false
1449,800.0,5.0,,false
1450,60.0,115.0,,false
1451,60.0,93.0,,false
1452,60.0,93.0,,false
1453,60.0,114.0,,false
1454,60.0,82.0,,false
1455,60.0,114.0,,false
1456,60.0,113.0,,false
1457,100.0,212.0,,false
1458,100.0,189.0,,false
1459,900.0,10.0,,false
1460,1150.0,15.0,,false
1461,1000.0,5.0,,false
1462,1350.0,50.0,,true
1463,500.0,59.0,,true
1464,5000.0,16.0,,true
1465,2200.0,136.0,,true
1466,3500.0,268.0,,true
1467,5000.0,600.0,,true
1468,500.0,147.0,,true
1469,125.0,537.0,,true
1470,40.0,431.0,,true
1471,350.0,174.0,,true
1472,500.0,194.0,,false
1473,500.0,453.0,,false
1474,3300.0,26.0,,false
1475,3300.0,21.0,,false
1476,3300.0,21.0,,false
1477,60.0,243.0,,false
1478,60.0,157.0,,false
1479,60.0,209.0,,false
1480,800.0,6.0,,false
1481,60.0,110.0,,false
1482,60.0,111.0,,false
1483,60.0,87.0,,false
1484,60.0,104.0,,false
1485,60.0,84.0,,false
1486,60.0,101.0,,false
1487,60.0,81.0,,false
1488,60.0,99.0,,false
1489,60.0,109.0,,false
1490,60.0,89.0,,false
1491,100.0,225.0,,false
1492,100.0,192.0,,false
1493,900.0,10.0,,false
1494,1150.0,14.0,,false
1495,1000.0,5.0,,false
1496,1350.0,47.0,,true
1497,500.0,58.0,,true
1498,5000.0,19.0,,true
1499,2200.0,135.0,,true
1500,3500.0,395.0,,true
1501,5000.0,600.0,,true
1502,500.0,157.0,,true
1503,125.0,534.0,,true
1504,40.0,380.0,,true
1505,350.0,168.0,,true
1506,500.0,191.0,,false
1507,500.0,441.0,,false
1508,3300.0,28.0,,false
1509,3300.0,22.0,,false
1510,3300.0,29.0,,false
1511,60.0,175.0,,false
1512,60.0,207.0,,false
1513,60.0,227.0,,false
1514,800.0,5.0,,false
1515,60.0,88.0,,false
1516,60.0,120.0,,false
1517,60.0,119.0,,false
1518,60.0,109.0,,false
1519,60.0,116.0,,false
1520,60.0,117.0,,false
1521,60.0,118.0,,false
1522,100.0,206.0,,false
1523,100.0,198.0,,false
1524,900.0,8.0,,false
1525,1150.0,16.0,,false
1526,1000.0,7.0,,false
1527,1350.0,49.0,,true
1528,500.0,57.0,,true
1529,5000.0,16.0,,true
1530,2200.0,139.0,,true
1531,3500.0,292.0,,true
1532,5000.0,600.0,,true
1533,500.0,153.0,,true
1534,125.0,493.0,,true
1535,40.0,417.0,,true
1536,350.0,170.0,,true
1537,500.0,185.0,,false
1538,500.0,478.0,,false
1539,3300.0,29.0,,false
1540,3300.0,29.0,,false
1541,3300.0,22.0,,false
1542,60.0,165.0,,false
1543,60.0,170.0,,false
1544,60.0,174.0,,false
1545,800.0,6.0,,false
1546,60.0,113.0,,false
1547,60.0,83.0,,false
1548,60.0,105.0,,false
1549,60.0,114.0,,false
1550,60.0,109.0,,false
1551,60.0,111.0,,false
1552,60.0,110.0,,false
1553,60.0,118.0,,false
1554,100.0,223.0,,false
1555,100.0,221.0,,false
1556,900.0,7.0,,false
1557,1150.0,15.0,,false
1558,1000.0,7.0,,false
1559,1350.0,49.0,,true
1560,500.0,56.0,,true
1561,5000.0,17.0,,true
1562,2200.0,131.0,,true
1563,3500.0,238.0,,true
1564,5000.0,600.0,,true
1565,500.0,156.0,,true
1566,125.0,488.0,,true
1567,40.0,445.0,,true
1568,350.0,160.0,,true
1569,500.0,177.0,,false
1570,500.0,391.0,,false
1571,3300.0,28.0,,false
1572,3300.0,26.0,,false
1573,3300.0,26.0,,false
1574,60.0,193.0,,false
1575,60.0,216.0,,false
1576,60.0,159.0,,false
1577,800.0,6.0,,false
1578,60.0,107.0,,false
1579,60.0,87.0,,false
1580,60.0,92.0,,false
1581,60.0,95.0,,false
1582,60.0,102.0,,false
1583,60.0,118.0,,false
1584,60.0,81.0,,false
1585,100.0,250.0,,false
1586,100.0,219.0,,false
1587,900.0,7.0,,false
1588,1150.0,15.0,,false
1589,1000.0,6.0,,false
1590,1350.0,47.0,,true
1591,500.0,60.0,,true
1592,5000.0,18.0,,true
1593,2200.0,136.0,,true
1594,3500.0,379.0,,true
1595,5000.0,600.0,,true
1596,500.0,143.0,,true
1597,125.0,545.0,,true
1598,40.0,425.0,,true
1599,350.0,169.0,,true
1600,500.0,172.0,,false
1601,500.0,303.0,,false
1602,3300.0,29.0,,false
1603,3300.0,24.0,,false
1604,3300.0,25.0,,false
1605,60.0,229.0,,false
1606,60.0,229.0,,false
1607,60.0,199.0,,false
1608,60.0,174.0,,false
1609,800.0,5.0,,false
1610,60.0,85.0,,false
1611,60.0,94.0,,false
1612,60.0,92.0,,false
1613,60.0,103.0,,false
1614,60.0,86.0,,false
1615,60.0,116.0,,false
1616,100.0,226.0,,false
1617,100.0,232.0,,false
1618,900.0,10.0,,false
1619,1150.0,18.0,,false
1620,1000.0,7.0,,false
1621,1350.0,46.0,,true
1622,500.0,60.0,,true
1623,5000.0,17.0,,true
1624,2200.0,138.0,,true
1625,3500.0,322.0,,true
1626,5000.0,600.0,,true
1627,500.0,151.0,,true
1628,125.0,539.0,,true
1629,40.0,409.0,,true
1630,350.0,174.0,,true
1631,500.0,192.0,,false
1632,500.0,380.0,,false
1633,3300.0,29.0,,false
1634,3300.0,27.0,,false
1635,3300.0,23.0,,false
1636,60.0,172.0,,false
1637,60.0,176.0,,false
1638,60.0,176.0,,false
1639,800.0,5.0,,false
1640,60.0,81.0,,false
1641,60.0,84.0,,false
1642,60.0,93.0,,false
1643,60.0,91.0,,false
1644,60.0,81.0,,false
1645,60.0,92.0,,false
1646,60.0,104.0,,false
1647,100.0,241.0,,false
1648,100.0,228.0,,false
1649,900.0,9.0,,false
1650,1150.0,17.0,,false
1651,1000.0,8.0,,false
1652,1350.0,49.0,,true
1653,500.0,60.0,,true
1654,5000.0,16.0,,true
1655,2200.0,131.0,,true
1656,3500.0,375.0,,true
1657,5000.0,600.0,,true
1658,500.0,160.0,,true
1659,125.0,510.0,,true
1660,40.0,351.0,,true
1661,350.0,151.0,,true
1662,500.0,199.0,,false
1663,500.0,325.0,,false
1664,3300.0,28.0,,false
1665,3300.0,21.0,,false
1666,3300.0,30.0,,false
1667,60.0,207.0,,false
1668,60.0,208.0,,false
1669,60.0,238.0,,false
1670,60.0,191.0,,false
1671,800.0,6.0,,false
1672,60.0,115.0,,false
1673,60.0,83.0,,false
1674,60.0,84.0,,false
1675,60.0,110.0,,false
1676,60.0,86.0,,false
1677,60.0,114.0,,false
1678,60.0,100.0,,false
1679,60.0,87.0,,false
1680,60.0,92.0,,false
1681,60.0,119.0,,false
1682,100.0,181.0,,false
1683,100.0,231.0,,false
1684,900.0,8.0,,false
1685,1150.0,15.0,,false
1686,1000.0,5.0,,false
1687,1350.0,46.0,,true
1688,500.0,58.0,,true
1689,5000.0,17.0,,true
1690,2200.0,139.0,,true
1691,3500.0,358.0,,true
1692,5000.0,600.0,,true
1693,500.0,142.0,,true
1694,125.0,484.0,,true
1695,40.0,372.0,,true
1696,350.0,157.0,,true
1697,500.0,176.0,,false
1698,500.0,340.0,,false
1699,3300.0,27.0,,false
1700,3300.0,21.0,,false
1701,3300.0,24.0,,false
1702,60.0,204.0,,false
1703,60.0,229.0,,false
1704,60.0,223.0,,false
1705,60.0,160.0,,false
1706,800.0,6.0,,false
1707,60.0,90.0,,false
1708,60.0,111.0,,false
1709,60.0,113.0,,false
1710,60.0,93.0,,false
1711,60.0,88.0,,false
1712,60.0,94.0,,false
1713,60.0,103.0,,false
1714,60.0,98.0,,false
1715,60.0,86.0,,false
1716,100.0,214.0,,false
1717,100.0,193.0,,false
1718,900.0,9.0,,false
1719,1150.0,14.0,,false
1720,1000.0,7.0,,false
1721,1350.0,46.0,,true
1722,500.0,60.0,,true
1723,5000.0,17.0,,true
1724,2200.0,136.0,,true
1725,3500.0,305.0,,true
1726,5000.0,600.0,,true
1727,500.0,156.0,,true
1728,125.0,483.0,,true
1729,40.0,359.0,,true
1730,350.0,144.0,,true
1731,500.0,178.0,,false
1732,500.0,588.0,,false
1733,3300.0,21.0,,false
1734,3300.0,29.0,,false
1735,3300.0,28.0,,false
1736,60.0,230.0,,false
1737,60.0,213.0,,false
1738,60.0,214.0,,false
1739,800.0,5.0,,false
1740,60.0,94.0,,false
1741,60.0,87.0,,false
1742,60.0,117.0,,false
1743,60.0,118.0,,false
1744,60.0,110.0,,false
1745,60.0,86.0,,false
1746,60.0,117.0,,false
1747,60.0,92.0,,false
1748,60.0,111.0,,false
1749,100.0,249.0,,false
1750,100.0,230.0,,false
1751,900.0,8.0,,false
1752,1150.0,17.0,,false
1753,1000.0,7.0,,false
1754,1350.0,48.0,,true
1755,500.0,56.0,,true
1756,5000.0,18.0,,true
1757,2200.0,135.0,,true
1758,3500.0,365.0,,true
1759,5000.0,600.0,,true
1760,500.0,156.0,,true
1761,125.0,485.0,,true
1762,40.0,408.0,,true
1763,350.0,178.0,,true
1764,500.0,177.0,,false
1765,500.0,597.0,,false
1766,3300.0,30.0,,false
1767,3300.0,27.0,,false
1768,3300.0,30.0,,false
1769,60.0,151.0,,false
1770,60.0,168.0,,false
1771,60.0,177.0,,false
1772,800.0,6.0,,false
1773,60.0,102.0,,false
1774,60.0,99.0,,false
1775,60.0,93.0,,false
1776,60.0,91.0,,false
1777,60.0,83.0,,false
1778,60.0,101.0,,false
1779,60.0,93.0,,false
1780,60.0,92.0,,false
1781,60.0,115.0,,false
1782,100.0,203.0,,false
1783,100.0,210.0,,false
1784,900.0,8.0,,false
1785,1150.0,18.0,,false
1786,1000.0,6.0,,false
1787,1350.0,48.0,,true
1788,500.0,60.0,,true
1789,5000.0,20.0,,true
1790,2200.0,138.0,,true
1791,3500.0,221.0,,true
1792,5000.0,600.0,,true
1793,500.0,160.0,,true
1794,125.0,493.0,,true
1795,40.0,390.0,,true
1796,350.0,144.0,,true
1797,500.0,198.0,,false
1798,500.0,512.0,,false
1799,3300.0,21.0,,false
1800,3300.0,26.0,,false
1801,3300.0,23.0,,false
1802,60.0,172.0,,false
1803,60.0,164.0,,false
1804,60.0,235.0,,false
1805,60.0,170.0,,false
1806,800.0,4.0,,false
1807,60.0,115.0,,false
1808,60.0,99.0,,false
1809,60.0,85.0,,false
1810,60.0,85.0,,false
1811,60.0,106.0,,false
1812,60.0,101.0,,false
1813,60.0,103.0,,false
1814,60.0,94.0,,false
1815,100.0,248.0,,false
1816,100.0,211.0,,false
1817,900.0,10.0,,false
1818,1150.0,17.0,,false
1819,1000.0,6.0,,false
1820,1350.0,48.0,,true
1821,500.0,58.0,,true
1822,5000.0,19.0,,true
1823,2200.0,134.0,,true
1824,3500.0,353.0,,true
1825,5000.0,600.0,,true
1826,500.0,152.0,,true
1827,125.0,458.0,,true
1828,40.0,392.0,,true
1829,350.0,159.0,,true
1830,500.0,172.0,,false
1831,500.0,509.0,,false
1832,3300.0,29.0,,false
1833,3300.0,25.0,,false
1834,3300.0,26.0,,false
1835,60.0,169.0,,false
1836,60.0,185.0,,false
1837,60.0,244.0,,false
1838,800.0,5.0,,false
1839,60.0,85.0,,false
1840,60.0,115.0,,false
1841,60.0,118.0,,false
1842,60.0,106.0,,false
1843,60.0,84.0,,false
1844,60.0,87.0,,false
1845,100.0,237.0,,false
1846,100.0,235.0,,false
1847,900.0,9.0,,false
1848,1150.0,16.0,,false
1849,1000.0,7.0,,false
1850,1350.0,46.0,,true
1851,500.0,56.0,,true
1852,5000.0,17.0,,true
1853,2200.0,134.0,,true
1854,3500.0,320.0,,true
1855,5000.0,600.0,,true
1856,500.0,154.0,,true
1857,125.0,465.0,,true
1858,40.0,456.0,,true
1859,350.0,174.0,,true
1860,500.0,194.0,,false
1861,500.0,388.0,,false
1862,3300.0,24.0,,false
1863,3300.0,22.0,,false
1864,3300.0,28.0,,false
1865,60.0,172.0,,false
1866,60.0,224.0,,false
1867,60.0,191.0,,false
1868,800.0,5.0,,false
1869,60.0,105.0,,false
1870,60.0,103.0,,false
1871,60.0,120.0,,false
1872,60.0,87.0,,false
1873,60.0,115.0,,false
1874,60.0,106.0,,false
1875,60.0,82.0,,false
1876,60.0,116.0,,false
1877,60.0,86.0,,false
1878,60.0,99.0,,false
1879,100.0,236.0,,false
1880,100.0,229.0,,false
1881,900.0,8.0,,false
1882,1150.0,13.0,,false
1883,1000.0,6.0,,false
1884,1350.0,48.0,,true
1885,500.0,59.0,,true
1886,5000.0,16.0,,true
1887,2200.0,135.0,,true
1888,3500.0,325.0,,true
1889,5000.0,600.0,,true
1890,500.0,142.0,,true
1891,125.0,487.0,,true
1892,40.0,358.0,,true
1893,350.0,152.0,,true
1894,500.0,197.0,,false
1895,500.0,340.0,,false
1896,3300.0,24.0,,false
1897,3300.0,24.0,,false
1898,3300.0,22.0,,false
1899,60.0,157.0,,false
1900,60.0,226.0,,false
1901,60.0,209.0,,false
1902,60.0,219.0,,false
1903,800.0,4.0,,false
1904,60.0,110.0,,false
1905,60.0,118.0,,false
1906,60.0,89.0,,false
1907,60.0,88.0,,false
1908,60.0,112.0,,false
1909,60.0,83.0,,false
1910,60.0,114.0,,false
1911,100.0,229.0,,false
1912,100.0,208.0,,false
1913,900.0,7.0,,false
1914,1150.0,13.0,,false
1915,1000.0,8.0,,false
1916,1350.0,48.0,,true
1917,500.0,56.0,,true
1918,5000.0,18.0,,true
1919,2200.0,140.0,,true
1920,3500.0,344.0,,true
1921,5000.0,600.0,,true
1922,500.0,147.0,,true
1923,125.0,458.0,,true
1924,40.0,457.0,,true
1925,350.0,142.0,,true
1926,500.0,195.0,,false
1927,500.0,320.0,,false
1928,3300.0,23.0,,false
1929,3300.0,26.0,,false
1930,3300.0,27.0,,false
1931,60.0,220.0,,false
1932,60.0,157.0,,false
1933,60.0,250.0,,false
1934,800.0,5.0,,false
1935,60.0,94.0,,false
1936,60.0,101.0,,false
1937,60.0,108.0,,false
1938,60.0,108.0,,false
1939,60.0,82.0,,false
1940,60.0,95.0,,false
1941,60.0,99.0,,false
1942,100.0,188.0,,false
1943,100.0,239.0,,false
1944,900.0,7.0,,false
1945,1150.0,17.0,,false
1946,1000.0,7.0,,false
1947,1350.0,46.0,,true
1948,500.0,59.0,,true
1949,5000.0,17.0,,true
1950,2200.0,135.0,,true
1951,3500.0,339.0,,true
1952,5000.0,600.0,,true
1953,500.0,160.0,,true
1954,125.0,540.0,,true
1955,40.0,450.0,,true
1956,350.0,145.0,,true
1957,500.0,187.0,,false
1958,500.0,302.0,,false
1959,3300.0,21.0,,false
1960,3300.0,26.0,,false
1961,3300.0,22.0,,false
1962,60.0,211.0,,false
1963,60.0,247.0,,false
1964,60.0,193.0,,false
1965,60.0,233.0,,false
1966,800.0,6.0,,false
1967,60.0,82.0,,false
1968,60.0,101.0,,false
1969,60.0,81.0,,false
1970,60.0,83.0,,false
1971,60.0,110.0,,false
1972,60.0,107.0,,false
1973,60.0,92.0,,false
1974,60.0,102.0,,false
1975,60.0,87.0,,false
1976,100.0,218.0,,false
1977,100.0,205.0,,false
1978,900.0,9.0,,false
1979,1150.0,17.0,,false
1980,1000.0,8.0,,false
1981,1350.0,46.0,,true
1982,500.0,58.0,,true
1983,5000.0,16.0,,true
1984,2200.0,132.0,,true
1985,3500.0,265.0,,true
1986,5000.0,600.0,,true
1987,500.0,153.0,,true
1988,125.0,460.0,,true
1989,40.0,351.0,,true
1990,350.0,156.0,,true
1991,500.0,186.0,,false
1992,500.0,571.0,,false
1993,3300.0,29.0,,false
1994,3300.0,24.0,,false
1995,3300.0,24.0,,false
1996,60.0,164.0,,false
1997,60.0,159.0,,false
1998,60.0,242.0,,false
1999,800.0,6.0,,false
2000,60.0,90.0,,false
2001,60.0,84.0,,false
2002,60.0,91.0,,false
2003,60.0,114.0,,false
2004,60.0,103.0,,false
2005,60.0,89.0,,false
2006,100.0,194.0,,false
2007,100.0,231.0,,false
2008,900.0,10.0,,false
2009,1150.0,17.0,,false
2010,1000.0,8.0,,false
2011,1350.0,47.0,,true
2012,500.0,57.0,,true
2013,5000.0,18.0,,true
2014,2200.0,131.0,,true
2015,3500.0,389.0,,true
2016,5000.0,600.0,,true
2017,500.0,159.0,,true
2018,125.0,534.0,,true
2019,40.0,378.0,,true
2020,350.0,149.0,,true
2021,500.0,193.0,,false
2022,500.0,487.0,,false
2023,3300.0,26.0,,false
2024,3300.0,24.0,,false
2025,3300.0,26.0,,false
2026,60.0,212.0,,false
2027,60.0,213.0,,false
2028,60.0,198.0,,false
2029,60.0,216.0,,false
2030,800.0,4.0,,false
2031,60.0,112.0,,false
2032,60.0,87.0,,false
2033,60.0,111.0,,false
2034,60.0,90.0,,false
2035,60.0,107.0,,false
2036,60.0,87.0,,false
2037,60.0,95.0,,false
2038,60.0,86.0,,false
2039,100.0,204.0,,false
2040,100.0,235.0,,false
2041,900.0,7.0,,false
2042,1150.0,16.0,,false
2043,1000.0,6.0,,false
2044,1350.0,47.0,,true
2045,500.0,58.0,,true
2046,5000.0,16.0,,true
2047,2200.0,132.0,,true
2048,3500.0,358.0,,true
2049,5000.0,600.0,,true
2050,500.0,144.0,,true
2051,125.0,519.0,,true
2052,40.0,354.0,,true
2053,350.0,141.0,,true
2054,500.0,179.0,,false
2055,500.0,452.0,,false
2056,3300.0,29.0,,false
2057,3300.0,23.0,,false
2058,3300.0,22.0,,false
2059,60.0,244.0,,false
2060,60.0,249.0,,false
2061,60.0,183.0,,false
2062,800.0,4.0,,false
2063,60.0,101.0,,false
2064,60.0,112.0,,false
2065,60.0,101.0,,false
2066,60.0,92.0,,false
2067,60.0,104.0,,false
2068,60.0,95.0,,false
2069,60.0,93.0,,false
2070,60.0,115.0,,false
2071,60.0,113.0,,false
2072,100.0,192.0,,false
2073,100.0,248.0,,false
2074,900.0,10.0,,false
2075,1150.0,13.0,,false
2076,1000.0,6.0,,false
2077,1350.0,47.0,,true
2078,500.0,57.0,,true
2079,5000.0,20.0,,true
2080,2200.0,134.0,,true
2081,3500.0,227.0,,true
2082,5000.0,600.0,,true
2083,500.0,141.0,,true
2084,125.0,519.0,,true
2085,40.0,367.0,,true
2086,350.0,145.0,,true
2087,500.0,191.0,,false
2088,500.0,575.0,,false
2089,3300.0,25.0,,false
2090,3300.0,26.0,,false
2091,3300.0,30.0,,false
2092,60.0,193.0,,false
2093,60.0,231.0,,false
2094,60.0,155.0,,false
2095,800.0,6.0,,false
2096,60.0,97.0,,false
2097,60.0,118.0,,false
2098,60.0,97.0,,false
2099,60.0,116.0,,false
2100,60.0,88.0,,false
2101,60.0,84.0,,false
2102,60.0,93.0,,false
2103,60.0,120.0,,false
2104,100.0,237.0,,false
2105,100.0,226.0,,false
2106,900.0,7.0,,false
2107,1150.0,16.0,,false
2108,1000.0,7.0,,false
2109,1350.0,49.0,,true
2110,500.0,59.0,,true
2111,5000.0,19.0,,true
2112,2200.0,133.0,,true
2113,3500.0,272.0,,true
2114,5000.0,600.0,,true
2115,500.0,152.0,,true
2116,125.0,493.0,,true
2117,40.0,381.0,,true
2118,350.0,145.0,,true
2119,500.0,178.0,,false
2120,500.0,466.0,,false
2121,3300.0,24.0,,false
2122,3300.0,22.0,,false
2123,3300.0,27.0,,false
2124,60.0,213.0,,false
2125,60.0,169.0,,false
2126,60.0,231.0,,false
2127,60.0,237.0,,false
2128,800.0,6.0,,false
2129,60.0,117.0,,false
2130,60.0,117.0,,false
2131,60.0,90.0,,false
2132,60.0,95.0,,false
2133,60.0,120.0,,false
2134,60.0,106.0,,false
2135,60.0,87.0,,false
2136,60.0,86.0,,false
2137,60.0,119.0,,false
2138,100.0,182.0,,false
2139,100.0,195.0,,false
2140,900.0,10.0,,false
2141,1150.0,16.0,,false
2142,1000.0,5.0,,false
2143,1350.0,49.0,,true
2144,500.0,58.0,,true
2145,5000.0,20.0,,true
2146,2200.0,134.0,,true
2147,3500.0,240.0,,true
2148,5000.0,600.0,,true
2149,500.0,149.0,,true
2150,125.0,517.0,,true
2151,40.0,432.0,,true
2152,350.0,173.0,,true
2153,500.0,200.0,,false
2154,500.0,420.0,,false
2155,3300.0,21.0,,false
2156,3300.0,21.0,,false
2157,3300.0,26.0,,false
2158,60.0,248.0,,false
2159,60.0,162.0,,false
2160,60.0,215.0,,false
2161,800.0,6.0,,false
2162,60.0,101.0,,false
2163,60.0,82.0,,false
2164,60.0,115.0,,false
2165,60.0,92.0,,false
2166,60.0,90.0,,false
2167,60.0,92.0,,false
2168,60.0,114.0,,false
2169,60.0,87.0,,false
2170,60.0,94.0,,false
2171,100.0,244.0,,false
2172,100.0,194.0,,false
2173,900.0,7.0,,false
2174,1150.0,16.0,,false
2175,1000.0,8.0,,false
2176,1350.0,49.0,,true
2177,500.0,60.0,,true
2178,5000.0,16.0,,true
2179,2200.0,137.0,,true
2180,3500.0,214.0,,true
2181,5000.0,600.0,,true
2182,500.0,154.0,,true
2183,125.0,547.0,,true
2184,40.0,356.0,,true
2185,350.0,149.0,,true
2186,500.0,173.0,,false
2187,500.0,559.0,,false
2188,3300.0,26.0,,false
2189,3300.0,24.0,,false
2190,3300.0,25.0,,false
2191,60.0,183.0,,false
2192,60.0,212.0,,false
2193,60.0,249.0,,false
2194,60.0,221.0,,false
2195,800.0,5.0,,false
2196,60.0,113.0,,false
2197,60.0,89.0,,false
2198,60.0,119.0,,false
2199,60.0,104.0,,false
2200,60.0,95.0,,false
2201,60.0,106.0,,false
2202,100.0,183.0,,false
2203,100.0,202.0,,false
2204,900.0,9.0,,false
2205,1150.0,17.0,,false
2206,1000.0,6.0,,false
2207,1350.0,48.0,,true
2208,500.0,60.0,,true
2209,5000.0,20.0,,true
2210,2200.0,135.0,,true
2211,3500.0,261.0,,true
2212,5000.0,600.0,,true
2213,500.0,148.0,,true
2214,125.0,543.0,,true
2215,40.0,437.0,,true
2216,350.0,157.0,,true
2217,500.0,173.0,,false
2218,500.0,328.0,,false
2219,3300.0,22.0,,false
2220,3300.0,30.0,,false
2221,3300.0,29.0,,false
2222,60.0,178.0,,false
2223,60.0,242.0,,false
2224,60.0,250.0,,false
2225,60.0,161.0,,false
2226,800.0,4.0,,false
2227,60.0,119.0,,false
2228,60.0,105.0,,false
2229,60.0,81.0,,false
2230,60.0,100.0,,false
2231,60.0,113.0,,false
2232,60.0,115.0,,false
2233,100.0,210.0,,false
2234,100.0,233.0,,false
2235,900.0,9.0,,false
2236,1150.0,18.0,,false
2237,1000.0,6.0,,false
2238,1350.0,48.0,,true
2239,500.0,56.0,,true
2240,5000.0,18.0,,true
2241,2200.0,140.0,,true
2242,3500.0,318.0,,true
2243,5000.0,600.0,,true
2244,500.0,154.0,,true
2245,125.0,497.0,,true
2246,40.0,389.0,,true
2247,350.0,141.0,,true
2248,500.0,176.0,,false
2249,500.0,439.0,,false
2250,3300.0,30.0,,false
2251,3300.0,29.0,,false
2252,3300.0,21.0,,false
2253,60.0,240.0,,false
2254,60.0,175.0,,false
2255,60.0,203.0,,false
2256,800.0,5.0,,false
2257,60.0,91.0,,false
2258,60.0,94.0,,false
2259,60.0,113.0,,false
2260,60.0,111.0,,false
2261,60.0,106.0,,false
2262,60.0,81.0,,false
2263,60.0,115.0,,false
2264,60.0,89.0,,false
2265,60.0,105.0,,false
2266,60.0,108.0,,false
2267,100.0,204.0,,false
2268,100.0,226.0,,false
2269,900.0,10.0,,false
2270,1150.0,14.0,,false
2271,1000.0,7.0,,false
2272,1350.0,50.0,,true
2273,500.0,57.0,,true
2274,5000.0,16.0,,true
2275,2200.0,136.0,,true
2276,3500.0,291.0,,true
2277,5000.0,600.0,,true
2278,500.0,141.0,,true
2279,125.0,500.0,,true
2280,40.0,362.0,,true
2281,350.0,150.0,,true
2282,500.0,171.0,,false
2283,500.0,551.0,,false
2284,3300.0,25.0,,false
2285,3300.0,30.0,,false
2286,3300.0,28.0,,false
2287,60.0,218.0,,false
2288,60.0,178.0,,false
2289,60.0,192.0,,false
2290,60.0,165.0,,false
2291,800.0,5.0,,false
2292,60.0,109.0,,false
2293,60.0,100.0,,false
2294,60.0,114.0,,false
2295,60.0,85.0,,false
2296,60.0,85.0,,false
2297,60.0,96.0,,false
2298,60.0,117.0,,false
2299,60.0,99.0,,false
2300,60.0,116.0,,false
2301,60.0,119.0,,false
2302,100.0,220.0,,false
2303,100.0,241.0,,false
2304,900.0,8.0,,false
2305,1150.0,14.0,,false
2306,1000.0,5.0,,false
2307,1350.0,48.0,,true
2308,500.0,60.0,,true
2309,5000.0,20.0,,true
2310,2200.0,132.0,,true
2311,3500.0,352.0,,true
2312,5000.0,600.0,,true
2313,500.0,149.0,,true
2314,125.0,481.0,,true
2315,40.0,391.0,,true
2316,350.0,154.0,,true
2317,500.0,188.0,,false
2318,500.0,310.0,,false
2319,3300.0,27.0,,false
2320,3300.0,29.0,,false
2321,3300.0,28.0,,false
2322,60.0,221.0,,false
2323,60.0,205.0,,false
2324,60.0,214.0,,false
2325,60.0,152.0,,false
2326,800.0,5.0,,false
2327,60.0,107.0,,false
2328,60.0,98.0,,false
2329,60.0,106.0,,false
2330,60.0,110.0,,false
2331,60.0,118.0,,false
2332,60.0,89.0,,false
2333,60.0,114.0,,false
2334,100.0,221.0,,false
2335,100.0,217.0,,false
2336,900.0,10.0,,false
2337,1150.0,13.0,,false
2338,1000.0,8.0,,false
2339,1350.0,50.0,,true
2340,500.0,56.0,,true
2341,5000.0,16.0,,true
2342,2200.0,137.0,,true
2343,3500.0,278.0,,true
2344,5000.0,600.0,,true
2345,500.0,159.0,,true
2346,125.0,479.0,,true
2347,40.0,355.0,,true
2348,350.0,174.0,,true
2349,500.0,171.0,,false
2350,500.0,513.0,,false
2351,3300.0,23.0,,false
2352,3300.0,27.0,,false
2353,3300.0,26.0,,false
2354,60.0,154.0,,false
2355,60.0,221.0,,false
2356,60.0,166.0,,false
2357,800.0,4.0,,false
2358,60.0,104.0,,false
2359,60.0,98.0,,false
2360,60.0,90.0,,false
2361,60.0,87.0,,false
2362,60.0,120.0,,false
2363,60.0,81.0,,false
2364,60.0,85.0,,false
2365,60.0,103.0,,false
2366,60.0,90.0,,false
2367,100.0,229.0,,false
2368,100.0,206.0,,false
2369,900.0,10.0,,false
2370,1150.0,13.0,,false
2371,1000.0,5.0,,false
2372,1350.0,46.0,,true
2373,500.0,56.0,,true
2374,5000.0,19.0,,true
2375,2200.0,139.0,,true
2376,3500.0,236.0,,true
2377,5000.0,600.0,,true
2378,500.0,151.0,,true
2379,125.0,515.0,,true
2380,40.0,439.0,,true
2381,350.0,163.0,,true
2382,500.0,200.0,,false
2383,500.0,319.0,,false
2384,3300.0,26.0,,false
2385,3300.0,21.0,,false
2386,3300.0,21.0,,false
2387,60.0,231.0,,false
2388,60.0,193.0,,false
2389,60.0,169.0,,false
2390,60.0,248.0,,false
2391,800.0,5.0,,false
2392,60.0,104.0,,false
2393,60.0,89.0,,false
2394,60.0,99.0,,false
2395,60.0,101.0,,false
2396,60.0,107.0,,false
2397,60.0,108.0,,false
2398,60.0,112.0,,false
2399,60.0,110.0,,false
2400,100.0,240.0,,false
2401,100.0,196.0,,false
2402,900.0,9.0,,false
2403,1150.0,17.0,,false
2404,1000.0,7.0,,false
2405,1350.0,50.0,,true
2406,500.0,60.0,,true
2407,5000.0,16.0,,true
2408,2200.0,133.0,,true
2409,3500.0,390.0,,true
2410,5000.0,600.0,,true
2411,500.0,147.0,,true
2412,125.0,539.0,,true
2413,40.0,451.0,,true
2414,350.0,172.0,,true
2415,500.0,194.0,,false
2416,500.0,389.0,,false
2417,3300.0,24.0,,false
2418,3300.0,30.0,,false
2419,3300.0,24.0,,false
2420,60.0,212.0,,false
2421,60.0,176.0,,false
2422,60.0,235.0,,false
2423,60.0,191.0,,false
2424,800.0,6.0,,false
2425,60.0,81.0,,false
2426,60.0,84.0,,false
2427,60.0,94.0,,false
2428,60.0,97.0,,false
2429,60.0,100.0,,false
2430,60.0,84.0,,false
2431,60.0,87.0,,false
2432,60.0,89.0,,false
2433,60.0,82.0,,false
2434,60.0,112.0,,false
2435,100.0,231.0,,false
2436,100.0,201.0,,false
2437,900.0,7.0,,false
2438,1150.0,13.0,,false
2439,1000.0,6.0,,false
2440,1350.0,46.0,,true
2441,500.0,57.0,,true
2442,5000.0,20.0,,true
2443,2200.0,140.0,,true
2444,3500.0,219.0,,true
2445,5000.0,600.0,,true
2446,500.0,147.0,,true
2447,125.0,545.0,,true
2448,40.0,352.0,,true
2449,350.0,172.0,,true
2450,500.0,183.0,,false
2451,500.0,370.0,,false
2452,3300.0,24.0,,false
2453,3300.0,28.0,,false
2454,3300.0,25.0,,false
2455,60.0,202.0,,false
2456,60.0,206.0,,false
2457,60.0,204.0,,false
2458,60.0,195.0,,false
2459,800.0,4.0,,false
2460,60.0,118.0,,false
2461,60.0,110.0,,false
2462,60.0,88.0,,false
2463,60.0,90.0,,false
2464,60.0,99.0,,false
2465,60.0,118.0,,false
2466,60.0,88.0,,false
2467,100.0,204.0,,false
2468,100.0,230.0,,false
2469,900.0,7.0,,false
2470,1150.0,15.0,,false
2471,1000.0,5.0,,false
2472,1350.0,46.0,,true
2473,500.0,60.0,,true
2474,5000.0,17.0,,true
2475,2200.0,137.0,,true
2476,3500.0,331.0,,true
2477,5000.0,600.0,,true
2478,500.0,157.0,,true
2479,125.0,528.0,,true
2480,40.0,443.0,,true
2481,350.0,158.0,,true
2482,500.0,175.0,,false
2483,500.0,307.0,,false
2484,3300.0,28.0,,false
2485,3300.0,21.0,,false
2486,3300.0,21.0,,false
2487,60.0,236.0,,false
2488,60.0,171.0,,false
2489,60.0,215.0,,false
2490,800.0,6.0,,false
2491,60.0,83.0,,false
2492,60.0,99.0,,false
2493,60.0,106.0,,false
2494,60.0,106.0,,false
2495,60.0,116.0,,false
2496,60.0,118.0,,false
2497,60.0,119.0,,false
2498,100.0,201.0,,false
2499,100.0,191.0,,false
2500,900.0,8.0,,false
2501,1150.0,14.0,,false
2502,1000.0,7.0,,false
2503,1350.0,50.0,,true
2504,500.0,57.0,,true
2505,5000.0,17.0,,true
2506,2200.0,132.0,,true
2507,3500.0,389.0,,true
2508,5000.0,600.0,,true
2509,500.0,149.0,,true
2510,125.0,517.0,,true
2511,40.0,440.0,,true
2512,350.0,164.0,,true
2513,500.0,189.0,,false
2514,500.0,576.0,,false
2515,3300.0,28.0,,false
2516,3300.0,29.0,,false
2517,3300.0,22.0,,false
2518,60.0,225.0,,false
2519,60.0,226.0,,false
2520,60.0,196.0,,false
2521,800.0,4.0,,false
2522,60.0,90.0,,false
2523,60.0,109.0,,false
2524,60.0,113.0,,false
2525,60.0,94.0,,false
2526,60.0,117.0,,false
2527,60.0,116.0,,false
2528,60.0,120.0,,false
2529,60.0,107.0,,false
2530,100.0,195.0,,false
2531,100.0,183.0,,false
2532,900.0,10.0,,false
2533,1150.0,14.0,,false
2534,1000.0,5.0,,false
2535,1350.0,48.0,,true
2536,500.0,58.0,,true
2537,5000.0,16.0,,true
2538,2200.0,136.0,,true
2539,3500.0,316.0,,true
2540,5000.0,600.0,,true
2541,500.0,149.0,,true
2542,125.0,455.0,,true
2543,40.0,403.0,,true
2544,350.0,146.0,,true
2545,500.0,182.0,,false
2546,500.0,456.0,,false
2547,3300.0,28.0,,false
2548,3300.0,24.0,,false
2549,3300.0,27.0,,false
2550,60.0,165.0,,false
2551,60.0,228.0,,false
2552,60.0,168.0,,false
2553,800.0,5.0,,false
2554,60.0,97.0,,false
2555,60.0,103.0,,false
2556,60.0,115.0,,false
2557,60.0,96.0,,false
2558,60.0,104.0,,false
2559,60.0,98.0,,false
2560,60.0,103.0,,false
2561,60.0,110.0,,false
2562,60.0,101.0,,false
2563,100.0,228.0,,false
2564,100.0,199.0,,false
2565,900.0,10.0,,false
2566,1150.0,13.0,,false
2567,1000.0,6.0,,false
2568,1350.0,48.0,,true
2569,500.0,59.0,,true
2570,5000.0,18.0,,true
2571,2200.0,137.0,,true
2572,3500.0,256.0,,true
2573,5000.0,600.0,,true
2574,500.0,148.0,,true
2575,125.0,548.0,,true
2576,40.0,369.0,,true
2577,350.0,161.0,,true
2578,500.0,191.0,,false
2579,500.0,471.0,,false
2580,3300.0,22.0,,false
2581,3300.0,27.0,,false
2582,3300.0,21.0,,false
2583,60.0,248.0,,false
2584,60.0,219.0,,false
2585,60.0,246.0,,false
2586,800.0,6.0,,false
2587,60.0,106.0,,false
2588,60.0,120.0,,false
2589,60.0,120.0,,false
2590,60.0,93.0,,false
2591,60.0,100.0,,false
2592,60.0,113.0,,false
2593,100.0,238.0,,false
2594,100.0,188.0,,false
2595,900.0,8.0,,false
2596,1150.0,13.0,,false
2597,1000.0,8.0,,false
2598,1350.0,50.0,,true
2599,500.0,58.0,,true
2600,5000.0,17.0,,true
2601,2200.0,136.0,,true
2602,3500.0,319.0,,true
2603,5000.0,600.0,,true
2604,500.0,160.0,,true
2605,125.0,502.0,,true
2606,40.0,394.0,,true
2607,350.0,170.0,,true
2608,500.0,195.0,,false
2609,500.0,506.0,,false
2610,3300.0,23.0,,false
2611,3300.0,28.0,,false
2612,3300.0,27.0,,false
2613,60.0,154.0,,false
2614,60.0,154.0,,false
2615,60.0,232.0,,false
2616,60.0,215.0,,false
2617,800.0,4.0,,false
2618,60.0,109.0,,false
2619,60.0,96.0,,false
2620,60.0,115.0,,false
2621,60.0,93.0,,false
2622,60.0,108.0,,false
2623,60.0,104.0,,false
2624,60.0,95.0,,false
2625,60.0,82.0,,false
2626,60.0,83.0,,false
2627,100.0,245.0,,false
2628,100.0,233.0,,false
2629,900.0,7.0,,false
2630,1150.0,17.0,,false
2631,1000.0,7.0,,false
2632,1350.0,49.0,,true
2633,500.0,57.0,,true
2634,5000.0,17.0,,true
2635,2200.0,133.0,,true
2636,3500.0,277.0,,true
2637,5000.0,600.0,,true
2638,500.0,158.0,,true
2639,125.0,484.0,,true
2640,40.0,366.0,,true
2641,350.0,176.0,,true
2642,500.0,181.0,,false
2643,500.0,327.0,,false
2644,3300.0,25.0,,false
2645,3300.0,26.0,,false
2646,3300.0,21.0,,false
2647,60.0,201.0,,false
2648,60.0,191.0,,false
2649,60.0,239.0,,false
2650,60.0,169.0,,false
2651,800.0,5.0,,false
2652,60.0,97.0,,false
2653,60.0,108.0,,false
2654,60.0,99.0,,false
2655,60.0,88.0,,false
2656,60.0,90.0,,false
2657,60.0,90.0,,false
2658,60.0,88.0,,false
2659,100.0,235.0,,false
2660,100.0,187.0,,false
2661,900.0,9.0,,false
2662,1150.0,18.0,,false
2663,1000.0,5.0,,false
2664,1350.0,48.0,,true
2665,500.0,58.0,,true
2666,5000.0,20.0,,true
2667,2200.0,137.0,,true
2668,3500.0,292.0,,true
2669,5000.0,600.0,,true
2670,500.0,151.0,,true
2671,125.0,528.0,,true
2672,40.0,427.0,,true
2673,350.0,170.0,,true
2674,500.0,184.0,,false
2675,500.0,547.0,,false
2676,3300.0,28.0,,false
2677,3300.0,24.0,,false
2678,3300.0,22.0,,false
2679,60.0,215.0,,false
2680,60.0,211.0,,false
2681,60.0,244.0,,false
2682,800.0,4.0,,false
2683,60.0,91.0,,false
2684,60.0,114.0,,false
2685,60.0,113.0,,false
2686,60.0,100.0,,false
2687,60.0,92.0,,false
2688,60.0,105.0,,false
2689,60.0,96.0,,false
2690,100.0,182.0,,false
2691,100.0,181.0,,false
2692,900.0,9.0,,false
2693,1150.0,18.0,,false
2694,1000.0,5.0,,false
2695,1350.0,50.0,,true
2696,500.0,57.0,,true
2697,5000.0,20.0,,true
2698,2200.0,131.0,,true
2699,3500.0,291.0,,true
2700,5000.0,600.0,,true
2701,500.0,155.0,,true
2702,125.0,487.0,,true
2703,40.0,378.0,,true
2704,350.0,157.0,,true
2705,500.0,187.0,,false
2706,500.0,477.0,,false
2707,3300.0,22.0,,false
2708,3300.0,27.0,,false
2709,3300.0,21.0,,false
2710,60.0,198.0,,false
2711,60.0,182.0,,false
2712,60.0,183.0,,false
2713,800.0,6.0,,false
2714,60.0,110.0,,false
2715,60.0,119.0,,false
2716,60.0,100.0,,false
2717,60.0,86.0,,false
2718,60.0,83.0,,false
2719,60.0,95.0,,false
2720,100.0,193.0,,false
2721,100.0,191.0,,false
2722,900.0,10.0,,false
2723,1150.0,14.0,,false
2724,1000.0,5.0,,false
2725,1350.0,46.0,,true
2726,500.0,56.0,,true
2727,5000.0,16.0,,true
2728,2200.0,139.0,,true
2729,3500.0,223.0,,true
2730,5000.0,600.0,,true
2731,500.0,151.0,,true
2732,125.0,530.0,,true
2733,40.0,429.0,,true
2734,350.0,148.0,,true
2735,500.0,197.0,,false
2736,500.0,448.0,,false
2737,3300.0,26.0,,false
2738,3300.0,28.0,,false
2739,3300.0,21.0,,false
2740,60.0,212.0,,false
2741,60.0,204.0,,false
2742,60.0,225.0,,false
2743,60.0,197.0,,false
2744,800.0,4.0,,false
2745,60.0,91.0,,false
2746,60.0,120.0,,false
2747,60.0,108.0,,false
2748,60.0,97.0,,false
2749,60.0,82.0,,false
2750,60.0,107.0,,false
2751,100.0,233.0,,false
2752,100.0,230.0,,false
2753,900.0,10.0,,false
2754,1150.0,15.0,,false
2755,1000.0,8.0,,false
2756,1350.0,47.0,,true
2757,500.0,57.0,,true
2758,5000.0,20.0,,true
2759,2200.0,134.0,,true
2760,3500.0,350.0,,true
2761,5000.0,600.0,,true
2762,500.0,151.0,,true
2763,125.0,462.0,,true
2764,40.0,382.0,,true
2765,350.0,168.0,,true
2766,500.0,190.0,,false
2767,500.0,468.0,,false
2768,3300.0,25.0,,false
2769,3300.0,23.0,,false
2770,3300.0,28.0,,false
2771,60.0,153.0,,false
2772,60.0,207.0,,false
2773,60.0,227.0,,false
2774,800.0,5.0,,false
2775,60.0,97.0,,false
2776,60.0,105.0,,false
2777,60.0,111.0,,false
2778,60.0,116.0,,false
2779,60.0,90.0,,false
2780,60.0,103.0,,false
2781,60.0,89.0,,false
2782,100.0,183.0,,false
2783,100.0,222.0,,false
2784,900.0,8.0,,false
2785,1150.0,13.0,,false
2786,1000.0,8.0,,false
2787,1350.0,47.0,,true
2788,500.0,60.0,,true
2789,5000.0,19.0,,true
2790,2200.0,131.0,,true
2791,3500.0,284.0,,true
2792,5000.0,600.0,,true
2793,500.0,147.0,,true
2794,125.0,514.0,,true
2795,40.0,372.0,,true
2796,350.0,177.0,,true
2797,500.0,171.0,,false
2798,500.0,372.0,,false
2799,3300.0,29.0,,false
2800,3300.0,29.0,,false
2801,3300.0,24.0,,false
2802,60.0,244.0,,false
2803,60.0,164.0,,false
2804,60.0,233.0,,false
2805,60.0,180.0,,false
2806,800.0,4.0,,false
2807,60.0,115.0,,false
2808,60.0,90.0,,false
2809,60.0,111.0,,false
2810,60.0,110.0,,false
2811,60.0,120.0,,false
2812,60.0,93.0,,false
2813,60.0,92.0,,false
2814,60.0,118.0,,false
2815,100.0,196.0,,false
2816,100.0,238.0,,false
2817,900.0,8.0,,false
2818,1150.0,13.0,,false
2819,1000.0,5.0,,false
2820,1350.0,48.0,,true
2821,500.0,58.0,,true
2822,5000.0,20.0,,true
2823,2200.0,139.0,,true
2824,3500.0,249.0,,true
2825,5000.0,600.0,,true
2826,500.0,160.0,,true
2827,125.0,533.0,,true
2828,40.0,417.0,,true
2829,350.0,180.0,,true
2830,500.0,187.0,,false
2831,500.0,320.0,,false
2832,3300.0,26.0,,false
2833,3300.0,23.0,,false
2834,3300.0,30.0,,false
2835,60.0,160.0,,false
2836,60.0,234.0,,false
2837,60.0,164.0,,false
2838,60.0,234.0,,false
2839,800.0,4.0,,false
2840,60.0,102.0,,false
2841,60.0,106.0,,false
2842,60.0,88.0,,false
2843,60.0,104.0,,false
2844,60.0,93.0,,false
2845,60.0,116.0,,false
2846,60.0,118.0,,false
2847,60.0,104.0,,false
2848,100.0,196.0,,false
2849,100.0,200.0,,false
2850,900.0,8.0,,false
2851,1150.0,18.0,,false
2852,1000.0,7.0,,false
2853,1350.0,49.0,,true
2854,500.0,58.0,,true
2855,5000.0,17.0,,true
2856,2200.0,140.0,,true
2857,3500.0,355.0,,true
2858,5000.0,600.0,,true
2859,500.0,144.0,,true
2860,125.0,519.0,,true
2861,40.0,447.0,,true
2862,350.0,143.0,,true
2863,500.0,173.0,,false
2864,500.0,471.0,,false
2865,3300.0,30.0,,false
2866,3300.0,26.0,,false
2867,3300.0,22.0,,false
2868,60.0,213.0,,false
2869,60.0,173.0,,false
2870,60.0,176.0,,false
2871,60.0,169.0,,false
2872,800.0,5.0,,false
2873,60.0,111.0,,false
2874,60.0,93.0,,false
2875,60.0,95.0,,false
2876,60.0,83.0,,false
2877,60.0,101.0,,false
2878,60.0,110.0,,false
2879,100.0,233.0,,false
2880,100.0,203.0,,false
2881,900.0,8.0,,false
2882,1150.0,17.0,,false
2883,1000.0,8.0,,false
2884,1350.0,48.0,,true
2885,500.0,60.0,,true
2886,5000.0,18.0,,true
2887,2200.0,136.0,,true
2888,3500.0,209.0,,true
2889,5000.0,600.0,,true
2890,500.0,147.0,,true
2891,125.0,511.0,,true
2892,40.0,414.0,,true
2893,350.0,151.0,,true
2894,500.0,193.0,,false
2895,500.0,513.0,,false
2896,3300.0,24.0,,false
2897,3300.0,22.0,,false
2898,3300.0,29.0,,false
2899,60.0,226.0,,false
2900,60.0,226.0,,false
2901,60.0,191.0,,false
2902,60.0,240.0,,false
2903,800.0,5.0,,false
2904,60.0,101.0,,false
2905,60.0,85.0,,false
2906,60.0,104.0,,false
2907,60.0,105.0,,false
2908,60.0,119.0,,false
2909,60.0,114.0,,false
2910,60.0,98.0,,false
2911,60.0,91.0,,false
2912,100.0,195.0,,false
2913,100.0,195.0,,false
2914,900.0,10.0,,false
2915,1150.0,14.0,,false
2916,1000.0,7.0,,false
2917,1350.0,50.0,,true
2918,500.0,57.0,,true
2919,5000.0,19.0,,true
2920,2200.0,138.0,,true
2921,3500.0,273.0,,true
2922,5000.0,600.0,,true
2923,500.0,141.0,,true
2924,125.0,538.0,,true
2925,40.0,421.0,,true
2926,350.0,162.0,,true
2927,500.0,181.0,,false
2928,500.0,589.0,,false
2929,3300.0,30.0,,false
2930,3300.0,21.0,,false
2931,3300.0,22.0,,false
2932,60.0,223.0,,false
2933,60.0,240.0,,false
2934,60.0,237.0,,false
2935,800.0,5.0,,false
2936,60.0,94.0,,false
2937,60.0,118.0,,false
2938,60.0,83.0,,false
2939,60.0,110.0,,false
2940,60.0,83.0,,false
2941,60.0,114.0,,false
2942,60.0,116.0,,false
2943,60.0,105.0,,false
2944,60.0,95.0,,false
2945,100.0,205.0,,false
2946,100.0,215.0,,false
2947,900.0,8.0,,false
2948,1150.0,17.0,,false
2949,1000.0,5.0,,false
2950,1350.0,49.0,,true
2951,500.0,60.0,,true
2952,5000.0,20.0,,true
2953,2200.0,136.0,,true
2954,3500.0,341.0,,true
2955,5000.0,600.0,,true
2956,500.0,146.0,,true
2957,125.0,527.0,,true
2958,40.0,362.0,,true
2959,350.0,174.0,,true
2960,500.0,187.0,,false
2961,500.0,455.0,,false
2962,3300.0,24.0,,false
2963,3300.0,28.0,,false
2964,3300.0,27.0,,false
2965,60.0,190.0,,false
2966,60.0,206.0,,false
2967,60.0,234.0,,false
2968,60.0,241.0,,false
2969,800.0,5.0,,false
2970,60.0,110.0,,false
2971,60.0,85.0,,false
2972,60.0,105.0,,false
2973,60.0,116.0,,false
2974,60.0,111.0,,false
2975,60.0,115.0,,false
2976,60.0,116.0,,false
2977,60.0,94.0,,false
2978,60.0,100.0,,false
2979,100.0,236.0,,false
2980,100.0,202.0,,false
2981,900.0,10.0,,false
2982,1150.0,13.0,,false
2983,1000.0,8.0,,false
2984,1350.0,48.0,,true
2985,500.0,60.0,,true
2986,5000.0,19.0,,true
2987,2200.0,136.0,,true
2988,3500.0,283.0,,true
2989,5000.0,600.0,,true
2990,500.0,157.0,,true
2991,125.0,472.0,,true
2992,40.0,375.0,,true
2993,350.0,167.0,,true
2994,500.0,195.0,,false
2995,500.0,535.0,,false
2996,3300.0,25.0,,false
2997,3300.0,22.0,,false
2998,3300.0,26.0,,false
2999,60.0,165.0,,false
3000,60.0,221.0,,false
3001,60.0,175.0,,false
3002,60.0,210.0,,false
3003,800.0,5.0,,false
3004,60.0,111.0,,false
3005,60.0,85.0,,false
3006,60.0,101.0,,false
3007,60.0,88.0,,false
3008,60.0,118.0,,false
3009,60.0,92.0,,false
3010,60.0,107.0,,false
3011,60.0,89.0,,false
3012,100.0,198.0,,false
3013,100.0,195.0,,false
3014,900.0,7.0,,false
3015,1150.0,14.0,,false
3016,1000.0,8.0,,false
3017,1350.0,47.0,,true
3018,500.0,59.0,,true
3019,5000.0,20.0,,true
3020,2200.0,136.0,,true
3021,3500.0,233.0,,true
3022,5000.0,600.0,,true
3023,500.0,143.0,,true
3024,125.0,528.0,,true
3025,40.0,356.0,,true
3026,350.0,159.0,,true
3027,500.0,196.0,,false
3028,500.0,442.0,,false
3029,3300.0,21.0,,false
3030,3300.0,23.0,,false
3031,3300.0,23.0,,false
3032,60.0,175.0,,false
3033,60.0,185.0,,false
3034,60.0,157.0,,false
3035,800.0,6.0,,false
3036,60.0,81.0,,false
3037,60.0,94.0,,false
3038,60.0,120.0,,false
3039,60.0,110.0,,false
3040,60.0,88.0,,false
3041,60.0,111.0,,false
3042,60.0,92.0,,false
3043,60.0,93.0,,false
3044,100.0,236.0,,false
3045,100.0,224.0,,false
3046,900.0,10.0,,false
3047,1150.0,16.0,,false
3048,1000.0,7.0,,false
3049,1350.0,50.0,,true
3050,500.0,58.0,,true
3051,5000.0,20.0,,true
3052,2200.0,139.0,,true
3053,3500.0,374.0,,true
3054,5000.0,600.0,,true
3055,500.0,155.0,,true
3056,125.0,531.0,,true
3057,40.0,450.0,,true
3058,350.0,157.0,,true
3059,500.0,196.0,,false
3060,500.0,529.0,,false
3061,3300.0,21.0,,false
3062,3300.0,25.0,,false
3063,3300.0,25.0,,false
3064,60.0,208.0,,false
3065,60.0,228.0,,false
3066,60.0,185.0,,false
3067,60.0,247.0,,false
3068,800.0,4.0,,false
3069,60.0,94.0,,false
3070,60.0,92.0,,false
3071,60.0,97.0,,false
3072,60.0,113.0,,false
3073,60.0,81.0,,false
3074,60.0,83.0,,false
3075,60.0,86.0,,false
3076,100.0,233.0,,false
3077,100.0,200.0,,false
3078,900.0,7.0,,false
3079,1150.0,17.0,,false
3080,1000.0,8.0,,false
3081,1350.0,46.0,,true
3082,500.0,59.0,,true
3083,5000.0,17.0,,true
3084,2200.0,133.0,,true
3085,3500.0,293.0,,true
3086,5000.0,600.0,,true
3087,500.0,150.0,,true
3088,125.0,453.0,,true
3089,40.0,374.0,,true
3090,350.0,169.0,,true
3091,500.0,185.0,,false
3092,500.0,375.0,,false
3093,3300.0,23.0,,false
3094,3300.0,28.0,,false
3095,3300.0,28.0,,false
3096,60.0,190.0,,false
3097,60.0,213.0,,false
3098,60.0,214.0,,false
3099,60.0,171.0,,false
3100,800.0,6.0,,false
3101,60.0,114.0,,false
3102,60.0,95.0,,false
3103,60.0,91.0,,false
3104,60.0,105.0,,false
3105,60.0,92.0,,false
3106,60.0,88.0,,false
3107,60.0,94.0,,false
3108,100.0,184.0,,false
3109,100.0,219.0,,false
3110,900.0,9.0,,false
3111,1150.0,13.0,,false
3112,1000.0,6.0,,false
3113,1350.0,46.0,,true
3114,500.0,58.0,,true
3115,5000.0,18.0,,true
3116,2200.0,134.0,,true
3117,3500.0,243.0,,true
3118,5000.0,600.0,,true
3119,500.0,144.0,,true
3120,125.0,479.0,,true
3121,40.0,368.0,,true
3122,350.0,149.0,,true
3123,500.0,172.0,,false
3124,500.0,383.0,,false
3125,3300.0,21.0,,false
3126,3300.0,22.0,,false
3127,3300.0,30.0,,false
3128,60.0,173.0,,false
3129,60.0,237.0,,false
3130,60.0,238.0,,false
3131,800.0,5.0,,false
3132,60.0,82.0,,false
3133,60.0,102.0,,false
3134,60.0,94.0,,false
3135,60.0,92.0,,false
3136,60.0,116.0,,false
3137,60.0,83.0,,false
3138,60.0,105.0,,false
3139,100.0,209.0,,false
3140,100.0,244.0,,false
3141,900.0,9.0,,false
3142,1150.0,15.0,,false
3143,1000.0,6.0,,false
3144,1350.0,46.0,,true
3145,500.0,57.0,,true
3146,5000.0,19.0,,true
3147,2200.0,131.0,,true
3148,3500.0,251.0,,true
3149,5000.0,600.0,,true
3150,500.0,150.0,,true
3151,125.0,543.0,,true
3152,40.0,429.0,,true
3153,350.0,143.0,,true
3154,500.0,176.0,,false
3155,500.0,518.0,,false
3156,3300.0,25.0,,false
3157,3300.0,28.0,,false
3158,3300.0,27.0,,false
3159,60.0,198.0,,false
3160,60.0,211.0,,false
3161,60.0,222.0,,false
3162,60.0,173.0,,false
3163,800.0,5.0,,false
3164,60.0,95.0,,false
3165,60.0,95.0,,false
3166,60.0,114.0,,false
3167,60.0,110.0,,false
3168,60.0,111.0,,false
3169,60.0,90.0,,false
3170,60.0,86.0,,false
3171,100.0,212.0,,false
3172,100.0,231.0,,false
3173,900.0,10.0,,false
3174,1150.0,17.0,,false
3175,1000.0,7.0,,false
3176,1350.0,49.0,,true
3177,500.0,60.0,,true
3178,5000.0,17.0,,true
3179,2200.0,134.0,,true
3180,3500.0,318.0,,true
3181,5000.0,600.0,,true
3182,500.0,148.0,,true
3183,125.0,511.0,,true
3184,40.0,450.0,,true
3185,350.0,164.0,,true
3186,500.0,179.0,,false
3187,500.0,413.0,,false
3188,3300.0,30.0,,false
3189,3300.0,28.0,,false
3190,3300.0,21.0,,false
3191,60.0,223.0,,false
3192,60.0,216.0,,false
3193,60.0,167.0,,false
3194,800.0,6.0,,false
3195,60.0,115.0,,false
3196,60.0,93.0,,false
3197,60.0,116.0,,false
3198,60.0,97.0,,false
3199,60.0,109.0,,false
3200,60.0,90.0,,false
3201,100.0,208.0,,false
3202,100.0,216.0,,false
3203,900.0,7.0,,false
3204,1150.0,14.0,,false
3205,1000.0,6.0,,false
3206,1350.0,49.0,,true
3207,500.0,56.0,,true
3208,5000.0,16.0,,true
3209,2200.0,133.0,,true
3210,3500.0,338.0,,true
3211,5000.0,600.0,,true
3212,500.0,143.0,,true
3213,125.0,507.0,,true
3214,40.0,362.0,,true
3215,350.0,165.0,,true
3216,500.0,173.0,,false
3217,500.0,447.0,,false
3218,3300.0,26.0,,false
3219,3300.0,25.0,,false
3220,3300.0,28.0,,false
3221,60.0,222.0,,false
3222,60.0,236.0,,false
3223,60.0,171.0,,false
3224,60.0,232.0,,false
3225,800.0,4.0,,false
3226,60.0,100.0,,false
3227,60.0,93.0,,false
3228,60.0,81.0,,false
3229,60.0,89.0,,false
3230,60.0,108.0,,false
3231,60.0,82.0,,false
3232,60.0,100.0,,false
3233,60.0,109.0,,false
3234,60.0,83.0,,false
3235,60.0,84.0,,false
3236,100.0,222.0,,false
3237,100.0,207.0,,false
3238,900.0,8.0,,false
3239,1150.0,14.0,,false
3240,1000.0,6.0,,false
