Reference,height,width,stripwidth,preemptable
1,1350.0,46.0,720,true
2,500.0,58.0,,true
3,5000.0,20.0,,true
4,2200.0,134.0,,true
5,3500.0,293.0,,true
6,5000.0,600.0,,true
7,500.0,155.0,,true
8,125.0,474.0,,true
9,40.0,435.0,,true
10,350.0,166.0,,true
11,500.0,192.0,,false
12,500.0,504.0,,false
13,3300.0,21.0,,false
14,3300.0,29.0,,false
15,3300.0,21.0,,false
16,60.0,205.0,,false
17,60.0,206.0,,false
18,60.0,153.0,,false
19,800.0,5.0,,false
20,60.0,83.0,,false
21,60.0,118.0,,false
22,60.0,97.0,,false
23,60.0,87.0,,false
24,60.0,89.0,,false
25,60.0,114.0,,false
26,60.0,102.0,,false
27,100.0,198.0,,false
28,100.0,223.0,,false
29,900.0,7.0,,false
30,1150.0,18.0,,false
31,1000.0,8.0,,false
32,1350.0,47.0,,true
33,500.0,57.0,,true
34,5000.0,17.0,,true
35,2200.0,138.0,,true
36,3500.0,218.0,,true
37,5000.0,600.0,,true
38,500.0,148.0,,true
39,125.0,503.0,,true
40,40.0,404.0,,true
41,350.0,147.0,,true
42,500.0,184.0,,false
43,500.0,376.0,,false
44,3300.0,25.0,,false
45,3300.0,25.0,,false
46,3300.0,21.0,,false
47,60.0,175.0,,false
48,60.0,248.0,,false
49,60.0,240.0,,false
50,60.0,190.0,,false
51,800.0,6.0,,false
52,60.0,116.0,,false
53,60.0,115.0,,false
54,60.0,97.0,,false
55,60.0,99.0,,false
56,60.0,82.0,,false
57,60.0,117.0,,false
58,60.0,81.0,,false
59,60.0,99.0,,false
60,100.0,203.0,,false
61,100.0,206.0,,false
62,900.0,7.0,,false
63,1150.0,14.0,,false
64,1000.0,8.0,,false
65,1350.0,49.0,,true
66,500.0,56.0,,true
67,5000.0,20.0,,true
68,2200.0,139.0,,true
69,3500.0,353.0,,true
70,5000.0,600.0,,true
71,500.0,154.0,,true
72,125.0,455.0,,true
73,40.0,413.0,,true
74,350.0,142.0,,true
75,500.0,198.0,,false
76,500.0,307.0,,false
77,3300.0,22.0,,false
78,3300.0,25.0,,false
79,3300.0,28.0,,false
80,60.0,166.0,,false
81,60.0,197.0,,false
82,60.0,188.0,,false
83,800.0,5.0,,false
84,60.0,84.0,,false
85,60.0,112.0,,false
86,60.0,108.0,,false
87,60.0,104.0,,false
88,60.0,112.0,,false
89,60.0,82.0,,false
90,60.0,108.0,,false
91,60.0,120.0,,false
92,100.0,245.0,,false
93,100.0,250.0,,false
94,900.0,10.0,,false
95,1150.0,15.0,,false
96,1000.0,8.0,,false
97,1350.0,46.0,,true
98,500.0,60.0,,true
99,5000.0,18.0,,true
100,2200.0,131.0,,true
101,3500.0,263.0,,true
102,5000.0,600.0,,true
103,500.0,152.0,,true
104,125.0,500.0,,true
105,40.0,404.0,,true
106,350.0,174.0,,true
107,500.0,182.0,,false
108,500.0,489.0,,false
109,3300.0,25.0,,false
110,3300.0,23.0,,false
111,3300.0,24.0,,false
112,60.0,213.0,,false
113,60.0,202.0,,false
114,60.0,191.0,,false
115,800.0,6.0,,false
116,60.0,118.0,,false
117,60.0,109.0,,false
118,60.0,98.0,,false
119,60.0,99.0,,false
120,60.0,88.0,,false
121,60.0,114.0,,false
122,100.0,204.0,,false
123,100.0,214.0,,false
124,900.0,7.0,,false
125,1150.0,17.0,,false
126,1000.0,8.0,,false
127,1350.0,47.0,,true
128,500.0,60.0,,true
129,5000.0,16.0,,true
130,2200.0,138.0,,true
131,3500.0,233.0,,true
132,5000.0,600.0,,true
133,500.0,145.0,,true
134,125.0,483.0,,true
135,40.0,388.0,,true
136,350.0,141.0,,true
137,500.0,175.0,,false
138,500.0,328.0,,false
139,3300.0,24.0,,false
140,3300.0,21.0,,false
141,3300.0,27.0,,false
142,60.0,159.0,,false
143,60.0,224.0,,false
144,60.0,165.0,,false
145,800.0,6.0,,false
146,60.0,115.0,,false
147,60.0,96.0,,false
148,60.0,119.0,,false
149,60.0,112.0,,false
150,60.0,104.0,,false
151,60.0,99.0,,false
152,60.0,118.0,,false
153,100.0,190.0,,false
154,100.0,203.0,,false
155,900.0,7.0,,false
156,1150.0,18.0,,false
157,1000.0,7.0,,false
158,1350.0,48.0,,true
159,500.0,56.0,,true
160,5000.0,18.0,,true
161,2200.0,137.0,,true
162,3500.0,247.0,,true
163,5000.0,600.0,,true
164,500.0,157.0,,true
165,125.0,503.0,,true
166,40.0,450.0,,true
167,350.0,153.0,,true
168,500.0,193.0,,false
169,500.0,563.0,,false
170,3300.0,28.0,,false
171,3300.0,24.0,,false
172,3300.0,23.0,,false
173,60.0,209.0,,false
174,60.0,195.0,,false
175,60.0,227.0,,false
176,800.0,6.0,,false
177,60.0,95.0,,false
178,60.0,83.0,,false
179,60.0,84.0,,false
180,60.0,115.0,,false
181,60.0,101.0,,false
182,60.0,118.0,,false
183,60.0,98.0,,false
184,60.0,88.0,,false
185,100.0,244.0,,false
186,100.0,232.0,,false
187,900.0,10.0,,false
188,1150.0,17.0,,false
189,1000.0,8.0,,false
190,1350.0,49.0,,true
191,500.0,60.0,,true
192,5000.0,19.0,,true
193,2200.0,140.0,,true
194,3500.0,224.0,,true
195,5000.0,600.0,,true
196,500.0,153.0,,true
197,125.0,475.0,,true
198,40.0,409.0,,true
199,350.0,144.0,,true
200,500.0,184.0,,false
201,500.0,534.0,,false
202,3300.0,30.0,,false
203,3300.0,26.0,,false
204,3300.0,29.0,,false
205,60.0,177.0,,false
206,60.0,243.0,,false
207,60.0,232.0,,false
208,60.0,250.0,,false
209,800.0,5.0,,false
210,60.0,104.0,,false
211,60.0,110.0,,false
212,60.0,82.0,,false
213,60.0,102.0,,false
214,60.0,110.0,,false
215,60.0,82.0,,false
216,60.0,84.0,,false
217,60.0,88.0,,false
218,100.0,190.0,,false
219,100.0,209.0,,false
220,900.0,10.0,,false
221,1150.0,14.0,,false
222,1000.0,5.0,,false
223,1350.0,46.0,,true
224,500.0,56.0,,true
225,5000.0,18.0,,true
226,2200.0,131.0,,true
227,3500.0,389.0,,true
228,5000.0,600.0,,true
229,500.0,155.0,,true
230,125.0,538.0,,true
231,40.0,456.0,,true
232,350.0,174.0,,true
233,500.0,178.0,,false
234,500.0,350.0,,false
235,3300.0,23.0,,false
236,3300.0,24.0,,false
237,3300.0,22.0,,false
238,60.0,231.0,,false
239,60.0,176.0,,false
240,60.0,175.0,,false
241,800.0,4.0,,false
242,60.0,92.0,,false
243,60.0,112.0,,false
244,60.0,99.0,,false
245,60.0,90.0,,false
246,60.0,85.0,,false
247,60.0,117.0,,false
248,60.0,93.0,,false
249,60.0,112.0,,false
250,60.0,110.0,,false
251,60.0,96.0,,false
252,100.0,244.0,,false
253,100.0,192.0,,false
254,900.0,8.0,,false
255,1150.0,16.0,,false
256,1000.0,6.0,,false
257,1350.0,48.0,,true
258,500.0,58.0,,true
259,5000.0,16.0,,true
260,2200.0,135.0,,true
261,3500.0,336.0,,true
262,5000.0,600.0,,true
263,500.0,160.0,,true
264,125.0,496.0,,true
265,40.0,402.0,,true
266,350.0,162.0,,true
267,500.0,179.0,,false
268,500.0,472.0,,false
269,3300.0,24.0,,false
270,3300.0,29.0,,false
271,3300.0,22.0,,false
272,60.0,227.0,,false
273,60.0,194.0,,false
274,60.0,153.0,,false
275,800.0,4.0,,false
276,60.0,83.0,,false
277,60.0,91.0,,false
278,60.0,113.0,,false
279,60.0,105.0,,false
280,60.0,100.0,,false
281,60.0,91.0,,false
282,60.0,92.0,,false
283,60.0,103.0,,false
284,60.0,107.0,,false
285,100.0,243.0,,false
286,100.0,195.0,,false
287,900.0,7.0,,false
288,1150.0,16.0,,false
289,1000.0,6.0,,false
290,1350.0,49.0,,true
291,500.0,58.0,,true
292,5000.0,18.0,,true
293,2200.0,136.0,,true
294,3500.0,286.0,,true
295,5000.0,600.0,,true
296,500.0,141.0,,true
297,125.0,482.0,,true
298,40.0,384.0,,true
299,350.0,153.0,,true
300,500.0,186.0,,false
301,500.0,473.0,,false
302,3300.0,28.0,,false
303,3300.0,23.0,,false
304,3300.0,30.0,,false
305,60.0,242.0,,false
306,60.0,224.0,,false
307,60.0,202.0,,false
308,60.0,182.0,,false
309,800.0,5.0,,false
310,60.0,95.0,,false
311,60.0,120.0,,false
312,60.0,108.0,,false
313,60.0,105.0,,false
314,60.0,94.0,,false
315,60.0,87.0,,false
316,60.0,111.0,,false
317,60.0,120.0,,false
318,100.0,232.0,,false
319,100.0,205.0,,false
320,900.0,7.0,,false
321,1150.0,17.0,,false
322,1000.0,5.0,,false
323,1350.0,46.0,,true
324,500.0,60.0,,true
325,5000.0,20.0,,true
326,2200.0,132.0,,true
327,3500.0,289.0,,true
328,5000.0,600.0,,true
329,500.0,149.0,,true
330,125.0,539.0,,true
331,40.0,379.0,,true
332,350.0,168.0,,true
333,500.0,189.0,,false
334,500.0,319.0,,false
335,3300.0,21.0,,false
336,3300.0,28.0,,false
337,3300.0,22.0,,false
338,60.0,166.0,,false
339,60.0,234.0,,false
340,60.0,193.0,,false
341,60.0,234.0,,false
342,800.0,6.0,,false
343,60.0,82.0,,false
344,60.0,91.0,,false
345,60.0,117.0,,false
346,60.0,103.0,,false
347,60.0,112.0,,false
348,60.0,87.0,,false
349,60.0,120.0,,false
350,60.0,114.0,,false
351,60.0,120.0,,false
352,60.0,116.0,,false
353,100.0,231.0,,false
354,100.0,206.0,,false
355,900.0,7.0,,false
356,1150.0,18.0,,false
357,1000.0,5.0,,false
358,1350.0,50.0,,true
359,500.0,60.0,,true
360,5000.0,16.0,,true
361,2200.0,137.0,,true
362,3500.0,307.0,,true
363,5000.0,600.0,,true
364,500.0,155.0,,true
365,125.0,494.0,,true
366,40.0,384.0,,true
367,350.0,180.0,,true
368,500.0,180.0,,false
369,500.0,320.0,,false
370,3300.0,28.0,,false
371,3300.0,23.0,,false
372,3300.0,24.0,,false
373,60.0,234.0,,false
374,60.0,237.0,,false
375,60.0,153.0,,false
376,60.0,194.0,,false
377,800.0,6.0,,false
378,60.0,102.0,,false
379,60.0,84.0,,false
380,60.0,98.0,,false
381,60.0,99.0,,false
382,60.0,119.0,,false
383,60.0,85.0,,false
384,100.0,222.0,,false
385,100.0,239.0,,false
386,900.0,7.0,,false
387,1150.0,14.0,,false
388,1000.0,5.0,,false
389,1350.0,50.0,,true
390,500.0,57.0,,true
391,5000.0,18.0,,true
392,2200.0,136.0,,true
393,3500.0,334.0,,true
394,5000.0,600.0,,true
395,500.0,150.0,,true
396,125.0,529.0,,true
397,40.0,382.0,,true
398,350.0,172.0,,true
399,500.0,198.0,,false
400,500.0,573.0,,false
401,3300.0,23.0,,false
402,3300.0,29.0,,false
403,3300.0,23.0,,false
404,60.0,193.0,,false
405,60.0,161.0,,false
406,60.0,187.0,,false
407,800.0,6.0,,false
408,60.0,110.0,,false
409,60.0,118.0,,false
410,60.0,103.0,,false
411,60.0,117.0,,false
412,60.0,114.0,,false
413,60.0,103.0,,false
414,60.0,109.0,,false
415,60.0,111.0,,false
416,60.0,88.0,,false
417,60.0,99.0,,false
418,100.0,229.0,,false
419,100.0,229.0,,false
420,900.0,8.0,,false
421,1150.0,17.0,,false
422,1000.0,6.0,,false
423,1350.0,48.0,,true
424,500.0,57.0,,true
425,5000.0,19.0,,true
426,2200.0,140.0,,true
427,3500.0,376.0,,true
428,5000.0,600.0,,true
429,500.0,147.0,,true
430,125.0,466.0,,true
431,40.0,403.0,,true
432,350.0,177.0,,true
433,500.0,196.0,,false
434,500.0,541.0,,false
435,3300.0,27.0,,false
436,3300.0,28.0,,false
437,3300.0,30.0,,false
438,60.0,214.0,,false
439,60.0,248.0,,false
440,60.0,203.0,,false
441,800.0,4.0,,false
442,60.0,114.0,,false
443,60.0,82.0,,false
444,60.0,85.0,,false
445,60.0,120.0,,false
446,60.0,82.0,,false
447,60.0,115.0,,false
448,100.0,183.0,,false
449,100.0,222.0,,false
450,900.0,10.0,,false
451,1150.0,14.0,,false
452,1000.0,6.0,,false
453,1350.0,48.0,,true
454,500.0,59.0,,true
455,5000.0,16.0,,true
456,2200.0,132.0,,true
457,3500.0,264.0,,true
458,5000.0,600.0,,true
459,500.0,149.0,,true
460,125.0,524.0,,true
461,40.0,422.0,,true
462,350.0,178.0,,true
463,500.0,181.0,,false
464,500.0,540.0,,false
465,3300.0,23.0,,false
466,3300.0,23.0,,false
467,3300.0,21.0,,false
468,60.0,220.0,,false
469,60.0,220.0,,false
470,60.0,203.0,,false
471,800.0,6.0,,false
472,60.0,117.0,,false
473,60.0,99.0,,false
474,60.0,106.0,,false
475,60.0,106.0,,false
476,60.0,87.0,,false
477,60.0,99.0,,false
478,60.0,117.0,,false
479,60.0,118.0,,false
480,60.0,82.0,,false
481,60.0,118.0,,false
482,100.0,188.0,,false
483,100.0,216.0,,false
484,900.0,9.0,,false
485,1150.0,15.0,,false
486,1000.0,6.0,,false
487,1350.0,48.0,,true
488,500.0,57.0,,true
489,5000.0,17.0,,true
490,2200.0,136.0,,true
491,3500.0,286.0,,true
492,5000.0,600.0,,true
493,500.0,147.0,,true
494,125.0,515.0,,true
495,40.0,371.0,,true
496,350.0,153.0,,true
497,500.0,197.0,,false
498,500.0,548.0,,false
499,3300.0,21.0,,false
500,3300.0,21.0,,false
501,3300.0,22.0,,false
502,60.0,232.0,,false
503,60.0,154.0,,false
504,60.0,152.0,,false
505,800.0,4.0,,false
506,60.0,117.0,,false
507,60.0,86.0,,false
508,60.0,110.0,,false
509,60.0,112.0,,false
510,60.0,103.0,,false
511,60.0,82.0,,false
512,60.0,111.0,,false
513,60.0,116.0,,false
514,60.0,109.0,,false
515,100.0,209.0,,false
516,100.0,232.0,,false
517,900.0,9.0,,false
518,1150.0,13.0,,false
519,1000.0,5.0,,false
520,1350.0,50.0,,true
521,500.0,56.0,,true
522,5000.0,16.0,,true
523,2200.0,137.0,,true
524,3500.0,377.0,,true
525,5000.0,600.0,,true
526,500.0,153.0,,true
527,125.0,512.0,,true
528,40.0,368.0,,true
529,350.0,172.0,,true
530,500.0,177.0,,false
531,500.0,515.0,,false
532,3300.0,26.0,,false
533,3300.0,25.0,,false
534,3300.0,29.0,,false
535,60.0,236.0,,false
536,60.0,188.0,,false
537,60.0,208.0,,false
538,800.0,6.0,,false
539,60.0,109.0,,false
540,60.0,111.0,,false
541,60.0,114.0,,false
542,60.0,116.0,,false
543,60.0,107.0,,false
544,60.0,93.0,,false
545,60.0,98.0,,false
546,100.0,237.0,,false
547,100.0,193.0,,false
548,900.0,10.0,,false
549,1150.0,13.0,,false
550,1000.0,7.0,,false
551,1350.0,50.0,,true
552,500.0,57.0,,true
553,5000.0,20.0,,true
554,2200.0,137.0,,true
555,3500.0,387.0,,true
556,5000.0,600.0,,true
557,500.0,157.0,,true
558,125.0,534.0,,true
559,40.0,376.0,,true
560,350.0,165.0,,true
561,500.0,191.0,,false
562,500.0,309.0,,false
563,3300.0,30.0,,false
564,3300.0,23.0,,false
565,3300.0,27.0,,false
566,60.0,193.0,,false
567,60.0,183.0,,false
568,60.0,239.0,,false
569,800.0,6.0,,false
570,60.0,81.0,,false
571,60.0,81.0,,false
572,60.0,118.0,,false
573,60.0,95.0,,false
574,60.0,89.0,,false
575,60.0,92.0,,false
576,100.0,184.0,,false
577,100.0,245.0,,false
578,900.0,7.0,,false
579,1150.0,13.0,,false
580,1000.0,7.0,,false
581,1350.0,48.0,,true
582,500.0,60.0,,true
583,5000.0,19.0,,true
584,2200.0,140.0,,true
585,3500.0,305.0,,true
586,5000.0,600.0,,true
587,500.0,156.0,,true
588,125.0,506.0,,true
589,40.0,435.0,,true
590,350.0,141.0,,true
591,500.0,174.0,,false
592,500.0,511.0,,false
593,3300.0,23.0,,false
594,3300.0,23.0,,false
595,3300.0,26.0,,false
596,60.0,160.0,,false
597,60.0,160.0,,false
598,60.0,243.0,,false
599,60.0,224.0,,false
600,800.0,4.0,,false
601,60.0,96.0,,false
602,60.0,118.0,,false
603,60.0,117.0,,false
604,60.0,91.0,,false
605,60.0,101.0,,false
606,60.0,97.0,,false
607,60.0,90.0,,false
608,60.0,103.0,,false
609,60.0,113.0,,false
610,60.0,89.0,,false
611,100.0,219.0,,false
612,100.0,194.0,,false
613,900.0,8.0,,false
614,1150.0,14.0,,false
615,1000.0,7.0,,false
616,1350.0,46.0,,true
617,500.0,59.0,,true
618,5000.0,20.0,,true
619,2200.0,136.0,,true
620,3500.0,316.0,,true
621,5000.0,600.0,,true
622,500.0,143.0,,true
623,125.0,461.0,,true
624,40.0,385.0,,true
625,350.0,164.0,,true
626,500.0,190.0,,false
627,500.0,448.0,,false
628,3300.0,24.0,,false
629,3300.0,29.0,,false
630,3300.0,23.0,,false
631,60.0,205.0,,false
632,60.0,202.0,,false
633,60.0,202.0,,false
634,60.0,172.0,,false
635,800.0,4.0,,false
636,60.0,98.0,,false
637,60.0,115.0,,false
638,60.0,110.0,,false
639,60.0,105.0,,false
640,60.0,99.0,,false
641,60.0,94.0,,false
642,60.0,115.0,,false
643,60.0,90.0,,false
644,60.0,105.0,,false
645,60.0,103.0,,false
646,100.0,229.0,,false
647,100.0,229.0,,false
648,900.0,8.0,,false
649,1150.0,14.0,,false
650,1000.0,6.0,,false
651,1350.0,48.0,,true
652,500.0,57.0,,true
653,5000.0,19.0,,true
654,2200.0,131.0,,true
655,3500.0,368.0,,true
656,5000.0,600.0,,true
657,500.0,151.0,,true
658,125.0,504.0,,true
659,40.0,426.0,,true
660,350.0,163.0,,true
661,500.0,198.0,,false
662,500.0,376.0,,false
663,3300.0,30.0,,false
664,3300.0,21.0,,false
665,3300.0,23.0,,false
666,60.0,155.0,,false
667,60.0,164.0,,false
668,60.0,205.0,,false
669,800.0,4.0,,false
670,60.0,93.0,,false
671,60.0,118.0,,false
672,60.0,103.0,,false
673,60.0,100.0,,false
674,60.0,101.0,,false
675,60.0,94.0,,false
676,60.0,104.0,,false
677,60.0,86.0,,false
678,100.0,215.0,,false
679,100.0,181.0,,false
680,900.0,9.0,,false
681,1150.0,16.0,,false
682,1000.0,5.0,,false
683,1350.0,50.0,,true
684,500.0,57.0,,true
685,5000.0,20.0,,true
686,2200.0,138.0,,true
687,3500.0,321.0,,true
688,5000.0,600.0,,true
689,500.0,141.0,,true
690,125.0,467.0,,true
691,40.0,354.0,,true
692,350.0,179.0,,true
693,500.0,196.0,,false
694,500.0,436.0,,false
695,3300.0,28.0,,false
696,3300.0,27.0,,false
697,3300.0,23.0,,false
698,60.0,181.0,,false
699,60.0,200.0,,false
700,60.0,247.0,,false
701,60.0,176.0,,false
702,800.0,5.0,,false
703,60.0,91.0,,false
704,60.0,109.0,,false
705,60.0,106.0,,false
706,60.0,100.0,,false
707,60.0,105.0,,false
708,60.0,82.0,,false
709,60.0,111.0,,false
710,60.0,97.0,,false
711,60.0,81.0,,false
712,100.0,199.0,,false
713,100.0,220.0,,false
714,900.0,8.0,,false
715,1150.0,15.0,,false
716,1000.0,5.0,,false
717,1350.0,50.0,,true
718,500.0,60.0,,true
719,5000.0,20.0,,true
720,2200.0,140.0,,true
721,3500.0,346.0,,true
722,5000.0,600.0,,true
723,500.0,143.0,,true
724,125.0,515.0,,true
725,40.0,377.0,,true
726,350.0,161.0,,true
727,500.0,192.0,,false
728,500.0,366.0,,false
729,3300.0,30.0,,false
730,3300.0,30.0,,false
731,3300.0,23.0,,false
732,60.0,195.0,,false
733,60.0,158.0,,false
734,60.0,172.0,,false
735,800.0,4.0,,false
736,60.0,82.0,,false
737,60.0,96.0,,false
738,60.0,116.0,,false
739,60.0,103.0,,false
740,60.0,118.0,,false
741,60.0,85.0,,false
742,60.0,94.0,,false
743,100.0,213.0,,false
744,100.0,190.0,,false
745,900.0,7.0,,false
746,1150.0,13.0,,false
747,1000.0,8.0,,false
748,1350.0,48.0,,true
749,500.0,59.0,,true
750,5000.0,20.0,,true
751,2200.0,133.0,,true
752,3500.0,330.0,,true
753,5000.0,600.0,,true
754,500.0,159.0,,true
755,125.0,496.0,,true
756,40.0,420.0,,true
757,350.0,175.0,,true
758,500.0,194.0,,false
759,500.0,333.0,,false
760,3300.0,28.0,,false
761,3300.0,27.0,,false
762,3300.0,23.0,,false
763,60.0,178.0,,false
764,60.0,211.0,,false
765,60.0,167.0,,false
766,60.0,205.0,,false
767,800.0,4.0,,false
768,60.0,115.0,,false
769,60.0,101.0,,false
770,60.0,116.0,,false
771,60.0,86.0,,false
772,60.0,109.0,,false
773,60.0,109.0,,false
774,60.0,107.0,,false
775,100.0,247.0,,false
776,100.0,214.0,,false
777,900.0,9.0,,false
778,1150.0,18.0,,false
779,1000.0,8.0,,false
780,1350.0,48.0,,true
781,500.0,57.0,,true
782,5000.0,19.0,,true
783,2200.0,135.0,,true
784,3500.0,243.0,,true
785,5000.0,600.0,,true
786,500.0,152.0,,true
787,125.0,493.0,,true
788,40.0,425.0,,true
789,350.0,170.0,,true
790,500.0,185.0,,false
791,500.0,465.0,,false
792,3300.0,26.0,,false
793,3300.0,22.0,,false
794,3300.0,22.0,,false
795,60.0,160.0,,false
796,60.0,226.0,,false
797,60.0,158.0,,false
798,800.0,5.0,,false
799,60.0,104.0,,false
800,60.0,106.0,,false
801,60.0,119.0,,false
802,60.0,94.0,,false
803,60.0,93.0,,false
804,60.0,102.0,,false
805,60.0,116.0,,false
806,60.0,83.0,,false
807,60.0,100.0,,false
808,60.0,108.0,,false
809,100.0,193.0,,false
810,100.0,241.0,,false
811,900.0,7.0,,false
812,1150.0,16.0,,false
813,1000.0,6.0,,false
814,1350.0,50.0,,true
815,500.0,56.0,,true
816,5000.0,19.0,,true
817,2200.0,139.0,,true
818,3500.0,316.0,,true
819,5000.0,600.0,,true
820,500.0,149.0,,true
821,125.0,528.0,,true
822,40.0,394.0,,true
823,350.0,144.0,,true
824,500.0,197.0,,false
825,500.0,301.0,,false
826,3300.0,29.0,,false
827,3300.0,29.0,,false
828,3300.0,22.0,,false
829,60.0,217.0,,false
830,60.0,244.0,,false
831,60.0,207.0,,false
832,60.0,162.0,,false
833,800.0,5.0,,false
834,60.0,115.0,,false
835,60.0,118.0,,false
836,60.0,115.0,,false
837,60.0,118.0,,false
838,60.0,116.0,,false
839,60.0,85.0,,false
840,60.0,95.0,,false
841,60.0,104.0,,false
842,100.0,250.0,,false
843,100.0,232.0,,false
844,900.0,7.0,,false
845,1150.0,13.0,,false
846,1000.0,5.0,,false
847,1350.0,48.0,,true
848,500.0,57.0,,true
849,5000.0,16.0,,true
850,2200.0,131.0,,true
851,3500.0,207.0,,true
852,5000.0,600.0,,true
853,500.0,145.0,,true
854,125.0,545.0,,true
855,40.0,441.0,,true
856,350.0,171.0,,true
857,500.0,171.0,,false
858,500.0,472.0,,false
859,3300.0,28.0,,false
860,3300.0,22.0,,false
861,3300.0,21.0,,false
862,60.0,183.0,,false
863,60.0,190.0,,false
864,60.0,152.0,,false
865,60.0,151.0,,false
866,800.0,6.0,,false
867,60.0,98.0,,false
868,60.0,109.0,,false
869,60.0,89.0,,false
870,60.0,99.0,,false
871,60.0,115.0,,false
872,60.0,100.0,,false
873,100.0,218.0,,false
874,100.0,203.0,,false
875,900.0,10.0,,false
876,1150.0,16.0,,false
877,1000.0,8.0,,false
878,1350.0,48.0,,true
879,500.0,59.0,,true
880,5000.0,17.0,,true
881,2200.0,140.0,,true
882,3500.0,376.0,,true
883,5000.0,600.0,,true
884,500.0,146.0,,true
885,125.0,532.0,,true
886,40.0,353.0,,true
887,350.0,154.0,,true
888,500.0,191.0,,false
889,500.0,307.0,,false
890,3300.0,27.0,,false
891,3300.0,26.0,,false
892,3300.0,26.0,,false
893,60.0,163.0,,false
894,60.0,182.0,,false
895,60.0,238.0,,false
896,800.0,4.0,,false
897,60.0,107.0,,false
898,60.0,95.0,,false
899,60.0,97.0,,false
900,60.0,102.0,,false
901,60.0,110.0,,false
902,60.0,119.0,,false
903,60.0,115.0,,false
904,100.0,215.0,,false
905,100.0,225.0,,false
906,900.0,7.0,,false
907,1150.0,18.0,,false
908,1000.0,6.0,,false
909,1350.0,49.0,,true
910,500.0,56.0,,true
911,5000.0,20.0,,true
912,2200.0,133.0,,true
913,3500.0,387.0,,true
914,5000.0,600.0,,true
915,500.0,160.0,,true
916,125.0,467.0,,true
917,40.0,459.0,,true
918,350.0,144.0,,true
919,500.0,177.0,,false
920,500.0,367.0,,false
921,3300.0,23.0,,false
922,3300.0,25.0,,false
923,3300.0,30.0,,false
924,60.0,193.0,,false
925,60.0,173.0,,false
926,60.0,167.0,,false
927,60.0,196.0,,false
928,800.0,5.0,,false
929,60.0,85.0,,false
930,60.0,107.0,,false
931,60.0,102.0,,false
932,60.0,96.0,,false
933,60.0,101.0,,false
934,60.0,86.0,,false
935,60.0,91.0,,false
936,60.0,98.0,,false
937,100.0,238.0,,false
938,100.0,247.0,,false
939,900.0,10.0,,false
940,1150.0,15.0,,false
941,1000.0,5.0,,false
942,1350.0,46.0,,true
943,500.0,60.0,,true
944,5000.0,19.0,,true
945,2200.0,134.0,,true
946,3500.0,333.0,,true
947,5000.0,600.0,,true
948,500.0,146.0,,true
949,125.0,507.0,,true
950,40.0,378.0,,true
951,350.0,174.0,,true
952,500.0,179.0,,false
953,500.0,579.0,,false
954,3300.0,21.0,,false
955,3300.0,27.0,,false
956,3300.0,25.0,,false
957,60.0,193.0,,false
958,60.0,226.0,,false
959,60.0,206.0,,false
960,60.0,222.0,,false
961,800.0,6.0,,false
962,60.0,104.0,,false
963,60.0,92.0,,false
964,60.0,100.0,,false
965,60.0,109.0,,false
966,60.0,118.0,,false
967,60.0,116.0,,false
968,60.0,91.0,,false
969,60.0,84.0,,false
970,60.0,111.0,,false
971,60.0,93.0,,false
972,100.0,223.0,,false
973,100.0,209.0,,false
974,900.0,8.0,,false
975,1150.0,18.0,,false
976,1000.0,6.0,,false
977,1350.0,48.0,,true
978,500.0,60.0,,true
979,5000.0,17.0,,true
980,2200.0,140.0,,true
981,3500.0,211.0,,true
982,5000.0,600.0,,true
983,500.0,156.0,,true
984,125.0,497.0,,true
985,40.0,355.0,,true
986,350.0,151.0,,true
987,500.0,195.0,,false
988,500.0,325.0,,false
989,3300.0,26.0,,false
990,3300.0,27.0,,false
991,3300.0,28.0,,false
992,60.0,231.0,,false
993,60.0,234.0,,false
994,60.0,241.0,,false
995,800.0,6.0,,false
996,60.0,82.0,,false
997,60.0,109.0,,false
998,60.0,107.0,,false
999,60.0,99.0,,false
1000,60.0,85.0,,false
1001,60.0,110.0,,false
1002,60.0,102.0,,false
1003,60.0,107.0,,false
1004,100.0,200.0,,false
1005,100.0,219.0,,false
1006,900.0,8.0,,false
1007,1150.0,13.0,,false
1008,1000.0,5.0,,false
1009,1350.0,47.0,,true
1010,500.0,58.0,,true
1011,5000.0,20.0,,true
1012,2200.0,131.0,,true
1013,3500.0,292.0,,true
1014,5000.0,600.0,,true
1015,500.0,149.0,,true
1016,125.0,540.0,,true
1017,40.0,453.0,,true
1018,350.0,145.0,,true
1019,500.0,199.0,,false
1020,500.0,558.0,,false
1021,3300.0,25.0,,false
1022,3300.0,29.0,,false
1023,3300.0,24.0,,false
1024,60.0,204.0,,false
1025,60.0,218.0,,false
1026,60.0,188.0,,false
1027,800.0,6.0,,false
1028,60.0,103.0,,false
1029,60.0,118.0,,false
1030,60.0,89.0,,false
1031,60.0,87.0,,false
1032,60.0,108.0,,false
1033,60.0,95.0,,false
1034,60.0,91.0,,false
1035,60.0,81.0,,false
1036,60.0,102.0,,false
1037,100.0,181.0,,false
1038,100.0,241.0,,false
1039,900.0,10.0,,false
1040,1150.0,18.0,,false
1041,1000.0,6.0,,false
1042,1350.0,48.0,,true
1043,500.0,58.0,,true
1044,5000.0,20.0,,true
1045,2200.0,139.0,,true
1046,3500.0,262.0,,true
1047,5000.0,600.0,,true
1048,500.0,145.0,,true
1049,125.0,541.0,,true
1050,40.0,361.0,,true
1051,350.0,148.0,,true
1052,500.0,193.0,,false
1053,500.0,569.0,,false
1054,3300.0,24.0,,false
1055,3300.0,29.0,,false
1056,3300.0,26.0,,false
1057,60.0,233.0,,false
1058,60.0,245.0,,false
1059,60.0,246.0,,false
1060,60.0,157.0,,false
1061,800.0,5.0,,false
1062,60.0,100.0,,false
1063,60.0,103.0,,false
1064,60.0,89.0,,false
1065,60.0,102.0,,false
1066,60.0,118.0,,false
1067,60.0,95.0,,false
1068,60.0,105.0,,false
1069,60.0,109.0,,false
1070,60.0,88.0,,false
1071,100.0,200.0,,false
1072,100.0,238.0,,false
1073,900.0,10.0,,false
1074,1150.0,18.0,,false
1075,1000.0,6.0,,false
1076,1350.0,46.0,,true
1077,500.0,58.0,,true
1078,5000.0,18.0,,true
1079,2200.0,134.0,,true
1080,3500.0,348.0,,true
1081,5000.0,600.0,,true
1082,500.0,145.0,,true
1083,125.0,461.0,,true
1084,40.0,427.0,,true
1085,350.0,149.0,,true
1086,500.0,194.0,,false
1087,500.0,372.0,,false
1088,3300.0,25.0,,false
1089,3300.0,21.0,,false
1090,3300.0,21.0,,false
1091,60.0,195.0,,false
1092,60.0,208.0,,false
1093,60.0,218.0,,false
1094,800.0,5.0,,false
1095,60.0,81.0,,false
1096,60.0,112.0,,false
1097,60.0,108.0,,false
1098,60.0,91.0,,false
1099,60.0,95.0,,false
1100,60.0,111.0,,false
1101,60.0,96.0,,false
1102,60.0,93.0,,false
1103,60.0,103.0,,false
1104,100.0,196.0,,false
1105,100.0,228.0,,false
1106,900.0,10.0,,false
1107,1150.0,15.0,,false
1108,1000.0,7.0,,false
1109,1350.0,47.0,,true
1110,500.0,58.0,,true
1111,5000.0,18.0,,true
1112,2200.0,136.0,,true
1113,3500.0,375.0,,true
1114,5000.0,600.0,,true
1115,500.0,160.0,,true
1116,125.0,504.0,,true
1117,40.0,440.0,,true
1118,350.0,171.0,,true
1119,500.0,197.0,,false
1120,500.0,518.0,,false
1121,3300.0,23.0,,false
1122,3300.0,21.0,,false
1123,3300.0,30.0,,false
1124,60.0,232.0,,false
1125,60.0,159.0,,false
1126,60.0,182.0,,false
1127,60.0,185.0,,false
1128,800.0,6.0,,false
1129,60.0,102.0,,false
1130,60.0,99.0,,false
1131,60.0,107.0,,false
1132,60.0,94.0,,false
1133,60.0,114.0,,false
1134,60.0,90.0,,false
1135,60.0,92.0,,false
1136,100.0,242.0,,false
1137,100.0,228.0,,false
1138,900.0,9.0,,false
1139,1150.0,13.0,,false
1140,1000.0,6.0,,false
1141,1350.0,48.0,,true
1142,500.0,58.0,,true
1143,5000.0,18.0,,true
1144,2200.0,136.0,,true
1145,3500.0,203.0,,true
1146,5000.0,600.0,,true
1147,500.0,156.0,,true
1148,125.0,500.0,,true
1149,40.0,418.0,,true
1150,350.0,144.0,,true
1151,500.0,193.0,,false
1152,500.0,322.0,,false
1153,3300.0,23.0,,false
1154,3300.0,21.0,,false
1155,3300.0,28.0,,false
1156,60.0,167.0,,false
1157,60.0,232.0,,false
1158,60.0,212.0,,false
1159,800.0,6.0,,false
1160,60.0,104.0,,false
1161,60.0,81.0,,false
1162,60.0,95.0,,false
1163,60.0,82.0,,false
1164,60.0,112.0,,false
1165,60.0,104.0,,false
1166,60.0,87.0,,false
1167,60.0,112.0,,false
1168,100.0,182.0,,false
1169,100.0,247.0,,false
1170,900.0,8.0,,false
1171,1150.0,15.0,,false
1172,1000.0,8.0,,false
1173,1350.0,48.0,,true
1174,500.0,60.0,,true
1175,5000.0,20.0,,true
1176,2200.0,132.0,,true
1177,3500.0,390.0,,true
1178,5000.0,600.0,,true
1179,500.0,148.0,,true
1180,125.0,473.0,,true
1181,40.0,446.0,,true
1182,350.0,159.0,,true
1183,500.0,199.0,,false
1184,500.0,460.0,,false
1185,3300.0,27.0,,false
1186,3300.0,23.0,,false
1187,3300.0,21.0,,false
1188,60.0,167.0,,false
1189,60.0,206.0,,false
1190,60.0,234.0,,false
1191,800.0,6.0,,false
1192,60.0,111.0,,false
1193,60.0,115.0,,false
1194,60.0,117.0,,false
1195,60.0,99.0,,false
1196,60.0,99.0,,false
1197,60.0,91.0,,false
1198,100.0,248.0,,false
1199,100.0,244.0,,false
1200,900.0,10.0,,false
1201,1150.0,18.0,,false
1202,1000.0,7.0,,false
1203,1350.0,50.0,,true
1204,500.0,60.0,,true
1205,5000.0,16.0,,true
1206,2200.0,136.0,,true
1207,3500.0,345.0,,true
1208,5000.0,600.0,,true
1209,500.0,145.0,,true
1210,125.0,507.0,,true
1211,40.0,388.0,,true
1212,350.0,157.0,,true
1213,500.0,181.0,,false
1214,500.0,520.0,,false
1215,3300.0,24.0,,false
1216,3300.0,29.0,,false
1217,3300.0,22.0,,false
1218,60.0,174.0,,false
1219,60.0,217.0,,false
1220,60.0,181.0,,false
1221,60.0,170.0,,false
1222,800.0,4.0,,false
1223,60.0,114.0,,false
1224,60.0,115.0,,false
1225,60.0,100.0,,false
1226,60.0,82.0,,false
1227,60.0,88.0,,false
1228,60.0,81.0,,false
1229,60.0,102.0,,false
1230,100.0,184.0,,false
1231,100.0,223.0,,false
1232,900.0,9.0,,false
1233,1150.0,15.0,,false
1234,1000.0,6.0,,false
1235,1350.0,47.0,,true
1236,500.0,60.0,,true
1237,5000.0,20.0,,true
1238,2200.0,139.0,,true
1239,3500.0,259.0,,true
1240,5000.0,600.0,,true
1241,500.0,142.0,,true
1242,125.0,508.0,,true
1243,40.0,415.0,,true
1244,350.0,180.0,,true
1245,500.0,196.0,,false
1246,500.0,315.0,,false
1247,3300.0,25.0,,false
1248,3300.0,24.0,,false
1249,3300.0,28.0,,false
1250,60.0,152.0,,false
1251,60.0,184.0,,false
1252,60.0,187.0,,false
1253,800.0,5.0,,false
1254,60.0,107.0,,false
1255,60.0,83.0,,false
1256,60.0,111.0,,false
1257,60.0,111.0,,false
1258,60.0,100.0,,false
1259,60.0,97.0,,false
1260,60.0,102.0,,false
1261,60.0,101.0,,false
1262,60.0,117.0,,false
1263,60.0,106.0,,false
1264,100.0,197.0,,false
1265,100.0,209.0,,false
1266,900.0,8.0,,false
1267,1150.0,15.0,,false
1268,1000.0,6.0,,false
1269,1350.0,48.0,,true
1270,500.0,56.0,,true
1271,5000.0,16.0,,true
1272,2200.0,135.0,,true
1273,3500.0,262.0,,true
1274,5000.0,600.0,,true
1275,500.0,147.0,,true
1276,125.0,542.0,,true
1277,40.0,413.0,,true
1278,350.0,159.0,,true
1279,500.0,180.0,,false
1280,500.0,504.0,,false
1281,3300.0,26.0,,false
1282,3300.0,26.0,,false
1283,3300.0,25.0,,false
1284,60.0,203.0,,false
1285,60.0,239.0,,false
1286,60.0,187.0,,false
1287,800.0,5.0,,false
1288,60.0,115.0,,false
1289,60.0,89.0,,false
1290,60.0,87.0,,false
1291,60.0,84.0,,false
1292,60.0,84.0,,false
1293,60.0,116.0,,false
1294,60.0,113.0,,false
1295,60.0,118.0,,false
1296,100.0,215.0,,false
1297,100.0,189.0,,false
1298,900.0,10.0,,false
1299,1150.0,14.0,,false
1300,1000.0,8.0,,false
1301,1350.0,48.0,,true
1302,500.0,58.0,,true
1303,5000.0,20.0,,true
1304,2200.0,138.0,,true
1305,3500.0,336.0,,true
1306,5000.0,600.0,,true
1307,500.0,142.0,,true
1308,125.0,521.0,,true
1309,40.0,404.0,,true
1310,350.0,148.0,,true
1311,500.0,192.0,,false
1312,500.0,587.0,,false
1313,3300.0,25.0,,false
1314,3300.0,22.0,,false
1315,3300.0,22.0,,false
1316,60.0,157.0,,false
1317,60.0,242.0,,false
1318,60.0,176.0,,false
1319,800.0,5.0,,false
1320,60.0,105.0,,false
1321,60.0,118.0,,false
1322,60.0,90.0,,false
1323,60.0,113.0,,false
1324,60.0,114.0,,false
1325,60.0,86.0,,false
1326,60.0,113.0,,false
1327,100.0,196.0,,false
1328,100.0,205.0,,false
1329,900.0,7.0,,false
1330,1150.0,14.0,,false
1331,1000.0,6.0,,false
1332,1350.0,47.0,,true
1333,500.0,60.0,,true
1334,5000.0,20.0,,true
1335,2200.0,136.0,,true
1336,3500.0,321.0,,true
1337,5000.0,600.0,,true
1338,500.0,146.0,,true
1339,125.0,536.0,,true
1340,40.0,358.0,,true
1341,350.0,142.0,,true
1342,500.0,175.0,,false
1343,500.0,474.0,,false
1344,3300.0,29.0,,false
1345,3300.0,24.0,,false
1346,3300.0,25.0,,false
1347,60.0,199.0,,false
1348,60.0,184.0,,false
1349,60.0,240.0,,false
1350,800.0,5.0,,false
1351,60.0,95.0,,false
1352,60.0,92.0,,false
1353,60.0,102.0,,false
1354,60.0,105.0,,false
1355,60.0,86.0,,false
1356,60.0,87.0,,false
1357,100.0,244.0,,false
1358,100.0,220.0,,false
1359,900.0,8.0,,false
1360,1150.0,16.0,,false
1361,1000.0,5.0,,false
1362,1350.0,48.0,,true
1363,500.0,60.0,,true
1364,5000.0,16.0,,true
1365,2200.0,139.0,,true
1366,3500.0,303.0,,true
1367,5000.0,600.0,,true
1368,500.0,152.0,,true
1369,125.0,506.0,,true
1370,40.0,372.0,,true
1371,350.0,160.0,,true
1372,500.0,200.0,,false
1373,500.0,578.0,,false
1374,3300.0,26.0,,false
1375,3300.0,26.0,,false
1376,3300.0,30.0,,false
1377,60.0,228.0,,false
1378,60.0,182.0,,false
1379,60.0,186.0,,false
1380,60.0,188.0,,false
1381,800.0,5.0,,false
1382,60.0,108.0,,false
1383,60.0,91.0,,false
1384,60.0,113.0,,false
1385,60.0,87.0,,false
1386,60.0,115.0,,false
1387,60.0,108.0,,false
1388,60.0,111.0,,false
1389,60.0,101.0,,false
1390,100.0,231.0,,false
1391,100.0,198.0,,false
1392,900.0,10.0,,false
1393,1150.0,15.0,,false
1394,1000.0,6.0,,false
1395,1350.0,48.0,,true
1396,500.0,57.0,,true
1397,5000.0,17.0,,true
1398,2200.0,140.0,,true
1399,3500.0,337.0,,true
1400,5000.0,600.0,,true
1401,500.0,155.0,,true
1402,125.0,548.0,,true
1403,40.0,363.0,,true
1404,350.0,153.0,,true
1405,500.0,189.0,,false
1406,500.0,324.0,,false
1407,3300.0,24.0,,false
1408,3300.0,27.0,,false
1409,3300.0,24.0,,false
1410,60.0,225.0,,false
1411,60.0,246.0,,false
1412,60.0,178.0,,false
1413,60.0,214.0,,false
1414,800.0,5.0,,false
1415,60.0,100.0,,false
1416,60.0,111.0,,false
1417,60.0,84.0,,false
1418,60.0,86.0,,false
1419,60.0,98.0,,false
1420,60.0,112.0,,false
1421,100.0,221.0,,false
1422,100.0,220.0,,false
1423,900.0,7.0,,false
1424,1150.0,13.0,,false
1425,1000.0,6.0,,false
1426,1350.0,50.0,,true
1427,500.0,59.0,,true
1428,5000.0,20.0,,true
1429,2200.0,135.0,,true
1430,3500.0,252.0,,true
1431,5000.0,600.0,,true
1432,500.0,145.0,,true
1433,125.0,464.0,,true
1434,40.0,454.0,,true
1435,350.0,168.0,,true
1436,500.0,194.0,,false
1437,500.0,598.0,,false
1438,3300.0,22.0,,false
1439,3300.0,29.0,,false
1440,3300.0,23.0,,false
1441,60.0,179.0,,false
1442,60.0,186.0,,false
1443,60.0,176.0,,false
1444,60.0,236.0,,false
1445,800.0,5.0,,false
1446,60.0,105.0,,false
1447,60.0,117.0,,false
1448,60.0,99.0,,false
1449,60.0,98.0,,false
1450,60.0,103.0,,false
1451,60.0,102.0,,false
1452,60.0,95.0,,false
1453,60.0,120.0,,false
1454,60.0,104.0,,false
1455,60.0,106.0,,false
1456,100.0,219.0,,false
1457,100.0,190.0,,false
1458,900.0,9.0,,false
1459,1150.0,14.0,,false
1460,1000.0,5.0,,false
1461,1350.0,46.0,,true
1462,500.0,58.0,,true
1463,5000.0,18.0,,true
1464,2200.0,138.0,,true
1465,3500.0,372.0,,true
1466,5000.0,600.0,,true
1467,500.0,143.0,,true
1468,125.0,514.0,,true
1469,40.0,428.0,,true
1470,350.0,175.0,,true
1471,500.0,180.0,,false
1472,500.0,350.0,,false
1473,3300.0,27.0,,false
1474,3300.0,28.0,,false
1475,3300.0,25.0,,false
1476,60.0,229.0,,false
1477,60.0,190.0,,false
1478,60.0,220.0,,false
1479,800.0,4.0,,false
1480,60.0,92.0,,false
1481,60.0,112.0,,false
1482,60.0,99.0,,false
1483,60.0,107.0,,false
1484,60.0,87.0,,false
1485,60.0,99.0,,false
1486,100.0,237.0,,false
1487,100.0,239.0,,false
1488,900.0,7.0,,false
1489,1150.0,14.0,,false
1490,1000.0,6.0,,false
1491,1350.0,49.0,,true
1492,500.0,60.0,,true
1493,5000.0,17.0,,true
1494,2200.0,133.0,,true
1495,3500.0,372.0,,true
1496,5000.0,600.0,,true
1497,500.0,149.0,,true
1498,125.0,516.0,,true
1499,40.0,408.0,,true
1500,350.0,151.0,,true
1501,500.0,172.0,,false
1502,500.0,394.0,,false
1503,3300.0,22.0,,false
1504,3300.0,29.0,,false
1505,3300.0,24.0,,false
1506,60.0,247.0,,false
1507,60.0,167.0,,false
1508,60.0,168.0,,false
1509,60.0,200.0,,false
1510,800.0,6.0,,false
1511,60.0,116.0,,false
1512,60.0,114.0,,false
1513,60.0,82.0,,false
1514,60.0,106.0,,false
1515,60.0,94.0,,false
1516,60.0,105.0,,false
1517,60.0,90.0,,false
1518,100.0,212.0,,false
1519,100.0,185.0,,false
1520,900.0,7.0,,false
1521,1150.0,17.0,,false
1522,1000.0,5.0,,false
1523,1350.0,49.0,,true
1524,500.0,59.0,,true
1525,5000.0,18.0,,true
1526,2200.0,137.0,,true
1527,3500.0,335.0,,true
1528,5000.0,600.0,,true
1529,500.0,147.0,,true
1530,125.0,536.0,,true
1531,40.0,382.0,,true
1532,350.0,158.0,,true
1533,500.0,197.0,,false
1534,500.0,307.0,,false
1535,3300.0,27.0,,false
1536,3300.0,21.0,,false
1537,3300.0,24.0,,false
1538,60.0,246.0,,false
1539,60.0,226.0,,false
1540,60.0,200.0,,false
1541,800.0,6.0,,false
1542,60.0,92.0,,false
1543,60.0,101.0,,false
1544,60.0,91.0,,false
1545,60.0,107.0,,false
1546,60.0,106.0,,false
1547,60.0,116.0,,false
1548,60.0,102.0,,false
1549,60.0,83.0,,false
1550,60.0,118.0,,false
1551,100.0,218.0,,false
1552,100.0,184.0,,false
1553,900.0,7.0,,false
1554,1150.0,14.0,,false
1555,1000.0,6.0,,false
1556,1350.0,46.0,,true
1557,500.0,57.0,,true
1558,5000.0,20.0,,true
1559,2200.0,139.0,,true
1560,3500.0,358.0,,true
1561,5000.0,600.0,,true
1562,500.0,157.0,,true
1563,125.0,480.0,,true
1564,40.0,405.0,,true
1565,350.0,152.0,,true
1566,500.0,196.0,,false
1567,500.0,491.0,,false
1568,3300.0,23.0,,false
1569,3300.0,24.0,,false
1570,3300.0,24.0,,false
1571,60.0,248.0,,false
1572,60.0,166.0,,false
1573,60.0,202.0,,false
1574,60.0,203.0,,false
1575,800.0,6.0,,false
1576,60.0,112.0,,false
1577,60.0,107.0,,false
1578,60.0,84.0,,false
1579,60.0,95.0,,false
1580,60.0,115.0,,false
1581,60.0,92.0,,false
1582,60.0,95.0,,false
1583,60.0,108.0,,false
1584,100.0,216.0,,false
1585,100.0,219.0,,false
1586,900.0,10.0,,false
1587,1150.0,14.0,,false
1588,1000.0,7.0,,false
1589,1350.0,48.0,,true
1590,500.0,59.0,,true
1591,5000.0,19.0,,true
1592,2200.0,137.0,,true
1593,3500.0,299.0,,true
1594,5000.0,600.0,,true
1595,500.0,156.0,,true
1596,125.0,485.0,,true
1597,40.0,436.0,,true
1598,350.0,179.0,,true
1599,500.0,188.0,,false
1600,500.0,321.0,,false
1601,3300.0,22.0,,false
1602,3300.0,26.0,,false
1603,3300.0,27.0,,false
1604,60.0,198.0,,false
1605,60.0,182.0,,false
1606,60.0,155.0,,false
1607,60.0,200.0,,false
1608,800.0,6.0,,false
1609,60.0,85.0,,false
1610,60.0,115.0,,false
1611,60.0,84.0,,false
1612,60.0,95.0,,false
1613,60.0,109.0,,false
1614,60.0,96.0,,false
1615,60.0,108.0,,false
1616,60.0,118.0,,false
1617,100.0,194.0,,false
1618,100.0,232.0,,false
1619,900.0,9.0,,false
1620,1150.0,15.0,,false
1621,1000.0,5.0,,false
1622,1350.0,47.0,,true
1623,500.0,58.0,,true
1624,5000.0,20.0,,true
1625,2200.0,139.0,,true
1626,3500.0,259.0,,true
1627,5000.0,600.0,,true
1628,500.0,145.0,,true
1629,125.0,542.0,,true
1630,40.0,384.0,,true
1631,350.0,150.0,,true
1632,500.0,183.0,,false
1633,500.0,552.0,,false
1634,3300.0,22.0,,false
1635,3300.0,26.0,,false
1636,3300.0,30.0,,false
1637,60.0,249.0,,false
1638,60.0,190.0,,false
1639,60.0,173.0,,false
1640,800.0,5.0,,false
1641,60.0,97.0,,false
1642,60.0,103.0,,false
1643,60.0,105.0,,false
1644,60.0,109.0,,false
1645,60.0,83.0,,false
1646,60.0,97.0,,false
1647,100.0,197.0,,false
1648,100.0,206.0,,false
1649,900.0,9.0,,false
1650,1150.0,16.0,,false
1651,1000.0,7.0,,false
1652,1350.0,46.0,,true
1653,500.0,58.0,,true
1654,5000.0,20.0,,true
1655,2200.0,138.0,,true
1656,3500.0,265.0,,true
1657,5000.0,600.0,,true
1658,500.0,158.0,,true
1659,125.0,502.0,,true
1660,40.0,454.0,,true
1661,350.0,161.0,,true
1662,500.0,173.0,,false
1663,500.0,306.0,,false
1664,3300.0,25.0,,false
1665,3300.0,29.0,,false
1666,3300.0,24.0,,false
1667,60.0,233.0,,false
1668,60.0,193.0,,false
1669,60.0,229.0,,false
1670,60.0,154.0,,false
1671,800.0,5.0,,false
1672,60.0,100.0,,false
1673,60.0,97.0,,false
1674,60.0,102.0,,false
1675,60.0,98.0,,false
1676,60.0,96.0,,false
1677,60.0,108.0,,false
1678,100.0,195.0,,false
1679,100.0,200.0,,false
1680,900.0,7.0,,false
1681,1150.0,18.0,,false
1682,1000.0,5.0,,false
1683,1350.0,49.0,,true
1684,500.0,60.0,,true
1685,5000.0,17.0,,true
1686,2200.0,137.0,,true
1687,3500.0,327.0,,true
1688,5000.0,600.0,,true
1689,500.0,145.0,,true
1690,125.0,520.0,,true
1691,40.0,420.0,,true
1692,350.0,179.0,,true
1693,500.0,190.0,,false
1694,500.0,422.0,,false
1695,3300.0,30.0,,false
1696,3300.0,22.0,,false
1697,3300.0,24.0,,false
1698,60.0,239.0,,false
1699,60.0,220.0,,false
1700,60.0,188.0,,false
1701,60.0,156.0,,false
1702,800.0,4.0,,false
1703,60.0,89.0,,false
1704,60.0,94.0,,false
1705,60.0,103.0,,false
1706,60.0,104.0,,false
1707,60.0,111.0,,false
1708,60.0,98.0,,false
1709,60.0,112.0,,false
1710,60.0,97.0,,false
1711,60.0,104.0,,false
1712,60.0,114.0,,false
1713,100.0,185.0,,false
1714,100.0,198.0,,false
1715,900.0,9.0,,false
1716,1150.0,14.0,,false
1717,1000.0,8.0,,false
1718,1350.0,48.0,,true
1719,500.0,56.0,,true
1720,5000.0,18.0,,true
1721,2200.0,133.0,,true
1722,3500.0,376.0,,true
1723,5000.0,600.0,,true
1724,500.0,143.0,,true
1725,125.0,463.0,,true
1726,40.0,377.0,,true
1727,350.0,145.0,,true
1728,500.0,176.0,,false
1729,500.0,594.0,,false
1730,3300.0,28.0,,false
1731,3300.0,30.0,,false
1732,3300.0,24.0,,false
1733,60.0,239.0,,false
1734,60.0,164.0,,false
1735,60.0,197.0,,false
1736,60.0,225.0,,false
1737,800.0,4.0,,false
1738,60.0,104.0,,false
1739,60.0,116.0,,false
1740,60.0,113.0,,false
1741,60.0,97.0,,false
1742,60.0,89.0,,false
1743,60.0,84.0,,false
1744,100.0,219.0,,false
1745,100.0,229.0,,false
1746,900.0,10.0,,false
1747,1150.0,18.0,,false
1748,1000.0,7.0,,false
1749,1350.0,48.0,,true
1750,500.0,59.0,,true
1751,5000.0,16.0,,true
1752,2200.0,135.0,,true
1753,3500.0,241.0,,true
1754,5000.0,600.0,,true
1755,500.0,146.0,,true
1756,125.0,463.0,,true
1757,40.0,452.0,,true
1758,350.0,161.0,,true
1759,500.0,199.0,,false
1760,500.0,561.0,,false
1761,3300.0,27.0,,false
1762,3300.0,27.0,,false
1763,3300.0,30.0,,false
1764,60.0,195.0,,false
1765,60.0,230.0,,false
1766,60.0,166.0,,false
1767,60.0,203.0,,false
1768,800.0,5.0,,false
1769,60.0,93.0,,false
1770,60.0,82.0,,false
1771,60.0,82.0,,false
1772,60.0,116.0,,false
1773,60.0,119.0,,false
1774,60.0,108.0,,false
1775,60.0,117.0,,false
1776,60.0,97.0,,false
1777,100.0,189.0,,false
1778,100.0,239.0,,false
1779,900.0,7.0,,false
1780,1150.0,17.0,,false
1781,1000.0,8.0,,false
1782,1350.0,47.0,,true
1783,500.0,56.0,,true
1784,5000.0,18.0,,true
1785,2200.0,135.0,,true
1786,3500.0,253.0,,true
1787,5000.0,600.0,,true
1788,500.0,147.0,,true
1789,125.0,506.0,,true
1790,40.0,400.0,,true
1791,350.0,163.0,,true
1792,500.0,176.0,,false
1793,500.0,542.0,,false
1794,3300.0,25.0,,false
1795,3300.0,30.0,,false
1796,3300.0,21.0,,false
1797,60.0,247.0,,false
1798,60.0,215.0,,false
1799,60.0,161.0,,false
1800,800.0,6.0,,false
1801,60.0,82.0,,false
1802,60.0,81.0,,false
1803,60.0,104.0,,false
1804,60.0,96.0,,false
1805,60.0,93.0,,false
1806,60.0,93.0,,false
1807,60.0,113.0,,false
1808,100.0,237.0,,false
1809,100.0,228.0,,false
1810,900.0,9.0,,false
1811,1150.0,16.0,,false
1812,1000.0,5.0,,false
1813,1350.0,50.0,,true
1814,500.0,59.0,,true
1815,5000.0,17.0,,true
1816,2200.0,137.0,,true
1817,3500.0,352.0,,true
1818,5000.0,600.0,,true
1819,500.0,147.0,,true
1820,125.0,479.0,,true
1821,40.0,430.0,,true
1822,350.0,157.0,,true
1823,500.0,193.0,,false
1824,500.0,522.0,,false
1825,3300.0,29.0,,false
1826,3300.0,23.0,,false
1827,3300.0,28.0,,false
1828,60.0,189.0,,false
1829,60.0,161.0,,false
1830,60.0,166.0,,false
1831,60.0,218.0,,false
1832,800.0,4.0,,false
1833,60.0,97.0,,false
1834,60.0,110.0,,false
1835,60.0,119.0,,false
1836,60.0,104.0,,false
1837,60.0,104.0,,false
1838,60.0,105.0,,false
1839,60.0,100.0,,false
1840,60.0,110.0,,false
1841,100.0,201.0,,false
1842,100.0,181.0,,false
1843,900.0,9.0,,false
1844,1150.0,15.0,,false
1845,1000.0,8.0,,false
1846,1350.0,47.0,,true
1847,500.0,56.0,,true
1848,5000.0,20.0,,true
1849,2200.0,134.0,,true
1850,3500.0,205.0,,true
1851,5000.0,600.0,,true
1852,500.0,160.0,,true
1853,125.0,547.0,,true
1854,40.0,389.0,,true
1855,350.0,178.0,,true
1856,500.0,177.0,,false
1857,500.0,404.0,,false
1858,3300.0,26.0,,false
1859,3300.0,27.0,,false
1860,3300.0,28.0,,false
1861,60.0,195.0,,false
1862,60.0,170.0,,false
1863,60.0,169.0,,false
1864,60.0,200.0,,false
1865,800.0,5.0,,false
1866,60.0,86.0,,false
1867,60.0,113.0,,false
1868,60.0,113.0,,false
1869,60.0,85.0,,false
1870,60.0,88.0,,false
1871,60.0,103.0,,false
1872,60.0,102.0,,false
1873,60.0,94.0,,false
1874,60.0,88.0,,false
1875,60.0,93.0,,false
1876,100.0,189.0,,false
1877,100.0,205.0,,false
1878,900.0,7.0,,false
1879,1150.0,17.0,,false
1880,1000.0,5.0,,false
1881,1350.0,49.0,,true
1882,500.0,59.0,,true
1883,5000.0,16.0,,true
1884,2200.0,138.0,,true
1885,3500.0,359.0,,true
1886,5000.0,600.0,,true
1887,500.0,141.0,,true
1888,125.0,550.0,,true
1889,40.0,422.0,,true
1890,350.0,165.0,,true
1891,500.0,185.0,,false
1892,500.0,400.0,,false
1893,3300.0,23.0,,false
1894,3300.0,28.0,,false
1895,3300.0,26.0,,false
1896,60.0,190.0,,false
1897,60.0,201.0,,false
1898,60.0,181.0,,false
1899,800.0,4.0,,false
1900,60.0,115.0,,false
1901,60.0,90.0,,false
1902,60.0,94.0,,false
1903,60.0,88.0,,false
1904,60.0,100.0,,false
1905,60.0,119.0,,false
1906,60.0,86.0,,false
1907,60.0,118.0,,false
1908,60.0,119.0,,false
1909,100.0,185.0,,false
1910,100.0,247.0,,false
1911,900.0,8.0,,false
1912,1150.0,16.0,,false
1913,1000.0,5.0,,false
1914,1350.0,50.0,,true
1915,500.0,57.0,,true
1916,5000.0,20.0,,true
1917,2200.0,140.0,,true
1918,3500.0,267.0,,true
1919,5000.0,600.0,,true
1920,500.0,141.0,,true
1921,125.0,495.0,,true
1922,40.0,398.0,,true
1923,350.0,158.0,,true
1924,500.0,176.0,,false
1925,500.0,412.0,,false
1926,3300.0,21.0,,false
1927,3300.0,26.0,,false
1928,3300.0,26.0,,false
1929,60.0,154.0,,false
1930,60.0,200.0,,false
1931,60.0,224.0,,false
1932,800.0,6.0,,false
1933,60.0,113.0,,false
1934,60.0,97.0,,false
1935,60.0,101.0,,false
1936,60.0,85.0,,false
1937,60.0,96.0,,false
1938,60.0,116.0,,false
1939,100.0,185.0,,false
1940,100.0,250.0,,false
1941,900.0,9.0,,false
1942,1150.0,17.0,,false
1943,1000.0,7.0,,false
1944,1350.0,50.0,,true
1945,500.0,56.0,,true
1946,5000.0,18.0,,true
1947,2200.0,140.0,,true
1948,3500.0,301.0,,true
1949,5000.0,600.0,,true
1950,500.0,153.0,,true
1951,125.0,548.0,,true
1952,40.0,441.0,,true
1953,350.0,164.0,,true
1954,500.0,186.0,,false
1955,500.0,591.0,,false
1956,3300.0,25.0,,false
1957,3300.0,29.0,,false
1958,3300.0,23.0,,false
1959,60.0,239.0,,false
1960,60.0,206.0,,false
1961,60.0,249.0,,false
1962,60.0,192.0,,false
1963,800.0,5.0,,false
1964,60.0,99.0,,false
1965,60.0,97.0,,false
1966,60.0,105.0,,false
1967,60.0,114.0,,false
1968,60.0,113.0,,false
1969,60.0,89.0,,false
1970,60.0,94.0,,false
1971,60.0,107.0,,false
1972,60.0,109.0,,false
1973,100.0,200.0,,false
1974,100.0,248.0,,false
1975,900.0,9.0,,false
1976,1150.0,17.0,,false
1977,1000.0,6.0,,false
1978,1350.0,46.0,,true
1979,500.0,59.0,,true
1980,5000.0,19.0,,true
1981,2200.0,137.0,,true
1982,3500.0,334.0,,true
1983,5000.0,600.0,,true
1984,500.0,144.0,,true
1985,125.0,513.0,,true
1986,40.0,394.0,,true
1987,350.0,142.0,,true
1988,500.0,181.0,,false
1989,500.0,350.0,,false
1990,3300.0,26.0,,false
1991,3300.0,21.0,,false
1992,3300.0,29.0,,false
1993,60.0,214.0,,false
1994,60.0,158.0,,false
1995,60.0,234.0,,false
1996,800.0,5.0,,false
1997,60.0,88.0,,false
1998,60.0,87.0,,false
1999,60.0,105.0,,false
2000,60.0,114.0,,false
2001,60.0,95.0,,false
2002,60.0,106.0,,false
2003,60.0,113.0,,false
2004,60.0,95.0,,false
2005,60.0,105.0,,false
2006,60.0,89.0,,false
2007,100.0,187.0,,false
2008,100.0,235.0,,false
2009,900.0,7.0,,false
2010,1150.0,15.0,,false
2011,1000.0,5.0,,false
2012,1350.0,47.0,,true
2013,500.0,59.0,,true
2014,5000.0,20.0,,true
2015,2200.0,135.0,,true
2016,3500.0,202.0,,true
2017,5000.0,600.0,,true
2018,500.0,148.0,,true
2019,125.0,462.0,,true
2020,40.0,449.0,,true
2021,350.0,175.0,,true
2022,500.0,185.0,,false
2023,500.0,439.0,,false
2024,3300.0,25.0,,false
2025,3300.0,25.0,,false
2026,3300.0,28.0,,false
2027,60.0,164.0,,false
2028,60.0,234.0,,false
2029,60.0,242.0,,false
2030,800.0,6.0,,false
2031,60.0,102.0,,false
2032,60.0,98.0,,false
2033,60.0,86.0,,false
2034,60.0,96.0,,false
2035,60.0,82.0,,false
2036,60.0,113.0,,false
2037,100.0,245.0,,false
2038,100.0,194.0,,false
2039,900.0,7.0,,false
2040,1150.0,14.0,,false
2041,1000.0,7.0,,false
2042,1350.0,49.0,,true
2043,500.0,58.0,,true
2044,5000.0,18.0,,true
2045,2200.0,134.0,,true
2046,3500.0,267.0,,true
2047,5000.0,600.0,,true
2048,500.0,146.0,,true
2049,125.0,496.0,,true
2050,40.0,449.0,,true
2051,350.0,142.0,,true
2052,500.0,196.0,,false
2053,500.0,473.0,,false
2054,3300.0,25.0,,false
2055,3300.0,30.0,,false
2056,3300.0,27.0,,false
2057,60.0,235.0,,false
2058,60.0,167.0,,false
2059,60.0,177.0,,false
2060,800.0,4.0,,false
2061,60.0,81.0,,false
2062,60.0,88.0,,false
2063,60.0,94.0,,false
2064,60.0,91.0,,false
2065,60.0,97.0,,false
2066,60.0,107.0,,false
2067,60.0,112.0,,false
2068,60.0,111.0,,false
2069,60.0,105.0,,false
2070,60.0,110.0,,false
2071,100.0,227.0,,false
2072,100.0,185.0,,false
2073,900.0,9.0,,false
2074,1150.0,18.0,,false
2075,1000.0,5.0,,false
2076,1350.0,49.0,,true
2077,500.0,58.0,,true
2078,5000.0,18.0,,true
2079,2200.0,133.0,,true
2080,3500.0,250.0,,true
2081,5000.0,600.0,,true
2082,500.0,153.0,,true
2083,125.0,527.0,,true
2084,40.0,414.0,,true
2085,350.0,163.0,,true
2086,500.0,192.0,,false
2087,500.0,338.0,,false
2088,3300.0,27.0,,false
2089,3300.0,29.0,,false
2090,3300.0,27.0,,false
2091,60.0,233.0,,false
2092,60.0,244.0,,false
2093,60.0,248.0,,false
2094,60.0,242.0,,false
2095,800.0,6.0,,false
2096,60.0,104.0,,false
2097,60.0,96.0,,false
2098,60.0,102.0,,false
2099,60.0,110.0,,false
2100,60.0,105.0,,false
2101,60.0,104.0,,false
2102,60.0,90.0,,false
2103,60.0,82.0,,false
2104,100.0,213.0,,false
2105,100.0,229.0,,false
2106,900.0,9.0,,false
2107,1150.0,18.0,,false
2108,1000.0,7.0,,false
2109,1350.0,47.0,,true
2110,500.0,58.0,,true
2111,5000.0,16.0,,true
2112,2200.0,135.0,,true
2113,3500.0,363.0,,true
2114,5000.0,600.0,,true
2115,500.0,154.0,,true
2116,125.0,474.0,,true
2117,40.0,405.0,,true
2118,350.0,175.0,,true
2119,500.0,189.0,,false
2120,500.0,475.0,,false
2121,3300.0,27.0,,false
2122,3300.0,24.0,,false
2123,3300.0,29.0,,false
2124,60.0,238.0,,false
2125,60.0,173.0,,false
2126,60.0,190.0,,false
2127,60.0,225.0,,false
2128,800.0,4.0,,false
2129,60.0,110.0,,false
2130,60.0,119.0,,false
2131,60.0,95.0,,false
2132,60.0,84.0,,false
2133,60.0,88.0,,false
2134,60.0,84.0,,false
2135,60.0,113.0,,false
2136,100.0,225.0,,false
2137,100.0,188.0,,false
2138,900.0,9.0,,false
2139,1150.0,14.0,,false
2140,1000.0,5.0,,false
2141,1350.0,46.0,,true
2142,500.0,57.0,,true
2143,5000.0,17.0,,true
2144,2200.0,140.0,,true
2145,3500.0,355.0,,true
2146,5000.0,600.0,,true
2147,500.0,141.0,,true
2148,125.0,488.0,,true
2149,40.0,375.0,,true
2150,350.0,172.0,,true
2151,500.0,196.0,,false
2152,500.0,410.0,,false
2153,3300.0,28.0,,false
2154,3300.0,30.0,,false
2155,3300.0,27.0,,false
2156,60.0,235.0,,false
2157,60.0,203.0,,false
2158,60.0,228.0,,false
2159,800.0,6.0,,false
2160,60.0,111.0,,false
2161,60.0,119.0,,false
2162,60.0,87.0,,false
2163,60.0,103.0,,false
2164,60.0,100.0,,false
2165,60.0,107.0,,false
2166,60.0,100.0,,false
2167,60.0,103.0,,false
2168,60.0,95.0,,false
2169,60.0,95.0,,false
2170,100.0,193.0,,false
2171,100.0,219.0,,false
2172,900.0,10.0,,false
2173,1150.0,18.0,,false
2174,1000.0,7.0,,false
2175,1350.0,49.0,,true
2176,500.0,57.0,,true
2177,5000.0,18.0,,true
2178,2200.0,135.0,,true
2179,3500.0,250.0,,true
2180,5000.0,600.0,,true
2181,500.0,143.0,,true
2182,125.0,462.0,,true
2183,40.0,441.0,,true
2184,350.0,169.0,,true
2185,500.0,178.0,,false
2186,500.0,306.0,,false
2187,3300.0,29.0,,false
2188,3300.0,21.0,,false
2189,3300.0,26.0,,false
2190,60.0,160.0,,false
2191,60.0,204.0,,false
2192,60.0,172.0,,false
2193,60.0,237.0,,false
2194,800.0,6.0,,false
2195,60.0,84.0,,false
2196,60.0,114.0,,false
2197,60.0,83.0,,false
2198,60.0,108.0,,false
2199,60.0,95.0,,false
2200,60.0,84.0,,false
2201,60.0,97.0,,false
2202,100.0,199.0,,false
2203,100.0,220.0,,false
2204,900.0,9.0,,false
2205,1150.0,17.0,,false
2206,1000.0,5.0,,false
2207,1350.0,47.0,,true
2208,500.0,57.0,,true
2209,5000.0,20.0,,true
2210,2200.0,131.0,,true
2211,3500.0,277.0,,true
2212,5000.0,600.0,,true
2213,500.0,148.0,,true
2214,125.0,461.0,,true
2215,40.0,421.0,,true
2216,350.0,145.0,,true
2217,500.0,180.0,,false
2218,500.0,451.0,,false
2219,3300.0,24.0,,false
2220,3300.0,30.0,,false
2221,3300.0,23.0,,false
2222,60.0,164.0,,false
2223,60.0,209.0,,false
2224,60.0,196.0,,false
2225,60.0,167.0,,false
2226,800.0,4.0,,false
2227,60.0,112.0,,false
2228,60.0,113.0,,false
2229,60.0,94.0,,false
2230,60.0,100.0,,false
2231,60.0,103.0,,false
2232,60.0,95.0,,false
2233,60.0,108.0,,false
2234,100.0,220.0,,false
2235,100.0,238.0,,false
2236,900.0,8.0,,false
2237,1150.0,15.0,,false
2238,1000.0,6.0,,false
2239,1350.0,49.0,,true
2240,500.0,60.0,,true
2241,5000.0,20.0,,true
2242,2200.0,133.0,,true
2243,3500.0,293.0,,true
2244,5000.0,600.0,,true
2245,500.0,153.0,,true
2246,125.0,529.0,,true
2247,40.0,385.0,,true
2248,350.0,143.0,,true
2249,500.0,193.0,,false
2250,500.0,537.0,,false
2251,3300.0,21.0,,false
2252,3300.0,22.0,,false
2253,3300.0,27.0,,false
2254,60.0,205.0,,false
2255,60.0,216.0,,false
2256,60.0,214.0,,false
2257,800.0,6.0,,false
2258,60.0,104.0,,false
2259,60.0,107.0,,false
2260,60.0,109.0,,false
2261,60.0,94.0,,false
2262,60.0,90.0,,false
2263,60.0,114.0,,false
2264,60.0,110.0,,false
2265,60.0,112.0,,false
2266,60.0,84.0,,false
2267,100.0,227.0,,false
2268,100.0,223.0,,false
2269,900.0,8.0,,false
2270,1150.0,17.0,,false
2271,1000.0,6.0,,false
2272,1350.0,46.0,,true
2273,500.0,59.0,,true
2274,5000.0,17.0,,true
2275,2200.0,131.0,,true
2276,3500.0,237.0,,true
2277,5000.0,600.0,,true
2278,500.0,145.0,,true
2279,125.0,488.0,,true
2280,40.0,374.0,,true
2281,350.0,142.0,,true
2282,500.0,180.0,,false
2283,500.0,308.0,,false
2284,3300.0,29.0,,false
2285,3300.0,23.0,,false
2286,3300.0,26.0,,false
2287,60.0,165.0,,false
2288,60.0,152.0,,false
2289,60.0,247.0,,false
2290,800.0,5.0,,false
2291,60.0,118.0,,false
2292,60.0,81.0,,false
2293,60.0,116.0,,false
2294,60.0,114.0,,false
2295,60.0,105.0,,false
2296,60.0,113.0,,false
2297,60.0,102.0,,false
2298,100.0,222.0,,false
2299,100.0,206.0,,false
2300,900.0,10.0,,false
2301,1150.0,16.0,,false
2302,1000.0,7.0,,false
2303,1350.0,47.0,,true
2304,500.0,56.0,,true
2305,5000.0,19.0,,true
2306,2200.0,133.0,,true
2307,3500.0,244.0,,true
2308,5000.0,600.0,,true
2309,500.0,157.0,,true
2310,125.0,459.0,,true
2311,40.0,427.0,,true
2312,350.0,168.0,,true
2313,500.0,179.0,,false
2314,500.0,477.0,,false
2315,3300.0,21.0,,false
2316,3300.0,24.0,,false
2317,3300.0,24.0,,false
2318,60.0,193.0,,false
2319,60.0,157.0,,false
2320,60.0,207.0,,false
2321,800.0,5.0,,false
2322,60.0,101.0,,false
2323,60.0,118.0,,false
2324,60.0,93.0,,false
2325,60.0,102.0,,false
2326,60.0,104.0,,false
2327,60.0,97.0,,false
2328,100.0,236.0,,false
2329,100.0,203.0,,false
2330,900.0,7.0,,false
2331,1150.0,18.0,,false
2332,1000.0,5.0,,false
2333,1350.0,46.0,,true
2334,500.0,56.0,,true
2335,5000.0,20.0,,true
2336,2200.0,139.0,,true
2337,3500.0,399.0,,true
2338,5000.0,600.0,,true
2339,500.0,159.0,,true
2340,125.0,548.0,,true
2341,40.0,437.0,,true
2342,350.0,165.0,,true
2343,500.0,171.0,,false
2344,500.0,376.0,,false
2345,3300.0,28.0,,false
2346,3300.0,21.0,,false
2347,3300.0,30.0,,false
2348,60.0,233.0,,false
2349,60.0,157.0,,false
2350,60.0,210.0,,false
2351,800.0,5.0,,false
2352,60.0,112.0,,false
2353,60.0,108.0,,false
2354,60.0,110.0,,false
2355,60.0,117.0,,false
2356,60.0,101.0,,false
2357,60.0,120.0,,false
2358,60.0,109.0,,false
2359,100.0,222.0,,false
2360,100.0,247.0,,false
2361,900.0,10.0,,false
2362,1150.0,16.0,,false
2363,1000.0,5.0,,false
2364,1350.0,46.0,,true
2365,500.0,57.0,,true
2366,5000.0,20.0,,true
2367,2200.0,135.0,,true
2368,3500.0,394.0,,true
2369,5000.0,600.0,,true
2370,500.0,159.0,,true
2371,125.0,473.0,,true
2372,40.0,412.0,,true
2373,350.0,174.0,,true
2374,500.0,172.0,,false
2375,500.0,399.0,,false
2376,3300.0,24.0,,false
2377,3300.0,23.0,,false
2378,3300.0,21.0,,false
2379,60.0,179.0,,false
2380,60.0,229.0,,false
2381,60.0,218.0,,false
2382,60.0,160.0,,false
2383,800.0,5.0,,false
2384,60.0,93.0,,false
2385,60.0,101.0,,false
2386,60.0,117.0,,false
2387,60.0,95.0,,false
2388,60.0,84.0,,false
2389,60.0,82.0,,false
2390,100.0,235.0,,false
2391,100.0,210.0,,false
2392,900.0,7.0,,false
2393,1150.0,17.0,,false
2394,1000.0,7.0,,false
2395,1350.0,48.0,,true
2396,500.0,59.0,,true
2397,5000.0,20.0,,true
2398,2200.0,132.0,,true
2399,3500.0,213.0,,true
2400,5000.0,600.0,,true
2401,500.0,154.0,,true
2402,125.0,463.0,,true
2403,40.0,424.0,,true
2404,350.0,168.0,,true
2405,500.0,174.0,,false
2406,500.0,564.0,,false
2407,3300.0,30.0,,false
2408,3300.0,26.0,,false
2409,3300.0,22.0,,false
2410,60.0,171.0,,false
2411,60.0,245.0,,false
2412,60.0,237.0,,false
2413,800.0,6.0,,false
2414,60.0,117.0,,false
2415,60.0,83.0,,false
2416,60.0,100.0,,false
2417,60.0,90.0,,false
2418,60.0,104.0,,false
2419,60.0,117.0,,false
2420,60.0,117.0,,false
2421,100.0,231.0,,false
2422,100.0,225.0,,false
2423,900.0,8.0,,false
2424,1150.0,14.0,,false
2425,1000.0,5.0,,false
2426,1350.0,47.0,,true
2427,500.0,59.0,,true
2428,5000.0,20.0,,true
2429,2200.0,131.0,,true
2430,3500.0,387.0,,true
2431,5000.0,600.0,,true
2432,500.0,149.0,,true
2433,125.0,505.0,,true
2434,40.0,354.0,,true
2435,350.0,173.0,,true
2436,500.0,191.0,,false
2437,500.0,563.0,,false
2438,3300.0,30.0,,false
2439,3300.0,26.0,,false
2440,3300.0,22.0,,false
2441,60.0,236.0,,false
2442,60.0,250.0,,false
2443,60.0,212.0,,false
2444,800.0,4.0,,false
2445,60.0,111.0,,false
2446,60.0,111.0,,false
2447,60.0,119.0,,false
2448,60.0,92.0,,false
2449,60.0,94.0,,false
2450,60.0,89.0,,false
2451,100.0,243.0,,false
2452,100.0,204.0,,false
2453,900.0,7.0,,false
2454,1150.0,13.0,,false
2455,1000.0,8.0,,false
2456,1350.0,46.0,,true
2457,500.0,58.0,,true
2458,5000.0,16.0,,true
2459,2200.0,138.0,,true
2460,3500.0,376.0,,true
2461,5000.0,600.0,,true
2462,500.0,154.0,,true
2463,125.0,499.0,,true
2464,40.0,367.0,,true
2465,350.0,176.0,,true
2466,500.0,194.0,,false
2467,500.0,524.0,,false
2468,3300.0,21.0,,false
2469,3300.0,27.0,,false
2470,3300.0,24.0,,false
2471,60.0,176.0,,false
2472,60.0,233.0,,false
2473,60.0,207.0,,false
2474,800.0,4.0,,false
2475,60.0,86.0,,false
2476,60.0,103.0,,false
2477,60.0,81.0,,false
2478,60.0,111.0,,false
2479,60.0,86.0,,false
2480,60.0,98.0,,false
2481,60.0,111.0,,false
2482,60.0,89.0,,false
2483,60.0,92.0,,false
2484,60.0,88.0,,false
2485,100.0,191.0,,false
2486,100.0,223.0,,false
2487,900.0,7.0,,false
2488,1150.0,14.0,,false
2489,1000.0,7.0,,false
2490,1350.0,47.0,,true
2491,500.0,58.0,,true
2492,5000.0,17.0,,true
2493,2200.0,139.0,,true
2494,3500.0,228.0,,true
2495,5000.0,600.0,,true
2496,500.0,148.0,,true
2497,125.0,455.0,,true
2498,40.0,441.0,,true
2499,350.0,155.0,,true
2500,500.0,178.0,,false
2501,500.0,360.0,,false
2502,3300.0,24.0,,false
2503,3300.0,24.0,,false
2504,3300.0,24.0,,false
2505,60.0,168.0,,false
2506,60.0,225.0,,false
2507,60.0,191.0,,false
2508,60.0,198.0,,false
2509,800.0,6.0,,false
2510,60.0,111.0,,false
2511,60.0,83.0,,false
2512,60.0,120.0,,false
2513,60.0,113.0,,false
2514,60.0,102.0,,false
2515,60.0,83.0,,false
2516,60.0,93.0,,false
2517,100.0,239.0,,false
2518,100.0,204.0,,false
2519,900.0,9.0,,false
2520,1150.0,17.0,,false
2521,1000.0,5.0,,false
2522,1350.0,49.0,,true
2523,500.0,60.0,,true
2524,5000.0,20.0,,true
2525,2200.0,136.0,,true
2526,3500.0,259.0,,true
2527,5000.0,600.0,,true
2528,500.0,142.0,,true
2529,125.0,487.0,,true
2530,40.0,449.0,,true
2531,350.0,167.0,,true
2532,500.0,182.0,,false
2533,500.0,324.0,,false
2534,3300.0,21.0,,false
2535,3300.0,24.0,,false
2536,3300.0,27.0,,false
2537,60.0,248.0,,false
2538,60.0,205.0,,false
2539,60.0,209.0,,false
2540,60.0,185.0,,false
2541,800.0,4.0,,false
2542,60.0,81.0,,false
2543,60.0,90.0,,false
2544,60.0,92.0,,false
2545,60.0,85.0,,false
2546,60.0,103.0,,false
2547,60.0,105.0,,false
2548,60.0,101.0,,false
2549,60.0,99.0,,false
2550,60.0,102.0,,false
2551,100.0,188.0,,false
2552,100.0,230.0,,false
2553,900.0,8.0,,false
2554,1150.0,18.0,,false
2555,1000.0,5.0,,false
2556,1350.0,47.0,,true
2557,500.0,57.0,,true
2558,5000.0,18.0,,true
2559,2200.0,139.0,,true
2560,3500.0,205.0,,true
2561,5000.0,600.0,,true
2562,500.0,155.0,,true
2563,125.0,516.0,,true
2564,40.0,362.0,,true
2565,350.0,156.0,,true
2566,500.0,194.0,,false
2567,500.0,387.0,,false
2568,3300.0,30.0,,false
2569,3300.0,25.0,,false
2570,3300.0,25.0,,false
2571,60.0,238.0,,false
2572,60.0,172.0,,false
2573,60.0,151.0,,false
2574,800.0,4.0,,false
2575,60.0,93.0,,false
2576,60.0,82.0,,false
2577,60.0,118.0,,false
2578,60.0,95.0,,false
2579,60.0,102.0,,false
2580,60.0,104.0,,false
2581,60.0,84.0,,false
2582,60.0,102.0,,false
2583,60.0,92.0,,false
2584,60.0,118.0,,false
2585,100.0,206.0,,false
2586,100.0,235.0,,false
2587,900.0,8.0,,false
2588,1150.0,15.0,,false
2589,1000.0,8.0,,false
2590,1350.0,49.0,,true
2591,500.0,57.0,,true
2592,5000.0,17.0,,true
2593,2200.0,137.0,,true
2594,3500.0,294.0,,true
2595,5000.0,600.0,,true
2596,500.0,154.0,,true
2597,125.0,462.0,,true
2598,40.0,406.0,,true
2599,350.0,167.0,,true
2600,500.0,196.0,,false
2601,500.0,582.0,,false
2602,3300.0,27.0,,false
2603,3300.0,27.0,,false
2604,3300.0,26.0,,false
2605,60.0,169.0,,false
2606,60.0,211.0,,false
2607,60.0,216.0,,false
2608,60.0,183.0,,false
2609,800.0,5.0,,false
2610,60.0,106.0,,false
2611,60.0,116.0,,false
2612,60.0,119.0,,false
2613,60.0,87.0,,false
2614,60.0,91.0,,false
2615,60.0,91.0,,false
2616,60.0,86.0,,false
2617,60.0,112.0,,false
2618,100.0,226.0,,false
2619,100.0,211.0,,false
2620,900.0,8.0,,false
2621,1150.0,14.0,,false
2622,1000.0,5.0,,false
2623,1350.0,47.0,,true
2624,500.0,56.0,,true
2625,5000.0,17.0,,true
2626,2200.0,131.0,,true
2627,3500.0,363.0,,true
2628,5000.0,600.0,,true
2629,500.0,152.0,,true
2630,125.0,544.0,,true
2631,40.0,399.0,,true
2632,350.0,155.0,,true
2633,500.0,187.0,,false
2634,500.0,376.0,,false
2635,3300.0,29.0,,false
2636,3300.0,28.0,,false
2637,3300.0,27.0,,false
2638,60.0,218.0,,false
2639,60.0,203.0,,false
2640,60.0,230.0,,false
2641,800.0,5.0,,false
2642,60.0,104.0,,false
2643,60.0,114.0,,false
2644,60.0,98.0,,false
2645,60.0,101.0,,false
2646,60.0,95.0,,false
2647,60.0,86.0,,false
2648,60.0,107.0,,false
2649,60.0,111.0,,false
2650,60.0,107.0,,false
2651,100.0,196.0,,false
2652,100.0,250.0,,false
2653,900.0,8.0,,false
2654,1150.0,14.0,,false
2655,1000.0,5.0,,false
2656,1350.0,46.0,,true
2657,500.0,57.0,,true
2658,5000.0,19.0,,true
2659,2200.0,140.0,,true
2660,3500.0,381.0,,true
2661,5000.0,600.0,,true
2662,500.0,150.0,,true
2663,125.0,516.0,,true
2664,40.0,423.0,,true
2665,350.0,149.0,,true
2666,500.0,194.0,,false
2667,500.0,548.0,,false
2668,3300.0,26.0,,false
2669,3300.0,26.0,,false
2670,3300.0,30.0,,false
2671,60.0,222.0,,false
2672,60.0,247.0,,false
2673,60.0,158.0,,false
2674,60.0,193.0,,false
2675,800.0,6.0,,false
2676,60.0,85.0,,false
2677,60.0,101.0,,false
2678,60.0,103.0,,false
2679,60.0,92.0,,false
2680,60.0,117.0,,false
2681,60.0,90.0,,false
2682,60.0,90.0,,false
2683,60.0,97.0,,false
2684,60.0,110.0,,false
2685,60.0,117.0,,false
2686,100.0,190.0,,false
2687,100.0,233.0,,false
2688,900.0,10.0,,false
2689,1150.0,14.0,,false
2690,1000.0,8.0,,false
2691,1350.0,47.0,,true
2692,500.0,59.0,,true
2693,5000.0,18.0,,true
2694,2200.0,135.0,,true
2695,3500.0,236.0,,true
2696,5000.0,600.0,,true
2697,500.0,141.0,,true
2698,125.0,502.0,,true
2699,40.0,446.0,,true
2700,350.0,159.0,,true
2701,500.0,189.0,,false
2702,500.0,433.0,,false
2703,3300.0,21.0,,false
2704,3300.0,23.0,,false
2705,3300.0,30.0,,false
2706,60.0,182.0,,false
2707,60.0,225.0,,false
2708,60.0,207.0,,false
2709,800.0,4.0,,false
2710,60.0,113.0,,false
2711,60.0,101.0,,false
2712,60.0,105.0,,false
2713,60.0,81.0,,false
2714,60.0,94.0,,false
2715,60.0,89.0,,false
2716,60.0,105.0,,false
2717,60.0,90.0,,false
2718,100.0,201.0,,false
2719,100.0,228.0,,false
2720,900.0,9.0,,false
2721,1150.0,17.0,,false
2722,1000.0,7.0,,false
2723,1350.0,49.0,,true
2724,500.0,59.0,,true
2725,5000.0,18.0,,true
2726,2200.0,140.0,,true
2727,3500.0,346.0,,true
2728,5000.0,600.0,,true
2729,500.0,155.0,,true
2730,125.0,549.0,,true
2731,40.0,395.0,,true
2732,350.0,148.0,,true
2733,500.0,199.0,,false
2734,500.0,580.0,,false
2735,3300.0,30.0,,false
2736,3300.0,24.0,,false
2737,3300.0,23.0,,false
2738,60.0,235.0,,false
2739,60.0,185.0,,false
2740,60.0,167.0,,false
2741,60.0,232.0,,false
2742,800.0,4.0,,false
2743,60.0,114.0,,false
2744,60.0,120.0,,false
2745,60.0,98.0,,false
2746,60.0,106.0,,false
2747,60.0,91.0,,false
2748,60.0,111.0,,false
2749,60.0,83.0,,false
2750,60.0,99.0,,false
2751,60.0,100.0,,false
2752,60.0,88.0,,false
2753,100.0,184.0,,false
2754,100.0,238.0,,false
2755,900.0,9.0,,false
2756,1150.0,15.0,,false
2757,1000.0,5.0,,false
2758,1350.0,50.0,,true
2759,500.0,56.0,,true
2760,5000.0,20.0,,true
2761,2200.0,135.0,,true
2762,3500.0,379.0,,true
2763,5000.0,600.0,,true
2764,500.0,142.0,,true
2765,125.0,525.0,,true
2766,40.0,458.0,,true
2767,350.0,144.0,,true
2768,500.0,180.0,,false
2769,500.0,475.0,,false
2770,3300.0,29.0,,false
2771,3300.0,21.0,,false
2772,3300.0,27.0,,false
2773,60.0,247.0,,false
2774,60.0,156.0,,false
2775,60.0,175.0,,false
2776,800.0,5.0,,false
2777,60.0,115.0,,false
2778,60.0,88.0,,false
2779,60.0,111.0,,false
2780,60.0,88.0,,false
2781,60.0,116.0,,false
2782,60.0,104.0,,false
2783,100.0,249.0,,false
2784,100.0,183.0,,false
2785,900.0,7.0,,false
2786,1150.0,18.0,,false
2787,1000.0,6.0,,false
2788,1350.0,47.0,,true
2789,500.0,59.0,,true
2790,5000.0,20.0,,true
2791,2200.0,139.0,,true
2792,3500.0,210.0,,true
2793,5000.0,600.0,,true
2794,500.0,144.0,,true
2795,125.0,504.0,,true
2796,40.0,355.0,,true
2797,350.0,178.0,,true
2798,500.0,195.0,,false
2799,500.0,569.0,,false
2800,3300.0,24.0,,false
2801,3300.0,24.0,,false
2802,3300.0,29.0,,false
2803,60.0,183.0,,false
2804,60.0,195.0,,false
2805,60.0,190.0,,false
2806,60.0,162.0,,false
2807,800.0,6.0,,false
2808,60.0,95.0,,false
2809,60.0,120.0,,false
2810,60.0,90.0,,false
2811,60.0,100.0,,false
2812,60.0,89.0,,false
2813,60.0,98.0,,false
2814,60.0,82.0,,false
2815,60.0,102.0,,false
2816,60.0,85.0,,false
2817,100.0,219.0,,false
2818,100.0,200.0,,false
2819,900.0,9.0,,false
2820,1150.0,14.0,,false
2821,1000.0,7.0,,false
2822,1350.0,50.0,,true
2823,500.0,59.0,,true
2824,5000.0,20.0,,true
2825,2200.0,138.0,,true
2826,3500.0,342.0,,true
2827,5000.0,600.0,,true
2828,500.0,141.0,,true
2829,125.0,497.0,,true
2830,40.0,387.0,,true
2831,350.0,153.0,,true
2832,500.0,183.0,,false
2833,500.0,581.0,,false
2834,3300.0,30.0,,false
2835,3300.0,27.0,,false
2836,3300.0,25.0,,false
2837,60.0,215.0,,false
2838,60.0,193.0,,false
2839,60.0,228.0,,false
2840,800.0,4.0,,false
2841,60.0,98.0,,false
2842,60.0,97.0,,false
2843,60.0,81.0,,false
2844,60.0,111.0,,false
2845,60.0,89.0,,false
2846,60.0,99.0,,false
2847,100.0,186.0,,false
2848,100.0,220.0,,false
2849,900.0,9.0,,false
2850,1150.0,15.0,,false
2851,1000.0,5.0,,false
2852,1350.0,48.0,,true
2853,500.0,57.0,,true
2854,5000.0,17.0,,true
2855,2200.0,132.0,,true
2856,3500.0,263.0,,true
2857,5000.0,600.0,,true
2858,500.0,151.0,,true
2859,125.0,527.0,,true
2860,40.0,376.0,,true
2861,350.0,168.0,,true
2862,500.0,181.0,,false
2863,500.0,383.0,,false
2864,3300.0,23.0,,false
2865,3300.0,22.0,,false
2866,3300.0,21.0,,false
2867,60.0,178.0,,false
2868,60.0,223.0,,false
2869,60.0,167.0,,false
2870,800.0,5.0,,false
2871,60.0,97.0,,false
2872,60.0,118.0,,false
2873,60.0,101.0,,false
2874,60.0,109.0,,false
2875,60.0,81.0,,false
2876,60.0,88.0,,false
2877,60.0,81.0,,false
2878,60.0,95.0,,false
2879,60.0,86.0,,false
2880,100.0,226.0,,false
2881,100.0,184.0,,false
2882,900.0,7.0,,false
2883,1150.0,15.0,,false
2884,1000.0,5.0,,false
2885,1350.0,49.0,,true
2886,500.0,59.0,,true
2887,5000.0,20.0,,true
2888,2200.0,137.0,,true
2889,3500.0,256.0,,true
2890,5000.0,600.0,,true
2891,500.0,152.0,,true
2892,125.0,455.0,,true
2893,40.0,417.0,,true
2894,350.0,152.0,,true
2895,500.0,189.0,,false
2896,500.0,397.0,,false
2897,3300.0,27.0,,false
2898,3300.0,29.0,,false
2899,3300.0,28.0,,false
2900,60.0,199.0,,false
2901,60.0,239.0,,false
2902,60.0,209.0,,false
2903,800.0,5.0,,false
2904,60.0,94.0,,false
2905,60.0,91.0,,false
2906,60.0,93.0,,false
2907,60.0,113.0,,false
2908,60.0,105.0,,false
2909,60.0,113.0,,false
2910,60.0,97.0,,false
2911,100.0,193.0,,false
2912,100.0,181.0,,false
2913,900.0,9.0,,false
2914,1150.0,17.0,,false
2915,1000.0,8.0,,false
2916,1350.0,46.0,,true
2917,500.0,57.0,,true
2918,5000.0,19.0,,true
2919,2200.0,138.0,,true
2920,3500.0,386.0,,true
2921,5000.0,600.0,,true
2922,500.0,158.0,,true
2923,125.0,487.0,,true
2924,40.0,436.0,,true
2925,350.0,169.0,,true
2926,500.0,190.0,,false
2927,500.0,404.0,,false
2928,3300.0,22.0,,false
2929,3300.0,30.0,,false
2930,3300.0,24.0,,false
2931,60.0,178.0,,false
2932,60.0,187.0,,false
2933,60.0,174.0,,false
2934,60.0,234.0,,false
2935,800.0,5.0,,false
2936,60.0,105.0,,false
2937,60.0,93.0,,false
2938,60.0,101.0,,false
2939,60.0,114.0,,false
2940,60.0,100.0,,false
2941,60.0,107.0,,false
2942,60.0,117.0,,false
2943,60.0,94.0,,false
2944,100.0,240.0,,false
2945,100.0,227.0,,false
2946,900.0,8.0,,false
2947,1150.0,13.0,,false
2948,1000.0,8.0,,false
2949,1350.0,50.0,,true
2950,500.0,57.0,,true
2951,5000.0,20.0,,true
2952,2200.0,132.0,,true
2953,3500.0,253.0,,true
2954,5000.0,600.0,,true
2955,500.0,153.0,,true
2956,125.0,487.0,,true
2957,40.0,396.0,,true
2958,350.0,156.0,,true
2959,500.0,195.0,,false
2960,500.0,415.0,,false
2961,3300.0,30.0,,false
2962,3300.0,23.0,,false
2963,3300.0,29.0,,false
2964,60.0,202.0,,false
2965,60.0,152.0,,false
2966,60.0,172.0,,false
2967,800.0,4.0,,false
2968,60.0,117.0,,false
2969,60.0,107.0,,false
2970,60.0,97.0,,false
2971,60.0,81.0,,false
2972,60.0,115.0,,false
2973,60.0,109.0,,false
2974,60.0,113.0,,false
2975,60.0,113.0,,false
2976,100.0,228.0,,false
2977,100.0,203.0,,false
2978,900.0,8.0,,false
2979,1150.0,13.0,,false
2980,1000.0,6.0,,false
2981,1350.0,50.0,,true
2982,500.0,58.0,,true
2983,5000.0,20.0,,true
2984,2200.0,132.0,,true
2985,3500.0,239.0,,true
2986,5000.0,600.0,,true
2987,500.0,159.0,,true
2988,125.0,481.0,,true
2989,40.0,370.0,,true
2990,350.0,143.0,,true
2991,500.0,173.0,,false
2992,500.0,474.0,,false
2993,3300.0,25.0,,false
2994,3300.0,27.0,,false
2995,3300.0,27.0,,false
2996,60.0,156.0,,false
2997,60.0,178.0,,false
2998,60.0,193.0,,false
2999,800.0,6.0,,false
3000,60.0,99.0,,false
3001,60.0,81.0,,false
3002,60.0,111.0,,false
3003,60.0,94.0,,false
3004,60.0,118.0,,false
3005,60.0,100.0,,false
3006,60.0,94.0,,false
3007,60.0,109.0,,false
3008,60.0,92.0,,false
3009,100.0,198.0,,false
3010,100.0,234.0,,false
3011,900.0,7.0,,false
3012,1150.0,18.0,,false
3013,1000.0,8.0,,false
3014,1350.0,49.0,,true
3015,500.0,59.0,,true
3016,5000.0,19.0,,true
3017,2200.0,132.0,,true
3018,3500.0,270.0,,true
3019,5000.0,600.0,,true
3020,500.0,144.0,,true
3021,125.0,513.0,,true
3022,40.0,396.0,,true
3023,350.0,159.0,,true
3024,500.0,190.0,,false
3025,500.0,508.0,,false
3026,3300.0,26.0,,false
3027,3300.0,30.0,,false
3028,3300.0,27.0,,false
3029,60.0,160.0,,false
3030,60.0,205.0,,false
3031,60.0,204.0,,false
3032,800.0,6.0,,false
3033,60.0,109.0,,false
3034,60.0,117.0,,false
3035,60.0,113.0,,false
3036,60.0,85.0,,false
3037,60.0,103.0,,false
3038,60.0,101.0,,false
3039,60.0,103.0,,false
3040,60.0,90.0,,false
3041,60.0,81.0,,false
3042,60.0,95.0,,false
3043,100.0,247.0,,false
3044,100.0,202.0,,false
3045,900.0,8.0,,false
3046,1150.0,18.0,,false
3047,1000.0,7.0,,false
3048,1350.0,48.0,,true
3049,500.0,60.0,,true
3050,5000.0,18.0,,true
3051,2200.0,134.0,,true
3052,3500.0,319.0,,true
3053,5000.0,600.0,,true
3054,500.0,152.0,,true
3055,125.0,529.0,,true
3056,40.0,446.0,,true
3057,350.0,156.0,,true
3058,500.0,171.0,,false
3059,500.0,554.0,,false
3060,3300.0,26.0,,false
3061,3300.0,30.0,,false
3062,3300.0,27.0,,false
3063,60.0,175.0,,false
3064,60.0,156.0,,false
3065,60.0,174.0,,false
3066,60.0,216.0,,false
3067,800.0,4.0,,false
3068,60.0,104.0,,false
3069,60.0,113.0,,false
3070,60.0,90.0,,false
3071,60.0,110.0,,false
3072,60.0,102.0,,false
3073,60.0,86.0,,false
3074,60.0,107.0,,false
3075,60.0,89.0,,false
3076,60.0,104.0,,false
3077,100.0,205.0,,false
3078,100.0,243.0,,false
3079,900.0,8.0,,false
3080,1150.0,15.0,,false
3081,1000.0,7.0,,false
3082,1350.0,46.0,,true
3083,500.0,57.0,,true
3084,5000.0,17.0,,true
3085,2200.0,132.0,,true
3086,3500.0,369.0,,true
3087,5000.0,600.0,,true
3088,500.0,154.0,,true
3089,125.0,521.0,,true
3090,40.0,412.0,,true
3091,350.0,157.0,,true
3092,500.0,197.0,,false
3093,500.0,346.0,,false
3094,3300.0,22.0,,false
3095,3300.0,24.0,,false
3096,3300.0,25.0,,false
3097,60.0,212.0,,false
3098,60.0,246.0,,false
3099,60.0,187.0,,false
3100,60.0,192.0,,false
3101,800.0,5.0,,false
3102,60.0,89.0,,false
3103,60.0,94.0,,false
3104,60.0,85.0,,false
3105,60.0,83.0,,false
3106,60.0,84.0,,false
3107,60.0,88.0,,false
3108,60.0,108.0,,false
3109,100.0,181.0,,false
3110,100.0,202.0,,false
3111,900.0,10.0,,false
3112,1150.0,15.0,,false
3113,1000.0,6.0,,false
3114,1350.0,47.0,,true
3115,500.0,59.0,,true
3116,5000.0,16.0,,true
3117,2200.0,140.0,,true
3118,3500.0,372.0,,true
3119,5000.0,600.0,,true
3120,500.0,148.0,,true
3121,125.0,457.0,,true
3122,40.0,398.0,,true
3123,350.0,176.0,,true
3124,500.0,192.0,,false
3125,500.0,355.0,,false
3126,3300.0,30.0,,false
3127,3300.0,30.0,,false
3128,3300.0,22.0,,false
3129,60.0,187.0,,false
3130,60.0,205.0,,false
3131,60.0,226.0,,false
3132,60.0,244.0,,false
3133,800.0,4.0,,false
3134,60.0,114.0,,false
3135,60.0,85.0,,false
3136,60.0,112.0,,false
3137,60.0,91.0,,false
3138,60.0,109.0,,false
3139,60.0,82.0,,false
3140,100.0,222.0,,false
3141,100.0,233.0,,false
3142,900.0,9.0,,false
3143,1150.0,17.0,,false
3144,1000.0,5.0,,false
3145,1350.0,48.0,,true
3146,500.0,56.0,,true
3147,5000.0,16.0,,true
3148,2200.0,131.0,,true
3149,3500.0,245.0,,true
3150,5000.0,600.0,,true
3151,500.0,141.0,,true
3152,125.0,509.0,,true
3153,40.0,435.0,,true
3154,350.0,151.0,,true
3155,500.0,179.0,,false
3156,500.0,477.0,,false
3157,3300.0,26.0,,false
3158,3300.0,30.0,,false
3159,3300.0,23.0,,false
3160,60.0,188.0,,false
3161,60.0,159.0,,false
3162,60.0,196.0,,false
3163,60.0,248.0,,false
3164,800.0,4.0,,false
3165,60.0,106.0,,false
3166,60.0,108.0,,false
3167,60.0,91.0,,false
3168,60.0,93.0,,false
3169,60.0,95.0,,false
3170,60.0,85.0,,false
3171,60.0,81.0,,false
3172,60.0,116.0,,false
3173,100.0,217.0,,false
3174,100.0,189.0,,false
3175,900.0,8.0,,false
3176,1150.0,16.0,,false
3177,1000.0,7.0,,false
3178,1350.0,47.0,,true
3179,500.0,57.0,,true
3180,5000.0,18.0,,true
3181,2200.0,131.0,,true
3182,3500.0,215.0,,true
3183,5000.0,600.0,,true
3184,500.0,144.0,,true
3185,125.0,504.0,,true
3186,40.0,413.0,,true
3187,350.0,157.0,,true
3188,500.0,180.0,,false
3189,500.0,447.0,,false
3190,3300.0,26.0,,false
3191,3300.0,26.0,,false
3192,3300.0,23.0,,false
3193,60.0,157.0,,false
3194,60.0,224.0,,false
3195,60.0,235.0,,false
3196,60.0,241.0,,false
3197,800.0,4.0,,false
3198,60.0,108.0,,false
3199,60.0,109.0,,false
3200,60.0,116.0,,false
3201,60.0,101.0,,false
3202,60.0,90.0,,false
3203,60.0,112.0,,false
3204,100.0,240.0,,false
3205,100.0,231.0,,false
3206,900.0,9.0,,false
3207,1150.0,16.0,,false
3208,1000.0,7.0,,false
3209,1350.0,50.0,,true
3210,500.0,57.0,,true
3211,5000.0,20.0,,true
3212,2200.0,135.0,,true
3213,3500.0,217.0,,true
3214,5000.0,600.0,,true
3215,500.0,151.0,,true
3216,125.0,526.0,,true
3217,40.0,454.0,,true
3218,350.0,157.0,,true
3219,500.0,173.0,,false
3220,500.0,449.0,,false
3221,3300.0,27.0,,false
3222,3300.0,27.0,,false
3223,3300.0,22.0,,false
3224,60.0,187.0,,false
3225,60.0,233.0,,false
3226,60.0,184.0,,false
3227,60.0,227.0,,false
3228,800.0,4.0,,false
3229,60.0,113.0,,false
3230,60.0,84.0,,false
3231,60.0,85.0,,false
3232,60.0,102.0,,false
3233,60.0,116.0,,false
3234,60.0,119.0,,false
3235,60.0,118.0,,false
3236,60.0,97.0,,false
3237,60.0,101.0,,false
3238,60.0,117.0,,false
3239,100.0,183.0,,false
3240,100.0,196.0,,false
3241,900.0,7.0,,false
3242,1150.0,17.0,,false
3243,1000.0,5.0,,false
