Reference,height,width,stripwidth,preemptable
1,1350.0,47.0,720,true
2,500.0,58.0,,true
3,5000.0,20.0,,true
4,2200.0,131.0,,true
5,3500.0,359.0,,true
6,5000.0,600.0,,true
7,500.0,146.0,,true
8,125.0,500.0,,true
9,40.0,429.0,,true
10,350.0,176.0,,true
11,500.0,176.0,,false
12,500.0,326.0,,false
13,3300.0,21.0,,false
14,3300.0,28.0,,false
15,3300.0,30.0,,false
16,60.0,168.0,,false
17,60.0,191.0,,false
18,60.0,167.0,,false
19,60.0,233.0,,false
20,800.0,5.0,,false
21,60.0,87.0,,false
22,60.0,112.0,,false
23,60.0,104.0,,false
24,60.0,101.0,,false
25,60.0,83.0,,false
26,60.0,113.0,,false
27,60.0,103.0,,false
28,60.0,106.0,,false
29,60.0,92.0,,false
30,100.0,208.0,,false
31,100.0,181.0,,false
32,900.0,8.0,,false
33,1150.0,17.0,,false
34,1000.0,6.0,,false
35,1350.0,50.0,,true
36,500.0,58.0,,true
37,5000.0,16.0,,true
38,2200.0,131.0,,true
39,3500.0,258.0,,true
40,5000.0,600.0,,true
41,500.0,155.0,,true
42,125.0,536.0,,true
43,40.0,449.0,,true
44,350.0,171.0,,true
45,500.0,190.0,,false
46,500.0,451.0,,false
47,3300.0,21.0,,false
48,3300.0,21.0,,false
49,3300.0,25.0,,false
50,60.0,170.0,,false
51,60.0,195.0,,false
52,60.0,201.0,,false
53,60.0,194.0,,false
54,800.0,5.0,,false
55,60.0,105.0,,false
56,60.0,114.0,,false
57,60.0,100.0,,false
58,60.0,100.0,,false
59,60.0,113.0,,false
60,60.0,112.0,,false
61,100.0,229.0,,false
62,100.0,250.0,,false
63,900.0,10.0,,false
64,1150.0,18.0,,false
65,1000.0,5.0,,false
66,1350.0,48.0,,true
67,500.0,56.0,,true
68,5000.0,17.0,,true
69,2200.0,131.0,,true
70,3500.0,273.0,,true
71,5000.0,600.0,,true
72,500.0,145.0,,true
73,125.0,470.0,,true
74,40.0,408.0,,true
75,350.0,143.0,,true
76,500.0,198.0,,false
77,500.0,476.0,,false
78,3300.0,23.0,,false
79,3300.0,22.0,,false
80,3300.0,27.0,,false
81,60.0,189.0,,false
82,60.0,249.0,,false
83,60.0,224.0,,false
84,800.0,5.0,,false
85,60.0,83.0,,false
86,60.0,107.0,,false
87,60.0,112.0,,false
88,60.0,108.0,,false
89,60.0,92.0,,false
90,60.0,110.0,,false
91,60.0,83.0,,false
92,60.0,119.0,,false
93,100.0,243.0,,false
94,100.0,234.0,,false
95,900.0,10.0,,false
96,1150.0,15.0,,false
97,1000.0,6.0,,false
98,1350.0,47.0,,true
99,500.0,57.0,,true
100,5000.0,19.0,,true
101,2200.0,140.0,,true
102,3500.0,336.0,,true
103,5000.0,600.0,,true
104,500.0,141.0,,true
105,125.0,465.0,,true
106,40.0,411.0,,true
107,350.0,162.0,,true
108,500.0,186.0,,false
109,500.0,459.0,,false
110,3300.0,29.0,,false
111,3300.0,28.0,,false
112,3300.0,21.0,,false
113,60.0,198.0,,false
114,60.0,206.0,,false
115,60.0,165.0,,false
116,60.0,161.0,,false
117,800.0,5.0,,false
118,60.0,109.0,,false
119,60.0,88.0,,false
120,60.0,98.0,,false
121,60.0,105.0,,false
122,60.0,101.0,,false
123,60.0,113.0,,false
124,60.0,96.0,,false
125,60.0,111.0,,false
126,60.0,104.0,,false
127,60.0,95.0,,false
128,100.0,248.0,,false
129,100.0,185.0,,false
130,900.0,9.0,,false
131,1150.0,13.0,,false
132,1000.0,5.0,,false
133,1350.0,48.0,,true
134,500.0,60.0,,true
135,5000.0,17.0,,true
136,2200.0,139.0,,true
137,3500.0,323.0,,true
138,5000.0,600.0,,true
139,500.0,151.0,,true
140,125.0,497.0,,true
141,40.0,426.0,,true
142,350.0,141.0,,true
143,500.0,196.0,,false
144,500.0,346.0,,false
145,3300.0,21.0,,false
146,3300.0,28.0,,false
147,3300.0,22.0,,false
148,60.0,161.0,,false
149,60.0,241.0,,false
150,60.0,217.0,,false
151,800.0,4.0,,false
152,60.0,106.0,,false
153,60.0,104.0,,false
154,60.0,99.0,,false
155,60.0,102.0,,false
156,60.0,84.0,,false
157,60.0,103.0,,false
158,60.0,91.0,,false
159,60.0,83.0,,false
160,60.0,90.0,,false
161,60.0,107.0,,false
162,100.0,181.0,,false
163,100.0,201.0,,false
164,900.0,9.0,,false
165,1150.0,17.0,,false
166,1000.0,7.0,,false
167,1350.0,50.0,,true
168,500.0,58.0,,true
169,5000.0,17.0,,true
170,2200.0,136.0,,true
171,3500.0,354.0,,true
172,5000.0,600.0,,true
173,500.0,143.0,,true
174,125.0,495.0,,true
175,40.0,411.0,,true
176,350.0,167.0,,true
177,500.0,184.0,,false
178,500.0,452.0,,false
179,3300.0,28.0,,false
180,3300.0,24.0,,false
181,3300.0,28.0,,false
182,60.0,227.0,,false
183,60.0,209.0,,false
184,60.0,156.0,,false
185,800.0,5.0,,false
186,60.0,92.0,,false
187,60.0,119.0,,false
188,60.0,87.0,,false
189,60.0,90.0,,false
190,60.0,101.0,,false
191,60.0,109.0,,false
192,60.0,117.0,,false
193,60.0,82.0,,false
194,100.0,193.0,,false
195,100.0,229.0,,false
196,900.0,9.0,,false
197,1150.0,14.0,,false
198,1000.0,5.0,,false
199,1350.0,49.0,,true
200,500.0,59.0,,true
201,5000.0,20.0,,true
202,2200.0,132.0,,true
203,3500.0,308.0,,true
204,5000.0,600.0,,true
205,500.0,144.0,,true
206,125.0,471.0,,true
207,40.0,389.0,,true
208,350.0,174.0,,true
209,500.0,178.0,,false
210,500.0,556.0,,false
211,3300.0,29.0,,false
212,3300.0,21.0,,false
213,3300.0,27.0,,false
214,60.0,159.0,,false
215,60.0,182.0,,false
216,60.0,249.0,,false
217,800.0,5.0,,false
218,60.0,89.0,,false
219,60.0,120.0,,false
220,60.0,88.0,,false
221,60.0,118.0,,false
222,60.0,114.0,,false
223,60.0,101.0,,false
224,60.0,113.0,,false
225,60.0,82.0,,false
226,60.0,118.0,,false
227,60.0,113.0,,false
228,100.0,245.0,,false
229,100.0,231.0,,false
230,900.0,9.0,,false
231,1150.0,14.0,,false
232,1000.0,8.0,,false
233,1350.0,49.0,,true
234,500.0,57.0,,true
235,5000.0,20.0,,true
236,2200.0,136.0,,true
237,3500.0,256.0,,true
238,5000.0,600.0,,true
239,500.0,148.0,,true
240,125.0,549.0,,true
241,40.0,446.0,,true
242,350.0,163.0,,true
243,500.0,173.0,,false
244,500.0,557.0,,false
245,3300.0,23.0,,false
246,3300.0,22.0,,false
247,3300.0,27.0,,false
248,60.0,178.0,,false
249,60.0,229.0,,false
250,60.0,240.0,,false
251,60.0,231.0,,false
252,800.0,6.0,,false
253,60.0,110.0,,false
254,60.0,120.0,,false
255,60.0,85.0,,false
256,60.0,85.0,,false
257,60.0,106.0,,false
258,60.0,90.0,,false
259,60.0,103.0,,false
260,100.0,183.0,,false
261,100.0,233.0,,false
262,900.0,8.0,,false
263,1150.0,13.0,,false
264,1000.0,8.0,,false
265,1350.0,47.0,,true
266,500.0,56.0,,true
267,5000.0,17.0,,true
268,2200.0,139.0,,true
269,3500.0,364.0,,true
270,5000.0,600.0,,true
271,500.0,152.0,,true
272,125.0,481.0,,true
273,40.0,420.0,,true
274,350.0,143.0,,true
275,500.0,171.0,,false
276,500.0,352.0,,false
277,3300.0,23.0,,false
278,3300.0,21.0,,false
279,3300.0,28.0,,false
280,60.0,183.0,,false
281,60.0,230.0,,false
282,60.0,214.0,,false
283,800.0,6.0,,false
284,60.0,94.0,,false
285,60.0,98.0,,false
286,60.0,83.0,,false
287,60.0,110.0,,false
288,60.0,120.0,,false
289,60.0,93.0,,false
290,60.0,94.0,,false
291,60.0,84.0,,false
292,60.0,82.0,,false
293,100.0,204.0,,false
294,100.0,205.0,,false
295,900.0,10.0,,false
296,1150.0,16.0,,false
297,1000.0,7.0,,false
298,1350.0,49.0,,true
299,500.0,60.0,,true
300,5000.0,19.0,,true
301,2200.0,138.0,,true
302,3500.0,287.0,,true
303,5000.0,600.0,,true
304,500.0,144.0,,true
305,125.0,455.0,,true
306,40.0,368.0,,true
307,350.0,167.0,,true
308,500.0,189.0,,false
309,500.0,576.0,,false
310,3300.0,25.0,,false
311,3300.0,26.0,,false
312,3300.0,30.0,,false
313,60.0,175.0,,false
314,60.0,216.0,,false
315,60.0,174.0,,false
316,800.0,5.0,,false
317,60.0,90.0,,false
318,60.0,106.0,,false
319,60.0,113.0,,false
320,60.0,88.0,,false
321,60.0,110.0,,false
322,60.0,107.0,,false
323,60.0,87.0,,false
324,100.0,211.0,,false
325,100.0,246.0,,false
326,900.0,8.0,,false
327,1150.0,13.0,,false
328,1000.0,7.0,,false
329,1350.0,48.0,,true
330,500.0,58.0,,true
331,5000.0,17.0,,true
332,2200.0,139.0,,true
333,3500.0,317.0,,true
334,5000.0,600.0,,true
335,500.0,147.0,,true
336,125.0,482.0,,true
337,40.0,442.0,,true
338,350.0,143.0,,true
339,500.0,197.0,,false
340,500.0,349.0,,false
341,3300.0,25.0,,false
342,3300.0,26.0,,false
343,3300.0,25.0,,false
344,60.0,185.0,,false
345,60.0,205.0,,false
346,60.0,179.0,,false
347,60.0,163.0,,false
348,800.0,5.0,,false
349,60.0,101.0,,false
350,60.0,112.0,,false
351,60.0,98.0,,false
352,60.0,119.0,,false
353,60.0,119.0,,false
354,60.0,119.0,,false
355,60.0,94.0,,false
356,60.0,111.0,,false
357,60.0,100.0,,false
358,60.0,97.0,,false
359,100.0,239.0,,false
360,100.0,209.0,,false
361,900.0,8.0,,false
362,1150.0,13.0,,false
363,1000.0,8.0,,false
364,1350.0,48.0,,true
365,500.0,58.0,,true
366,5000.0,16.0,,true
367,2200.0,135.0,,true
368,3500.0,398.0,,true
369,5000.0,600.0,,true
370,500.0,141.0,,true
371,125.0,489.0,,true
372,40.0,391.0,,true
373,350.0,163.0,,true
374,500.0,174.0,,false
375,500.0,309.0,,false
376,3300.0,24.0,,false
377,3300.0,25.0,,false
378,3300.0,24.0,,false
379,60.0,203.0,,false
380,60.0,238.0,,false
381,60.0,237.0,,false
382,60.0,244.0,,false
383,800.0,6.0,,false
384,60.0,102.0,,false
385,60.0,100.0,,false
386,60.0,110.0,,false
387,60.0,103.0,,false
388,60.0,81.0,,false
389,60.0,85.0,,false
390,60.0,88.0,,false
391,60.0,109.0,,false
392,100.0,231.0,,false
393,100.0,188.0,,false
394,900.0,9.0,,false
395,1150.0,15.0,,false
396,1000.0,6.0,,false
397,1350.0,49.0,,true
398,500.0,60.0,,true
399,5000.0,17.0,,true
400,2200.0,134.0,,true
401,3500.0,329.0,,true
402,5000.0,600.0,,true
403,500.0,144.0,,true
404,125.0,509.0,,true
405,40.0,369.0,,true
406,350.0,156.0,,true
407,500.0,189.0,,false
408,500.0,345.0,,false
409,3300.0,28.0,,false
410,3300.0,30.0,,false
411,3300.0,23.0,,false
412,60.0,182.0,,false
413,60.0,188.0,,false
414,60.0,212.0,,false
415,60.0,234.0,,false
416,800.0,6.0,,false
417,60.0,116.0,,false
418,60.0,104.0,,false
419,60.0,86.0,,false
420,60.0,81.0,,false
421,60.0,108.0,,false
422,60.0,120.0,,false
423,60.0,84.0,,false
424,100.0,217.0,,false
425,100.0,204.0,,false
426,900.0,10.0,,false
427,1150.0,14.0,,false
428,1000.0,6.0,,false
429,1350.0,46.0,,true
430,500.0,58.0,,true
431,5000.0,19.0,,true
432,2200.0,139.0,,true
433,3500.0,265.0,,true
434,5000.0,600.0,,true
435,500.0,158.0,,true
436,125.0,521.0,,true
437,40.0,382.0,,true
438,350.0,159.0,,true
439,500.0,178.0,,false
440,500.0,377.0,,false
441,3300.0,24.0,,false
442,3300.0,30.0,,false
443,3300.0,27.0,,false
444,60.0,208.0,,false
445,60.0,162.0,,false
446,60.0,178.0,,false
447,60.0,210.0,,false
448,800.0,4.0,,false
449,60.0,100.0,,false
450,60.0,103.0,,false
451,60.0,113.0,,false
452,60.0,108.0,,false
453,60.0,98.0,,false
454,60.0,90.0,,false
455,60.0,100.0,,false
456,100.0,200.0,,false
457,100.0,182.0,,false
458,900.0,7.0,,false
459,1150.0,17.0,,false
460,1000.0,8.0,,false
461,1350.0,46.0,,true
462,500.0,58.0,,true
463,5000.0,18.0,,true
464,2200.0,140.0,,true
465,3500.0,353.0,,true
466,5000.0,600.0,,true
467,500.0,150.0,,true
468,125.0,521.0,,true
469,40.0,446.0,,true
470,350.0,151.0,,true
471,500.0,177.0,,false
472,500.0,404.0,,false
473,3300.0,22.0,,false
474,3300.0,25.0,,false
475,3300.0,25.0,,false
476,60.0,193.0,,false
477,60.0,245.0,,false
478,60.0,191.0,,false
479,800.0,5.0,,false
480,60.0,117.0,,false
481,60.0,101.0,,false
482,60.0,96.0,,false
483,60.0,116.0,,false
484,60.0,97.0,,false
485,60.0,86.0,,false
486,60.0,107.0,,false
487,60.0,103.0,,false
488,100.0,209.0,,false
489,100.0,241.0,,false
490,900.0,10.0,,false
491,1150.0,14.0,,false
492,1000.0,8.0,,false
493,1350.0,48.0,,true
494,500.0,58.0,,true
495,5000.0,20.0,,true
496,2200.0,137.0,,true
497,3500.0,335.0,,true
498,5000.0,600.0,,true
499,500.0,142.0,,true
500,125.0,470.0,,true
501,40.0,414.0,,true
502,350.0,177.0,,true
503,500.0,180.0,,false
504,500.0,367.0,,false
505,3300.0,29.0,,false
506,3300.0,21.0,,false
507,3300.0,29.0,,false
508,60.0,230.0,,false
509,60.0,189.0,,false
510,60.0,245.0,,false
511,800.0,6.0,,false
512,60.0,114.0,,false
513,60.0,107.0,,false
514,60.0,115.0,,false
515,60.0,93.0,,false
516,60.0,102.0,,false
517,60.0,100.0,,false
518,100.0,247.0,,false
519,100.0,228.0,,false
520,900.0,9.0,,false
521,1150.0,16.0,,false
522,1000.0,6.0,,false
523,1350.0,50.0,,true
524,500.0,59.0,,true
525,5000.0,20.0,,true
526,2200.0,136.0,,true
527,3500.0,400.0,,true
528,5000.0,600.0,,true
529,500.0,151.0,,true
530,125.0,519.0,,true
531,40.0,354.0,,true
532,350.0,170.0,,true
533,500.0,176.0,,false
534,500.0,318.0,,false
535,3300.0,22.0,,false
536,3300.0,22.0,,false
537,3300.0,21.0,,false
538,60.0,217.0,,false
539,60.0,203.0,,false
540,60.0,243.0,,false
541,60.0,222.0,,false
542,800.0,6.0,,false
543,60.0,108.0,,false
544,60.0,92.0,,false
545,60.0,103.0,,false
546,60.0,116.0,,false
547,60.0,92.0,,false
548,60.0,88.0,,false
549,60.0,117.0,,false
550,60.0,110.0,,false
551,60.0,85.0,,false
552,100.0,216.0,,false
553,100.0,226.0,,false
554,900.0,10.0,,false
555,1150.0,15.0,,false
556,1000.0,7.0,,false
557,1350.0,47.0,,true
558,500.0,58.0,,true
559,5000.0,17.0,,true
560,2200.0,132.0,,true
561,3500.0,353.0,,true
562,5000.0,600.0,,true
563,500.0,142.0,,true
564,125.0,527.0,,true
565,40.0,359.0,,true
566,350.0,148.0,,true
567,500.0,198.0,,false
568,500.0,543.0,,false
569,3300.0,27.0,,false
570,3300.0,30.0,,false
571,3300.0,28.0,,false
572,60.0,197.0,,false
573,60.0,198.0,,false
574,60.0,168.0,,false
575,60.0,242.0,,false
576,800.0,4.0,,false
577,60.0,105.0,,false
578,60.0,86.0,,false
579,60.0,95.0,,false
580,60.0,114.0,,false
581,60.0,107.0,,false
582,60.0,98.0,,false
583,60.0,96.0,,false
584,60.0,116.0,,false
585,100.0,220.0,,false
586,100.0,245.0,,false
587,900.0,7.0,,false
588,1150.0,14.0,,false
589,1000.0,5.0,,false
590,1350.0,49.0,,true
591,500.0,57.0,,true
592,5000.0,17.0,,true
593,2200.0,132.0,,true
594,3500.0,291.0,,true
595,5000.0,600.0,,true
596,500.0,146.0,,true
597,125.0,529.0,,true
598,40.0,390.0,,true
599,350.0,171.0,,true
600,500.0,172.0,,false
601,500.0,410.0,,false
602,3300.0,21.0,,false
603,3300.0,21.0,,false
604,3300.0,26.0,,false
605,60.0,178.0,,false
606,60.0,236.0,,false
607,60.0,235.0,,false
608,60.0,167.0,,false
609,800.0,4.0,,false
610,60.0,114.0,,false
611,60.0,86.0,,false
612,60.0,94.0,,false
613,60.0,119.0,,false
614,60.0,96.0,,false
615,60.0,89.0,,false
616,60.0,107.0,,false
617,60.0,119.0,,false
618,60.0,106.0,,false
619,100.0,201.0,,false
620,100.0,236.0,,false
621,900.0,8.0,,false
622,1150.0,16.0,,false
623,1000.0,6.0,,false
624,1350.0,50.0,,true
625,500.0,56.0,,true
626,5000.0,20.0,,true
627,2200.0,134.0,,true
628,3500.0,358.0,,true
629,5000.0,600.0,,true
630,500.0,145.0,,true
631,125.0,550.0,,true
632,40.0,367.0,,true
633,350.0,145.0,,true
634,500.0,198.0,,false
635,500.0,580.0,,false
636,3300.0,22.0,,false
637,3300.0,22.0,,false
638,3300.0,24.0,,false
639,60.0,167.0,,false
640,60.0,185.0,,false
641,60.0,236.0,,false
642,60.0,201.0,,false
643,800.0,6.0,,false
644,60.0,93.0,,false
645,60.0,92.0,,false
646,60.0,105.0,,false
647,60.0,91.0,,false
648,60.0,99.0,,false
649,60.0,88.0,,false
650,100.0,246.0,,false
651,100.0,197.0,,false
652,900.0,10.0,,false
653,1150.0,16.0,,false
654,1000.0,6.0,,false
655,1350.0,46.0,,true
656,500.0,58.0,,true
657,5000.0,16.0,,true
658,2200.0,131.0,,true
659,3500.0,224.0,,true
660,5000.0,600.0,,true
661,500.0,149.0,,true
662,125.0,456.0,,true
663,40.0,451.0,,true
664,350.0,159.0,,true
665,500.0,184.0,,false
666,500.0,415.0,,false
667,3300.0,29.0,,false
668,3300.0,27.0,,false
669,3300.0,30.0,,false
670,60.0,164.0,,false
671,60.0,217.0,,false
672,60.0,187.0,,false
673,60.0,193.0,,false
674,800.0,4.0,,false
675,60.0,96.0,,false
676,60.0,118.0,,false
677,60.0,117.0,,false
678,60.0,111.0,,false
679,60.0,119.0,,false
680,60.0,102.0,,false
681,60.0,97.0,,false
682,60.0,97.0,,false
683,60.0,88.0,,false
684,60.0,85.0,,false
685,100.0,208.0,,false
686,100.0,188.0,,false
687,900.0,7.0,,false
688,1150.0,17.0,,false
689,1000.0,8.0,,false
690,1350.0,48.0,,true
691,500.0,56.0,,true
692,5000.0,19.0,,true
693,2200.0,140.0,,true
694,3500.0,277.0,,true
695,5000.0,600.0,,true
696,500.0,142.0,,true
697,125.0,527.0,,true
698,40.0,379.0,,true
699,350.0,163.0,,true
700,500.0,173.0,,false
701,500.0,509.0,,false
702,3300.0,29.0,,false
703,3300.0,26.0,,false
704,3300.0,30.0,,false
705,60.0,191.0,,false
706,60.0,166.0,,false
707,60.0,179.0,,false
708,800.0,6.0,,false
709,60.0,107.0,,false
710,60.0,116.0,,false
711,60.0,104.0,,false
712,60.0,82.0,,false
713,60.0,86.0,,false
714,60.0,89.0,,false
715,60.0,94.0,,false
716,100.0,239.0,,false
717,100.0,210.0,,false
718,900.0,10.0,,false
719,1150.0,16.0,,false
720,1000.0,5.0,,false
721,1350.0,47.0,,true
722,500.0,56.0,,true
723,5000.0,19.0,,true
724,2200.0,138.0,,true
725,3500.0,338.0,,true
726,5000.0,600.0,,true
727,500.0,143.0,,true
728,125.0,518.0,,true
729,40.0,409.0,,true
730,350.0,164.0,,true
731,500.0,177.0,,false
732,500.0,577.0,,false
733,3300.0,26.0,,false
734,3300.0,25.0,,false
735,3300.0,30.0,,false
736,60.0,190.0,,false
737,60.0,172.0,,false
738,60.0,216.0,,false
739,60.0,249.0,,false
740,800.0,5.0,,false
741,60.0,93.0,,false
742,60.0,87.0,,false
743,60.0,102.0,,false
744,60.0,93.0,,false
745,60.0,92.0,,false
746,60.0,88.0,,false
747,60.0,97.0,,false
748,60.0,94.0,,false
749,60.0,114.0,,false
750,60.0,85.0,,false
751,100.0,196.0,,false
752,100.0,195.0,,false
753,900.0,9.0,,false
754,1150.0,14.0,,false
755,1000.0,5.0,,false
756,1350.0,48.0,,true
757,500.0,56.0,,true
758,5000.0,18.0,,true
759,2200.0,133.0,,true
760,3500.0,392.0,,true
761,5000.0,600.0,,true
762,500.0,153.0,,true
763,125.0,515.0,,true
764,40.0,399.0,,true
765,350.0,151.0,,true
766,500.0,196.0,,false
767,500.0,482.0,,false
768,3300.0,21.0,,false
769,3300.0,28.0,,false
770,3300.0,21.0,,false
771,60.0,157.0,,false
772,60.0,245.0,,false
773,60.0,222.0,,false
774,60.0,205.0,,false
775,800.0,4.0,,false
776,60.0,100.0,,false
777,60.0,112.0,,false
778,60.0,83.0,,false
779,60.0,109.0,,false
780,60.0,99.0,,false
781,60.0,117.0,,false
782,60.0,108.0,,false
783,100.0,197.0,,false
784,100.0,190.0,,false
785,900.0,7.0,,false
786,1150.0,18.0,,false
787,1000.0,5.0,,false
788,1350.0,48.0,,true
789,500.0,58.0,,true
790,5000.0,19.0,,true
791,2200.0,138.0,,true
792,3500.0,253.0,,true
793,5000.0,600.0,,true
794,500.0,159.0,,true
795,125.0,514.0,,true
796,40.0,429.0,,true
797,350.0,152.0,,true
798,500.0,196.0,,false
799,500.0,573.0,,false
800,3300.0,21.0,,false
801,3300.0,25.0,,false
802,3300.0,26.0,,false
803,60.0,226.0,,false
804,60.0,185.0,,false
805,60.0,171.0,,false
806,60.0,165.0,,false
807,800.0,6.0,,false
808,60.0,103.0,,false
809,60.0,87.0,,false
810,60.0,97.0,,false
811,60.0,103.0,,false
812,60.0,105.0,,false
813,60.0,120.0,,false
814,100.0,216.0,,false
815,100.0,211.0,,false
816,900.0,10.0,,false
817,1150.0,17.0,,false
818,1000.0,7.0,,false
819,1350.0,49.0,,true
820,500.0,57.0,,true
821,5000.0,17.0,,true
822,2200.0,138.0,,true
823,3500.0,291.0,,true
824,5000.0,600.0,,true
825,500.0,150.0,,true
826,125.0,539.0,,true
827,40.0,378.0,,true
828,350.0,155.0,,true
829,500.0,174.0,,false
830,500.0,543.0,,false
831,3300.0,26.0,,false
832,3300.0,26.0,,false
833,3300.0,21.0,,false
834,60.0,223.0,,false
835,60.0,184.0,,false
836,60.0,153.0,,false
837,60.0,195.0,,false
838,800.0,6.0,,false
839,60.0,109.0,,false
840,60.0,83.0,,false
841,60.0,99.0,,false
842,60.0,109.0,,false
843,60.0,81.0,,false
844,60.0,114.0,,false
845,60.0,81.0,,false
846,60.0,108.0,,false
847,60.0,96.0,,false
848,100.0,229.0,,false
849,100.0,191.0,,false
850,900.0,8.0,,false
851,1150.0,17.0,,false
852,1000.0,5.0,,false
853,1350.0,47.0,,true
854,500.0,57.0,,true
855,5000.0,17.0,,true
856,2200.0,131.0,,true
857,3500.0,303.0,,true
858,5000.0,600.0,,true
859,500.0,144.0,,true
860,125.0,528.0,,true
861,40.0,448.0,,true
862,350.0,149.0,,true
863,500.0,177.0,,false
864,500.0,372.0,,false
865,3300.0,24.0,,false
866,3300.0,29.0,,false
867,3300.0,28.0,,false
868,60.0,245.0,,false
869,60.0,167.0,,false
870,60.0,215.0,,false
871,800.0,5.0,,false
872,60.0,85.0,,false
873,60.0,99.0,,false
874,60.0,102.0,,false
875,60.0,89.0,,false
876,60.0,112.0,,false
877,60.0,102.0,,false
878,60.0,82.0,,false
879,60.0,97.0,,false
880,60.0,81.0,,false
881,60.0,113.0,,false
882,100.0,193.0,,false
883,100.0,218.0,,false
884,900.0,7.0,,false
885,1150.0,14.0,,false
886,1000.0,6.0,,false
887,1350.0,46.0,,true
888,500.0,56.0,,true
889,5000.0,19.0,,true
890,2200.0,134.0,,true
891,3500.0,281.0,,true
892,5000.0,600.0,,true
893,500.0,145.0,,true
894,125.0,531.0,,true
895,40.0,423.0,,true
896,350.0,172.0,,true
897,500.0,179.0,,false
898,500.0,452.0,,false
899,3300.0,27.0,,false
900,3300.0,29.0,,false
901,3300.0,21.0,,false
902,60.0,235.0,,false
903,60.0,191.0,,false
904,60.0,153.0,,false
905,800.0,4.0,,false
906,60.0,81.0,,false
907,60.0,101.0,,false
908,60.0,89.0,,false
909,60.0,94.0,,false
910,60.0,101.0,,false
911,60.0,119.0,,false
912,60.0,87.0,,false
913,60.0,115.0,,false
914,100.0,200.0,,false
915,100.0,243.0,,false
916,900.0,9.0,,false
917,1150.0,15.0,,false
918,1000.0,7.0,,false
919,1350.0,46.0,,true
920,500.0,58.0,,true
921,5000.0,16.0,,true
922,2200.0,134.0,,true
923,3500.0,327.0,,true
924,5000.0,600.0,,true
925,500.0,141.0,,true
926,125.0,525.0,,true
927,40.0,383.0,,true
928,350.0,164.0,,true
929,500.0,196.0,,false
930,500.0,495.0,,false
931,3300.0,27.0,,false
932,3300.0,21.0,,false
933,3300.0,23.0,,false
934,60.0,157.0,,false
935,60.0,160.0,,false
936,60.0,214.0,,false
937,60.0,175.0,,false
938,800.0,6.0,,false
939,60.0,100.0,,false
940,60.0,95.0,,false
941,60.0,119.0,,false
942,60.0,93.0,,false
943,60.0,101.0,,false
944,60.0,87.0,,false
945,60.0,92.0,,false
946,100.0,206.0,,false
947,100.0,231.0,,false
948,900.0,8.0,,false
949,1150.0,14.0,,false
950,1000.0,5.0,,false
951,1350.0,47.0,,true
952,500.0,60.0,,true
953,5000.0,16.0,,true
954,2200.0,137.0,,true
955,3500.0,266.0,,true
956,5000.0,600.0,,true
957,500.0,150.0,,true
958,125.0,503.0,,true
959,40.0,439.0,,true
960,350.0,172.0,,true
961,500.0,197.0,,false
962,500.0,318.0,,false
963,3300.0,22.0,,false
964,3300.0,28.0,,false
965,3300.0,29.0,,false
966,60.0,223.0,,false
967,60.0,180.0,,false
968,60.0,241.0,,false
969,800.0,5.0,,false
970,60.0,90.0,,false
971,60.0,114.0,,false
972,60.0,107.0,,false
973,60.0,99.0,,false
974,60.0,120.0,,false
975,60.0,85.0,,false
976,60.0,95.0,,false
977,60.0,102.0,,false
978,100.0,247.0,,false
979,100.0,198.0,,false
980,900.0,10.0,,false
981,1150.0,15.0,,false
982,1000.0,7.0,,false
983,1350.0,50.0,,true
984,500.0,60.0,,true
985,5000.0,19.0,,true
986,2200.0,135.0,,true
987,3500.0,397.0,,true
988,5000.0,600.0,,true
989,500.0,149.0,,true
990,125.0,526.0,,true
991,40.0,450.0,,true
992,350.0,154.0,,true
993,500.0,171.0,,false
994,500.0,305.0,,false
995,3300.0,25.0,,false
996,3300.0,26.0,,false
997,3300.0,23.0,,false
998,60.0,219.0,,false
999,60.0,233.0,,false
1000,60.0,247.0,,false
1001,800.0,6.0,,false
1002,60.0,97.0,,false
1003,60.0,107.0,,false
1004,60.0,98.0,,false
1005,60.0,98.0,,false
1006,60.0,111.0,,false
1007,60.0,104.0,,false
1008,60.0,83.0,,false
1009,60.0,99.0,,false
1010,60.0,82.0,,false
1011,100.0,229.0,,false
1012,100.0,224.0,,false
1013,900.0,10.0,,false
1014,1150.0,16.0,,false
1015,1000.0,6.0,,false
1016,1350.0,50.0,,true
1017,500.0,56.0,,true
1018,5000.0,17.0,,true
1019,2200.0,133.0,,true
1020,3500.0,328.0,,true
1021,5000.0,600.0,,true
1022,500.0,144.0,,true
1023,125.0,487.0,,true
1024,40.0,380.0,,true
1025,350.0,175.0,,true
1026,500.0,175.0,,false
1027,500.0,356.0,,false
1028,3300.0,22.0,,false
1029,3300.0,29.0,,false
1030,3300.0,21.0,,false
1031,60.0,195.0,,false
1032,60.0,212.0,,false
1033,60.0,176.0,,false
1034,60.0,238.0,,false
1035,800.0,5.0,,false
1036,60.0,104.0,,false
1037,60.0,90.0,,false
1038,60.0,85.0,,false
1039,60.0,102.0,,false
1040,60.0,94.0,,false
1041,60.0,82.0,,false
1042,60.0,109.0,,false
1043,60.0,107.0,,false
1044,60.0,109.0,,false
1045,60.0,113.0,,false
1046,100.0,191.0,,false
1047,100.0,239.0,,false
1048,900.0,7.0,,false
1049,1150.0,18.0,,false
1050,1000.0,8.0,,false
1051,1350.0,47.0,,true
1052,500.0,60.0,,true
1053,5000.0,18.0,,true
1054,2200.0,135.0,,true
1055,3500.0,256.0,,true
1056,5000.0,600.0,,true
1057,500.0,147.0,,true
1058,125.0,534.0,,true
1059,40.0,379.0,,true
1060,350.0,156.0,,true
1061,500.0,190.0,,false
1062,500.0,454.0,,false
1063,3300.0,26.0,,false
1064,3300.0,26.0,,false
1065,3300.0,29.0,,false
1066,60.0,174.0,,false
1067,60.0,152.0,,false
1068,60.0,159.0,,false
1069,60.0,218.0,,false
1070,800.0,4.0,,false
1071,60.0,107.0,,false
1072,60.0,96.0,,false
1073,60.0,82.0,,false
1074,60.0,119.0,,false
1075,60.0,117.0,,false
1076,60.0,114.0,,false
1077,60.0,113.0,,false
1078,100.0,196.0,,false
1079,100.0,184.0,,false
1080,900.0,9.0,,false
1081,1150.0,17.0,,false
1082,1000.0,6.0,,false
1083,1350.0,49.0,,true
1084,500.0,59.0,,true
1085,5000.0,16.0,,true
1086,2200.0,134.0,,true
1087,3500.0,268.0,,true
1088,5000.0,600.0,,true
1089,500.0,144.0,,true
1090,125.0,522.0,,true
1091,40.0,389.0,,true
1092,350.0,145.0,,true
1093,500.0,175.0,,false
1094,500.0,395.0,,false
1095,3300.0,28.0,,false
1096,3300.0,29.0,,false
1097,3300.0,23.0,,false
1098,60.0,221.0,,false
1099,60.0,190.0,,false
1100,60.0,215.0,,false
1101,60.0,205.0,,false
1102,800.0,5.0,,false
1103,60.0,89.0,,false
1104,60.0,116.0,,false
1105,60.0,90.0,,false
1106,60.0,83.0,,false
1107,60.0,94.0,,false
1108,60.0,99.0,,false
1109,60.0,94.0,,false
1110,60.0,112.0,,false
1111,60.0,100.0,,false
1112,100.0,190.0,,false
1113,100.0,247.0,,false
1114,900.0,8.0,,false
1115,1150.0,15.0,,false
1116,1000.0,6.0,,false
1117,1350.0,48.0,,true
1118,500.0,60.0,,true
1119,5000.0,16.0,,true
1120,2200.0,140.0,,true
1121,3500.0,293.0,,true
1122,5000.0,600.0,,true
1123,500.0,160.0,,true
1124,125.0,498.0,,true
1125,40.0,354.0,,true
1126,350.0,159.0,,true
1127,500.0,199.0,,false
1128,500.0,339.0,,false
1129,3300.0,21.0,,false
1130,3300.0,21.0,,false
1131,3300.0,23.0,,false
1132,60.0,170.0,,false
1133,60.0,238.0,,false
1134,60.0,219.0,,false
1135,60.0,239.0,,false
1136,800.0,4.0,,false
1137,60.0,91.0,,false
1138,60.0,106.0,,false
1139,60.0,111.0,,false
1140,60.0,85.0,,false
1141,60.0,94.0,,false
1142,60.0,111.0,,false
1143,60.0,108.0,,false
1144,100.0,223.0,,false
1145,100.0,247.0,,false
1146,900.0,8.0,,false
1147,1150.0,16.0,,false
1148,1000.0,6.0,,false
1149,1350.0,46.0,,true
1150,500.0,58.0,,true
1151,5000.0,16.0,,true
1152,2200.0,132.0,,true
1153,3500.0,285.0,,true
1154,5000.0,600.0,,true
1155,500.0,144.0,,true
1156,125.0,508.0,,true
1157,40.0,407.0,,true
1158,350.0,176.0,,true
1159,500.0,199.0,,false
1160,500.0,417.0,,false
1161,3300.0,27.0,,false
1162,3300.0,30.0,,false
1163,3300.0,24.0,,false
1164,60.0,151.0,,false
1165,60.0,237.0,,false
1166,60.0,206.0,,false
1167,60.0,216.0,,false
1168,800.0,5.0,,false
1169,60.0,104.0,,false
1170,60.0,92.0,,false
1171,60.0,91.0,,false
1172,60.0,112.0,,false
1173,60.0,106.0,,false
1174,60.0,81.0,,false
1175,60.0,97.0,,false
1176,100.0,244.0,,false
1177,100.0,184.0,,false
1178,900.0,10.0,,false
1179,1150.0,13.0,,false
1180,1000.0,7.0,,false
1181,1350.0,48.0,,true
1182,500.0,59.0,,true
1183,5000.0,19.0,,true
1184,2200.0,133.0,,true
1185,3500.0,296.0,,true
1186,5000.0,600.0,,true
1187,500.0,148.0,,true
1188,125.0,484.0,,true
1189,40.0,443.0,,true
1190,350.0,162.0,,true
1191,500.0,196.0,,false
1192,500.0,428.0,,false
1193,3300.0,26.0,,false
1194,3300.0,22.0,,false
1195,3300.0,26.0,,false
1196,60.0,220.0,,false
1197,60.0,180.0,,false
1198,60.0,199.0,,false
1199,800.0,6.0,,false
1200,60.0,87.0,,false
1201,60.0,109.0,,false
1202,60.0,113.0,,false
1203,60.0,101.0,,false
1204,60.0,93.0,,false
1205,60.0,82.0,,false
1206,60.0,103.0,,false
1207,60.0,101.0,,false
1208,60.0,110.0,,false
1209,60.0,88.0,,false
1210,100.0,182.0,,false
1211,100.0,215.0,,false
1212,900.0,8.0,,false
1213,1150.0,16.0,,false
1214,1000.0,8.0,,false
1215,1350.0,46.0,,true
1216,500.0,58.0,,true
1217,5000.0,16.0,,true
1218,2200.0,132.0,,true
1219,3500.0,369.0,,true
1220,5000.0,600.0,,true
1221,500.0,150.0,,true
1222,125.0,456.0,,true
1223,40.0,409.0,,true
1224,350.0,145.0,,true
1225,500.0,187.0,,false
1226,500.0,315.0,,false
1227,3300.0,23.0,,false
1228,3300.0,28.0,,false
1229,3300.0,22.0,,false
1230,60.0,228.0,,false
1231,60.0,247.0,,false
1232,60.0,213.0,,false
1233,800.0,4.0,,false
1234,60.0,112.0,,false
1235,60.0,81.0,,false
1236,60.0,112.0,,false
1237,60.0,82.0,,false
1238,60.0,109.0,,false
1239,60.0,112.0,,false
1240,60.0,118.0,,false
1241,60.0,107.0,,false
1242,60.0,110.0,,false
1243,100.0,207.0,,false
1244,100.0,248.0,,false
1245,900.0,8.0,,false
1246,1150.0,15.0,,false
1247,1000.0,8.0,,false
1248,1350.0,49.0,,true
1249,500.0,60.0,,true
1250,5000.0,19.0,,true
1251,2200.0,139.0,,true
1252,3500.0,284.0,,true
1253,5000.0,600.0,,true
1254,500.0,155.0,,true
1255,125.0,475.0,,true
1256,40.0,398.0,,true
1257,350.0,154.0,,true
1258,500.0,171.0,,false
1259,500.0,532.0,,false
1260,3300.0,23.0,,false
1261,3300.0,25.0,,false
1262,3300.0,21.0,,false
1263,60.0,231.0,,false
1264,60.0,236.0,,false
1265,60.0,154.0,,false
1266,800.0,5.0,,false
1267,60.0,90.0,,false
1268,60.0,120.0,,false
1269,60.0,97.0,,false
1270,60.0,88.0,,false
1271,60.0,88.0,,false
1272,60.0,85.0,,false
1273,100.0,212.0,,false
1274,100.0,248.0,,false
1275,900.0,10.0,,false
1276,1150.0,15.0,,false
1277,1000.0,8.0,,false
1278,1350.0,46.0,,true
1279,500.0,59.0,,true
1280,5000.0,17.0,,true
1281,2200.0,132.0,,true
1282,3500.0,395.0,,true
1283,5000.0,600.0,,true
1284,500.0,147.0,,true
1285,125.0,530.0,,true
1286,40.0,428.0,,true
1287,350.0,165.0,,true
1288,500.0,183.0,,false
1289,500.0,594.0,,false
1290,3300.0,29.0,,false
1291,3300.0,21.0,,false
1292,3300.0,27.0,,false
1293,60.0,165.0,,false
1294,60.0,238.0,,false
1295,60.0,242.0,,false
1296,800.0,4.0,,false
1297,60.0,101.0,,false
1298,60.0,99.0,,false
1299,60.0,91.0,,false
1300,60.0,120.0,,false
1301,60.0,107.0,,false
1302,60.0,120.0,,false
1303,60.0,83.0,,false
1304,60.0,102.0,,false
1305,60.0,111.0,,false
1306,60.0,110.0,,false
1307,100.0,242.0,,false
1308,100.0,248.0,,false
1309,900.0,9.0,,false
1310,1150.0,13.0,,false
1311,1000.0,6.0,,false
1312,1350.0,46.0,,true
1313,500.0,60.0,,true
1314,5000.0,20.0,,true
1315,2200.0,135.0,,true
1316,3500.0,239.0,,true
1317,5000.0,600.0,,true
1318,500.0,157.0,,true
1319,125.0,519.0,,true
1320,40.0,432.0,,true
1321,350.0,163.0,,true
1322,500.0,173.0,,false
1323,500.0,493.0,,false
1324,3300.0,30.0,,false
1325,3300.0,30.0,,false
1326,3300.0,27.0,,false
1327,60.0,183.0,,false
1328,60.0,245.0,,false
1329,60.0,211.0,,false
1330,800.0,4.0,,false
1331,60.0,117.0,,false
1332,60.0,120.0,,false
1333,60.0,116.0,,false
1334,60.0,111.0,,false
1335,60.0,109.0,,false
1336,60.0,120.0,,false
1337,60.0,91.0,,false
1338,100.0,222.0,,false
1339,100.0,213.0,,false
1340,900.0,8.0,,false
1341,1150.0,16.0,,false
1342,1000.0,5.0,,false
1343,1350.0,49.0,,true
1344,500.0,56.0,,true
1345,5000.0,17.0,,true
1346,2200.0,135.0,,true
1347,3500.0,333.0,,true
1348,5000.0,600.0,,true
1349,500.0,153.0,,true
1350,125.0,505.0,,true
1351,40.0,371.0,,true
1352,350.0,172.0,,true
1353,500.0,194.0,,false
1354,500.0,358.0,,false
1355,3300.0,24.0,,false
1356,3300.0,30.0,,false
1357,3300.0,25.0,,false
1358,60.0,238.0,,false
1359,60.0,238.0,,false
1360,60.0,212.0,,false
1361,60.0,188.0,,false
1362,800.0,6.0,,false
1363,60.0,93.0,,false
1364,60.0,112.0,,false
1365,60.0,83.0,,false
1366,60.0,120.0,,false
1367,60.0,113.0,,false
1368,60.0,111.0,,false
1369,60.0,113.0,,false
1370,100.0,217.0,,false
1371,100.0,183.0,,false
1372,900.0,8.0,,false
1373,1150.0,15.0,,false
1374,1000.0,8.0,,false
1375,1350.0,46.0,,true
1376,500.0,58.0,,true
1377,5000.0,16.0,,true
1378,2200.0,140.0,,true
1379,3500.0,356.0,,true
1380,5000.0,600.0,,true
1381,500.0,142.0,,true
1382,125.0,513.0,,true
1383,40.0,410.0,,true
1384,350.0,142.0,,true
1385,500.0,174.0,,false
1386,500.0,415.0,,false
1387,3300.0,21.0,,false
1388,3300.0,30.0,,false
1389,3300.0,27.0,,false
1390,60.0,208.0,,false
1391,60.0,200.0,,false
1392,60.0,224.0,,false
1393,60.0,173.0,,false
1394,800.0,5.0,,false
1395,60.0,110.0,,false
1396,60.0,119.0,,false
1397,60.0,109.0,,false
1398,60.0,92.0,,false
1399,60.0,106.0,,false
1400,60.0,101.0,,false
1401,60.0,105.0,,false
1402,60.0,117.0,,false
1403,60.0,82.0,,false
1404,100.0,198.0,,false
1405,100.0,200.0,,false
1406,900.0,10.0,,false
1407,1150.0,16.0,,false
1408,1000.0,6.0,,false
1409,1350.0,46.0,,true
1410,500.0,58.0,,true
1411,5000.0,18.0,,true
1412,2200.0,139.0,,true
1413,3500.0,385.0,,true
1414,5000.0,600.0,,true
1415,500.0,145.0,,true
1416,125.0,477.0,,true
1417,40.0,459.0,,true
1418,350.0,159.0,,true
1419,500.0,198.0,,false
1420,500.0,384.0,,false
1421,3300.0,26.0,,false
1422,3300.0,21.0,,false
1423,3300.0,30.0,,false
1424,60.0,219.0,,false
1425,60.0,221.0,,false
1426,60.0,171.0,,false
1427,60.0,182.0,,false
1428,800.0,5.0,,false
1429,60.0,118.0,,false
1430,60.0,112.0,,false
1431,60.0,115.0,,false
1432,60.0,99.0,,false
1433,60.0,97.0,,false
1434,60.0,114.0,,false
1435,60.0,89.0,,false
1436,60.0,106.0,,false
1437,60.0,115.0,,false
1438,60.0,92.0,,false
1439,100.0,249.0,,false
1440,100.0,189.0,,false
1441,900.0,10.0,,false
1442,1150.0,17.0,,false
1443,1000.0,6.0,,false
1444,1350.0,46.0,,true
1445,500.0,56.0,,true
1446,5000.0,20.0,,true
1447,2200.0,135.0,,true
1448,3500.0,206.0,,true
1449,5000.0,600.0,,true
1450,500.0,151.0,,true
1451,125.0,538.0,,true
1452,40.0,356.0,,true
1453,350.0,179.0,,true
1454,500.0,177.0,,false
1455,500.0,369.0,,false
1456,3300.0,24.0,,false
1457,3300.0,26.0,,false
1458,3300.0,23.0,,false
1459,60.0,157.0,,false
1460,60.0,225.0,,false
1461,60.0,227.0,,false
1462,800.0,6.0,,false
1463,60.0,102.0,,false
1464,60.0,86.0,,false
1465,60.0,98.0,,false
1466,60.0,82.0,,false
1467,60.0,110.0,,false
1468,60.0,82.0,,false
1469,60.0,89.0,,false
1470,60.0,105.0,,false
1471,60.0,93.0,,false
1472,60.0,112.0,,false
1473,100.0,193.0,,false
1474,100.0,204.0,,false
1475,900.0,8.0,,false
1476,1150.0,14.0,,false
1477,1000.0,6.0,,false
1478,1350.0,46.0,,true
1479,500.0,58.0,,true
1480,5000.0,17.0,,true
1481,2200.0,134.0,,true
1482,3500.0,336.0,,true
1483,5000.0,600.0,,true
1484,500.0,149.0,,true
1485,125.0,464.0,,true
1486,40.0,365.0,,true
1487,350.0,169.0,,true
1488,500.0,182.0,,false
1489,500.0,588.0,,false
1490,3300.0,23.0,,false
1491,3300.0,21.0,,false
1492,3300.0,22.0,,false
1493,60.0,171.0,,false
1494,60.0,237.0,,false
1495,60.0,167.0,,false
1496,800.0,4.0,,false
1497,60.0,114.0,,false
1498,60.0,106.0,,false
1499,60.0,118.0,,false
1500,60.0,100.0,,false
1501,60.0,91.0,,false
1502,60.0,118.0,,false
1503,60.0,97.0,,false
1504,100.0,236.0,,false
1505,100.0,209.0,,false
1506,900.0,7.0,,false
1507,1150.0,13.0,,false
1508,1000.0,8.0,,false
1509,1350.0,46.0,,true
1510,500.0,57.0,,true
1511,5000.0,17.0,,true
1512,2200.0,135.0,,true
1513,3500.0,380.0,,true
1514,5000.0,600.0,,true
1515,500.0,155.0,,true
1516,125.0,524.0,,true
1517,40.0,458.0,,true
1518,350.0,164.0,,true
1519,500.0,188.0,,false
1520,500.0,391.0,,false
1521,3300.0,27.0,,false
1522,3300.0,28.0,,false
1523,3300.0,29.0,,false
1524,60.0,197.0,,false
1525,60.0,164.0,,false
1526,60.0,240.0,,false
1527,800.0,4.0,,false
1528,60.0,106.0,,false
1529,60.0,83.0,,false
1530,60.0,113.0,,false
1531,60.0,106.0,,false
1532,60.0,118.0,,false
1533,60.0,110.0,,false
1534,60.0,110.0,,false
1535,60.0,110.0,,false
1536,100.0,229.0,,false
1537,100.0,241.0,,false
1538,900.0,9.0,,false
1539,1150.0,16.0,,false
1540,1000.0,6.0,,false
1541,1350.0,50.0,,true
1542,500.0,58.0,,true
1543,5000.0,20.0,,true
1544,2200.0,140.0,,true
1545,3500.0,394.0,,true
1546,5000.0,600.0,,true
1547,500.0,144.0,,true
1548,125.0,518.0,,true
1549,40.0,387.0,,true
1550,350.0,175.0,,true
1551,500.0,184.0,,false
1552,500.0,476.0,,false
1553,3300.0,22.0,,false
1554,3300.0,21.0,,false
1555,3300.0,25.0,,false
1556,60.0,201.0,,false
1557,60.0,187.0,,false
1558,60.0,230.0,,false
1559,60.0,215.0,,false
1560,800.0,6.0,,false
1561,60.0,81.0,,false
1562,60.0,120.0,,false
1563,60.0,116.0,,false
1564,60.0,103.0,,false
1565,60.0,88.0,,false
1566,60.0,108.0,,false
1567,100.0,207.0,,false
1568,100.0,239.0,,false
1569,900.0,7.0,,false
1570,1150.0,18.0,,false
1571,1000.0,5.0,,false
1572,1350.0,46.0,,true
1573,500.0,59.0,,true
1574,5000.0,16.0,,true
1575,2200.0,136.0,,true
1576,3500.0,386.0,,true
1577,5000.0,600.0,,true
1578,500.0,157.0,,true
1579,125.0,548.0,,true
1580,40.0,396.0,,true
1581,350.0,155.0,,true
1582,500.0,193.0,,false
1583,500.0,437.0,,false
1584,3300.0,25.0,,false
1585,3300.0,21.0,,false
1586,3300.0,30.0,,false
1587,60.0,235.0,,false
1588,60.0,207.0,,false
1589,60.0,164.0,,false
1590,60.0,160.0,,false
1591,800.0,5.0,,false
1592,60.0,119.0,,false
1593,60.0,117.0,,false
1594,60.0,98.0,,false
1595,60.0,106.0,,false
1596,60.0,113.0,,false
1597,60.0,114.0,,false
1598,60.0,115.0,,false
1599,60.0,101.0,,false
1600,60.0,110.0,,false
1601,60.0,115.0,,false
1602,100.0,227.0,,false
1603,100.0,224.0,,false
1604,900.0,9.0,,false
1605,1150.0,13.0,,false
1606,1000.0,7.0,,false
1607,1350.0,46.0,,true
1608,500.0,60.0,,true
1609,5000.0,20.0,,true
1610,2200.0,138.0,,true
1611,3500.0,222.0,,true
1612,5000.0,600.0,,true
1613,500.0,157.0,,true
1614,125.0,475.0,,true
1615,40.0,424.0,,true
1616,350.0,164.0,,true
1617,500.0,182.0,,false
1618,500.0,345.0,,false
1619,3300.0,22.0,,false
1620,3300.0,27.0,,false
1621,3300.0,21.0,,false
1622,60.0,235.0,,false
1623,60.0,212.0,,false
1624,60.0,182.0,,false
1625,800.0,4.0,,false
1626,60.0,89.0,,false
1627,60.0,117.0,,false
1628,60.0,117.0,,false
1629,60.0,118.0,,false
1630,60.0,120.0,,false
1631,60.0,85.0,,false
1632,60.0,119.0,,false
1633,60.0,86.0,,false
1634,100.0,216.0,,false
1635,100.0,241.0,,false
1636,900.0,8.0,,false
1637,1150.0,14.0,,false
1638,1000.0,7.0,,false
1639,1350.0,46.0,,true
1640,500.0,59.0,,true
1641,5000.0,16.0,,true
1642,2200.0,133.0,,true
1643,3500.0,301.0,,true
1644,5000.0,600.0,,true
1645,500.0,146.0,,true
1646,125.0,496.0,,true
1647,40.0,458.0,,true
1648,350.0,144.0,,true
1649,500.0,171.0,,false
1650,500.0,398.0,,false
1651,3300.0,24.0,,false
1652,3300.0,22.0,,false
1653,3300.0,29.0,,false
1654,60.0,208.0,,false
1655,60.0,242.0,,false
1656,60.0,185.0,,false
1657,60.0,153.0,,false
1658,800.0,4.0,,false
1659,60.0,93.0,,false
1660,60.0,107.0,,false
1661,60.0,89.0,,false
1662,60.0,111.0,,false
1663,60.0,116.0,,false
1664,60.0,97.0,,false
1665,100.0,189.0,,false
1666,100.0,205.0,,false
1667,900.0,7.0,,false
1668,1150.0,18.0,,false
1669,1000.0,5.0,,false
1670,1350.0,47.0,,true
1671,500.0,60.0,,true
1672,5000.0,18.0,,true
1673,2200.0,134.0,,true
1674,3500.0,292.0,,true
1675,5000.0,600.0,,true
1676,500.0,155.0,,true
1677,125.0,506.0,,true
1678,40.0,357.0,,true
1679,350.0,146.0,,true
1680,500.0,190.0,,false
1681,500.0,472.0,,false
1682,3300.0,24.0,,false
1683,3300.0,24.0,,false
1684,3300.0,30.0,,false
1685,60.0,221.0,,false
1686,60.0,237.0,,false
1687,60.0,156.0,,false
1688,60.0,223.0,,false
1689,800.0,4.0,,false
1690,60.0,107.0,,false
1691,60.0,108.0,,false
1692,60.0,81.0,,false
1693,60.0,89.0,,false
1694,60.0,97.0,,false
1695,60.0,96.0,,false
1696,60.0,98.0,,false
1697,60.0,102.0,,false
1698,60.0,87.0,,false
1699,60.0,87.0,,false
1700,100.0,207.0,,false
1701,100.0,246.0,,false
1702,900.0,7.0,,false
1703,1150.0,14.0,,false
1704,1000.0,5.0,,false
1705,1350.0,46.0,,true
1706,500.0,58.0,,true
1707,5000.0,19.0,,true
1708,2200.0,135.0,,true
1709,3500.0,206.0,,true
1710,5000.0,600.0,,true
1711,500.0,144.0,,true
1712,125.0,471.0,,true
1713,40.0,412.0,,true
1714,350.0,153.0,,true
1715,500.0,172.0,,false
1716,500.0,476.0,,false
1717,3300.0,29.0,,false
1718,3300.0,25.0,,false
1719,3300.0,21.0,,false
1720,60.0,211.0,,false
1721,60.0,197.0,,false
1722,60.0,199.0,,false
1723,800.0,5.0,,false
1724,60.0,119.0,,false
1725,60.0,84.0,,false
1726,60.0,97.0,,false
1727,60.0,111.0,,false
1728,60.0,112.0,,false
1729,60.0,104.0,,false
1730,60.0,94.0,,false
1731,60.0,109.0,,false
1732,60.0,117.0,,false
1733,100.0,224.0,,false
1734,100.0,223.0,,false
1735,900.0,10.0,,false
1736,1150.0,14.0,,false
1737,1000.0,7.0,,false
1738,1350.0,47.0,,true
1739,500.0,56.0,,true
1740,5000.0,20.0,,true
1741,2200.0,132.0,,true
1742,3500.0,229.0,,true
1743,5000.0,600.0,,true
1744,500.0,155.0,,true
1745,125.0,474.0,,true
1746,40.0,363.0,,true
1747,350.0,147.0,,true
1748,500.0,180.0,,false
1749,500.0,397.0,,false
1750,3300.0,24.0,,false
1751,3300.0,30.0,,false
1752,3300.0,21.0,,false
1753,60.0,210.0,,false
1754,60.0,225.0,,false
1755,60.0,228.0,,false
1756,60.0,188.0,,false
1757,800.0,4.0,,false
1758,60.0,94.0,,false
1759,60.0,91.0,,false
1760,60.0,97.0,,false
1761,60.0,114.0,,false
1762,60.0,91.0,,false
1763,60.0,95.0,,false
1764,60.0,94.0,,false
1765,100.0,239.0,,false
1766,100.0,187.0,,false
1767,900.0,7.0,,false
1768,1150.0,18.0,,false
1769,1000.0,5.0,,false
1770,1350.0,47.0,,true
1771,500.0,56.0,,true
1772,5000.0,16.0,,true
1773,2200.0,136.0,,true
1774,3500.0,386.0,,true
1775,5000.0,600.0,,true
1776,500.0,142.0,,true
1777,125.0,503.0,,true
1778,40.0,388.0,,true
1779,350.0,150.0,,true
1780,500.0,180.0,,false
1781,500.0,429.0,,false
1782,3300.0,25.0,,false
1783,3300.0,23.0,,false
1784,3300.0,24.0,,false
1785,60.0,188.0,,false
1786,60.0,225.0,,false
1787,60.0,211.0,,false
1788,60.0,242.0,,false
1789,800.0,4.0,,false
1790,60.0,90.0,,false
1791,60.0,118.0,,false
1792,60.0,103.0,,false
1793,60.0,117.0,,false
1794,60.0,113.0,,false
1795,60.0,101.0,,false
1796,60.0,106.0,,false
1797,60.0,91.0,,false
1798,100.0,192.0,,false
1799,100.0,248.0,,false
1800,900.0,7.0,,false
1801,1150.0,13.0,,false
1802,1000.0,6.0,,false
1803,1350.0,49.0,,true
1804,500.0,58.0,,true
1805,5000.0,18.0,,true
1806,2200.0,132.0,,true
1807,3500.0,278.0,,true
1808,5000.0,600.0,,true
1809,500.0,157.0,,true
1810,125.0,543.0,,true
1811,40.0,459.0,,true
1812,350.0,164.0,,true
1813,500.0,184.0,,false
1814,500.0,395.0,,false
1815,3300.0,21.0,,false
1816,3300.0,27.0,,false
1817,3300.0,25.0,,false
1818,60.0,234.0,,false
1819,60.0,210.0,,false
1820,60.0,188.0,,false
1821,60.0,238.0,,false
1822,800.0,5.0,,false
1823,60.0,98.0,,false
1824,60.0,89.0,,false
1825,60.0,117.0,,false
1826,60.0,109.0,,false
1827,60.0,111.0,,false
1828,60.0,119.0,,false
1829,60.0,101.0,,false
1830,60.0,93.0,,false
1831,60.0,97.0,,false
1832,60.0,111.0,,false
1833,100.0,237.0,,false
1834,100.0,211.0,,false
1835,900.0,9.0,,false
1836,1150.0,13.0,,false
1837,1000.0,5.0,,false
1838,1350.0,46.0,,true
1839,500.0,60.0,,true
1840,5000.0,18.0,,true
1841,2200.0,135.0,,true
1842,3500.0,275.0,,true
1843,5000.0,600.0,,true
1844,500.0,160.0,,true
1845,125.0,550.0,,true
1846,40.0,422.0,,true
1847,350.0,148.0,,true
1848,500.0,179.0,,false
1849,500.0,522.0,,false
1850,3300.0,30.0,,false
1851,3300.0,28.0,,false
1852,3300.0,25.0,,false
1853,60.0,241.0,,false
1854,60.0,214.0,,false
1855,60.0,173.0,,false
1856,800.0,4.0,,false
1857,60.0,120.0,,false
1858,60.0,107.0,,false
1859,60.0,96.0,,false
1860,60.0,89.0,,false
1861,60.0,106.0,,false
1862,60.0,106.0,,false
1863,60.0,110.0,,false
1864,100.0,190.0,,false
1865,100.0,226.0,,false
1866,900.0,10.0,,false
1867,1150.0,16.0,,false
1868,1000.0,6.0,,false
1869,1350.0,47.0,,true
1870,500.0,57.0,,true
1871,5000.0,17.0,,true
1872,2200.0,135.0,,true
1873,3500.0,268.0,,true
1874,5000.0,600.0,,true
1875,500.0,157.0,,true
1876,125.0,491.0,,true
1877,40.0,414.0,,true
1878,350.0,162.0,,true
1879,500.0,194.0,,false
1880,500.0,487.0,,false
1881,3300.0,25.0,,false
1882,3300.0,26.0,,false
1883,3300.0,21.0,,false
1884,60.0,167.0,,false
1885,60.0,184.0,,false
1886,60.0,215.0,,false
1887,800.0,4.0,,false
1888,60.0,115.0,,false
1889,60.0,85.0,,false
1890,60.0,82.0,,false
1891,60.0,103.0,,false
1892,60.0,84.0,,false
1893,60.0,84.0,,false
1894,60.0,81.0,,false
1895,60.0,95.0,,false
1896,60.0,82.0,,false
1897,100.0,206.0,,false
1898,100.0,210.0,,false
1899,900.0,9.0,,false
1900,1150.0,17.0,,false
1901,1000.0,6.0,,false
1902,1350.0,50.0,,true
1903,500.0,60.0,,true
1904,5000.0,20.0,,true
1905,2200.0,132.0,,true
1906,3500.0,202.0,,true
1907,5000.0,600.0,,true
1908,500.0,155.0,,true
1909,125.0,456.0,,true
1910,40.0,456.0,,true
1911,350.0,176.0,,true
1912,500.0,184.0,,false
1913,500.0,569.0,,false
1914,3300.0,24.0,,false
1915,3300.0,23.0,,false
1916,3300.0,21.0,,false
1917,60.0,194.0,,false
1918,60.0,217.0,,false
1919,60.0,204.0,,false
1920,60.0,178.0,,false
1921,800.0,4.0,,false
1922,60.0,81.0,,false
1923,60.0,111.0,,false
1924,60.0,113.0,,false
1925,60.0,111.0,,false
1926,60.0,104.0,,false
1927,60.0,86.0,,false
1928,60.0,97.0,,false
1929,60.0,85.0,,false
1930,60.0,111.0,,false
1931,100.0,221.0,,false
1932,100.0,237.0,,false
1933,900.0,9.0,,false
1934,1150.0,15.0,,false
1935,1000.0,7.0,,false
1936,1350.0,48.0,,true
1937,500.0,60.0,,true
1938,5000.0,16.0,,true
1939,2200.0,132.0,,true
1940,3500.0,386.0,,true
1941,5000.0,600.0,,true
1942,500.0,142.0,,true
1943,125.0,527.0,,true
1944,40.0,355.0,,true
1945,350.0,168.0,,true
1946,500.0,185.0,,false
1947,500.0,469.0,,false
1948,3300.0,22.0,,false
1949,3300.0,30.0,,false
1950,3300.0,29.0,,false
1951,60.0,236.0,,false
1952,60.0,196.0,,false
1953,60.0,172.0,,false
1954,800.0,5.0,,false
1955,60.0,110.0,,false
1956,60.0,103.0,,false
1957,60.0,100.0,,false
1958,60.0,96.0,,false
1959,60.0,81.0,,false
1960,60.0,106.0,,false
1961,100.0,226.0,,false
1962,100.0,220.0,,false
1963,900.0,7.0,,false
1964,1150.0,14.0,,false
1965,1000.0,7.0,,false
1966,1350.0,48.0,,true
1967,500.0,60.0,,true
1968,5000.0,16.0,,true
1969,2200.0,135.0,,true
1970,3500.0,279.0,,true
1971,5000.0,600.0,,true
1972,500.0,152.0,,true
1973,125.0,462.0,,true
1974,40.0,430.0,,true
1975,350.0,161.0,,true
1976,500.0,188.0,,false
1977,500.0,538.0,,false
1978,3300.0,21.0,,false
1979,3300.0,30.0,,false
1980,3300.0,23.0,,false
1981,60.0,184.0,,false
1982,60.0,157.0,,false
1983,60.0,236.0,,false
1984,60.0,227.0,,false
1985,800.0,5.0,,false
1986,60.0,85.0,,false
1987,60.0,92.0,,false
1988,60.0,98.0,,false
1989,60.0,88.0,,false
1990,60.0,114.0,,false
1991,60.0,115.0,,false
1992,60.0,82.0,,false
1993,60.0,104.0,,false
1994,60.0,102.0,,false
1995,60.0,94.0,,false
1996,100.0,248.0,,false
1997,100.0,219.0,,false
1998,900.0,8.0,,false
1999,1150.0,17.0,,false
2000,1000.0,6.0,,false
2001,1350.0,48.0,,true
2002,500.0,58.0,,true
2003,5000.0,18.0,,true
2004,2200.0,132.0,,true
2005,3500.0,236.0,,true
2006,5000.0,600.0,,true
2007,500.0,147.0,,true
2008,125.0,524.0,,true
2009,40.0,420.0,,true
2010,350.0,165.0,,true
2011,500.0,176.0,,false
2012,500.0,571.0,,false
2013,3300.0,26.0,,false
2014,3300.0,27.0,,false
2015,3300.0,25.0,,false
2016,60.0,155.0,,false
2017,60.0,249.0,,false
2018,60.0,167.0,,false
2019,800.0,4.0,,false
2020,60.0,105.0,,false
2021,60.0,84.0,,false
2022,60.0,115.0,,false
2023,60.0,120.0,,false
2024,60.0,101.0,,false
2025,60.0,88.0,,false
2026,60.0,88.0,,false
2027,60.0,102.0,,false
2028,60.0,103.0,,false
2029,60.0,112.0,,false
2030,100.0,187.0,,false
2031,100.0,186.0,,false
2032,900.0,9.0,,false
2033,1150.0,15.0,,false
2034,1000.0,5.0,,false
2035,1350.0,50.0,,true
2036,500.0,60.0,,true
2037,5000.0,18.0,,true
2038,2200.0,135.0,,true
2039,3500.0,206.0,,true
2040,5000.0,600.0,,true
2041,500.0,141.0,,true
2042,125.0,484.0,,true
2043,40.0,425.0,,true
2044,350.0,149.0,,true
2045,500.0,190.0,,false
2046,500.0,418.0,,false
2047,3300.0,24.0,,false
2048,3300.0,25.0,,false
2049,3300.0,23.0,,false
2050,60.0,153.0,,false
2051,60.0,175.0,,false
2052,60.0,226.0,,false
2053,60.0,215.0,,false
2054,800.0,5.0,,false
2055,60.0,85.0,,false
2056,60.0,92.0,,false
2057,60.0,120.0,,false
2058,60.0,113.0,,false
2059,60.0,108.0,,false
2060,60.0,97.0,,false
2061,100.0,188.0,,false
2062,100.0,226.0,,false
2063,900.0,7.0,,false
2064,1150.0,17.0,,false
2065,1000.0,7.0,,false
2066,1350.0,47.0,,true
2067,500.0,60.0,,true
2068,5000.0,19.0,,true
2069,2200.0,132.0,,true
2070,3500.0,370.0,,true
2071,5000.0,600.0,,true
2072,500.0,147.0,,true
2073,125.0,515.0,,true
2074,40.0,390.0,,true
2075,350.0,141.0,,true
2076,500.0,200.0,,false
2077,500.0,581.0,,false
2078,3300.0,21.0,,false
2079,3300.0,30.0,,false
2080,3300.0,27.0,,false
2081,60.0,240.0,,false
2082,60.0,170.0,,false
2083,60.0,151.0,,false
2084,60.0,216.0,,false
2085,800.0,4.0,,false
2086,60.0,92.0,,false
2087,60.0,119.0,,false
2088,60.0,96.0,,false
2089,60.0,120.0,,false
2090,60.0,105.0,,false
2091,60.0,101.0,,false
2092,60.0,84.0,,false
2093,100.0,215.0,,false
2094,100.0,242.0,,false
2095,900.0,7.0,,false
2096,1150.0,13.0,,false
2097,1000.0,8.0,,false
2098,1350.0,47.0,,true
2099,500.0,57.0,,true
2100,5000.0,19.0,,true
2101,2200.0,139.0,,true
2102,3500.0,384.0,,true
2103,5000.0,600.0,,true
2104,500.0,147.0,,true
2105,125.0,508.0,,true
2106,40.0,411.0,,true
2107,350.0,152.0,,true
2108,500.0,178.0,,false
2109,500.0,452.0,,false
2110,3300.0,25.0,,false
2111,3300.0,25.0,,false
2112,3300.0,25.0,,false
2113,60.0,192.0,,false
2114,60.0,171.0,,false
2115,60.0,244.0,,false
2116,800.0,4.0,,false
2117,60.0,110.0,,false
2118,60.0,81.0,,false
2119,60.0,100.0,,false
2120,60.0,90.0,,false
2121,60.0,83.0,,false
2122,60.0,90.0,,false
2123,60.0,101.0,,false
2124,60.0,120.0,,false
2125,100.0,245.0,,false
2126,100.0,214.0,,false
2127,900.0,7.0,,false
2128,1150.0,14.0,,false
2129,1000.0,5.0,,false
2130,1350.0,48.0,,true
2131,500.0,60.0,,true
2132,5000.0,17.0,,true
2133,2200.0,132.0,,true
2134,3500.0,238.0,,true
2135,5000.0,600.0,,true
2136,500.0,141.0,,true
2137,125.0,508.0,,true
2138,40.0,439.0,,true
2139,350.0,155.0,,true
2140,500.0,186.0,,false
2141,500.0,459.0,,false
2142,3300.0,30.0,,false
2143,3300.0,28.0,,false
2144,3300.0,21.0,,false
2145,60.0,173.0,,false
2146,60.0,250.0,,false
2147,60.0,223.0,,false
2148,60.0,225.0,,false
2149,800.0,4.0,,false
2150,60.0,119.0,,false
2151,60.0,103.0,,false
2152,60.0,107.0,,false
2153,60.0,92.0,,false
2154,60.0,107.0,,false
2155,60.0,89.0,,false
2156,60.0,102.0,,false
2157,60.0,104.0,,false
2158,60.0,112.0,,false
2159,100.0,220.0,,false
2160,100.0,246.0,,false
2161,900.0,9.0,,false
2162,1150.0,15.0,,false
2163,1000.0,6.0,,false
2164,1350.0,50.0,,true
2165,500.0,57.0,,true
2166,5000.0,17.0,,true
2167,2200.0,135.0,,true
2168,3500.0,385.0,,true
2169,5000.0,600.0,,true
2170,500.0,147.0,,true
2171,125.0,520.0,,true
2172,40.0,401.0,,true
2173,350.0,159.0,,true
2174,500.0,193.0,,false
2175,500.0,340.0,,false
2176,3300.0,22.0,,false
2177,3300.0,29.0,,false
2178,3300.0,28.0,,false
2179,60.0,182.0,,false
2180,60.0,200.0,,false
2181,60.0,220.0,,false
2182,800.0,5.0,,false
2183,60.0,90.0,,false
2184,60.0,97.0,,false
2185,60.0,100.0,,false
2186,60.0,83.0,,false
2187,60.0,101.0,,false
2188,60.0,100.0,,false
2189,60.0,101.0,,false
2190,100.0,197.0,,false
2191,100.0,202.0,,false
2192,900.0,10.0,,false
2193,1150.0,18.0,,false
2194,1000.0,5.0,,false
2195,1350.0,47.0,,true
2196,500.0,58.0,,true
2197,5000.0,18.0,,true
2198,2200.0,132.0,,true
2199,3500.0,318.0,,true
2200,5000.0,600.0,,true
2201,500.0,147.0,,true
2202,125.0,482.0,,true
2203,40.0,435.0,,true
2204,350.0,165.0,,true
2205,500.0,193.0,,false
2206,500.0,560.0,,false
2207,3300.0,23.0,,false
2208,3300.0,25.0,,false
2209,3300.0,23.0,,false
2210,60.0,212.0,,false
2211,60.0,180.0,,false
2212,60.0,220.0,,false
2213,800.0,5.0,,false
2214,60.0,103.0,,false
2215,60.0,92.0,,false
2216,60.0,81.0,,false
2217,60.0,118.0,,false
2218,60.0,106.0,,false
2219,60.0,120.0,,false
2220,100.0,240.0,,false
2221,100.0,241.0,,false
2222,900.0,7.0,,false
2223,1150.0,14.0,,false
2224,1000.0,5.0,,false
2225,1350.0,50.0,,true
2226,500.0,60.0,,true
2227,5000.0,16.0,,true
2228,2200.0,134.0,,true
2229,3500.0,331.0,,true
2230,5000.0,600.0,,true
2231,500.0,147.0,,true
2232,125.0,513.0,,true
2233,40.0,374.0,,true
2234,350.0,157.0,,true
2235,500.0,193.0,,false
2236,500.0,374.0,,false
2237,3300.0,26.0,,false
2238,3300.0,26.0,,false
2239,3300.0,22.0,,false
2240,60.0,200.0,,false
2241,60.0,216.0,,false
2242,60.0,158.0,,false
2243,800.0,6.0,,false
2244,60.0,82.0,,false
2245,60.0,94.0,,false
2246,60.0,112.0,,false
2247,60.0,107.0,,false
2248,60.0,103.0,,false
2249,60.0,119.0,,false
2250,60.0,85.0,,false
2251,60.0,97.0,,false
2252,100.0,241.0,,false
2253,100.0,190.0,,false
2254,900.0,10.0,,false
2255,1150.0,17.0,,false
2256,1000.0,7.0,,false
2257,1350.0,46.0,,true
2258,500.0,57.0,,true
2259,5000.0,16.0,,true
2260,2200.0,137.0,,true
2261,3500.0,251.0,,true
2262,5000.0,600.0,,true
2263,500.0,150.0,,true
2264,125.0,457.0,,true
2265,40.0,408.0,,true
2266,350.0,146.0,,true
2267,500.0,188.0,,false
2268,500.0,567.0,,false
2269,3300.0,27.0,,false
2270,3300.0,30.0,,false
2271,3300.0,23.0,,false
2272,60.0,192.0,,false
2273,60.0,234.0,,false
2274,60.0,206.0,,false
2275,60.0,240.0,,false
2276,800.0,6.0,,false
2277,60.0,116.0,,false
2278,60.0,112.0,,false
2279,60.0,106.0,,false
2280,60.0,84.0,,false
2281,60.0,92.0,,false
2282,60.0,90.0,,false
2283,60.0,108.0,,false
2284,100.0,183.0,,false
2285,100.0,210.0,,false
2286,900.0,10.0,,false
2287,1150.0,16.0,,false
2288,1000.0,5.0,,false
2289,1350.0,49.0,,true
2290,500.0,59.0,,true
2291,5000.0,17.0,,true
2292,2200.0,139.0,,true
2293,3500.0,233.0,,true
2294,5000.0,600.0,,true
2295,500.0,152.0,,true
2296,125.0,491.0,,true
2297,40.0,454.0,,true
2298,350.0,144.0,,true
2299,500.0,181.0,,false
2300,500.0,432.0,,false
2301,3300.0,21.0,,false
2302,3300.0,30.0,,false
2303,3300.0,21.0,,false
2304,60.0,171.0,,false
2305,60.0,235.0,,false
2306,60.0,205.0,,false
2307,800.0,6.0,,false
2308,60.0,102.0,,false
2309,60.0,83.0,,false
2310,60.0,90.0,,false
2311,60.0,102.0,,false
2312,60.0,101.0,,false
2313,60.0,111.0,,false
2314,60.0,112.0,,false
2315,60.0,100.0,,false
2316,60.0,118.0,,false
2317,100.0,233.0,,false
2318,100.0,215.0,,false
2319,900.0,9.0,,false
2320,1150.0,17.0,,false
2321,1000.0,8.0,,false
2322,1350.0,48.0,,true
2323,500.0,60.0,,true
2324,5000.0,17.0,,true
2325,2200.0,132.0,,true
2326,3500.0,284.0,,true
2327,5000.0,600.0,,true
2328,500.0,150.0,,true
2329,125.0,474.0,,true
2330,40.0,425.0,,true
2331,350.0,143.0,,true
2332,500.0,182.0,,false
2333,500.0,527.0,,false
2334,3300.0,26.0,,false
2335,3300.0,24.0,,false
2336,3300.0,28.0,,false
2337,60.0,156.0,,false
2338,60.0,194.0,,false
2339,60.0,168.0,,false
2340,60.0,151.0,,false
2341,800.0,6.0,,false
2342,60.0,96.0,,false
2343,60.0,114.0,,false
2344,60.0,104.0,,false
2345,60.0,108.0,,false
2346,60.0,86.0,,false
2347,60.0,95.0,,false
2348,60.0,87.0,,false
2349,100.0,185.0,,false
2350,100.0,190.0,,false
2351,900.0,9.0,,false
2352,1150.0,16.0,,false
2353,1000.0,5.0,,false
2354,1350.0,48.0,,true
2355,500.0,57.0,,true
2356,5000.0,19.0,,true
2357,2200.0,138.0,,true
2358,3500.0,390.0,,true
2359,5000.0,600.0,,true
2360,500.0,143.0,,true
2361,125.0,463.0,,true
2362,40.0,438.0,,true
2363,350.0,155.0,,true
2364,500.0,179.0,,false
2365,500.0,499.0,,false
2366,3300.0,22.0,,false
2367,3300.0,30.0,,false
2368,3300.0,26.0,,false
2369,60.0,216.0,,false
2370,60.0,237.0,,false
2371,60.0,171.0,,false
2372,800.0,6.0,,false
2373,60.0,100.0,,false
2374,60.0,99.0,,false
2375,60.0,109.0,,false
2376,60.0,110.0,,false
2377,60.0,99.0,,false
2378,60.0,114.0,,false
2379,60.0,110.0,,false
2380,100.0,234.0,,false
2381,100.0,201.0,,false
2382,900.0,8.0,,false
2383,1150.0,13.0,,false
2384,1000.0,5.0,,false
2385,1350.0,47.0,,true
2386,500.0,58.0,,true
2387,5000.0,19.0,,true
2388,2200.0,135.0,,true
2389,3500.0,395.0,,true
2390,5000.0,600.0,,true
2391,500.0,159.0,,true
2392,125.0,456.0,,true
2393,40.0,404.0,,true
2394,350.0,173.0,,true
2395,500.0,193.0,,false
2396,500.0,550.0,,false
2397,3300.0,30.0,,false
2398,3300.0,24.0,,false
2399,3300.0,25.0,,false
2400,60.0,196.0,,false
2401,60.0,156.0,,false
2402,60.0,233.0,,false
2403,60.0,217.0,,false
2404,800.0,5.0,,false
2405,60.0,111.0,,false
2406,60.0,82.0,,false
2407,60.0,118.0,,false
2408,60.0,90.0,,false
2409,60.0,93.0,,false
2410,60.0,107.0,,false
2411,100.0,197.0,,false
2412,100.0,245.0,,false
2413,900.0,7.0,,false
2414,1150.0,14.0,,false
2415,1000.0,7.0,,false
2416,1350.0,48.0,,true
2417,500.0,56.0,,true
2418,5000.0,19.0,,true
2419,2200.0,131.0,,true
2420,3500.0,201.0,,true
2421,5000.0,600.0,,true
2422,500.0,150.0,,true
2423,125.0,510.0,,true
2424,40.0,372.0,,true
2425,350.0,162.0,,true
2426,500.0,191.0,,false
2427,500.0,561.0,,false
2428,3300.0,26.0,,false
2429,3300.0,23.0,,false
2430,3300.0,23.0,,false
2431,60.0,218.0,,false
2432,60.0,161.0,,false
2433,60.0,210.0,,false
2434,800.0,5.0,,false
2435,60.0,107.0,,false
2436,60.0,99.0,,false
2437,60.0,94.0,,false
2438,60.0,86.0,,false
2439,60.0,120.0,,false
2440,60.0,116.0,,false
2441,60.0,102.0,,false
2442,60.0,113.0,,false
2443,60.0,119.0,,false
2444,100.0,201.0,,false
2445,100.0,215.0,,false
2446,900.0,9.0,,false
2447,1150.0,14.0,,false
2448,1000.0,7.0,,false
2449,1350.0,49.0,,true
2450,500.0,56.0,,true
2451,5000.0,18.0,,true
2452,2200.0,136.0,,true
2453,3500.0,305.0,,true
2454,5000.0,600.0,,true
2455,500.0,158.0,,true
2456,125.0,524.0,,true
2457,40.0,441.0,,true
2458,350.0,164.0,,true
2459,500.0,172.0,,false
2460,500.0,396.0,,false
2461,3300.0,22.0,,false
2462,3300.0,28.0,,false
2463,3300.0,23.0,,false
2464,60.0,244.0,,false
2465,60.0,209.0,,false
2466,60.0,169.0,,false
2467,800.0,4.0,,false
2468,60.0,83.0,,false
2469,60.0,100.0,,false
2470,60.0,104.0,,false
2471,60.0,116.0,,false
2472,60.0,94.0,,false
2473,60.0,105.0,,false
2474,60.0,104.0,,false
2475,60.0,82.0,,false
2476,60.0,103.0,,false
2477,60.0,119.0,,false
2478,100.0,244.0,,false
2479,100.0,209.0,,false
2480,900.0,10.0,,false
2481,1150.0,18.0,,false
2482,1000.0,5.0,,false
2483,1350.0,46.0,,true
2484,500.0,57.0,,true
2485,5000.0,19.0,,true
2486,2200.0,134.0,,true
2487,3500.0,398.0,,true
2488,5000.0,600.0,,true
2489,500.0,144.0,,true
2490,125.0,488.0,,true
2491,40.0,365.0,,true
2492,350.0,163.0,,true
2493,500.0,195.0,,false
2494,500.0,583.0,,false
2495,3300.0,26.0,,false
2496,3300.0,22.0,,false
2497,3300.0,26.0,,false
2498,60.0,233.0,,false
2499,60.0,247.0,,false
2500,60.0,239.0,,false
2501,60.0,194.0,,false
2502,800.0,4.0,,false
2503,60.0,120.0,,false
2504,60.0,114.0,,false
2505,60.0,86.0,,false
2506,60.0,98.0,,false
2507,60.0,85.0,,false
2508,60.0,120.0,,false
2509,60.0,88.0,,false
2510,100.0,229.0,,false
2511,100.0,241.0,,false
2512,900.0,7.0,,false
2513,1150.0,15.0,,false
2514,1000.0,6.0,,false
2515,1350.0,50.0,,true
2516,500.0,59.0,,true
2517,5000.0,17.0,,true
2518,2200.0,138.0,,true
2519,3500.0,269.0,,true
2520,5000.0,600.0,,true
2521,500.0,153.0,,true
2522,125.0,536.0,,true
2523,40.0,445.0,,true
2524,350.0,170.0,,true
2525,500.0,198.0,,false
2526,500.0,341.0,,false
2527,3300.0,23.0,,false
2528,3300.0,30.0,,false
2529,3300.0,22.0,,false
2530,60.0,206.0,,false
2531,60.0,232.0,,false
2532,60.0,219.0,,false
2533,800.0,4.0,,false
2534,60.0,86.0,,false
2535,60.0,97.0,,false
2536,60.0,86.0,,false
2537,60.0,84.0,,false
2538,60.0,92.0,,false
2539,60.0,87.0,,false
2540,60.0,109.0,,false
2541,100.0,226.0,,false
2542,100.0,204.0,,false
2543,900.0,10.0,,false
2544,1150.0,13.0,,false
2545,1000.0,5.0,,false
2546,1350.0,50.0,,true
2547,500.0,59.0,,true
2548,5000.0,19.0,,true
2549,2200.0,137.0,,true
2550,3500.0,296.0,,true
2551,5000.0,600.0,,true
2552,500.0,154.0,,true
2553,125.0,495.0,,true
2554,40.0,394.0,,true
2555,350.0,162.0,,true
2556,500.0,181.0,,false
2557,500.0,524.0,,false
2558,3300.0,25.0,,false
2559,3300.0,21.0,,false
2560,3300.0,21.0,,false
2561,60.0,178.0,,false
2562,60.0,165.0,,false
2563,60.0,205.0,,false
2564,60.0,204.0,,false
2565,800.0,5.0,,false
2566,60.0,119.0,,false
2567,60.0,85.0,,false
2568,60.0,99.0,,false
2569,60.0,86.0,,false
2570,60.0,115.0,,false
2571,60.0,95.0,,false
2572,100.0,207.0,,false
2573,100.0,213.0,,false
2574,900.0,9.0,,false
2575,1150.0,14.0,,false
2576,1000.0,5.0,,false
2577,1350.0,50.0,,true
2578,500.0,56.0,,true
2579,5000.0,16.0,,true
2580,2200.0,138.0,,true
2581,3500.0,299.0,,true
2582,5000.0,600.0,,true
2583,500.0,150.0,,true
2584,125.0,502.0,,true
2585,40.0,444.0,,true
2586,350.0,175.0,,true
2587,500.0,192.0,,false
2588,500.0,486.0,,false
2589,3300.0,21.0,,false
2590,3300.0,26.0,,false
2591,3300.0,24.0,,false
2592,60.0,192.0,,false
2593,60.0,230.0,,false
2594,60.0,199.0,,false
2595,800.0,4.0,,false
2596,60.0,103.0,,false
2597,60.0,85.0,,false
2598,60.0,100.0,,false
2599,60.0,87.0,,false
2600,60.0,99.0,,false
2601,60.0,82.0,,false
2602,60.0,93.0,,false
2603,60.0,87.0,,false
2604,60.0,117.0,,false
2605,100.0,183.0,,false
2606,100.0,212.0,,false
2607,900.0,7.0,,false
2608,1150.0,13.0,,false
2609,1000.0,5.0,,false
2610,1350.0,46.0,,true
2611,500.0,60.0,,true
2612,5000.0,19.0,,true
2613,2200.0,137.0,,true
2614,3500.0,357.0,,true
2615,5000.0,600.0,,true
2616,500.0,160.0,,true
2617,125.0,496.0,,true
2618,40.0,394.0,,true
2619,350.0,165.0,,true
2620,500.0,191.0,,false
2621,500.0,343.0,,false
2622,3300.0,29.0,,false
2623,3300.0,22.0,,false
2624,3300.0,24.0,,false
2625,60.0,177.0,,false
2626,60.0,227.0,,false
2627,60.0,201.0,,false
2628,60.0,189.0,,false
2629,800.0,4.0,,false
2630,60.0,81.0,,false
2631,60.0,104.0,,false
2632,60.0,112.0,,false
2633,60.0,82.0,,false
2634,60.0,81.0,,false
2635,60.0,95.0,,false
2636,60.0,113.0,,false
2637,60.0,115.0,,false
2638,60.0,87.0,,false
2639,100.0,194.0,,false
2640,100.0,210.0,,false
2641,900.0,7.0,,false
2642,1150.0,18.0,,false
2643,1000.0,6.0,,false
2644,1350.0,49.0,,true
2645,500.0,58.0,,true
2646,5000.0,20.0,,true
2647,2200.0,140.0,,true
2648,3500.0,357.0,,true
2649,5000.0,600.0,,true
2650,500.0,145.0,,true
2651,125.0,484.0,,true
2652,40.0,407.0,,true
2653,350.0,151.0,,true
2654,500.0,174.0,,false
2655,500.0,470.0,,false
2656,3300.0,30.0,,false
2657,3300.0,28.0,,false
2658,3300.0,21.0,,false
2659,60.0,210.0,,false
2660,60.0,207.0,,false
2661,60.0,231.0,,false
2662,60.0,191.0,,false
2663,800.0,5.0,,false
2664,60.0,82.0,,false
2665,60.0,119.0,,false
2666,60.0,84.0,,false
2667,60.0,108.0,,false
2668,60.0,115.0,,false
2669,60.0,106.0,,false
2670,60.0,94.0,,false
2671,60.0,113.0,,false
2672,60.0,84.0,,false
2673,60.0,86.0,,false
2674,100.0,214.0,,false
2675,100.0,191.0,,false
2676,900.0,10.0,,false
2677,1150.0,15.0,,false
2678,1000.0,6.0,,false
2679,1350.0,48.0,,true
2680,500.0,60.0,,true
2681,5000.0,17.0,,true
2682,2200.0,131.0,,true
2683,3500.0,234.0,,true
2684,5000.0,600.0,,true
2685,500.0,144.0,,true
2686,125.0,494.0,,true
2687,40.0,451.0,,true
2688,350.0,168.0,,true
2689,500.0,200.0,,false
2690,500.0,501.0,,false
2691,3300.0,28.0,,false
2692,3300.0,21.0,,false
2693,3300.0,21.0,,false
2694,60.0,238.0,,false
2695,60.0,155.0,,false
2696,60.0,156.0,,false
2697,800.0,5.0,,false
2698,60.0,86.0,,false
2699,60.0,101.0,,false
2700,60.0,107.0,,false
2701,60.0,115.0,,false
2702,60.0,94.0,,false
2703,60.0,118.0,,false
2704,60.0,86.0,,false
2705,60.0,99.0,,false
2706,100.0,233.0,,false
2707,100.0,209.0,,false
2708,900.0,9.0,,false
2709,1150.0,18.0,,false
2710,1000.0,7.0,,false
2711,1350.0,50.0,,true
2712,500.0,56.0,,true
2713,5000.0,16.0,,true
2714,2200.0,131.0,,true
2715,3500.0,265.0,,true
2716,5000.0,600.0,,true
2717,500.0,155.0,,true
2718,125.0,479.0,,true
2719,40.0,395.0,,true
2720,350.0,165.0,,true
2721,500.0,185.0,,false
2722,500.0,457.0,,false
2723,3300.0,25.0,,false
2724,3300.0,26.0,,false
2725,3300.0,28.0,,false
2726,60.0,183.0,,false
2727,60.0,201.0,,false
2728,60.0,220.0,,false
2729,800.0,4.0,,false
2730,60.0,98.0,,false
2731,60.0,84.0,,false
2732,60.0,116.0,,false
2733,60.0,87.0,,false
2734,60.0,102.0,,false
2735,60.0,81.0,,false
2736,60.0,99.0,,false
2737,60.0,117.0,,false
2738,60.0,120.0,,false
2739,100.0,214.0,,false
2740,100.0,189.0,,false
2741,900.0,10.0,,false
2742,1150.0,13.0,,false
2743,1000.0,6.0,,false
2744,1350.0,49.0,,true
2745,500.0,59.0,,true
2746,5000.0,19.0,,true
2747,2200.0,138.0,,true
2748,3500.0,371.0,,true
2749,5000.0,600.0,,true
2750,500.0,156.0,,true
2751,125.0,528.0,,true
2752,40.0,430.0,,true
2753,350.0,161.0,,true
2754,500.0,190.0,,false
2755,500.0,500.0,,false
2756,3300.0,30.0,,false
2757,3300.0,30.0,,false
2758,3300.0,30.0,,false
2759,60.0,188.0,,false
2760,60.0,178.0,,false
2761,60.0,218.0,,false
2762,60.0,182.0,,false
2763,800.0,6.0,,false
2764,60.0,97.0,,false
2765,60.0,97.0,,false
2766,60.0,106.0,,false
2767,60.0,89.0,,false
2768,60.0,82.0,,false
2769,60.0,81.0,,false
2770,60.0,86.0,,false
2771,60.0,115.0,,false
2772,60.0,108.0,,false
2773,60.0,87.0,,false
2774,100.0,242.0,,false
2775,100.0,246.0,,false
2776,900.0,8.0,,false
2777,1150.0,16.0,,false
2778,1000.0,8.0,,false
2779,1350.0,48.0,,true
2780,500.0,60.0,,true
2781,5000.0,20.0,,true
2782,2200.0,135.0,,true
2783,3500.0,315.0,,true
2784,5000.0,600.0,,true
2785,500.0,155.0,,true
2786,125.0,527.0,,true
2787,40.0,390.0,,true
2788,350.0,157.0,,true
2789,500.0,198.0,,false
2790,500.0,397.0,,false
2791,3300.0,29.0,,false
2792,3300.0,29.0,,false
2793,3300.0,27.0,,false
2794,60.0,165.0,,false
2795,60.0,243.0,,false
2796,60.0,196.0,,false
2797,60.0,202.0,,false
2798,800.0,6.0,,false
2799,60.0,109.0,,false
2800,60.0,107.0,,false
2801,60.0,92.0,,false
2802,60.0,86.0,,false
2803,60.0,85.0,,false
2804,60.0,89.0,,false
2805,60.0,106.0,,false
2806,60.0,116.0,,false
2807,60.0,83.0,,false
2808,60.0,99.0,,false
2809,100.0,237.0,,false
2810,100.0,188.0,,false
2811,900.0,7.0,,false
2812,1150.0,14.0,,false
2813,1000.0,5.0,,false
2814,1350.0,50.0,,true
2815,500.0,59.0,,true
2816,5000.0,20.0,,true
2817,2200.0,135.0,,true
2818,3500.0,344.0,,true
2819,5000.0,600.0,,true
2820,500.0,150.0,,true
2821,125.0,498.0,,true
2822,40.0,386.0,,true
2823,350.0,174.0,,true
2824,500.0,171.0,,false
2825,500.0,435.0,,false
2826,3300.0,30.0,,false
2827,3300.0,24.0,,false
2828,3300.0,28.0,,false
2829,60.0,240.0,,false
2830,60.0,220.0,,false
2831,60.0,179.0,,false
2832,60.0,216.0,,false
2833,800.0,4.0,,false
2834,60.0,91.0,,false
2835,60.0,83.0,,false
2836,60.0,118.0,,false
2837,60.0,88.0,,false
2838,60.0,81.0,,false
2839,60.0,101.0,,false
2840,60.0,112.0,,false
2841,60.0,96.0,,false
2842,60.0,100.0,,false
2843,60.0,91.0,,false
2844,100.0,212.0,,false
2845,100.0,240.0,,false
2846,900.0,7.0,,false
2847,1150.0,18.0,,false
2848,1000.0,5.0,,false
2849,1350.0,46.0,,true
2850,500.0,59.0,,true
2851,5000.0,17.0,,true
2852,2200.0,135.0,,true
2853,3500.0,290.0,,true
2854,5000.0,600.0,,true
2855,500.0,151.0,,true
2856,125.0,468.0,,true
2857,40.0,378.0,,true
2858,350.0,155.0,,true
2859,500.0,191.0,,false
2860,500.0,482.0,,false
2861,3300.0,27.0,,false
2862,3300.0,27.0,,false
2863,3300.0,27.0,,false
2864,60.0,238.0,,false
2865,60.0,199.0,,false
2866,60.0,186.0,,false
2867,800.0,5.0,,false
2868,60.0,111.0,,false
2869,60.0,120.0,,false
2870,60.0,102.0,,false
2871,60.0,85.0,,false
2872,60.0,95.0,,false
2873,60.0,119.0,,false
2874,60.0,85.0,,false
2875,60.0,83.0,,false
2876,60.0,112.0,,false
2877,100.0,225.0,,false
2878,100.0,183.0,,false
2879,900.0,10.0,,false
2880,1150.0,17.0,,false
2881,1000.0,7.0,,false
2882,1350.0,48.0,,true
2883,500.0,57.0,,true
2884,5000.0,16.0,,true
2885,2200.0,137.0,,true
2886,3500.0,360.0,,true
2887,5000.0,600.0,,true
2888,500.0,148.0,,true
2889,125.0,466.0,,true
2890,40.0,397.0,,true
2891,350.0,157.0,,true
2892,500.0,191.0,,false
2893,500.0,388.0,,false
2894,3300.0,26.0,,false
2895,3300.0,27.0,,false
2896,3300.0,27.0,,false
2897,60.0,211.0,,false
2898,60.0,167.0,,false
2899,60.0,204.0,,false
2900,800.0,5.0,,false
2901,60.0,108.0,,false
2902,60.0,107.0,,false
2903,60.0,96.0,,false
2904,60.0,102.0,,false
2905,60.0,117.0,,false
2906,60.0,81.0,,false
2907,60.0,94.0,,false
2908,60.0,98.0,,false
2909,100.0,233.0,,false
2910,100.0,185.0,,false
2911,900.0,9.0,,false
2912,1150.0,14.0,,false
2913,1000.0,8.0,,false
2914,1350.0,49.0,,true
2915,500.0,57.0,,true
2916,5000.0,19.0,,true
2917,2200.0,138.0,,true
2918,3500.0,216.0,,true
2919,5000.0,600.0,,true
2920,500.0,159.0,,true
2921,125.0,457.0,,true
2922,40.0,359.0,,true
2923,350.0,165.0,,true
2924,500.0,177.0,,false
2925,500.0,475.0,,false
2926,3300.0,28.0,,false
2927,3300.0,28.0,,false
2928,3300.0,26.0,,false
2929,60.0,244.0,,false
2930,60.0,205.0,,false
2931,60.0,240.0,,false
2932,60.0,185.0,,false
2933,800.0,6.0,,false
2934,60.0,113.0,,false
2935,60.0,84.0,,false
2936,60.0,85.0,,false
2937,60.0,101.0,,false
2938,60.0,116.0,,false
2939,60.0,86.0,,false
2940,100.0,181.0,,false
2941,100.0,191.0,,false
2942,900.0,8.0,,false
2943,1150.0,17.0,,false
2944,1000.0,5.0,,false
2945,1350.0,47.0,,true
2946,500.0,60.0,,true
2947,5000.0,20.0,,true
2948,2200.0,134.0,,true
2949,3500.0,302.0,,true
2950,5000.0,600.0,,true
2951,500.0,144.0,,true
2952,125.0,508.0,,true
2953,40.0,423.0,,true
2954,350.0,147.0,,true
2955,500.0,196.0,,false
2956,500.0,372.0,,false
2957,3300.0,21.0,,false
2958,3300.0,30.0,,false
2959,3300.0,22.0,,false
2960,60.0,218.0,,false
2961,60.0,233.0,,false
2962,60.0,244.0,,false
2963,800.0,6.0,,false
2964,60.0,107.0,,false
2965,60.0,85.0,,false
2966,60.0,99.0,,false
2967,60.0,97.0,,false
2968,60.0,85.0,,false
2969,60.0,90.0,,false
2970,60.0,119.0,,false
2971,100.0,188.0,,false
2972,100.0,188.0,,false
2973,900.0,10.0,,false
2974,1150.0,14.0,,false
2975,1000.0,7.0,,false
2976,1350.0,49.0,,true
2977,500.0,59.0,,true
2978,5000.0,16.0,,true
2979,2200.0,136.0,,true
2980,3500.0,210.0,,true
2981,5000.0,600.0,,true
2982,500.0,144.0,,true
2983,125.0,494.0,,true
2984,40.0,423.0,,true
2985,350.0,151.0,,true
2986,500.0,191.0,,false
2987,500.0,441.0,,false
2988,3300.0,23.0,,false
2989,3300.0,21.0,,false
2990,3300.0,28.0,,false
2991,60.0,240.0,,false
2992,60.0,237.0,,false
2993,60.0,199.0,,false
2994,60.0,247.0,,false
2995,800.0,4.0,,false
2996,60.0,82.0,,false
2997,60.0,104.0,,false
2998,60.0,114.0,,false
2999,60.0,90.0,,false
3000,60.0,85.0,,false
3001,60.0,104.0,,false
3002,60.0,113.0,,false
3003,60.0,83.0,,false
3004,60.0,102.0,,false
3005,60.0,118.0,,false
3006,100.0,182.0,,false
3007,100.0,228.0,,false
3008,900.0,8.0,,false
3009,1150.0,15.0,,false
3010,1000.0,6.0,,false
3011,1350.0,50.0,,true
3012,500.0,56.0,,true
3013,5000.0,20.0,,true
3014,2200.0,131.0,,true
3015,3500.0,236.0,,true
3016,5000.0,600.0,,true
3017,500.0,141.0,,true
3018,125.0,489.0,,true
3019,40.0,448.0,,true
3020,350.0,147.0,,true
3021,500.0,199.0,,false
3022,500.0,467.0,,false
3023,3300.0,23.0,,false
3024,3300.0,24.0,,false
3025,3300.0,29.0,,false
3026,60.0,160.0,,false
3027,60.0,205.0,,false
3028,60.0,201.0,,false
3029,800.0,5.0,,false
3030,60.0,97.0,,false
3031,60.0,103.0,,false
3032,60.0,104.0,,false
3033,60.0,87.0,,false
3034,60.0,100.0,,false
3035,60.0,112.0,,false
3036,60.0,99.0,,false
3037,60.0,81.0,,false
3038,100.0,202.0,,false
3039,100.0,213.0,,false
3040,900.0,10.0,,false
3041,1150.0,13.0,,false
3042,1000.0,7.0,,false
3043,1350.0,46.0,,true
3044,500.0,57.0,,true
3045,5000.0,17.0,,true
3046,2200.0,133.0,,true
3047,3500.0,396.0,,true
3048,5000.0,600.0,,true
3049,500.0,152.0,,true
3050,125.0,460.0,,true
3051,40.0,420.0,,true
3052,350.0,159.0,,true
3053,500.0,178.0,,false
3054,500.0,460.0,,false
3055,3300.0,24.0,,false
3056,3300.0,28.0,,false
3057,3300.0,22.0,,false
3058,60.0,177.0,,false
3059,60.0,246.0,,false
3060,60.0,193.0,,false
3061,800.0,5.0,,false
3062,60.0,111.0,,false
3063,60.0,112.0,,false
3064,60.0,119.0,,false
3065,60.0,108.0,,false
3066,60.0,96.0,,false
3067,60.0,102.0,,false
3068,100.0,245.0,,false
3069,100.0,250.0,,false
3070,900.0,9.0,,false
3071,1150.0,14.0,,false
3072,1000.0,6.0,,false
3073,1350.0,47.0,,true
3074,500.0,56.0,,true
3075,5000.0,17.0,,true
3076,2200.0,134.0,,true
3077,3500.0,386.0,,true
3078,5000.0,600.0,,true
3079,500.0,141.0,,true
3080,125.0,509.0,,true
3081,40.0,436.0,,true
3082,350.0,146.0,,true
3083,500.0,177.0,,false
3084,500.0,339.0,,false
3085,3300.0,23.0,,false
3086,3300.0,22.0,,false
3087,3300.0,30.0,,false
3088,60.0,171.0,,false
3089,60.0,179.0,,false
3090,60.0,216.0,,false
3091,800.0,6.0,,false
3092,60.0,99.0,,false
3093,60.0,116.0,,false
3094,60.0,89.0,,false
3095,60.0,118.0,,false
3096,60.0,92.0,,false
3097,60.0,105.0,,false
3098,60.0,105.0,,false
3099,60.0,118.0,,false
3100,60.0,83.0,,false
3101,60.0,110.0,,false
3102,100.0,186.0,,false
3103,100.0,216.0,,false
3104,900.0,8.0,,false
3105,1150.0,18.0,,false
3106,1000.0,6.0,,false
3107,1350.0,49.0,,true
3108,500.0,60.0,,true
3109,5000.0,19.0,,true
3110,2200.0,137.0,,true
3111,3500.0,235.0,,true
3112,5000.0,600.0,,true
3113,500.0,145.0,,true
3114,125.0,541.0,,true
3115,40.0,374.0,,true
3116,350.0,143.0,,true
3117,500.0,200.0,,false
3118,500.0,490.0,,false
3119,3300.0,21.0,,false
3120,3300.0,26.0,,false
3121,3300.0,29.0,,false
3122,60.0,192.0,,false
3123,60.0,229.0,,false
3124,60.0,201.0,,false
3125,60.0,181.0,,false
3126,800.0,4.0,,false
3127,60.0,102.0,,false
3128,60.0,99.0,,false
3129,60.0,89.0,,false
3130,60.0,102.0,,false
3131,60.0,91.0,,false
3132,60.0,115.0,,false
3133,100.0,248.0,,false
3134,100.0,190.0,,false
3135,900.0,9.0,,false
3136,1150.0,17.0,,false
3137,1000.0,8.0,,false
3138,1350.0,48.0,,true
3139,500.0,57.0,,true
3140,5000.0,18.0,,true
3141,2200.0,136.0,,true
3142,3500.0,307.0,,true
3143,5000.0,600.0,,true
3144,500.0,154.0,,true
3145,125.0,471.0,,true
3146,40.0,457.0,,true
3147,350.0,157.0,,true
3148,500.0,178.0,,false
3149,500.0,560.0,,false
3150,3300.0,26.0,,false
3151,3300.0,24.0,,false
3152,3300.0,25.0,,false
3153,60.0,237.0,,false
3154,60.0,236.0,,false
3155,60.0,194.0,,false
3156,60.0,223.0,,false
3157,800.0,4.0,,false
3158,60.0,120.0,,false
3159,60.0,105.0,,false
3160,60.0,92.0,,false
3161,60.0,104.0,,false
3162,60.0,99.0,,false
3163,60.0,89.0,,false
3164,60.0,96.0,,false
3165,100.0,237.0,,false
3166,100.0,188.0,,false
3167,900.0,7.0,,false
3168,1150.0,15.0,,false
3169,1000.0,8.0,,false
3170,1350.0,50.0,,true
3171,500.0,59.0,,true
3172,5000.0,18.0,,true
3173,2200.0,136.0,,true
3174,3500.0,243.0,,true
3175,5000.0,600.0,,true
3176,500.0,142.0,,true
3177,125.0,466.0,,true
3178,40.0,409.0,,true
3179,350.0,146.0,,true
3180,500.0,196.0,,false
3181,500.0,485.0,,false
3182,3300.0,28.0,,false
3183,3300.0,23.0,,false
3184,3300.0,23.0,,false
3185,60.0,152.0,,false
3186,60.0,176.0,,false
3187,60.0,232.0,,false
3188,60.0,185.0,,false
3189,800.0,4.0,,false
3190,60.0,104.0,,false
3191,60.0,116.0,,false
3192,60.0,101.0,,false
3193,60.0,110.0,,false
3194,60.0,119.0,,false
3195,60.0,81.0,,false
3196,60.0,94.0,,false
3197,60.0,83.0,,false
3198,60.0,109.0,,false
3199,100.0,210.0,,false
3200,100.0,209.0,,false
3201,900.0,8.0,,false
3202,1150.0,14.0,,false
3203,1000.0,5.0,,false
3204,1350.0,48.0,,true
3205,500.0,58.0,,true
3206,5000.0,18.0,,true
3207,2200.0,131.0,,true
3208,3500.0,268.0,,true
3209,5000.0,600.0,,true
3210,500.0,145.0,,true
3211,125.0,455.0,,true
3212,40.0,437.0,,true
3213,350.0,156.0,,true
3214,500.0,184.0,,false
3215,500.0,359.0,,false
3216,3300.0,29.0,,false
3217,3300.0,30.0,,false
3218,3300.0,28.0,,false
3219,60.0,175.0,,false
3220,60.0,155.0,,false
3221,60.0,239.0,,false
3222,60.0,162.0,,false
3223,800.0,5.0,,false
3224,60.0,82.0,,false
3225,60.0,87.0,,false
3226,60.0,114.0,,false
3227,60.0,96.0,,false
3228,60.0,94.0,,false
3229,60.0,85.0,,false
3230,100.0,227.0,,false
3231,100.0,233.0,,false
3232,900.0,8.0,,false
3233,1150.0,18.0,,false
3234,1000.0,5.0,,false
3235,1350.0,47.0,,true
3236,500.0,57.0,,true
3237,5000.0,20.0,,true
3238,2200.0,140.0,,true
3239,3500.0,336.0,,true
3240,5000.0,600.0,,true
3241,500.0,156.0,,true
3242,125.0,518.0,,true
3243,40.0,394.0,,true
3244,350.0,158.0,,true
3245,500.0,197.0,,false
3246,500.0,586.0,,false
3247,3300.0,26.0,,false
3248,3300.0,30.0,,false
3249,3300.0,25.0,,false
3250,60.0,230.0,,false
3251,60.0,181.0,,false
3252,60.0,233.0,,false
3253,800.0,6.0,,false
3254,60.0,90.0,,false
3255,60.0,101.0,,false
3256,60.0,96.0,,false
3257,60.0,96.0,,false
3258,60.0,106.0,,false
3259,60.0,120.0,,false
3260,60.0,114.0,,false
3261,60.0,87.0,,false
3262,100.0,195.0,,false
3263,100.0,191.0,,false
3264,900.0,10.0,,false
3265,1150.0,16.0,,false
3266,1000.0,5.0,,false
