Reference,height,width,stripwidth,preemptable
1,1350.0,46.0,720,true
2,500.0,59.0,,true
3,5000.0,16.0,,true
4,2200.0,139.0,,true
5,3500.0,374.0,,true
6,5000.0,600.0,,true
7,500.0,156.0,,true
8,125.0,498.0,,true
9,40.0,375.0,,true
10,350.0,149.0,,true
11,500.0,187.0,,false
12,500.0,437.0,,false
13,3300.0,23.0,,false
14,3300.0,24.0,,false
15,3300.0,23.0,,false
16,60.0,156.0,,false
17,60.0,248.0,,false
18,60.0,161.0,,false
19,800.0,6.0,,false
20,60.0,105.0,,false
21,60.0,104.0,,false
22,60.0,108.0,,false
23,60.0,110.0,,false
24,60.0,84.0,,false
25,60.0,112.0,,false
26,60.0,114.0,,false
27,60.0,102.0,,false
28,60.0,95.0,,false
29,60.0,82.0,,false
30,100.0,230.0,,false
31,100.0,207.0,,false
32,900.0,9.0,,false
33,1150.0,17.0,,false
34,1000.0,7.0,,false
35,1350.0,47.0,,true
36,500.0,59.0,,true
37,5000.0,20.0,,true
38,2200.0,137.0,,true
39,3500.0,357.0,,true
40,5000.0,600.0,,true
41,500.0,152.0,,true
42,125.0,516.0,,true
43,40.0,437.0,,true
44,350.0,175.0,,true
45,500.0,182.0,,false
46,500.0,363.0,,false
47,3300.0,22.0,,false
48,3300.0,27.0,,false
49,3300.0,28.0,,false
50,60.0,247.0,,false
51,60.0,207.0,,false
52,60.0,250.0,,false
53,60.0,152.0,,false
54,800.0,4.0,,false
55,60.0,87.0,,false
56,60.0,109.0,,false
57,60.0,118.0,,false
58,60.0,109.0,,false
59,60.0,84.0,,false
60,60.0,83.0,,false
61,60.0,90.0,,false
62,100.0,221.0,,false
63,100.0,203.0,,false
64,900.0,9.0,,false
65,1150.0,14.0,,false
66,1000.0,7.0,,false
67,1350.0,50.0,,true
68,500.0,58.0,,true
69,5000.0,17.0,,true
70,2200.0,132.0,,true
71,3500.0,225.0,,true
72,5000.0,600.0,,true
73,500.0,141.0,,true
74,125.0,486.0,,true
75,40.0,380.0,,true
76,350.0,180.0,,true
77,500.0,194.0,,false
78,500.0,384.0,,false
79,3300.0,27.0,,false
80,3300.0,23.0,,false
81,3300.0,28.0,,false
82,60.0,167.0,,false
83,60.0,239.0,,false
84,60.0,243.0,,false
85,800.0,4.0,,false
86,60.0,83.0,,false
87,60.0,101.0,,false
88,60.0,119.0,,false
89,60.0,120.0,,false
90,60.0,108.0,,false
91,60.0,100.0,,false
92,60.0,107.0,,false
93,60.0,105.0,,false
94,60.0,117.0,,false
95,100.0,232.0,,false
96,100.0,234.0,,false
97,900.0,9.0,,false
98,1150.0,18.0,,false
99,1000.0,5.0,,false
100,1350.0,48.0,,true
101,500.0,60.0,,true
102,5000.0,17.0,,true
103,2200.0,136.0,,true
104,3500.0,320.0,,true
105,5000.0,600.0,,true
106,500.0,144.0,,true
107,125.0,453.0,,true
108,40.0,404.0,,true
109,350.0,157.0,,true
110,500.0,199.0,,false
111,500.0,499.0,,false
112,3300.0,23.0,,false
113,3300.0,25.0,,false
114,3300.0,26.0,,false
115,60.0,174.0,,false
116,60.0,249.0,,false
117,60.0,205.0,,false
118,800.0,5.0,,false
119,60.0,100.0,,false
120,60.0,89.0,,false
121,60.0,99.0,,false
122,60.0,97.0,,false
123,60.0,101.0,,false
124,60.0,100.0,,false
125,100.0,246.0,,false
126,100.0,229.0,,false
127,900.0,7.0,,false
128,1150.0,15.0,,false
129,1000.0,7.0,,false
130,1350.0,50.0,,true
131,500.0,60.0,,true
132,5000.0,16.0,,true
133,2200.0,133.0,,true
134,3500.0,210.0,,true
135,5000.0,600.0,,true
136,500.0,157.0,,true
137,125.0,455.0,,true
138,40.0,434.0,,true
139,350.0,161.0,,true
140,500.0,199.0,,false
141,500.0,575.0,,false
142,3300.0,24.0,,false
143,3300.0,21.0,,false
144,3300.0,21.0,,false
145,60.0,181.0,,false
146,60.0,181.0,,false
147,60.0,234.0,,false
148,60.0,249.0,,false
149,800.0,4.0,,false
150,60.0,89.0,,false
151,60.0,88.0,,false
152,60.0,102.0,,false
153,60.0,90.0,,false
154,60.0,116.0,,false
155,60.0,88.0,,false
156,60.0,113.0,,false
157,100.0,245.0,,false
158,100.0,215.0,,false
159,900.0,9.0,,false
160,1150.0,14.0,,false
161,1000.0,7.0,,false
162,1350.0,47.0,,true
163,500.0,56.0,,true
164,5000.0,19.0,,true
165,2200.0,134.0,,true
166,3500.0,269.0,,true
167,5000.0,600.0,,true
168,500.0,154.0,,true
169,125.0,489.0,,true
170,40.0,371.0,,true
171,350.0,164.0,,true
172,500.0,181.0,,false
173,500.0,316.0,,false
174,3300.0,30.0,,false
175,3300.0,29.0,,false
176,3300.0,25.0,,false
177,60.0,215.0,,false
178,60.0,223.0,,false
179,60.0,215.0,,false
180,800.0,5.0,,false
181,60.0,113.0,,false
182,60.0,106.0,,false
183,60.0,89.0,,false
184,60.0,91.0,,false
185,60.0,98.0,,false
186,60.0,104.0,,false
187,100.0,233.0,,false
188,100.0,190.0,,false
189,900.0,8.0,,false
190,1150.0,18.0,,false
191,1000.0,7.0,,false
192,1350.0,46.0,,true
193,500.0,58.0,,true
194,5000.0,16.0,,true
195,2200.0,132.0,,true
196,3500.0,363.0,,true
197,5000.0,600.0,,true
198,500.0,146.0,,true
199,125.0,522.0,,true
200,40.0,394.0,,true
201,350.0,171.0,,true
202,500.0,189.0,,false
203,500.0,553.0,,false
204,3300.0,30.0,,false
205,3300.0,27.0,,false
206,3300.0,28.0,,false
207,60.0,177.0,,false
208,60.0,209.0,,false
209,60.0,247.0,,false
210,60.0,184.0,,false
211,800.0,5.0,,false
212,60.0,115.0,,false
213,60.0,120.0,,false
214,60.0,97.0,,false
215,60.0,103.0,,false
216,60.0,99.0,,false
217,60.0,81.0,,false
218,100.0,233.0,,false
219,100.0,203.0,,false
220,900.0,8.0,,false
221,1150.0,15.0,,false
222,1000.0,8.0,,false
223,1350.0,47.0,,true
224,500.0,58.0,,true
225,5000.0,16.0,,true
226,2200.0,139.0,,true
227,3500.0,260.0,,true
228,5000.0,600.0,,true
229,500.0,158.0,,true
230,125.0,478.0,,true
231,40.0,381.0,,true
232,350.0,151.0,,true
233,500.0,199.0,,false
234,500.0,355.0,,false
235,3300.0,30.0,,false
236,3300.0,27.0,,false
237,3300.0,30.0,,false
238,60.0,228.0,,false
239,60.0,156.0,,false
240,60.0,213.0,,false
241,60.0,223.0,,false
242,800.0,6.0,,false
243,60.0,82.0,,false
244,60.0,94.0,,false
245,60.0,85.0,,false
246,60.0,96.0,,false
247,60.0,116.0,,false
248,60.0,111.0,,false
249,100.0,209.0,,false
250,100.0,182.0,,false
251,900.0,10.0,,false
252,1150.0,17.0,,false
253,1000.0,6.0,,false
254,1350.0,49.0,,true
255,500.0,59.0,,true
256,5000.0,16.0,,true
257,2200.0,131.0,,true
258,3500.0,328.0,,true
259,5000.0,600.0,,true
260,500.0,144.0,,true
261,125.0,468.0,,true
262,40.0,444.0,,true
263,350.0,176.0,,true
264,500.0,183.0,,false
265,500.0,310.0,,false
266,3300.0,23.0,,false
267,3300.0,26.0,,false
268,3300.0,27.0,,false
269,60.0,199.0,,false
270,60.0,228.0,,false
271,60.0,157.0,,false
272,60.0,244.0,,false
273,800.0,4.0,,false
274,60.0,89.0,,false
275,60.0,106.0,,false
276,60.0,83.0,,false
277,60.0,106.0,,false
278,60.0,97.0,,false
279,60.0,112.0,,false
280,60.0,120.0,,false
281,60.0,99.0,,false
282,60.0,106.0,,false
283,100.0,197.0,,false
284,100.0,246.0,,false
285,900.0,10.0,,false
286,1150.0,15.0,,false
287,1000.0,5.0,,false
288,1350.0,50.0,,true
289,500.0,56.0,,true
290,5000.0,16.0,,true
291,2200.0,140.0,,true
292,3500.0,292.0,,true
293,5000.0,600.0,,true
294,500.0,156.0,,true
295,125.0,453.0,,true
296,40.0,439.0,,true
297,350.0,146.0,,true
298,500.0,197.0,,false
299,500.0,401.0,,false
300,3300.0,26.0,,false
301,3300.0,30.0,,false
302,3300.0,24.0,,false
303,60.0,211.0,,false
304,60.0,158.0,,false
305,60.0,159.0,,false
306,800.0,4.0,,false
307,60.0,86.0,,false
308,60.0,114.0,,false
309,60.0,83.0,,false
310,60.0,116.0,,false
311,60.0,89.0,,false
312,60.0,108.0,,false
313,60.0,86.0,,false
314,100.0,209.0,,false
315,100.0,200.0,,false
316,900.0,10.0,,false
317,1150.0,13.0,,false
318,1000.0,8.0,,false
319,1350.0,48.0,,true
320,500.0,59.0,,true
321,5000.0,16.0,,true
322,2200.0,139.0,,true
323,3500.0,307.0,,true
324,5000.0,600.0,,true
325,500.0,154.0,,true
326,125.0,470.0,,true
327,40.0,457.0,,true
328,350.0,171.0,,true
329,500.0,177.0,,false
330,500.0,569.0,,false
331,3300.0,24.0,,false
332,3300.0,24.0,,false
333,3300.0,22.0,,false
334,60.0,151.0,,false
335,60.0,225.0,,false
336,60.0,164.0,,false
337,800.0,4.0,,false
338,60.0,104.0,,false
339,60.0,113.0,,false
340,60.0,110.0,,false
341,60.0,93.0,,false
342,60.0,101.0,,false
343,60.0,98.0,,false
344,100.0,245.0,,false
345,100.0,219.0,,false
346,900.0,9.0,,false
347,1150.0,16.0,,false
348,1000.0,5.0,,false
349,1350.0,50.0,,true
350,500.0,59.0,,true
351,5000.0,18.0,,true
352,2200.0,140.0,,true
353,3500.0,278.0,,true
354,5000.0,600.0,,true
355,500.0,142.0,,true
356,125.0,481.0,,true
357,40.0,438.0,,true
358,350.0,167.0,,true
359,500.0,176.0,,false
360,500.0,425.0,,false
361,3300.0,25.0,,false
362,3300.0,27.0,,false
363,3300.0,26.0,,false
364,60.0,237.0,,false
365,60.0,204.0,,false
366,60.0,207.0,,false
367,60.0,180.0,,false
368,800.0,4.0,,false
369,60.0,99.0,,false
370,60.0,97.0,,false
371,60.0,103.0,,false
372,60.0,100.0,,false
373,60.0,112.0,,false
374,60.0,107.0,,false
375,60.0,109.0,,false
376,100.0,203.0,,false
377,100.0,247.0,,false
378,900.0,9.0,,false
379,1150.0,15.0,,false
380,1000.0,5.0,,false
381,1350.0,47.0,,true
382,500.0,56.0,,true
383,5000.0,17.0,,true
384,2200.0,138.0,,true
385,3500.0,378.0,,true
386,5000.0,600.0,,true
387,500.0,150.0,,true
388,125.0,471.0,,true
389,40.0,444.0,,true
390,350.0,151.0,,true
391,500.0,182.0,,false
392,500.0,509.0,,false
393,3300.0,23.0,,false
394,3300.0,27.0,,false
395,3300.0,28.0,,false
396,60.0,189.0,,false
397,60.0,192.0,,false
398,60.0,181.0,,false
399,800.0,6.0,,false
400,60.0,105.0,,false
401,60.0,85.0,,false
402,60.0,100.0,,false
403,60.0,120.0,,false
404,60.0,100.0,,false
405,60.0,108.0,,false
406,60.0,111.0,,false
407,60.0,107.0,,false
408,60.0,93.0,,false
409,100.0,245.0,,false
410,100.0,187.0,,false
411,900.0,7.0,,false
412,1150.0,15.0,,false
413,1000.0,7.0,,false
414,1350.0,47.0,,true
415,500.0,57.0,,true
416,5000.0,16.0,,true
417,2200.0,131.0,,true
418,3500.0,317.0,,true
419,5000.0,600.0,,true
420,500.0,150.0,,true
421,125.0,521.0,,true
422,40.0,447.0,,true
423,350.0,156.0,,true
424,500.0,172.0,,false
425,500.0,511.0,,false
426,3300.0,28.0,,false
427,3300.0,26.0,,false
428,3300.0,22.0,,false
429,60.0,249.0,,false
430,60.0,156.0,,false
431,60.0,186.0,,false
432,60.0,226.0,,false
433,800.0,6.0,,false
434,60.0,109.0,,false
435,60.0,119.0,,false
436,60.0,107.0,,false
437,60.0,89.0,,false
438,60.0,116.0,,false
439,60.0,90.0,,false
440,60.0,113.0,,false
441,100.0,244.0,,false
442,100.0,250.0,,false
443,900.0,10.0,,false
444,1150.0,16.0,,false
445,1000.0,6.0,,false
446,1350.0,49.0,,true
447,500.0,56.0,,true
448,5000.0,20.0,,true
449,2200.0,137.0,,true
450,3500.0,303.0,,true
451,5000.0,600.0,,true
452,500.0,151.0,,true
453,125.0,477.0,,true
454,40.0,412.0,,true
455,350.0,177.0,,true
456,500.0,179.0,,false
457,500.0,380.0,,false
458,3300.0,27.0,,false
459,3300.0,21.0,,false
460,3300.0,30.0,,false
461,60.0,168.0,,false
462,60.0,248.0,,false
463,60.0,198.0,,false
464,800.0,5.0,,false
465,60.0,101.0,,false
466,60.0,99.0,,false
467,60.0,104.0,,false
468,60.0,119.0,,false
469,60.0,90.0,,false
470,60.0,112.0,,false
471,60.0,113.0,,false
472,60.0,114.0,,false
473,60.0,84.0,,false
474,100.0,235.0,,false
475,100.0,239.0,,false
476,900.0,9.0,,false
477,1150.0,17.0,,false
478,1000.0,7.0,,false
479,1350.0,47.0,,true
480,500.0,56.0,,true
481,5000.0,19.0,,true
482,2200.0,140.0,,true
483,3500.0,258.0,,true
484,5000.0,600.0,,true
485,500.0,148.0,,true
486,125.0,516.0,,true
487,40.0,375.0,,true
488,350.0,173.0,,true
489,500.0,175.0,,false
490,500.0,517.0,,false
491,3300.0,24.0,,false
492,3300.0,26.0,,false
493,3300.0,21.0,,false
494,60.0,169.0,,false
495,60.0,211.0,,false
496,60.0,242.0,,false
497,800.0,5.0,,false
498,60.0,97.0,,false
499,60.0,84.0,,false
500,60.0,90.0,,false
501,60.0,84.0,,false
502,60.0,94.0,,false
503,60.0,107.0,,false
504,100.0,196.0,,false
505,100.0,212.0,,false
506,900.0,8.0,,false
507,1150.0,17.0,,false
508,1000.0,7.0,,false
509,1350.0,50.0,,true
510,500.0,58.0,,true
511,5000.0,17.0,,true
512,2200.0,140.0,,true
513,3500.0,283.0,,true
514,5000.0,600.0,,true
515,500.0,151.0,,true
516,125.0,479.0,,true
517,40.0,435.0,,true
518,350.0,167.0,,true
519,500.0,193.0,,false
520,500.0,565.0,,false
521,3300.0,23.0,,false
522,3300.0,30.0,,false
523,3300.0,29.0,,false
524,60.0,208.0,,false
525,60.0,217.0,,false
526,60.0,236.0,,false
527,60.0,160.0,,false
528,800.0,6.0,,false
529,60.0,95.0,,false
530,60.0,118.0,,false
531,60.0,97.0,,false
532,60.0,100.0,,false
533,60.0,104.0,,false
534,60.0,102.0,,false
535,60.0,117.0,,false
536,100.0,235.0,,false
537,100.0,204.0,,false
538,900.0,8.0,,false
539,1150.0,15.0,,false
540,1000.0,5.0,,false
541,1350.0,48.0,,true
542,500.0,60.0,,true
543,5000.0,20.0,,true
544,2200.0,131.0,,true
545,3500.0,341.0,,true
546,5000.0,600.0,,true
547,500.0,152.0,,true
548,125.0,476.0,,true
549,40.0,403.0,,true
550,350.0,168.0,,true
551,500.0,200.0,,false
552,500.0,581.0,,false
553,3300.0,24.0,,false
554,3300.0,26.0,,false
555,3300.0,30.0,,false
556,60.0,165.0,,false
557,60.0,207.0,,false
558,60.0,159.0,,false
559,60.0,249.0,,false
560,800.0,6.0,,false
561,60.0,113.0,,false
562,60.0,104.0,,false
563,60.0,111.0,,false
564,60.0,110.0,,false
565,60.0,94.0,,false
566,60.0,86.0,,false
567,100.0,234.0,,false
568,100.0,187.0,,false
569,900.0,10.0,,false
570,1150.0,15.0,,false
571,1000.0,6.0,,false
572,1350.0,48.0,,true
573,500.0,56.0,,true
574,5000.0,17.0,,true
575,2200.0,134.0,,true
576,3500.0,294.0,,true
577,5000.0,600.0,,true
578,500.0,153.0,,true
579,125.0,461.0,,true
580,40.0,452.0,,true
581,350.0,170.0,,true
582,500.0,197.0,,false
583,500.0,402.0,,false
584,3300.0,26.0,,false
585,3300.0,28.0,,false
586,3300.0,23.0,,false
587,60.0,195.0,,false
588,60.0,156.0,,false
589,60.0,195.0,,false
590,800.0,5.0,,false
591,60.0,104.0,,false
592,60.0,107.0,,false
593,60.0,106.0,,false
594,60.0,116.0,,false
595,60.0,110.0,,false
596,60.0,90.0,,false
597,100.0,199.0,,false
598,100.0,189.0,,false
599,900.0,10.0,,false
600,1150.0,15.0,,false
601,1000.0,6.0,,false
602,1350.0,48.0,,true
603,500.0,57.0,,true
604,5000.0,20.0,,true
605,2200.0,137.0,,true
606,3500.0,254.0,,true
607,5000.0,600.0,,true
608,500.0,145.0,,true
609,125.0,501.0,,true
610,40.0,392.0,,true
611,350.0,171.0,,true
612,500.0,175.0,,false
613,500.0,315.0,,false
614,3300.0,27.0,,false
615,3300.0,28.0,,false
616,3300.0,21.0,,false
617,60.0,171.0,,false
618,60.0,237.0,,false
619,60.0,168.0,,false
620,60.0,195.0,,false
621,800.0,5.0,,false
622,60.0,101.0,,false
623,60.0,113.0,,false
624,60.0,109.0,,false
625,60.0,91.0,,false
626,60.0,117.0,,false
627,60.0,83.0,,false
628,60.0,116.0,,false
629,100.0,212.0,,false
630,100.0,191.0,,false
631,900.0,9.0,,false
632,1150.0,17.0,,false
633,1000.0,6.0,,false
634,1350.0,46.0,,true
635,500.0,56.0,,true
636,5000.0,19.0,,true
637,2200.0,132.0,,true
638,3500.0,344.0,,true
639,5000.0,600.0,,true
640,500.0,153.0,,true
641,125.0,499.0,,true
642,40.0,445.0,,true
643,350.0,158.0,,true
644,500.0,187.0,,false
645,500.0,544.0,,false
646,3300.0,22.0,,false
647,3300.0,25.0,,false
648,3300.0,30.0,,false
649,60.0,183.0,,false
650,60.0,220.0,,false
651,60.0,240.0,,false
652,800.0,4.0,,false
653,60.0,120.0,,false
654,60.0,91.0,,false
655,60.0,92.0,,false
656,60.0,98.0,,false
657,60.0,91.0,,false
658,60.0,87.0,,false
659,100.0,189.0,,false
660,100.0,185.0,,false
661,900.0,10.0,,false
662,1150.0,14.0,,false
663,1000.0,6.0,,false
664,1350.0,49.0,,true
665,500.0,56.0,,true
666,5000.0,16.0,,true
667,2200.0,140.0,,true
668,3500.0,264.0,,true
669,5000.0,600.0,,true
670,500.0,146.0,,true
671,125.0,505.0,,true
672,40.0,366.0,,true
673,350.0,163.0,,true
674,500.0,199.0,,false
675,500.0,518.0,,false
676,3300.0,29.0,,false
677,3300.0,26.0,,false
678,3300.0,22.0,,false
679,60.0,172.0,,false
680,60.0,194.0,,false
681,60.0,224.0,,false
682,800.0,4.0,,false
683,60.0,91.0,,false
684,60.0,85.0,,false
685,60.0,96.0,,false
686,60.0,101.0,,false
687,60.0,120.0,,false
688,60.0,104.0,,false
689,60.0,87.0,,false
690,100.0,224.0,,false
691,100.0,205.0,,false
692,900.0,10.0,,false
693,1150.0,18.0,,false
694,1000.0,5.0,,false
695,1350.0,47.0,,true
696,500.0,60.0,,true
697,5000.0,17.0,,true
698,2200.0,137.0,,true
699,3500.0,281.0,,true
700,5000.0,600.0,,true
701,500.0,141.0,,true
702,125.0,451.0,,true
703,40.0,457.0,,true
704,350.0,141.0,,true
705,500.0,185.0,,false
706,500.0,477.0,,false
707,3300.0,21.0,,false
708,3300.0,28.0,,false
709,3300.0,28.0,,false
710,60.0,204.0,,false
711,60.0,152.0,,false
712,60.0,247.0,,false
713,800.0,4.0,,false
714,60.0,110.0,,false
715,60.0,100.0,,false
716,60.0,101.0,,false
717,60.0,89.0,,false
718,60.0,97.0,,false
719,60.0,113.0,,false
720,60.0,81.0,,false
721,60.0,94.0,,false
722,60.0,107.0,,false
723,100.0,203.0,,false
724,100.0,231.0,,false
725,900.0,10.0,,false
726,1150.0,17.0,,false
727,1000.0,7.0,,false
728,1350.0,46.0,,true
729,500.0,59.0,,true
730,5000.0,20.0,,true
731,2200.0,139.0,,true
732,3500.0,363.0,,true
733,5000.0,600.0,,true
734,500.0,153.0,,true
735,125.0,491.0,,true
736,40.0,384.0,,true
737,350.0,156.0,,true
738,500.0,171.0,,false
739,500.0,363.0,,false
740,3300.0,22.0,,false
741,3300.0,25.0,,false
742,3300.0,27.0,,false
743,60.0,230.0,,false
744,60.0,220.0,,false
745,60.0,194.0,,false
746,60.0,209.0,,false
747,800.0,4.0,,false
748,60.0,106.0,,false
749,60.0,114.0,,false
750,60.0,98.0,,false
751,60.0,107.0,,false
752,60.0,116.0,,false
753,60.0,114.0,,false
754,100.0,250.0,,false
755,100.0,213.0,,false
756,900.0,9.0,,false
757,1150.0,13.0,,false
758,1000.0,8.0,,false
759,1350.0,49.0,,true
760,500.0,58.0,,true
761,5000.0,17.0,,true
762,2200.0,136.0,,true
763,3500.0,219.0,,true
764,5000.0,600.0,,true
765,500.0,154.0,,true
766,125.0,462.0,,true
767,40.0,403.0,,true
768,350.0,147.0,,true
769,500.0,193.0,,false
770,500.0,325.0,,false
771,3300.0,22.0,,false
772,3300.0,23.0,,false
773,3300.0,26.0,,false
774,60.0,172.0,,false
775,60.0,230.0,,false
776,60.0,154.0,,false
777,60.0,157.0,,false
778,800.0,6.0,,false
779,60.0,119.0,,false
780,60.0,96.0,,false
781,60.0,114.0,,false
782,60.0,92.0,,false
783,60.0,119.0,,false
784,60.0,91.0,,false
785,60.0,109.0,,false
786,60.0,93.0,,false
787,60.0,92.0,,false
788,60.0,88.0,,false
789,100.0,185.0,,false
790,100.0,196.0,,false
791,900.0,10.0,,false
792,1150.0,15.0,,false
793,1000.0,5.0,,false
794,1350.0,49.0,,true
795,500.0,59.0,,true
796,5000.0,20.0,,true
797,2200.0,138.0,,true
798,3500.0,214.0,,true
799,5000.0,600.0,,true
800,500.0,147.0,,true
801,125.0,476.0,,true
802,40.0,426.0,,true
803,350.0,143.0,,true
804,500.0,172.0,,false
805,500.0,507.0,,false
806,3300.0,26.0,,false
807,3300.0,28.0,,false
808,3300.0,26.0,,false
809,60.0,228.0,,false
810,60.0,210.0,,false
811,60.0,233.0,,false
812,800.0,6.0,,false
813,60.0,87.0,,false
814,60.0,119.0,,false
815,60.0,90.0,,false
816,60.0,119.0,,false
817,60.0,102.0,,false
818,60.0,100.0,,false
819,60.0,82.0,,false
820,100.0,182.0,,false
821,100.0,244.0,,false
822,900.0,8.0,,false
823,1150.0,14.0,,false
824,1000.0,8.0,,false
825,1350.0,46.0,,true
826,500.0,59.0,,true
827,5000.0,16.0,,true
828,2200.0,137.0,,true
829,3500.0,278.0,,true
830,5000.0,600.0,,true
831,500.0,155.0,,true
832,125.0,479.0,,true
833,40.0,443.0,,true
834,350.0,149.0,,true
835,500.0,183.0,,false
836,500.0,333.0,,false
837,3300.0,24.0,,false
838,3300.0,21.0,,false
839,3300.0,25.0,,false
840,60.0,182.0,,false
841,60.0,234.0,,false
842,60.0,243.0,,false
843,800.0,4.0,,false
844,60.0,87.0,,false
845,60.0,105.0,,false
846,60.0,111.0,,false
847,60.0,87.0,,false
848,60.0,87.0,,false
849,60.0,89.0,,false
850,60.0,83.0,,false
851,60.0,110.0,,false
852,100.0,208.0,,false
853,100.0,243.0,,false
854,900.0,9.0,,false
855,1150.0,15.0,,false
856,1000.0,6.0,,false
857,1350.0,48.0,,true
858,500.0,58.0,,true
859,5000.0,18.0,,true
860,2200.0,136.0,,true
861,3500.0,269.0,,true
862,5000.0,600.0,,true
863,500.0,148.0,,true
864,125.0,480.0,,true
865,40.0,366.0,,true
866,350.0,149.0,,true
867,500.0,193.0,,false
868,500.0,331.0,,false
869,3300.0,27.0,,false
870,3300.0,30.0,,false
871,3300.0,23.0,,false
872,60.0,211.0,,false
873,60.0,175.0,,false
874,60.0,243.0,,false
875,800.0,6.0,,false
876,60.0,105.0,,false
877,60.0,89.0,,false
878,60.0,108.0,,false
879,60.0,109.0,,false
880,60.0,117.0,,false
881,60.0,93.0,,false
882,60.0,93.0,,false
883,60.0,112.0,,false
884,60.0,120.0,,false
885,100.0,236.0,,false
886,100.0,240.0,,false
887,900.0,8.0,,false
888,1150.0,15.0,,false
889,1000.0,6.0,,false
890,1350.0,48.0,,true
891,500.0,56.0,,true
892,5000.0,17.0,,true
893,2200.0,132.0,,true
894,3500.0,336.0,,true
895,5000.0,600.0,,true
896,500.0,155.0,,true
897,125.0,525.0,,true
898,40.0,429.0,,true
899,350.0,174.0,,true
900,500.0,182.0,,false
901,500.0,583.0,,false
902,3300.0,21.0,,false
903,3300.0,21.0,,false
904,3300.0,24.0,,false
905,60.0,225.0,,false
906,60.0,193.0,,false
907,60.0,234.0,,false
908,60.0,179.0,,false
909,800.0,4.0,,false
910,60.0,93.0,,false
911,60.0,99.0,,false
912,60.0,95.0,,false
913,60.0,107.0,,false
914,60.0,100.0,,false
915,60.0,97.0,,false
916,100.0,200.0,,false
917,100.0,192.0,,false
918,900.0,9.0,,false
919,1150.0,16.0,,false
920,1000.0,8.0,,false
921,1350.0,47.0,,true
922,500.0,57.0,,true
923,5000.0,18.0,,true
924,2200.0,138.0,,true
925,3500.0,325.0,,true
926,5000.0,600.0,,true
927,500.0,156.0,,true
928,125.0,519.0,,true
929,40.0,419.0,,true
930,350.0,160.0,,true
931,500.0,174.0,,false
932,500.0,538.0,,false
933,3300.0,22.0,,false
934,3300.0,23.0,,false
935,3300.0,25.0,,false
936,60.0,181.0,,false
937,60.0,176.0,,false
938,60.0,201.0,,false
939,800.0,4.0,,false
940,60.0,83.0,,false
941,60.0,93.0,,false
942,60.0,106.0,,false
943,60.0,93.0,,false
944,60.0,89.0,,false
945,60.0,84.0,,false
946,60.0,98.0,,false
947,60.0,120.0,,false
948,100.0,220.0,,false
949,100.0,218.0,,false
950,900.0,7.0,,false
951,1150.0,14.0,,false
952,1000.0,6.0,,false
953,1350.0,49.0,,true
954,500.0,58.0,,true
955,5000.0,19.0,,true
956,2200.0,139.0,,true
957,3500.0,331.0,,true
958,5000.0,600.0,,true
959,500.0,157.0,,true
960,125.0,534.0,,true
961,40.0,419.0,,true
962,350.0,166.0,,true
963,500.0,182.0,,false
964,500.0,457.0,,false
965,3300.0,27.0,,false
966,3300.0,27.0,,false
967,3300.0,27.0,,false
968,60.0,217.0,,false
969,60.0,192.0,,false
970,60.0,172.0,,false
971,800.0,6.0,,false
972,60.0,83.0,,false
973,60.0,111.0,,false
974,60.0,98.0,,false
975,60.0,112.0,,false
976,60.0,103.0,,false
977,60.0,112.0,,false
978,60.0,91.0,,false
979,60.0,103.0,,false
980,60.0,99.0,,false
981,60.0,96.0,,false
982,100.0,199.0,,false
983,100.0,193.0,,false
984,900.0,10.0,,false
985,1150.0,15.0,,false
986,1000.0,8.0,,false
987,1350.0,47.0,,true
988,500.0,56.0,,true
989,5000.0,16.0,,true
990,2200.0,135.0,,true
991,3500.0,245.0,,true
992,5000.0,600.0,,true
993,500.0,155.0,,true
994,125.0,494.0,,true
995,40.0,408.0,,true
996,350.0,141.0,,true
997,500.0,185.0,,false
998,500.0,318.0,,false
999,3300.0,30.0,,false
1000,3300.0,21.0,,false
1001,3300.0,23.0,,false
1002,60.0,238.0,,false
1003,60.0,226.0,,false
1004,60.0,157.0,,false
1005,60.0,193.0,,false
1006,800.0,4.0,,false
1007,60.0,111.0,,false
1008,60.0,105.0,,false
1009,60.0,114.0,,false
1010,60.0,115.0,,false
1011,60.0,103.0,,false
1012,60.0,88.0,,false
1013,100.0,195.0,,false
1014,100.0,229.0,,false
1015,900.0,8.0,,false
1016,1150.0,13.0,,false
1017,1000.0,6.0,,false
1018,1350.0,50.0,,true
1019,500.0,56.0,,true
1020,5000.0,18.0,,true
1021,2200.0,140.0,,true
1022,3500.0,367.0,,true
1023,5000.0,600.0,,true
1024,500.0,159.0,,true
1025,125.0,454.0,,true
1026,40.0,382.0,,true
1027,350.0,177.0,,true
1028,500.0,197.0,,false
1029,500.0,561.0,,false
1030,3300.0,22.0,,false
1031,3300.0,25.0,,false
1032,3300.0,21.0,,false
1033,60.0,223.0,,false
1034,60.0,161.0,,false
1035,60.0,173.0,,false
1036,60.0,211.0,,false
1037,800.0,6.0,,false
1038,60.0,114.0,,false
1039,60.0,82.0,,false
1040,60.0,95.0,,false
1041,60.0,98.0,,false
1042,60.0,113.0,,false
1043,60.0,110.0,,false
1044,100.0,242.0,,false
1045,100.0,215.0,,false
1046,900.0,7.0,,false
1047,1150.0,15.0,,false
1048,1000.0,8.0,,false
1049,1350.0,47.0,,true
1050,500.0,60.0,,true
1051,5000.0,17.0,,true
1052,2200.0,139.0,,true
1053,3500.0,296.0,,true
1054,5000.0,600.0,,true
1055,500.0,147.0,,true
1056,125.0,533.0,,true
1057,40.0,429.0,,true
1058,350.0,148.0,,true
1059,500.0,192.0,,false
1060,500.0,394.0,,false
1061,3300.0,28.0,,false
1062,3300.0,26.0,,false
1063,3300.0,28.0,,false
1064,60.0,250.0,,false
1065,60.0,213.0,,false
1066,60.0,157.0,,false
1067,800.0,4.0,,false
1068,60.0,93.0,,false
1069,60.0,108.0,,false
1070,60.0,111.0,,false
1071,60.0,97.0,,false
1072,60.0,100.0,,false
1073,60.0,115.0,,false
1074,60.0,101.0,,false
1075,60.0,107.0,,false
1076,100.0,240.0,,false
1077,100.0,234.0,,false
1078,900.0,7.0,,false
1079,1150.0,15.0,,false
1080,1000.0,6.0,,false
1081,1350.0,48.0,,true
1082,500.0,59.0,,true
1083,5000.0,16.0,,true
1084,2200.0,138.0,,true
1085,3500.0,259.0,,true
1086,5000.0,600.0,,true
1087,500.0,154.0,,true
1088,125.0,489.0,,true
1089,40.0,408.0,,true
1090,350.0,145.0,,true
1091,500.0,195.0,,false
1092,500.0,403.0,,false
1093,3300.0,28.0,,false
1094,3300.0,28.0,,false
1095,3300.0,27.0,,false
1096,60.0,182.0,,false
1097,60.0,219.0,,false
1098,60.0,221.0,,false
1099,60.0,222.0,,false
1100,800.0,6.0,,false
1101,60.0,108.0,,false
1102,60.0,84.0,,false
1103,60.0,81.0,,false
1104,60.0,118.0,,false
1105,60.0,94.0,,false
1106,60.0,89.0,,false
1107,60.0,94.0,,false
1108,100.0,230.0,,false
1109,100.0,209.0,,false
1110,900.0,8.0,,false
1111,1150.0,15.0,,false
1112,1000.0,8.0,,false
1113,1350.0,50.0,,true
1114,500.0,59.0,,true
1115,5000.0,18.0,,true
1116,2200.0,137.0,,true
1117,3500.0,312.0,,true
1118,5000.0,600.0,,true
1119,500.0,143.0,,true
1120,125.0,483.0,,true
1121,40.0,447.0,,true
1122,350.0,145.0,,true
1123,500.0,192.0,,false
1124,500.0,586.0,,false
1125,3300.0,22.0,,false
1126,3300.0,22.0,,false
1127,3300.0,23.0,,false
1128,60.0,154.0,,false
1129,60.0,246.0,,false
1130,60.0,194.0,,false
1131,60.0,176.0,,false
1132,800.0,5.0,,false
1133,60.0,119.0,,false
1134,60.0,114.0,,false
1135,60.0,114.0,,false
1136,60.0,102.0,,false
1137,60.0,99.0,,false
1138,60.0,94.0,,false
1139,60.0,107.0,,false
1140,60.0,93.0,,false
1141,100.0,189.0,,false
1142,100.0,184.0,,false
1143,900.0,7.0,,false
1144,1150.0,15.0,,false
1145,1000.0,5.0,,false
1146,1350.0,50.0,,true
1147,500.0,58.0,,true
1148,5000.0,16.0,,true
1149,2200.0,140.0,,true
1150,3500.0,317.0,,true
1151,5000.0,600.0,,true
1152,500.0,160.0,,true
1153,125.0,534.0,,true
1154,40.0,448.0,,true
1155,350.0,143.0,,true
1156,500.0,198.0,,false
1157,500.0,407.0,,false
1158,3300.0,24.0,,false
1159,3300.0,28.0,,false
1160,3300.0,24.0,,false
1161,60.0,188.0,,false
1162,60.0,162.0,,false
1163,60.0,196.0,,false
1164,60.0,222.0,,false
1165,800.0,4.0,,false
1166,60.0,116.0,,false
1167,60.0,100.0,,false
1168,60.0,119.0,,false
1169,60.0,116.0,,false
1170,60.0,96.0,,false
1171,60.0,119.0,,false
1172,60.0,107.0,,false
1173,60.0,83.0,,false
1174,60.0,88.0,,false
1175,100.0,204.0,,false
1176,100.0,198.0,,false
1177,900.0,7.0,,false
1178,1150.0,16.0,,false
1179,1000.0,6.0,,false
1180,1350.0,49.0,,true
1181,500.0,56.0,,true
1182,5000.0,18.0,,true
1183,2200.0,136.0,,true
1184,3500.0,381.0,,true
1185,5000.0,600.0,,true
1186,500.0,154.0,,true
1187,125.0,502.0,,true
1188,40.0,458.0,,true
1189,350.0,160.0,,true
1190,500.0,195.0,,false
1191,500.0,423.0,,false
1192,3300.0,24.0,,false
1193,3300.0,25.0,,false
1194,3300.0,26.0,,false
1195,60.0,194.0,,false
1196,60.0,233.0,,false
1197,60.0,158.0,,false
1198,60.0,212.0,,false
1199,800.0,5.0,,false
1200,60.0,107.0,,false
1201,60.0,117.0,,false
1202,60.0,84.0,,false
1203,60.0,110.0,,false
1204,60.0,84.0,,false
1205,60.0,109.0,,false
1206,100.0,208.0,,false
1207,100.0,228.0,,false
1208,900.0,10.0,,false
1209,1150.0,18.0,,false
1210,1000.0,6.0,,false
1211,1350.0,47.0,,true
1212,500.0,58.0,,true
1213,5000.0,19.0,,true
1214,2200.0,133.0,,true
1215,3500.0,240.0,,true
1216,5000.0,600.0,,true
1217,500.0,148.0,,true
1218,125.0,467.0,,true
1219,40.0,445.0,,true
1220,350.0,157.0,,true
1221,500.0,186.0,,false
1222,500.0,584.0,,false
1223,3300.0,26.0,,false
1224,3300.0,24.0,,false
1225,3300.0,29.0,,false
1226,60.0,172.0,,false
1227,60.0,178.0,,false
1228,60.0,177.0,,false
1229,800.0,4.0,,false
1230,60.0,94.0,,false
1231,60.0,81.0,,false
1232,60.0,93.0,,false
1233,60.0,92.0,,false
1234,60.0,119.0,,false
1235,60.0,86.0,,false
1236,60.0,90.0,,false
1237,60.0,114.0,,false
1238,100.0,181.0,,false
1239,100.0,226.0,,false
1240,900.0,10.0,,false
1241,1150.0,17.0,,false
1242,1000.0,8.0,,false
1243,1350.0,49.0,,true
1244,500.0,58.0,,true
1245,5000.0,16.0,,true
1246,2200.0,133.0,,true
1247,3500.0,288.0,,true
1248,5000.0,600.0,,true
1249,500.0,152.0,,true
1250,125.0,504.0,,true
1251,40.0,369.0,,true
1252,350.0,160.0,,true
1253,500.0,189.0,,false
1254,500.0,388.0,,false
1255,3300.0,22.0,,false
1256,3300.0,22.0,,false
1257,3300.0,25.0,,false
1258,60.0,220.0,,false
1259,60.0,161.0,,false
1260,60.0,233.0,,false
1261,60.0,176.0,,false
1262,800.0,5.0,,false
1263,60.0,88.0,,false
1264,60.0,116.0,,false
1265,60.0,87.0,,false
1266,60.0,90.0,,false
1267,60.0,90.0,,false
1268,60.0,88.0,,false
1269,60.0,92.0,,false
1270,60.0,102.0,,false
1271,60.0,98.0,,false
1272,100.0,232.0,,false
1273,100.0,228.0,,false
1274,900.0,9.0,,false
1275,1150.0,17.0,,false
1276,1000.0,6.0,,false
1277,1350.0,48.0,,true
1278,500.0,56.0,,true
1279,5000.0,17.0,,true
1280,2200.0,132.0,,true
1281,3500.0,262.0,,true
1282,5000.0,600.0,,true
1283,500.0,148.0,,true
1284,125.0,477.0,,true
1285,40.0,435.0,,true
1286,350.0,152.0,,true
1287,500.0,191.0,,false
1288,500.0,447.0,,false
1289,3300.0,28.0,,false
1290,3300.0,28.0,,false
1291,3300.0,26.0,,false
1292,60.0,151.0,,false
1293,60.0,167.0,,false
1294,60.0,232.0,,false
1295,800.0,5.0,,false
1296,60.0,92.0,,false
1297,60.0,99.0,,false
1298,60.0,98.0,,false
1299,60.0,87.0,,false
1300,60.0,95.0,,false
1301,60.0,83.0,,false
1302,60.0,114.0,,false
1303,60.0,114.0,,false
1304,100.0,240.0,,false
1305,100.0,185.0,,false
1306,900.0,7.0,,false
1307,1150.0,18.0,,false
1308,1000.0,6.0,,false
1309,1350.0,50.0,,true
1310,500.0,57.0,,true
1311,5000.0,18.0,,true
1312,2200.0,139.0,,true
1313,3500.0,205.0,,true
1314,5000.0,600.0,,true
1315,500.0,159.0,,true
1316,125.0,542.0,,true
1317,40.0,373.0,,true
1318,350.0,143.0,,true
1319,500.0,194.0,,false
1320,500.0,530.0,,false
1321,3300.0,29.0,,false
1322,3300.0,30.0,,false
1323,3300.0,27.0,,false
1324,60.0,182.0,,false
1325,60.0,248.0,,false
1326,60.0,175.0,,false
1327,800.0,6.0,,false
1328,60.0,86.0,,false
1329,60.0,106.0,,false
1330,60.0,119.0,,false
1331,60.0,84.0,,false
1332,60.0,83.0,,false
1333,60.0,101.0,,false
1334,60.0,100.0,,false
1335,60.0,114.0,,false
1336,60.0,82.0,,false
1337,60.0,106.0,,false
1338,100.0,211.0,,false
1339,100.0,214.0,,false
1340,900.0,8.0,,false
1341,1150.0,17.0,,false
1342,1000.0,8.0,,false
1343,1350.0,47.0,,true
1344,500.0,59.0,,true
1345,5000.0,20.0,,true
1346,2200.0,140.0,,true
1347,3500.0,254.0,,true
1348,5000.0,600.0,,true
1349,500.0,147.0,,true
1350,125.0,530.0,,true
1351,40.0,369.0,,true
1352,350.0,180.0,,true
1353,500.0,198.0,,false
1354,500.0,328.0,,false
1355,3300.0,22.0,,false
1356,3300.0,26.0,,false
1357,3300.0,24.0,,false
1358,60.0,163.0,,false
1359,60.0,232.0,,false
1360,60.0,202.0,,false
1361,800.0,5.0,,false
1362,60.0,98.0,,false
1363,60.0,84.0,,false
1364,60.0,116.0,,false
1365,60.0,83.0,,false
1366,60.0,102.0,,false
1367,60.0,104.0,,false
1368,60.0,89.0,,false
1369,100.0,215.0,,false
1370,100.0,220.0,,false
1371,900.0,9.0,,false
1372,1150.0,13.0,,false
1373,1000.0,5.0,,false
1374,1350.0,46.0,,true
1375,500.0,59.0,,true
1376,5000.0,17.0,,true
1377,2200.0,131.0,,true
1378,3500.0,304.0,,true
1379,5000.0,600.0,,true
1380,500.0,152.0,,true
1381,125.0,517.0,,true
1382,40.0,376.0,,true
1383,350.0,141.0,,true
1384,500.0,195.0,,false
1385,500.0,376.0,,false
1386,3300.0,28.0,,false
1387,3300.0,25.0,,false
1388,3300.0,29.0,,false
1389,60.0,236.0,,false
1390,60.0,227.0,,false
1391,60.0,193.0,,false
1392,800.0,4.0,,false
1393,60.0,109.0,,false
1394,60.0,92.0,,false
1395,60.0,96.0,,false
1396,60.0,104.0,,false
1397,60.0,86.0,,false
1398,60.0,91.0,,false
1399,60.0,83.0,,false
1400,60.0,100.0,,false
1401,60.0,106.0,,false
1402,100.0,202.0,,false
1403,100.0,186.0,,false
1404,900.0,8.0,,false
1405,1150.0,16.0,,false
1406,1000.0,8.0,,false
1407,1350.0,47.0,,true
1408,500.0,56.0,,true
1409,5000.0,20.0,,true
1410,2200.0,131.0,,true
1411,3500.0,395.0,,true
1412,5000.0,600.0,,true
1413,500.0,159.0,,true
1414,125.0,549.0,,true
1415,40.0,365.0,,true
1416,350.0,142.0,,true
1417,500.0,195.0,,false
1418,500.0,367.0,,false
1419,3300.0,26.0,,false
1420,3300.0,26.0,,false
1421,3300.0,24.0,,false
1422,60.0,172.0,,false
1423,60.0,207.0,,false
1424,60.0,152.0,,false
1425,800.0,4.0,,false
1426,60.0,84.0,,false
1427,60.0,95.0,,false
1428,60.0,98.0,,false
1429,60.0,88.0,,false
1430,60.0,92.0,,false
1431,60.0,95.0,,false
1432,60.0,119.0,,false
1433,60.0,109.0,,false
1434,60.0,119.0,,false
1435,100.0,212.0,,false
1436,100.0,188.0,,false
1437,900.0,9.0,,false
1438,1150.0,15.0,,false
1439,1000.0,7.0,,false
1440,1350.0,49.0,,true
1441,500.0,57.0,,true
1442,5000.0,20.0,,true
1443,2200.0,139.0,,true
1444,3500.0,284.0,,true
1445,5000.0,600.0,,true
1446,500.0,150.0,,true
1447,125.0,508.0,,true
1448,40.0,450.0,,true
1449,350.0,165.0,,true
1450,500.0,171.0,,false
1451,500.0,586.0,,false
1452,3300.0,28.0,,false
1453,3300.0,28.0,,false
1454,3300.0,23.0,,false
1455,60.0,202.0,,false
1456,60.0,174.0,,false
1457,60.0,161.0,,false
1458,60.0,158.0,,false
1459,800.0,5.0,,false
1460,60.0,97.0,,false
1461,60.0,93.0,,false
1462,60.0,83.0,,false
1463,60.0,105.0,,false
1464,60.0,87.0,,false
1465,60.0,93.0,,false
1466,60.0,86.0,,false
1467,60.0,83.0,,false
1468,60.0,101.0,,false
1469,100.0,210.0,,false
1470,100.0,215.0,,false
1471,900.0,10.0,,false
1472,1150.0,15.0,,false
1473,1000.0,6.0,,false
1474,1350.0,48.0,,true
1475,500.0,57.0,,true
1476,5000.0,18.0,,true
1477,2200.0,132.0,,true
1478,3500.0,360.0,,true
1479,5000.0,600.0,,true
1480,500.0,150.0,,true
1481,125.0,507.0,,true
1482,40.0,384.0,,true
1483,350.0,159.0,,true
1484,500.0,195.0,,false
1485,500.0,426.0,,false
1486,3300.0,26.0,,false
1487,3300.0,22.0,,false
1488,3300.0,21.0,,false
1489,60.0,153.0,,false
1490,60.0,243.0,,false
1491,60.0,237.0,,false
1492,800.0,4.0,,false
1493,60.0,119.0,,false
1494,60.0,110.0,,false
1495,60.0,116.0,,false
1496,60.0,95.0,,false
1497,60.0,85.0,,false
1498,60.0,81.0,,false
1499,60.0,83.0,,false
1500,100.0,230.0,,false
1501,100.0,223.0,,false
1502,900.0,9.0,,false
1503,1150.0,18.0,,false
1504,1000.0,6.0,,false
1505,1350.0,49.0,,true
1506,500.0,58.0,,true
1507,5000.0,16.0,,true
1508,2200.0,140.0,,true
1509,3500.0,269.0,,true
1510,5000.0,600.0,,true
1511,500.0,159.0,,true
1512,125.0,524.0,,true
1513,40.0,457.0,,true
1514,350.0,163.0,,true
1515,500.0,181.0,,false
1516,500.0,552.0,,false
1517,3300.0,30.0,,false
1518,3300.0,23.0,,false
1519,3300.0,24.0,,false
1520,60.0,156.0,,false
1521,60.0,197.0,,false
1522,60.0,195.0,,false
1523,800.0,4.0,,false
1524,60.0,109.0,,false
1525,60.0,102.0,,false
1526,60.0,107.0,,false
1527,60.0,89.0,,false
1528,60.0,87.0,,false
1529,60.0,112.0,,false
1530,60.0,96.0,,false
1531,60.0,119.0,,false
1532,60.0,111.0,,false
1533,100.0,227.0,,false
1534,100.0,208.0,,false
1535,900.0,10.0,,false
1536,1150.0,13.0,,false
1537,1000.0,6.0,,false
1538,1350.0,50.0,,true
1539,500.0,59.0,,true
1540,5000.0,19.0,,true
1541,2200.0,135.0,,true
1542,3500.0,379.0,,true
1543,5000.0,600.0,,true
1544,500.0,145.0,,true
1545,125.0,485.0,,true
1546,40.0,417.0,,true
1547,350.0,159.0,,true
1548,500.0,173.0,,false
1549,500.0,454.0,,false
1550,3300.0,28.0,,false
1551,3300.0,21.0,,false
1552,3300.0,21.0,,false
1553,60.0,198.0,,false
1554,60.0,203.0,,false
1555,60.0,248.0,,false
1556,800.0,4.0,,false
1557,60.0,83.0,,false
1558,60.0,111.0,,false
1559,60.0,113.0,,false
1560,60.0,101.0,,false
1561,60.0,100.0,,false
1562,60.0,106.0,,false
1563,60.0,85.0,,false
1564,60.0,117.0,,false
1565,60.0,93.0,,false
1566,100.0,220.0,,false
1567,100.0,184.0,,false
1568,900.0,8.0,,false
1569,1150.0,14.0,,false
1570,1000.0,7.0,,false
1571,1350.0,49.0,,true
1572,500.0,60.0,,true
1573,5000.0,18.0,,true
1574,2200.0,138.0,,true
1575,3500.0,400.0,,true
1576,5000.0,600.0,,true
1577,500.0,145.0,,true
1578,125.0,479.0,,true
1579,40.0,448.0,,true
1580,350.0,146.0,,true
1581,500.0,174.0,,false
1582,500.0,434.0,,false
1583,3300.0,24.0,,false
1584,3300.0,21.0,,false
1585,3300.0,30.0,,false
1586,60.0,154.0,,false
1587,60.0,210.0,,false
1588,60.0,163.0,,false
1589,800.0,5.0,,false
1590,60.0,83.0,,false
1591,60.0,88.0,,false
1592,60.0,106.0,,false
1593,60.0,116.0,,false
1594,60.0,96.0,,false
1595,60.0,85.0,,false
1596,60.0,93.0,,false
1597,60.0,108.0,,false
1598,60.0,86.0,,false
1599,100.0,196.0,,false
1600,100.0,186.0,,false
1601,900.0,9.0,,false
1602,1150.0,17.0,,false
1603,1000.0,6.0,,false
1604,1350.0,49.0,,true
1605,500.0,57.0,,true
1606,5000.0,18.0,,true
1607,2200.0,140.0,,true
1608,3500.0,385.0,,true
1609,5000.0,600.0,,true
1610,500.0,143.0,,true
1611,125.0,472.0,,true
1612,40.0,391.0,,true
1613,350.0,151.0,,true
1614,500.0,196.0,,false
1615,500.0,513.0,,false
1616,3300.0,29.0,,false
1617,3300.0,23.0,,false
1618,3300.0,30.0,,false
1619,60.0,162.0,,false
1620,60.0,164.0,,false
1621,60.0,235.0,,false
1622,800.0,5.0,,false
1623,60.0,94.0,,false
1624,60.0,114.0,,false
1625,60.0,81.0,,false
1626,60.0,120.0,,false
1627,60.0,95.0,,false
1628,60.0,89.0,,false
1629,60.0,110.0,,false
1630,60.0,88.0,,false
1631,60.0,93.0,,false
1632,100.0,244.0,,false
1633,100.0,212.0,,false
1634,900.0,9.0,,false
1635,1150.0,15.0,,false
1636,1000.0,5.0,,false
1637,1350.0,48.0,,true
1638,500.0,56.0,,true
1639,5000.0,19.0,,true
1640,2200.0,137.0,,true
1641,3500.0,264.0,,true
1642,5000.0,600.0,,true
1643,500.0,151.0,,true
1644,125.0,489.0,,true
1645,40.0,416.0,,true
1646,350.0,179.0,,true
1647,500.0,189.0,,false
1648,500.0,529.0,,false
1649,3300.0,28.0,,false
1650,3300.0,26.0,,false
1651,3300.0,29.0,,false
1652,60.0,204.0,,false
1653,60.0,214.0,,false
1654,60.0,158.0,,false
1655,800.0,5.0,,false
1656,60.0,102.0,,false
1657,60.0,98.0,,false
1658,60.0,82.0,,false
1659,60.0,93.0,,false
1660,60.0,104.0,,false
1661,60.0,118.0,,false
1662,60.0,88.0,,false
1663,60.0,85.0,,false
1664,60.0,117.0,,false
1665,60.0,99.0,,false
1666,100.0,192.0,,false
1667,100.0,202.0,,false
1668,900.0,7.0,,false
1669,1150.0,15.0,,false
1670,1000.0,5.0,,false
1671,1350.0,49.0,,true
1672,500.0,56.0,,true
1673,5000.0,18.0,,true
1674,2200.0,138.0,,true
1675,3500.0,362.0,,true
1676,5000.0,600.0,,true
1677,500.0,148.0,,true
1678,125.0,533.0,,true
1679,40.0,422.0,,true
1680,350.0,175.0,,true
1681,500.0,177.0,,false
1682,500.0,485.0,,false
1683,3300.0,25.0,,false
1684,3300.0,22.0,,false
1685,3300.0,24.0,,false
1686,60.0,211.0,,false
1687,60.0,158.0,,false
1688,60.0,210.0,,false
1689,60.0,151.0,,false
1690,800.0,4.0,,false
1691,60.0,90.0,,false
1692,60.0,117.0,,false
1693,60.0,103.0,,false
1694,60.0,88.0,,false
1695,60.0,90.0,,false
1696,60.0,95.0,,false
1697,60.0,91.0,,false
1698,100.0,204.0,,false
1699,100.0,191.0,,false
1700,900.0,7.0,,false
1701,1150.0,17.0,,false
1702,1000.0,6.0,,false
1703,1350.0,48.0,,true
1704,500.0,59.0,,true
1705,5000.0,16.0,,true
1706,2200.0,133.0,,true
1707,3500.0,270.0,,true
1708,5000.0,600.0,,true
1709,500.0,152.0,,true
1710,125.0,488.0,,true
1711,40.0,407.0,,true
1712,350.0,147.0,,true
1713,500.0,181.0,,false
1714,500.0,439.0,,false
1715,3300.0,28.0,,false
1716,3300.0,28.0,,false
1717,3300.0,24.0,,false
1718,60.0,196.0,,false
1719,60.0,190.0,,false
1720,60.0,171.0,,false
1721,60.0,235.0,,false
1722,800.0,6.0,,false
1723,60.0,96.0,,false
1724,60.0,117.0,,false
1725,60.0,120.0,,false
1726,60.0,91.0,,false
1727,60.0,81.0,,false
1728,60.0,118.0,,false
1729,60.0,120.0,,false
1730,100.0,210.0,,false
1731,100.0,190.0,,false
1732,900.0,10.0,,false
1733,1150.0,15.0,,false
1734,1000.0,7.0,,false
1735,1350.0,48.0,,true
1736,500.0,57.0,,true
1737,5000.0,16.0,,true
1738,2200.0,132.0,,true
1739,3500.0,320.0,,true
1740,5000.0,600.0,,true
1741,500.0,154.0,,true
1742,125.0,500.0,,true
1743,40.0,440.0,,true
1744,350.0,145.0,,true
1745,500.0,200.0,,false
1746,500.0,390.0,,false
1747,3300.0,28.0,,false
1748,3300.0,26.0,,false
1749,3300.0,26.0,,false
1750,60.0,195.0,,false
1751,60.0,190.0,,false
1752,60.0,213.0,,false
1753,60.0,220.0,,false
1754,800.0,6.0,,false
1755,60.0,93.0,,false
1756,60.0,109.0,,false
1757,60.0,99.0,,false
1758,60.0,85.0,,false
1759,60.0,111.0,,false
1760,60.0,94.0,,false
1761,60.0,108.0,,false
1762,60.0,113.0,,false
1763,60.0,83.0,,false
1764,60.0,89.0,,false
1765,100.0,205.0,,false
1766,100.0,201.0,,false
1767,900.0,9.0,,false
1768,1150.0,18.0,,false
1769,1000.0,5.0,,false
1770,1350.0,50.0,,true
1771,500.0,56.0,,true
1772,5000.0,16.0,,true
1773,2200.0,132.0,,true
1774,3500.0,256.0,,true
1775,5000.0,600.0,,true
1776,500.0,153.0,,true
1777,125.0,489.0,,true
1778,40.0,368.0,,true
1779,350.0,144.0,,true
1780,500.0,178.0,,false
1781,500.0,360.0,,false
1782,3300.0,30.0,,false
1783,3300.0,23.0,,false
1784,3300.0,21.0,,false
1785,60.0,157.0,,false
1786,60.0,200.0,,false
1787,60.0,172.0,,false
1788,60.0,219.0,,false
1789,800.0,4.0,,false
1790,60.0,103.0,,false
1791,60.0,108.0,,false
1792,60.0,103.0,,false
1793,60.0,89.0,,false
1794,60.0,108.0,,false
1795,60.0,87.0,,false
1796,60.0,113.0,,false
1797,100.0,220.0,,false
1798,100.0,192.0,,false
1799,900.0,10.0,,false
1800,1150.0,15.0,,false
1801,1000.0,8.0,,false
1802,1350.0,46.0,,true
1803,500.0,58.0,,true
1804,5000.0,19.0,,true
1805,2200.0,133.0,,true
1806,3500.0,307.0,,true
1807,5000.0,600.0,,true
1808,500.0,153.0,,true
1809,125.0,452.0,,true
1810,40.0,396.0,,true
1811,350.0,153.0,,true
1812,500.0,189.0,,false
1813,500.0,409.0,,false
1814,3300.0,25.0,,false
1815,3300.0,22.0,,false
1816,3300.0,26.0,,false
1817,60.0,230.0,,false
1818,60.0,220.0,,false
1819,60.0,234.0,,false
1820,60.0,199.0,,false
1821,800.0,5.0,,false
1822,60.0,84.0,,false
1823,60.0,87.0,,false
1824,60.0,97.0,,false
1825,60.0,110.0,,false
1826,60.0,100.0,,false
1827,60.0,117.0,,false
1828,60.0,120.0,,false
1829,60.0,93.0,,false
1830,60.0,118.0,,false
1831,60.0,100.0,,false
1832,100.0,212.0,,false
1833,100.0,187.0,,false
1834,900.0,7.0,,false
1835,1150.0,17.0,,false
1836,1000.0,8.0,,false
1837,1350.0,46.0,,true
1838,500.0,56.0,,true
1839,5000.0,18.0,,true
1840,2200.0,139.0,,true
1841,3500.0,328.0,,true
1842,5000.0,600.0,,true
1843,500.0,156.0,,true
1844,125.0,531.0,,true
1845,40.0,441.0,,true
1846,350.0,178.0,,true
1847,500.0,200.0,,false
1848,500.0,599.0,,false
1849,3300.0,26.0,,false
1850,3300.0,25.0,,false
1851,3300.0,29.0,,false
1852,60.0,201.0,,false
1853,60.0,153.0,,false
1854,60.0,165.0,,false
1855,800.0,5.0,,false
1856,60.0,89.0,,false
1857,60.0,95.0,,false
1858,60.0,111.0,,false
1859,60.0,87.0,,false
1860,60.0,117.0,,false
1861,60.0,93.0,,false
1862,60.0,88.0,,false
1863,100.0,196.0,,false
1864,100.0,217.0,,false
1865,900.0,9.0,,false
1866,1150.0,16.0,,false
1867,1000.0,6.0,,false
1868,1350.0,50.0,,true
1869,500.0,60.0,,true
1870,5000.0,17.0,,true
1871,2200.0,136.0,,true
1872,3500.0,257.0,,true
1873,5000.0,600.0,,true
1874,500.0,142.0,,true
1875,125.0,458.0,,true
1876,40.0,451.0,,true
1877,350.0,149.0,,true
1878,500.0,190.0,,false
1879,500.0,593.0,,false
1880,3300.0,28.0,,false
1881,3300.0,24.0,,false
1882,3300.0,30.0,,false
1883,60.0,247.0,,false
1884,60.0,194.0,,false
1885,60.0,210.0,,false
1886,800.0,6.0,,false
1887,60.0,108.0,,false
1888,60.0,116.0,,false
1889,60.0,109.0,,false
1890,60.0,118.0,,false
1891,60.0,92.0,,false
1892,60.0,111.0,,false
1893,60.0,81.0,,false
1894,100.0,221.0,,false
1895,100.0,210.0,,false
1896,900.0,7.0,,false
1897,1150.0,16.0,,false
1898,1000.0,8.0,,false
1899,1350.0,50.0,,true
1900,500.0,59.0,,true
1901,5000.0,17.0,,true
1902,2200.0,137.0,,true
1903,3500.0,365.0,,true
1904,5000.0,600.0,,true
1905,500.0,142.0,,true
1906,125.0,458.0,,true
1907,40.0,434.0,,true
1908,350.0,156.0,,true
1909,500.0,177.0,,false
1910,500.0,592.0,,false
1911,3300.0,23.0,,false
1912,3300.0,30.0,,false
1913,3300.0,26.0,,false
1914,60.0,203.0,,false
1915,60.0,223.0,,false
1916,60.0,153.0,,false
1917,60.0,172.0,,false
1918,800.0,5.0,,false
1919,60.0,98.0,,false
1920,60.0,92.0,,false
1921,60.0,108.0,,false
1922,60.0,116.0,,false
1923,60.0,106.0,,false
1924,60.0,112.0,,false
1925,60.0,88.0,,false
1926,100.0,219.0,,false
1927,100.0,231.0,,false
1928,900.0,8.0,,false
1929,1150.0,17.0,,false
1930,1000.0,6.0,,false
1931,1350.0,50.0,,true
1932,500.0,58.0,,true
1933,5000.0,17.0,,true
1934,2200.0,138.0,,true
1935,3500.0,235.0,,true
1936,5000.0,600.0,,true
1937,500.0,160.0,,true
1938,125.0,489.0,,true
1939,40.0,352.0,,true
1940,350.0,169.0,,true
1941,500.0,187.0,,false
1942,500.0,506.0,,false
1943,3300.0,26.0,,false
1944,3300.0,23.0,,false
1945,3300.0,26.0,,false
1946,60.0,230.0,,false
1947,60.0,212.0,,false
1948,60.0,157.0,,false
1949,800.0,5.0,,false
1950,60.0,112.0,,false
1951,60.0,106.0,,false
1952,60.0,81.0,,false
1953,60.0,81.0,,false
1954,60.0,96.0,,false
1955,60.0,116.0,,false
1956,100.0,229.0,,false
1957,100.0,196.0,,false
1958,900.0,10.0,,false
1959,1150.0,17.0,,false
1960,1000.0,5.0,,false
1961,1350.0,49.0,,true
1962,500.0,57.0,,true
1963,5000.0,18.0,,true
1964,2200.0,139.0,,true
1965,3500.0,258.0,,true
1966,5000.0,600.0,,true
1967,500.0,147.0,,true
1968,125.0,512.0,,true
1969,40.0,398.0,,true
1970,350.0,173.0,,true
1971,500.0,183.0,,false
1972,500.0,400.0,,false
1973,3300.0,23.0,,false
1974,3300.0,29.0,,false
1975,3300.0,24.0,,false
1976,60.0,162.0,,false
1977,60.0,212.0,,false
1978,60.0,159.0,,false
1979,800.0,4.0,,false
1980,60.0,93.0,,false
1981,60.0,86.0,,false
1982,60.0,91.0,,false
1983,60.0,85.0,,false
1984,60.0,106.0,,false
1985,60.0,83.0,,false
1986,100.0,228.0,,false
1987,100.0,196.0,,false
1988,900.0,9.0,,false
1989,1150.0,14.0,,false
1990,1000.0,6.0,,false
1991,1350.0,50.0,,true
1992,500.0,56.0,,true
1993,5000.0,16.0,,true
1994,2200.0,140.0,,true
1995,3500.0,396.0,,true
1996,5000.0,600.0,,true
1997,500.0,154.0,,true
1998,125.0,506.0,,true
1999,40.0,439.0,,true
2000,350.0,180.0,,true
2001,500.0,171.0,,false
2002,500.0,391.0,,false
2003,3300.0,24.0,,false
2004,3300.0,26.0,,false
2005,3300.0,30.0,,false
2006,60.0,248.0,,false
2007,60.0,182.0,,false
2008,60.0,247.0,,false
2009,800.0,5.0,,false
2010,60.0,102.0,,false
2011,60.0,87.0,,false
2012,60.0,93.0,,false
2013,60.0,118.0,,false
2014,60.0,96.0,,false
2015,60.0,109.0,,false
2016,100.0,188.0,,false
2017,100.0,182.0,,false
2018,900.0,7.0,,false
2019,1150.0,15.0,,false
2020,1000.0,6.0,,false
2021,1350.0,46.0,,true
2022,500.0,56.0,,true
2023,5000.0,18.0,,true
2024,2200.0,132.0,,true
2025,3500.0,399.0,,true
2026,5000.0,600.0,,true
2027,500.0,141.0,,true
2028,125.0,474.0,,true
2029,40.0,396.0,,true
2030,350.0,171.0,,true
2031,500.0,183.0,,false
2032,500.0,365.0,,false
2033,3300.0,21.0,,false
2034,3300.0,25.0,,false
2035,3300.0,22.0,,false
2036,60.0,187.0,,false
2037,60.0,172.0,,false
2038,60.0,157.0,,false
2039,800.0,4.0,,false
2040,60.0,100.0,,false
2041,60.0,88.0,,false
2042,60.0,95.0,,false
2043,60.0,105.0,,false
2044,60.0,85.0,,false
2045,60.0,95.0,,false
2046,60.0,104.0,,false
2047,100.0,190.0,,false
2048,100.0,186.0,,false
2049,900.0,7.0,,false
2050,1150.0,14.0,,false
2051,1000.0,5.0,,false
2052,1350.0,48.0,,true
2053,500.0,58.0,,true
2054,5000.0,20.0,,true
2055,2200.0,136.0,,true
2056,3500.0,300.0,,true
2057,5000.0,600.0,,true
2058,500.0,157.0,,true
2059,125.0,495.0,,true
2060,40.0,446.0,,true
2061,350.0,146.0,,true
2062,500.0,186.0,,false
2063,500.0,400.0,,false
2064,3300.0,28.0,,false
2065,3300.0,23.0,,false
2066,3300.0,28.0,,false
2067,60.0,230.0,,false
2068,60.0,162.0,,false
2069,60.0,206.0,,false
2070,800.0,5.0,,false
2071,60.0,90.0,,false
2072,60.0,112.0,,false
2073,60.0,99.0,,false
2074,60.0,102.0,,false
2075,60.0,106.0,,false
2076,60.0,103.0,,false
2077,60.0,110.0,,false
2078,60.0,94.0,,false
2079,60.0,120.0,,false
2080,100.0,223.0,,false
2081,100.0,186.0,,false
2082,900.0,9.0,,false
2083,1150.0,17.0,,false
2084,1000.0,5.0,,false
2085,1350.0,47.0,,true
2086,500.0,57.0,,true
2087,5000.0,16.0,,true
2088,2200.0,135.0,,true
2089,3500.0,268.0,,true
2090,5000.0,600.0,,true
2091,500.0,143.0,,true
2092,125.0,539.0,,true
2093,40.0,425.0,,true
2094,350.0,148.0,,true
2095,500.0,189.0,,false
2096,500.0,427.0,,false
2097,3300.0,25.0,,false
2098,3300.0,27.0,,false
2099,3300.0,27.0,,false
2100,60.0,166.0,,false
2101,60.0,201.0,,false
2102,60.0,202.0,,false
2103,60.0,167.0,,false
2104,800.0,4.0,,false
2105,60.0,112.0,,false
2106,60.0,101.0,,false
2107,60.0,106.0,,false
2108,60.0,89.0,,false
2109,60.0,81.0,,false
2110,60.0,113.0,,false
2111,60.0,114.0,,false
2112,60.0,101.0,,false
2113,60.0,81.0,,false
2114,100.0,194.0,,false
2115,100.0,233.0,,false
2116,900.0,10.0,,false
2117,1150.0,13.0,,false
2118,1000.0,8.0,,false
2119,1350.0,49.0,,true
2120,500.0,59.0,,true
2121,5000.0,20.0,,true
2122,2200.0,137.0,,true
2123,3500.0,293.0,,true
2124,5000.0,600.0,,true
2125,500.0,153.0,,true
2126,125.0,458.0,,true
2127,40.0,447.0,,true
2128,350.0,155.0,,true
2129,500.0,176.0,,false
2130,500.0,530.0,,false
2131,3300.0,30.0,,false
2132,3300.0,30.0,,false
2133,3300.0,29.0,,false
2134,60.0,226.0,,false
2135,60.0,169.0,,false
2136,60.0,236.0,,false
2137,800.0,6.0,,false
2138,60.0,85.0,,false
2139,60.0,86.0,,false
2140,60.0,120.0,,false
2141,60.0,117.0,,false
2142,60.0,96.0,,false
2143,60.0,102.0,,false
2144,100.0,204.0,,false
2145,100.0,192.0,,false
2146,900.0,10.0,,false
2147,1150.0,14.0,,false
2148,1000.0,5.0,,false
2149,1350.0,49.0,,true
2150,500.0,56.0,,true
2151,5000.0,16.0,,true
2152,2200.0,133.0,,true
2153,3500.0,213.0,,true
2154,5000.0,600.0,,true
2155,500.0,157.0,,true
2156,125.0,537.0,,true
2157,40.0,365.0,,true
2158,350.0,165.0,,true
2159,500.0,189.0,,false
2160,500.0,451.0,,false
2161,3300.0,30.0,,false
2162,3300.0,28.0,,false
2163,3300.0,25.0,,false
2164,60.0,184.0,,false
2165,60.0,164.0,,false
2166,60.0,193.0,,false
2167,60.0,199.0,,false
2168,800.0,6.0,,false
2169,60.0,83.0,,false
2170,60.0,83.0,,false
2171,60.0,90.0,,false
2172,60.0,114.0,,false
2173,60.0,106.0,,false
2174,60.0,86.0,,false
2175,60.0,100.0,,false
2176,60.0,109.0,,false
2177,60.0,101.0,,false
2178,100.0,194.0,,false
2179,100.0,182.0,,false
2180,900.0,10.0,,false
2181,1150.0,14.0,,false
2182,1000.0,8.0,,false
2183,1350.0,48.0,,true
2184,500.0,56.0,,true
2185,5000.0,17.0,,true
2186,2200.0,135.0,,true
2187,3500.0,202.0,,true
2188,5000.0,600.0,,true
2189,500.0,149.0,,true
2190,125.0,508.0,,true
2191,40.0,437.0,,true
2192,350.0,175.0,,true
2193,500.0,193.0,,false
2194,500.0,379.0,,false
2195,3300.0,29.0,,false
2196,3300.0,30.0,,false
2197,3300.0,22.0,,false
2198,60.0,173.0,,false
2199,60.0,249.0,,false
2200,60.0,151.0,,false
2201,800.0,5.0,,false
2202,60.0,107.0,,false
2203,60.0,89.0,,false
2204,60.0,98.0,,false
2205,60.0,110.0,,false
2206,60.0,89.0,,false
2207,60.0,106.0,,false
2208,60.0,120.0,,false
2209,60.0,112.0,,false
2210,100.0,208.0,,false
2211,100.0,181.0,,false
2212,900.0,8.0,,false
2213,1150.0,17.0,,false
2214,1000.0,6.0,,false
2215,1350.0,49.0,,true
2216,500.0,59.0,,true
2217,5000.0,17.0,,true
2218,2200.0,138.0,,true
2219,3500.0,370.0,,true
2220,5000.0,600.0,,true
2221,500.0,148.0,,true
2222,125.0,459.0,,true
2223,40.0,438.0,,true
2224,350.0,164.0,,true
2225,500.0,194.0,,false
2226,500.0,479.0,,false
2227,3300.0,24.0,,false
2228,3300.0,27.0,,false
2229,3300.0,24.0,,false
2230,60.0,155.0,,false
2231,60.0,232.0,,false
2232,60.0,221.0,,false
2233,60.0,233.0,,false
2234,800.0,5.0,,false
2235,60.0,104.0,,false
2236,60.0,98.0,,false
2237,60.0,119.0,,false
2238,60.0,99.0,,false
2239,60.0,91.0,,false
2240,60.0,87.0,,false
2241,100.0,194.0,,false
2242,100.0,219.0,,false
2243,900.0,8.0,,false
2244,1150.0,17.0,,false
2245,1000.0,6.0,,false
2246,1350.0,49.0,,true
2247,500.0,57.0,,true
2248,5000.0,18.0,,true
2249,2200.0,133.0,,true
2250,3500.0,335.0,,true
2251,5000.0,600.0,,true
2252,500.0,141.0,,true
2253,125.0,476.0,,true
2254,40.0,404.0,,true
2255,350.0,152.0,,true
2256,500.0,197.0,,false
2257,500.0,333.0,,false
2258,3300.0,21.0,,false
2259,3300.0,21.0,,false
2260,3300.0,30.0,,false
2261,60.0,211.0,,false
2262,60.0,222.0,,false
2263,60.0,207.0,,false
2264,800.0,4.0,,false
2265,60.0,93.0,,false
2266,60.0,93.0,,false
2267,60.0,111.0,,false
2268,60.0,89.0,,false
2269,60.0,119.0,,false
2270,60.0,101.0,,false
2271,100.0,210.0,,false
2272,100.0,189.0,,false
2273,900.0,8.0,,false
2274,1150.0,15.0,,false
2275,1000.0,5.0,,false
2276,1350.0,46.0,,true
2277,500.0,56.0,,true
2278,5000.0,16.0,,true
2279,2200.0,139.0,,true
2280,3500.0,225.0,,true
2281,5000.0,600.0,,true
2282,500.0,147.0,,true
2283,125.0,470.0,,true
2284,40.0,452.0,,true
2285,350.0,170.0,,true
2286,500.0,199.0,,false
2287,500.0,305.0,,false
2288,3300.0,22.0,,false
2289,3300.0,26.0,,false
2290,3300.0,27.0,,false
2291,60.0,229.0,,false
2292,60.0,235.0,,false
2293,60.0,225.0,,false
2294,60.0,236.0,,false
2295,800.0,5.0,,false
2296,60.0,90.0,,false
2297,60.0,107.0,,false
2298,60.0,103.0,,false
2299,60.0,84.0,,false
2300,60.0,86.0,,false
2301,60.0,104.0,,false
2302,100.0,198.0,,false
2303,100.0,234.0,,false
2304,900.0,7.0,,false
2305,1150.0,18.0,,false
2306,1000.0,5.0,,false
2307,1350.0,48.0,,true
2308,500.0,58.0,,true
2309,5000.0,18.0,,true
2310,2200.0,135.0,,true
2311,3500.0,342.0,,true
2312,5000.0,600.0,,true
2313,500.0,142.0,,true
2314,125.0,485.0,,true
2315,40.0,366.0,,true
2316,350.0,176.0,,true
2317,500.0,200.0,,false
2318,500.0,376.0,,false
2319,3300.0,22.0,,false
2320,3300.0,30.0,,false
2321,3300.0,24.0,,false
2322,60.0,234.0,,false
2323,60.0,197.0,,false
2324,60.0,190.0,,false
2325,800.0,6.0,,false
2326,60.0,111.0,,false
2327,60.0,87.0,,false
2328,60.0,106.0,,false
2329,60.0,88.0,,false
2330,60.0,104.0,,false
2331,60.0,107.0,,false
2332,60.0,87.0,,false
2333,100.0,208.0,,false
2334,100.0,227.0,,false
2335,900.0,8.0,,false
2336,1150.0,13.0,,false
2337,1000.0,7.0,,false
2338,1350.0,46.0,,true
2339,500.0,58.0,,true
2340,5000.0,20.0,,true
2341,2200.0,132.0,,true
2342,3500.0,215.0,,true
2343,5000.0,600.0,,true
2344,500.0,144.0,,true
2345,125.0,504.0,,true
2346,40.0,404.0,,true
2347,350.0,177.0,,true
2348,500.0,199.0,,false
2349,500.0,394.0,,false
2350,3300.0,27.0,,false
2351,3300.0,22.0,,false
2352,3300.0,26.0,,false
2353,60.0,206.0,,false
2354,60.0,234.0,,false
2355,60.0,174.0,,false
2356,60.0,205.0,,false
2357,800.0,5.0,,false
2358,60.0,100.0,,false
2359,60.0,88.0,,false
2360,60.0,104.0,,false
2361,60.0,83.0,,false
2362,60.0,90.0,,false
2363,60.0,92.0,,false
2364,60.0,82.0,,false
2365,100.0,195.0,,false
2366,100.0,183.0,,false
2367,900.0,7.0,,false
2368,1150.0,13.0,,false
2369,1000.0,6.0,,false
2370,1350.0,50.0,,true
2371,500.0,57.0,,true
2372,5000.0,18.0,,true
2373,2200.0,136.0,,true
2374,3500.0,365.0,,true
2375,5000.0,600.0,,true
2376,500.0,157.0,,true
2377,125.0,482.0,,true
2378,40.0,376.0,,true
2379,350.0,144.0,,true
2380,500.0,179.0,,false
2381,500.0,335.0,,false
2382,3300.0,28.0,,false
2383,3300.0,24.0,,false
2384,3300.0,28.0,,false
2385,60.0,199.0,,false
2386,60.0,243.0,,false
2387,60.0,238.0,,false
2388,60.0,228.0,,false
2389,800.0,4.0,,false
2390,60.0,110.0,,false
2391,60.0,117.0,,false
2392,60.0,96.0,,false
2393,60.0,110.0,,false
2394,60.0,95.0,,false
2395,60.0,98.0,,false
2396,60.0,95.0,,false
2397,100.0,195.0,,false
2398,100.0,226.0,,false
2399,900.0,8.0,,false
2400,1150.0,13.0,,false
2401,1000.0,7.0,,false
2402,1350.0,48.0,,true
2403,500.0,58.0,,true
2404,5000.0,16.0,,true
2405,2200.0,136.0,,true
2406,3500.0,240.0,,true
2407,5000.0,600.0,,true
2408,500.0,151.0,,true
2409,125.0,531.0,,true
2410,40.0,387.0,,true
2411,350.0,149.0,,true
2412,500.0,191.0,,false
2413,500.0,336.0,,false
2414,3300.0,25.0,,false
2415,3300.0,24.0,,false
2416,3300.0,28.0,,false
2417,60.0,220.0,,false
2418,60.0,217.0,,false
2419,60.0,208.0,,false
2420,800.0,6.0,,false
2421,60.0,89.0,,false
2422,60.0,93.0,,false
2423,60.0,85.0,,false
2424,60.0,89.0,,false
2425,60.0,103.0,,false
2426,60.0,112.0,,false
2427,60.0,103.0,,false
2428,60.0,98.0,,false
2429,100.0,232.0,,false
2430,100.0,233.0,,false
2431,900.0,7.0,,false
2432,1150.0,18.0,,false
2433,1000.0,7.0,,false
2434,1350.0,47.0,,true
2435,500.0,59.0,,true
2436,5000.0,20.0,,true
2437,2200.0,138.0,,true
2438,3500.0,292.0,,true
2439,5000.0,600.0,,true
2440,500.0,144.0,,true
2441,125.0,457.0,,true
2442,40.0,458.0,,true
2443,350.0,179.0,,true
2444,500.0,185.0,,false
2445,500.0,468.0,,false
2446,3300.0,22.0,,false
2447,3300.0,22.0,,false
2448,3300.0,21.0,,false
2449,60.0,244.0,,false
2450,60.0,199.0,,false
2451,60.0,235.0,,false
2452,800.0,4.0,,false
2453,60.0,84.0,,false
2454,60.0,94.0,,false
2455,60.0,117.0,,false
2456,60.0,93.0,,false
2457,60.0,105.0,,false
2458,60.0,117.0,,false
2459,60.0,86.0,,false
2460,60.0,109.0,,false
2461,100.0,246.0,,false
2462,100.0,230.0,,false
2463,900.0,7.0,,false
2464,1150.0,15.0,,false
2465,1000.0,8.0,,false
2466,1350.0,49.0,,true
2467,500.0,59.0,,true
2468,5000.0,19.0,,true
2469,2200.0,140.0,,true
2470,3500.0,361.0,,true
2471,5000.0,600.0,,true
2472,500.0,144.0,,true
2473,125.0,497.0,,true
2474,40.0,381.0,,true
2475,350.0,160.0,,true
2476,500.0,184.0,,false
2477,500.0,468.0,,false
2478,3300.0,22.0,,false
2479,3300.0,26.0,,false
2480,3300.0,24.0,,false
2481,60.0,211.0,,false
2482,60.0,182.0,,false
2483,60.0,151.0,,false
2484,800.0,6.0,,false
2485,60.0,98.0,,false
2486,60.0,86.0,,false
2487,60.0,109.0,,false
2488,60.0,84.0,,false
2489,60.0,118.0,,false
2490,60.0,112.0,,false
2491,60.0,96.0,,false
2492,60.0,86.0,,false
2493,100.0,208.0,,false
2494,100.0,247.0,,false
2495,900.0,8.0,,false
2496,1150.0,13.0,,false
2497,1000.0,5.0,,false
2498,1350.0,49.0,,true
2499,500.0,56.0,,true
2500,5000.0,19.0,,true
2501,2200.0,137.0,,true
2502,3500.0,327.0,,true
2503,5000.0,600.0,,true
2504,500.0,156.0,,true
2505,125.0,454.0,,true
2506,40.0,442.0,,true
2507,350.0,178.0,,true
2508,500.0,173.0,,false
2509,500.0,555.0,,false
2510,3300.0,26.0,,false
2511,3300.0,28.0,,false
2512,3300.0,26.0,,false
2513,60.0,218.0,,false
2514,60.0,194.0,,false
2515,60.0,176.0,,false
2516,800.0,6.0,,false
2517,60.0,113.0,,false
2518,60.0,86.0,,false
2519,60.0,112.0,,false
2520,60.0,81.0,,false
2521,60.0,97.0,,false
2522,60.0,108.0,,false
2523,60.0,97.0,,false
2524,60.0,117.0,,false
2525,60.0,110.0,,false
2526,60.0,112.0,,false
2527,100.0,198.0,,false
2528,100.0,190.0,,false
2529,900.0,8.0,,false
2530,1150.0,13.0,,false
2531,1000.0,6.0,,false
2532,1350.0,47.0,,true
2533,500.0,57.0,,true
2534,5000.0,17.0,,true
2535,2200.0,139.0,,true
2536,3500.0,248.0,,true
2537,5000.0,600.0,,true
2538,500.0,160.0,,true
2539,125.0,496.0,,true
2540,40.0,438.0,,true
2541,350.0,155.0,,true
2542,500.0,188.0,,false
2543,500.0,352.0,,false
2544,3300.0,29.0,,false
2545,3300.0,24.0,,false
2546,3300.0,23.0,,false
2547,60.0,218.0,,false
2548,60.0,201.0,,false
2549,60.0,202.0,,false
2550,800.0,4.0,,false
2551,60.0,102.0,,false
2552,60.0,119.0,,false
2553,60.0,119.0,,false
2554,60.0,99.0,,false
2555,60.0,93.0,,false
2556,60.0,86.0,,false
2557,60.0,84.0,,false
2558,60.0,118.0,,false
2559,60.0,105.0,,false
2560,60.0,111.0,,false
2561,100.0,236.0,,false
2562,100.0,235.0,,false
2563,900.0,9.0,,false
2564,1150.0,15.0,,false
2565,1000.0,7.0,,false
2566,1350.0,50.0,,true
2567,500.0,60.0,,true
2568,5000.0,20.0,,true
2569,2200.0,140.0,,true
2570,3500.0,267.0,,true
2571,5000.0,600.0,,true
2572,500.0,158.0,,true
2573,125.0,543.0,,true
2574,40.0,421.0,,true
2575,350.0,148.0,,true
2576,500.0,172.0,,false
2577,500.0,311.0,,false
2578,3300.0,24.0,,false
2579,3300.0,27.0,,false
2580,3300.0,27.0,,false
2581,60.0,201.0,,false
2582,60.0,248.0,,false
2583,60.0,174.0,,false
2584,800.0,4.0,,false
2585,60.0,90.0,,false
2586,60.0,83.0,,false
2587,60.0,117.0,,false
2588,60.0,81.0,,false
2589,60.0,99.0,,false
2590,60.0,85.0,,false
2591,60.0,108.0,,false
2592,100.0,189.0,,false
2593,100.0,216.0,,false
2594,900.0,10.0,,false
2595,1150.0,15.0,,false
2596,1000.0,8.0,,false
2597,1350.0,47.0,,true
2598,500.0,57.0,,true
2599,5000.0,18.0,,true
2600,2200.0,132.0,,true
2601,3500.0,261.0,,true
2602,5000.0,600.0,,true
2603,500.0,157.0,,true
2604,125.0,452.0,,true
2605,40.0,382.0,,true
2606,350.0,146.0,,true
2607,500.0,200.0,,false
2608,500.0,539.0,,false
2609,3300.0,26.0,,false
2610,3300.0,24.0,,false
2611,3300.0,28.0,,false
2612,60.0,246.0,,false
2613,60.0,238.0,,false
2614,60.0,191.0,,false
2615,800.0,6.0,,false
2616,60.0,84.0,,false
2617,60.0,114.0,,false
2618,60.0,113.0,,false
2619,60.0,106.0,,false
2620,60.0,118.0,,false
2621,60.0,82.0,,false
2622,60.0,101.0,,false
2623,100.0,200.0,,false
2624,100.0,182.0,,false
2625,900.0,7.0,,false
2626,1150.0,15.0,,false
2627,1000.0,7.0,,false
2628,1350.0,47.0,,true
2629,500.0,58.0,,true
2630,5000.0,16.0,,true
2631,2200.0,139.0,,true
2632,3500.0,269.0,,true
2633,5000.0,600.0,,true
2634,500.0,142.0,,true
2635,125.0,515.0,,true
2636,40.0,377.0,,true
2637,350.0,156.0,,true
2638,500.0,184.0,,false
2639,500.0,385.0,,false
2640,3300.0,30.0,,false
2641,3300.0,25.0,,false
2642,3300.0,23.0,,false
2643,60.0,204.0,,false
2644,60.0,183.0,,false
2645,60.0,227.0,,false
2646,60.0,236.0,,false
2647,800.0,6.0,,false
2648,60.0,82.0,,false
2649,60.0,109.0,,false
2650,60.0,88.0,,false
2651,60.0,90.0,,false
2652,60.0,104.0,,false
2653,60.0,81.0,,false
2654,60.0,107.0,,false
2655,60.0,116.0,,false
2656,60.0,104.0,,false
2657,60.0,82.0,,false
2658,100.0,225.0,,false
2659,100.0,239.0,,false
2660,900.0,8.0,,false
2661,1150.0,15.0,,false
2662,1000.0,8.0,,false
2663,1350.0,50.0,,true
2664,500.0,56.0,,true
2665,5000.0,16.0,,true
2666,2200.0,134.0,,true
2667,3500.0,306.0,,true
2668,5000.0,600.0,,true
2669,500.0,159.0,,true
2670,125.0,522.0,,true
2671,40.0,436.0,,true
2672,350.0,165.0,,true
2673,500.0,172.0,,false
2674,500.0,501.0,,false
2675,3300.0,27.0,,false
2676,3300.0,22.0,,false
2677,3300.0,22.0,,false
2678,60.0,157.0,,false
2679,60.0,199.0,,false
2680,60.0,165.0,,false
2681,800.0,4.0,,false
2682,60.0,106.0,,false
2683,60.0,118.0,,false
2684,60.0,84.0,,false
2685,60.0,119.0,,false
2686,60.0,86.0,,false
2687,60.0,115.0,,false
2688,60.0,120.0,,false
2689,100.0,184.0,,false
2690,100.0,199.0,,false
2691,900.0,10.0,,false
2692,1150.0,15.0,,false
2693,1000.0,5.0,,false
2694,1350.0,50.0,,true
2695,500.0,57.0,,true
2696,5000.0,17.0,,true
2697,2200.0,138.0,,true
2698,3500.0,280.0,,true
2699,5000.0,600.0,,true
2700,500.0,141.0,,true
2701,125.0,497.0,,true
2702,40.0,397.0,,true
2703,350.0,155.0,,true
2704,500.0,173.0,,false
2705,500.0,534.0,,false
2706,3300.0,26.0,,false
2707,3300.0,29.0,,false
2708,3300.0,27.0,,false
2709,60.0,211.0,,false
2710,60.0,180.0,,false
2711,60.0,176.0,,false
2712,800.0,6.0,,false
2713,60.0,111.0,,false
2714,60.0,86.0,,false
2715,60.0,81.0,,false
2716,60.0,112.0,,false
2717,60.0,89.0,,false
2718,60.0,105.0,,false
2719,60.0,106.0,,false
2720,60.0,97.0,,false
2721,60.0,87.0,,false
2722,100.0,242.0,,false
2723,100.0,245.0,,false
2724,900.0,10.0,,false
2725,1150.0,17.0,,false
2726,1000.0,5.0,,false
2727,1350.0,47.0,,true
2728,500.0,59.0,,true
2729,5000.0,16.0,,true
2730,2200.0,137.0,,true
2731,3500.0,203.0,,true
2732,5000.0,600.0,,true
2733,500.0,158.0,,true
2734,125.0,546.0,,true
2735,40.0,399.0,,true
2736,350.0,148.0,,true
2737,500.0,178.0,,false
2738,500.0,452.0,,false
2739,3300.0,25.0,,false
2740,3300.0,26.0,,false
2741,3300.0,27.0,,false
2742,60.0,206.0,,false
2743,60.0,162.0,,false
2744,60.0,218.0,,false
2745,800.0,6.0,,false
2746,60.0,94.0,,false
2747,60.0,91.0,,false
2748,60.0,103.0,,false
2749,60.0,108.0,,false
2750,60.0,107.0,,false
2751,60.0,109.0,,false
2752,60.0,82.0,,false
2753,60.0,117.0,,false
2754,100.0,236.0,,false
2755,100.0,220.0,,false
2756,900.0,8.0,,false
2757,1150.0,14.0,,false
2758,1000.0,6.0,,false
2759,1350.0,50.0,,true
2760,500.0,60.0,,true
2761,5000.0,17.0,,true
2762,2200.0,140.0,,true
2763,3500.0,227.0,,true
2764,5000.0,600.0,,true
2765,500.0,148.0,,true
2766,125.0,451.0,,true
2767,40.0,389.0,,true
2768,350.0,168.0,,true
2769,500.0,190.0,,false
2770,500.0,592.0,,false
2771,3300.0,27.0,,false
2772,3300.0,27.0,,false
2773,3300.0,23.0,,false
2774,60.0,164.0,,false
2775,60.0,166.0,,false
2776,60.0,233.0,,false
2777,60.0,245.0,,false
2778,800.0,4.0,,false
2779,60.0,120.0,,false
2780,60.0,118.0,,false
2781,60.0,103.0,,false
2782,60.0,113.0,,false
2783,60.0,112.0,,false
2784,60.0,114.0,,false
2785,60.0,99.0,,false
2786,60.0,85.0,,false
2787,100.0,237.0,,false
2788,100.0,193.0,,false
2789,900.0,9.0,,false
2790,1150.0,13.0,,false
2791,1000.0,7.0,,false
2792,1350.0,50.0,,true
2793,500.0,59.0,,true
2794,5000.0,16.0,,true
2795,2200.0,139.0,,true
2796,3500.0,398.0,,true
2797,5000.0,600.0,,true
2798,500.0,144.0,,true
2799,125.0,528.0,,true
2800,40.0,393.0,,true
2801,350.0,176.0,,true
2802,500.0,192.0,,false
2803,500.0,400.0,,false
2804,3300.0,27.0,,false
2805,3300.0,25.0,,false
2806,3300.0,26.0,,false
2807,60.0,209.0,,false
2808,60.0,238.0,,false
2809,60.0,160.0,,false
2810,60.0,182.0,,false
2811,800.0,4.0,,false
2812,60.0,102.0,,false
2813,60.0,103.0,,false
2814,60.0,92.0,,false
2815,60.0,87.0,,false
2816,60.0,117.0,,false
2817,60.0,119.0,,false
2818,100.0,214.0,,false
2819,100.0,240.0,,false
2820,900.0,8.0,,false
2821,1150.0,18.0,,false
2822,1000.0,8.0,,false
2823,1350.0,48.0,,true
2824,500.0,56.0,,true
2825,5000.0,18.0,,true
2826,2200.0,135.0,,true
2827,3500.0,279.0,,true
2828,5000.0,600.0,,true
2829,500.0,143.0,,true
2830,125.0,467.0,,true
2831,40.0,447.0,,true
2832,350.0,153.0,,true
2833,500.0,192.0,,false
2834,500.0,555.0,,false
2835,3300.0,30.0,,false
2836,3300.0,22.0,,false
2837,3300.0,24.0,,false
2838,60.0,160.0,,false
2839,60.0,175.0,,false
2840,60.0,158.0,,false
2841,800.0,6.0,,false
2842,60.0,97.0,,false
2843,60.0,96.0,,false
2844,60.0,106.0,,false
2845,60.0,93.0,,false
2846,60.0,111.0,,false
2847,60.0,88.0,,false
2848,60.0,106.0,,false
2849,60.0,96.0,,false
2850,60.0,110.0,,false
2851,60.0,95.0,,false
2852,100.0,199.0,,false
2853,100.0,184.0,,false
2854,900.0,9.0,,false
2855,1150.0,13.0,,false
2856,1000.0,8.0,,false
2857,1350.0,50.0,,true
2858,500.0,57.0,,true
2859,5000.0,16.0,,true
2860,2200.0,137.0,,true
2861,3500.0,356.0,,true
2862,5000.0,600.0,,true
2863,500.0,158.0,,true
2864,125.0,546.0,,true
2865,40.0,446.0,,true
2866,350.0,163.0,,true
2867,500.0,195.0,,false
2868,500.0,335.0,,false
2869,3300.0,29.0,,false
2870,3300.0,24.0,,false
2871,3300.0,23.0,,false
2872,60.0,226.0,,false
2873,60.0,180.0,,false
2874,60.0,224.0,,false
2875,800.0,5.0,,false
2876,60.0,81.0,,false
2877,60.0,87.0,,false
2878,60.0,107.0,,false
2879,60.0,84.0,,false
2880,60.0,81.0,,false
2881,60.0,109.0,,false
2882,60.0,120.0,,false
2883,60.0,83.0,,false
2884,60.0,118.0,,false
2885,100.0,229.0,,false
2886,100.0,229.0,,false
2887,900.0,8.0,,false
2888,1150.0,14.0,,false
2889,1000.0,7.0,,false
2890,1350.0,49.0,,true
2891,500.0,56.0,,true
2892,5000.0,17.0,,true
2893,2200.0,136.0,,true
2894,3500.0,313.0,,true
2895,5000.0,600.0,,true
2896,500.0,157.0,,true
2897,125.0,463.0,,true
2898,40.0,411.0,,true
2899,350.0,170.0,,true
2900,500.0,198.0,,false
2901,500.0,323.0,,false
2902,3300.0,21.0,,false
2903,3300.0,22.0,,false
2904,3300.0,29.0,,false
2905,60.0,223.0,,false
2906,60.0,204.0,,false
2907,60.0,178.0,,false
2908,800.0,4.0,,false
2909,60.0,89.0,,false
2910,60.0,83.0,,false
2911,60.0,86.0,,false
2912,60.0,119.0,,false
2913,60.0,83.0,,false
2914,60.0,113.0,,false
2915,60.0,114.0,,false
2916,100.0,188.0,,false
2917,100.0,239.0,,false
2918,900.0,8.0,,false
2919,1150.0,13.0,,false
2920,1000.0,5.0,,false
2921,1350.0,49.0,,true
2922,500.0,60.0,,true
2923,5000.0,20.0,,true
2924,2200.0,137.0,,true
2925,3500.0,302.0,,true
2926,5000.0,600.0,,true
2927,500.0,155.0,,true
2928,125.0,531.0,,true
2929,40.0,365.0,,true
2930,350.0,150.0,,true
2931,500.0,174.0,,false
2932,500.0,389.0,,false
2933,3300.0,22.0,,false
2934,3300.0,24.0,,false
2935,3300.0,24.0,,false
2936,60.0,219.0,,false
2937,60.0,163.0,,false
2938,60.0,199.0,,false
2939,800.0,4.0,,false
2940,60.0,86.0,,false
2941,60.0,85.0,,false
2942,60.0,82.0,,false
2943,60.0,114.0,,false
2944,60.0,81.0,,false
2945,60.0,115.0,,false
2946,60.0,97.0,,false
2947,60.0,118.0,,false
2948,100.0,250.0,,false
2949,100.0,187.0,,false
2950,900.0,9.0,,false
2951,1150.0,16.0,,false
2952,1000.0,5.0,,false
2953,1350.0,50.0,,true
2954,500.0,60.0,,true
2955,5000.0,18.0,,true
2956,2200.0,137.0,,true
2957,3500.0,384.0,,true
2958,5000.0,600.0,,true
2959,500.0,151.0,,true
2960,125.0,533.0,,true
2961,40.0,449.0,,true
2962,350.0,174.0,,true
2963,500.0,176.0,,false
2964,500.0,430.0,,false
2965,3300.0,27.0,,false
2966,3300.0,30.0,,false
2967,3300.0,23.0,,false
2968,60.0,223.0,,false
2969,60.0,207.0,,false
2970,60.0,176.0,,false
2971,800.0,5.0,,false
2972,60.0,104.0,,false
2973,60.0,117.0,,false
2974,60.0,99.0,,false
2975,60.0,117.0,,false
2976,60.0,82.0,,false
2977,60.0,93.0,,false
2978,60.0,108.0,,false
2979,60.0,89.0,,false
2980,60.0,105.0,,false
2981,100.0,219.0,,false
2982,100.0,242.0,,false
2983,900.0,7.0,,false
2984,1150.0,16.0,,false
2985,1000.0,7.0,,false
2986,1350.0,50.0,,true
2987,500.0,58.0,,true
2988,5000.0,16.0,,true
2989,2200.0,137.0,,true
2990,3500.0,280.0,,true
2991,5000.0,600.0,,true
2992,500.0,150.0,,true
2993,125.0,470.0,,true
2994,40.0,422.0,,true
2995,350.0,157.0,,true
2996,500.0,189.0,,false
2997,500.0,503.0,,false
2998,3300.0,29.0,,false
2999,3300.0,27.0,,false
3000,3300.0,25.0,,false
3001,60.0,234.0,,false
3002,60.0,168.0,,false
3003,60.0,209.0,,false
3004,800.0,4.0,,false
3005,60.0,108.0,,false
3006,60.0,117.0,,false
3007,60.0,90.0,,false
3008,60.0,109.0,,false
3009,60.0,119.0,,false
3010,60.0,106.0,,false
3011,60.0,105.0,,false
3012,60.0,107.0,,false
3013,60.0,94.0,,false
3014,100.0,233.0,,false
3015,100.0,207.0,,false
3016,900.0,9.0,,false
3017,1150.0,18.0,,false
3018,1000.0,5.0,,false
3019,1350.0,49.0,,true
3020,500.0,60.0,,true
3021,5000.0,16.0,,true
3022,2200.0,137.0,,true
3023,3500.0,366.0,,true
3024,5000.0,600.0,,true
3025,500.0,156.0,,true
3026,125.0,514.0,,true
3027,40.0,387.0,,true
3028,350.0,161.0,,true
3029,500.0,189.0,,false
3030,500.0,315.0,,false
3031,3300.0,28.0,,false
3032,3300.0,24.0,,false
3033,3300.0,24.0,,false
3034,60.0,190.0,,false
3035,60.0,165.0,,false
3036,60.0,220.0,,false
3037,60.0,167.0,,false
3038,800.0,4.0,,false
3039,60.0,118.0,,false
3040,60.0,120.0,,false
3041,60.0,81.0,,false
3042,60.0,95.0,,false
3043,60.0,81.0,,false
3044,60.0,95.0,,false
3045,60.0,103.0,,false
3046,60.0,104.0,,false
3047,100.0,198.0,,false
3048,100.0,188.0,,false
3049,900.0,10.0,,false
3050,1150.0,15.0,,false
3051,1000.0,5.0,,false
3052,1350.0,50.0,,true
3053,500.0,57.0,,true
3054,5000.0,20.0,,true
3055,2200.0,131.0,,true
3056,3500.0,243.0,,true
3057,5000.0,600.0,,true
3058,500.0,146.0,,true
3059,125.0,488.0,,true
3060,40.0,413.0,,true
3061,350.0,141.0,,true
3062,500.0,179.0,,false
3063,500.0,569.0,,false
3064,3300.0,28.0,,false
3065,3300.0,30.0,,false
3066,3300.0,24.0,,false
3067,60.0,210.0,,false
3068,60.0,195.0,,false
3069,60.0,245.0,,false
3070,800.0,6.0,,false
3071,60.0,97.0,,false
3072,60.0,106.0,,false
3073,60.0,102.0,,false
3074,60.0,87.0,,false
3075,60.0,104.0,,false
3076,60.0,101.0,,false
3077,60.0,87.0,,false
3078,60.0,110.0,,false
3079,60.0,90.0,,false
3080,100.0,206.0,,false
3081,100.0,184.0,,false
3082,900.0,9.0,,false
3083,1150.0,16.0,,false
3084,1000.0,6.0,,false
3085,1350.0,46.0,,true
3086,500.0,57.0,,true
3087,5000.0,19.0,,true
3088,2200.0,134.0,,true
3089,3500.0,370.0,,true
3090,5000.0,600.0,,true
3091,500.0,160.0,,true
3092,125.0,495.0,,true
3093,40.0,424.0,,true
3094,350.0,145.0,,true
3095,500.0,195.0,,false
3096,500.0,566.0,,false
3097,3300.0,25.0,,false
3098,3300.0,22.0,,false
3099,3300.0,29.0,,false
3100,60.0,199.0,,false
3101,60.0,246.0,,false
3102,60.0,191.0,,false
3103,800.0,5.0,,false
3104,60.0,97.0,,false
3105,60.0,118.0,,false
3106,60.0,120.0,,false
3107,60.0,105.0,,false
3108,60.0,99.0,,false
3109,60.0,85.0,,false
3110,60.0,106.0,,false
3111,60.0,99.0,,false
3112,60.0,113.0,,false
3113,100.0,218.0,,false
3114,100.0,191.0,,false
3115,900.0,9.0,,false
3116,1150.0,18.0,,false
3117,1000.0,6.0,,false
3118,1350.0,48.0,,true
3119,500.0,58.0,,true
3120,5000.0,17.0,,true
3121,2200.0,135.0,,true
3122,3500.0,372.0,,true
3123,5000.0,600.0,,true
3124,500.0,156.0,,true
3125,125.0,549.0,,true
3126,40.0,420.0,,true
3127,350.0,155.0,,true
3128,500.0,188.0,,false
3129,500.0,405.0,,false
3130,3300.0,29.0,,false
3131,3300.0,23.0,,false
3132,3300.0,28.0,,false
3133,60.0,162.0,,false
3134,60.0,217.0,,false
3135,60.0,225.0,,false
3136,800.0,6.0,,false
3137,60.0,106.0,,false
3138,60.0,101.0,,false
3139,60.0,115.0,,false
3140,60.0,82.0,,false
3141,60.0,89.0,,false
3142,60.0,105.0,,false
3143,60.0,99.0,,false
3144,100.0,222.0,,false
3145,100.0,226.0,,false
3146,900.0,9.0,,false
3147,1150.0,15.0,,false
3148,1000.0,7.0,,false
3149,1350.0,47.0,,true
3150,500.0,57.0,,true
3151,5000.0,20.0,,true
3152,2200.0,134.0,,true
3153,3500.0,249.0,,true
3154,5000.0,600.0,,true
3155,500.0,159.0,,true
3156,125.0,472.0,,true
3157,40.0,419.0,,true
3158,350.0,143.0,,true
3159,500.0,195.0,,false
3160,500.0,488.0,,false
3161,3300.0,22.0,,false
3162,3300.0,25.0,,false
3163,3300.0,22.0,,false
3164,60.0,228.0,,false
3165,60.0,184.0,,false
3166,60.0,231.0,,false
3167,800.0,6.0,,false
3168,60.0,97.0,,false
3169,60.0,94.0,,false
3170,60.0,89.0,,false
3171,60.0,100.0,,false
3172,60.0,81.0,,false
3173,60.0,102.0,,false
3174,60.0,84.0,,false
3175,60.0,114.0,,false
3176,60.0,94.0,,false
3177,100.0,214.0,,false
3178,100.0,208.0,,false
3179,900.0,7.0,,false
3180,1150.0,17.0,,false
3181,1000.0,6.0,,false
3182,1350.0,47.0,,true
3183,500.0,58.0,,true
3184,5000.0,17.0,,true
3185,2200.0,134.0,,true
3186,3500.0,315.0,,true
3187,5000.0,600.0,,true
3188,500.0,160.0,,true
3189,125.0,507.0,,true
3190,40.0,454.0,,true
3191,350.0,166.0,,true
3192,500.0,185.0,,false
3193,500.0,428.0,,false
3194,3300.0,22.0,,false
3195,3300.0,26.0,,false
3196,3300.0,21.0,,false
3197,60.0,180.0,,false
3198,60.0,210.0,,false
3199,60.0,228.0,,false
3200,800.0,6.0,,false
3201,60.0,87.0,,false
3202,60.0,115.0,,false
3203,60.0,116.0,,false
3204,60.0,83.0,,false
3205,60.0,118.0,,false
3206,60.0,89.0,,false
3207,60.0,113.0,,false
3208,60.0,97.0,,false
3209,60.0,92.0,,false
3210,100.0,189.0,,false
3211,100.0,238.0,,false
3212,900.0,9.0,,false
3213,1150.0,14.0,,false
3214,1000.0,8.0,,false
