Reference,height,width,stripwidth,preemptable
1,1350.0,46.0,720,true
2,500.0,58.0,,true
3,5000.0,16.0,,true
4,2200.0,140.0,,true
5,3500.0,218.0,,true
6,5000.0,600.0,,true
7,500.0,156.0,,true
8,125.0,550.0,,true
9,40.0,408.0,,true
10,350.0,149.0,,true
11,500.0,179.0,,false
12,500.0,349.0,,false
13,3300.0,30.0,,false
14,3300.0,30.0,,false
15,3300.0,27.0,,false
16,60.0,151.0,,false
17,60.0,202.0,,false
18,60.0,181.0,,false
19,800.0,4.0,,false
20,60.0,106.0,,false
21,60.0,88.0,,false
22,60.0,116.0,,false
23,60.0,103.0,,false
24,60.0,88.0,,false
25,60.0,104.0,,false
26,60.0,95.0,,false
27,60.0,116.0,,false
28,60.0,99.0,,false
29,60.0,94.0,,false
30,100.0,206.0,,false
31,100.0,232.0,,false
32,900.0,9.0,,false
33,1150.0,16.0,,false
34,1000.0,7.0,,false
35,1350.0,48.0,,true
36,500.0,58.0,,true
37,5000.0,18.0,,true
38,2200.0,133.0,,true
39,3500.0,348.0,,true
40,5000.0,600.0,,true
41,500.0,145.0,,true
42,125.0,535.0,,true
43,40.0,394.0,,true
44,350.0,166.0,,true
45,500.0,181.0,,false
46,500.0,335.0,,false
47,3300.0,27.0,,false
48,3300.0,27.0,,false
49,3300.0,22.0,,false
50,60.0,198.0,,false
51,60.0,235.0,,false
52,60.0,223.0,,false
53,800.0,4.0,,false
54,60.0,98.0,,false
55,60.0,108.0,,false
56,60.0,92.0,,false
57,60.0,109.0,,false
58,60.0,101.0,,false
59,60.0,111.0,,false
60,60.0,90.0,,false
61,100.0,225.0,,false
62,100.0,235.0,,false
63,900.0,8.0,,false
64,1150.0,15.0,,false
65,1000.0,8.0,,false
66,1350.0,49.0,,true
67,500.0,57.0,,true
68,5000.0,19.0,,true
69,2200.0,140.0,,true
70,3500.0,229.0,,true
71,5000.0,600.0,,true
72,500.0,142.0,,true
73,125.0,538.0,,true
74,40.0,442.0,,true
75,350.0,142.0,,true
76,500.0,189.0,,false
77,500.0,574.0,,false
78,3300.0,21.0,,false
79,3300.0,22.0,,false
80,3300.0,28.0,,false
81,60.0,223.0,,false
82,60.0,202.0,,false
83,60.0,167.0,,false
84,60.0,230.0,,false
85,800.0,4.0,,false
86,60.0,81.0,,false
87,60.0,109.0,,false
88,60.0,99.0,,false
89,60.0,84.0,,false
90,60.0,112.0,,false
91,60.0,98.0,,false
92,60.0,115.0,,false
93,60.0,107.0,,false
94,100.0,224.0,,false
95,100.0,207.0,,false
96,900.0,10.0,,false
97,1150.0,15.0,,false
98,1000.0,8.0,,false
99,1350.0,49.0,,true
100,500.0,56.0,,true
101,5000.0,19.0,,true
102,2200.0,132.0,,true
103,3500.0,366.0,,true
104,5000.0,600.0,,true
105,500.0,143.0,,true
106,125.0,497.0,,true
107,40.0,456.0,,true
108,350.0,145.0,,true
109,500.0,187.0,,false
110,500.0,481.0,,false
111,3300.0,26.0,,false
112,3300.0,30.0,,false
113,3300.0,28.0,,false
114,60.0,230.0,,false
115,60.0,243.0,,false
116,60.0,197.0,,false
117,60.0,157.0,,false
118,800.0,6.0,,false
119,60.0,81.0,,false
120,60.0,106.0,,false
121,60.0,108.0,,false
122,60.0,101.0,,false
123,60.0,107.0,,false
124,60.0,85.0,,false
125,60.0,98.0,,false
126,60.0,88.0,,false
127,100.0,194.0,,false
128,100.0,181.0,,false
129,900.0,8.0,,false
130,1150.0,15.0,,false
131,1000.0,6.0,,false
132,1350.0,48.0,,true
133,500.0,60.0,,true
134,5000.0,16.0,,true
135,2200.0,132.0,,true
136,3500.0,384.0,,true
137,5000.0,600.0,,true
138,500.0,160.0,,true
139,125.0,455.0,,true
140,40.0,403.0,,true
141,350.0,170.0,,true
142,500.0,186.0,,false
143,500.0,521.0,,false
144,3300.0,25.0,,false
145,3300.0,22.0,,false
146,3300.0,28.0,,false
147,60.0,234.0,,false
148,60.0,165.0,,false
149,60.0,175.0,,false
150,60.0,190.0,,false
151,800.0,6.0,,false
152,60.0,114.0,,false
153,60.0,96.0,,false
154,60.0,109.0,,false
155,60.0,114.0,,false
156,60.0,102.0,,false
157,60.0,89.0,,false
158,60.0,115.0,,false
159,60.0,95.0,,false
160,60.0,118.0,,false
161,60.0,84.0,,false
162,100.0,191.0,,false
163,100.0,195.0,,false
164,900.0,10.0,,false
165,1150.0,13.0,,false
166,1000.0,8.0,,false
167,1350.0,48.0,,true
168,500.0,58.0,,true
169,5000.0,16.0,,true
170,2200.0,138.0,,true
171,3500.0,354.0,,true
172,5000.0,600.0,,true
173,500.0,150.0,,true
174,125.0,474.0,,true
175,40.0,363.0,,true
176,350.0,144.0,,true
177,500.0,194.0,,false
178,500.0,585.0,,false
179,3300.0,28.0,,false
180,3300.0,25.0,,false
181,3300.0,29.0,,false
182,60.0,239.0,,false
183,60.0,220.0,,false
184,60.0,218.0,,false
185,800.0,6.0,,false
186,60.0,82.0,,false
187,60.0,102.0,,false
188,60.0,108.0,,false
189,60.0,108.0,,false
190,60.0,102.0,,false
191,60.0,112.0,,false
192,60.0,117.0,,false
193,60.0,89.0,,false
194,100.0,247.0,,false
195,100.0,237.0,,false
196,900.0,9.0,,false
197,1150.0,18.0,,false
198,1000.0,6.0,,false
199,1350.0,49.0,,true
200,500.0,60.0,,true
201,5000.0,16.0,,true
202,2200.0,139.0,,true
203,3500.0,372.0,,true
204,5000.0,600.0,,true
205,500.0,152.0,,true
206,125.0,482.0,,true
207,40.0,360.0,,true
208,350.0,171.0,,true
209,500.0,196.0,,false
210,500.0,553.0,,false
211,3300.0,22.0,,false
212,3300.0,28.0,,false
213,3300.0,22.0,,false
214,60.0,234.0,,false
215,60.0,197.0,,false
216,60.0,217.0,,false
217,60.0,169.0,,false
218,800.0,5.0,,false
219,60.0,92.0,,false
220,60.0,98.0,,false
221,60.0,85.0,,false
222,60.0,115.0,,false
223,60.0,112.0,,false
224,60.0,84.0,,false
225,60.0,104.0,,false
226,60.0,89.0,,false
227,100.0,215.0,,false
228,100.0,181.0,,false
229,900.0,9.0,,false
230,1150.0,13.0,,false
231,1000.0,6.0,,false
232,1350.0,49.0,,true
233,500.0,58.0,,true
234,5000.0,20.0,,true
235,2200.0,131.0,,true
236,3500.0,359.0,,true
237,5000.0,600.0,,true
238,500.0,160.0,,true
239,125.0,499.0,,true
240,40.0,415.0,,true
241,350.0,169.0,,true
242,500.0,190.0,,false
243,500.0,305.0,,false
244,3300.0,21.0,,false
245,3300.0,28.0,,false
246,3300.0,29.0,,false
247,60.0,162.0,,false
248,60.0,182.0,,false
249,60.0,166.0,,false
250,800.0,4.0,,false
251,60.0,117.0,,false
252,60.0,91.0,,false
253,60.0,99.0,,false
254,60.0,95.0,,false
255,60.0,91.0,,false
256,60.0,98.0,,false
257,60.0,87.0,,false
258,60.0,94.0,,false
259,60.0,112.0,,false
260,60.0,90.0,,false
261,100.0,231.0,,false
262,100.0,193.0,,false
263,900.0,9.0,,false
264,1150.0,16.0,,false
265,1000.0,6.0,,false
266,1350.0,49.0,,true
267,500.0,59.0,,true
268,5000.0,20.0,,true
269,2200.0,133.0,,true
270,3500.0,222.0,,true
271,5000.0,600.0,,true
272,500.0,149.0,,true
273,125.0,550.0,,true
274,40.0,457.0,,true
275,350.0,160.0,,true
276,500.0,181.0,,false
277,500.0,328.0,,false
278,3300.0,28.0,,false
279,3300.0,24.0,,false
280,3300.0,24.0,,false
281,60.0,181.0,,false
282,60.0,192.0,,false
283,60.0,180.0,,false
284,800.0,4.0,,false
285,60.0,93.0,,false
286,60.0,93.0,,false
287,60.0,103.0,,false
288,60.0,101.0,,false
289,60.0,87.0,,false
290,60.0,119.0,,false
291,60.0,90.0,,false
292,100.0,183.0,,false
293,100.0,183.0,,false
294,900.0,7.0,,false
295,1150.0,15.0,,false
296,1000.0,8.0,,false
297,1350.0,50.0,,true
298,500.0,60.0,,true
299,5000.0,20.0,,true
300,2200.0,134.0,,true
301,3500.0,314.0,,true
302,5000.0,600.0,,true
303,500.0,150.0,,true
304,125.0,484.0,,true
305,40.0,390.0,,true
306,350.0,142.0,,true
307,500.0,183.0,,false
308,500.0,495.0,,false
309,3300.0,29.0,,false
310,3300.0,22.0,,false
311,3300.0,24.0,,false
312,60.0,165.0,,false
313,60.0,249.0,,false
314,60.0,221.0,,false
315,60.0,223.0,,false
316,800.0,4.0,,false
317,60.0,81.0,,false
318,60.0,98.0,,false
319,60.0,119.0,,false
320,60.0,102.0,,false
321,60.0,95.0,,false
322,60.0,89.0,,false
323,60.0,103.0,,false
324,60.0,109.0,,false
325,60.0,119.0,,false
326,60.0,96.0,,false
327,100.0,230.0,,false
328,100.0,230.0,,false
329,900.0,7.0,,false
330,1150.0,17.0,,false
331,1000.0,7.0,,false
332,1350.0,47.0,,true
333,500.0,58.0,,true
334,5000.0,16.0,,true
335,2200.0,138.0,,true
336,3500.0,263.0,,true
337,5000.0,600.0,,true
338,500.0,159.0,,true
339,125.0,523.0,,true
340,40.0,445.0,,true
341,350.0,152.0,,true
342,500.0,180.0,,false
343,500.0,376.0,,false
344,3300.0,27.0,,false
345,3300.0,24.0,,false
346,3300.0,24.0,,false
347,60.0,178.0,,false
348,60.0,190.0,,false
349,60.0,196.0,,false
350,60.0,190.0,,false
351,800.0,4.0,,false
352,60.0,113.0,,false
353,60.0,100.0,,false
354,60.0,89.0,,false
355,60.0,114.0,,false
356,60.0,97.0,,false
357,60.0,112.0,,false
358,60.0,90.0,,false
359,100.0,236.0,,false
360,100.0,190.0,,false
361,900.0,8.0,,false
362,1150.0,16.0,,false
363,1000.0,5.0,,false
364,1350.0,49.0,,true
365,500.0,57.0,,true
366,5000.0,19.0,,true
367,2200.0,137.0,,true
368,3500.0,297.0,,true
369,5000.0,600.0,,true
370,500.0,153.0,,true
371,125.0,505.0,,true
372,40.0,415.0,,true
373,350.0,147.0,,true
374,500.0,195.0,,false
375,500.0,351.0,,false
376,3300.0,27.0,,false
377,3300.0,23.0,,false
378,3300.0,21.0,,false
379,60.0,178.0,,false
380,60.0,217.0,,false
381,60.0,156.0,,false
382,800.0,4.0,,false
383,60.0,95.0,,false
384,60.0,82.0,,false
385,60.0,120.0,,false
386,60.0,115.0,,false
387,60.0,117.0,,false
388,60.0,119.0,,false
389,60.0,101.0,,false
390,60.0,82.0,,false
391,60.0,115.0,,false
392,100.0,227.0,,false
393,100.0,238.0,,false
394,900.0,8.0,,false
395,1150.0,15.0,,false
396,1000.0,7.0,,false
397,1350.0,46.0,,true
398,500.0,59.0,,true
399,5000.0,20.0,,true
400,2200.0,136.0,,true
401,3500.0,321.0,,true
402,5000.0,600.0,,true
403,500.0,146.0,,true
404,125.0,534.0,,true
405,40.0,378.0,,true
406,350.0,156.0,,true
407,500.0,191.0,,false
408,500.0,426.0,,false
409,3300.0,29.0,,false
410,3300.0,29.0,,false
411,3300.0,29.0,,false
412,60.0,210.0,,false
413,60.0,194.0,,false
414,60.0,173.0,,false
415,60.0,206.0,,false
416,800.0,6.0,,false
417,60.0,116.0,,false
418,60.0,120.0,,false
419,60.0,101.0,,false
420,60.0,96.0,,false
421,60.0,85.0,,false
422,60.0,110.0,,false
423,60.0,88.0,,false
424,60.0,89.0,,false
425,60.0,108.0,,false
426,100.0,213.0,,false
427,100.0,204.0,,false
428,900.0,7.0,,false
429,1150.0,17.0,,false
430,1000.0,7.0,,false
431,1350.0,48.0,,true
432,500.0,57.0,,true
433,5000.0,19.0,,true
434,2200.0,132.0,,true
435,3500.0,343.0,,true
436,5000.0,600.0,,true
437,500.0,152.0,,true
438,125.0,540.0,,true
439,40.0,413.0,,true
440,350.0,179.0,,true
441,500.0,190.0,,false
442,500.0,373.0,,false
443,3300.0,26.0,,false
444,3300.0,23.0,,false
445,3300.0,26.0,,false
446,60.0,181.0,,false
447,60.0,192.0,,false
448,60.0,168.0,,false
449,800.0,5.0,,false
450,60.0,117.0,,false
451,60.0,106.0,,false
452,60.0,92.0,,false
453,60.0,82.0,,false
454,60.0,118.0,,false
455,60.0,94.0,,false
456,60.0,105.0,,false
457,60.0,99.0,,false
458,60.0,94.0,,false
459,100.0,185.0,,false
460,100.0,183.0,,false
461,900.0,8.0,,false
462,1150.0,15.0,,false
463,1000.0,7.0,,false
464,1350.0,46.0,,true
465,500.0,59.0,,true
466,5000.0,19.0,,true
467,2200.0,137.0,,true
468,3500.0,274.0,,true
469,5000.0,600.0,,true
470,500.0,154.0,,true
471,125.0,477.0,,true
472,40.0,437.0,,true
473,350.0,173.0,,true
474,500.0,178.0,,false
475,500.0,452.0,,false
476,3300.0,24.0,,false
477,3300.0,21.0,,false
478,3300.0,24.0,,false
479,60.0,205.0,,false
480,60.0,219.0,,false
481,60.0,222.0,,false
482,800.0,4.0,,false
483,60.0,99.0,,false
484,60.0,118.0,,false
485,60.0,85.0,,false
486,60.0,94.0,,false
487,60.0,119.0,,false
488,60.0,82.0,,false
489,60.0,81.0,,false
490,100.0,225.0,,false
491,100.0,237.0,,false
492,900.0,10.0,,false
493,1150.0,14.0,,false
494,1000.0,7.0,,false
495,1350.0,46.0,,true
496,500.0,60.0,,true
497,5000.0,16.0,,true
498,2200.0,137.0,,true
499,3500.0,299.0,,true
500,5000.0,600.0,,true
501,500.0,145.0,,true
502,125.0,469.0,,true
503,40.0,442.0,,true
504,350.0,152.0,,true
505,500.0,190.0,,false
506,500.0,543.0,,false
507,3300.0,29.0,,false
508,3300.0,21.0,,false
509,3300.0,21.0,,false
510,60.0,160.0,,false
511,60.0,240.0,,false
512,60.0,223.0,,false
513,60.0,227.0,,false
514,800.0,6.0,,false
515,60.0,87.0,,false
516,60.0,109.0,,false
517,60.0,112.0,,false
518,60.0,103.0,,false
519,60.0,113.0,,false
520,60.0,81.0,,false
521,60.0,106.0,,false
522,100.0,208.0,,false
523,100.0,210.0,,false
524,900.0,8.0,,false
525,1150.0,15.0,,false
526,1000.0,8.0,,false
527,1350.0,47.0,,true
528,500.0,60.0,,true
529,5000.0,20.0,,true
530,2200.0,136.0,,true
531,3500.0,222.0,,true
532,5000.0,600.0,,true
533,500.0,151.0,,true
534,125.0,543.0,,true
535,40.0,429.0,,true
536,350.0,144.0,,true
537,500.0,196.0,,false
538,500.0,449.0,,false
539,3300.0,25.0,,false
540,3300.0,24.0,,false
541,3300.0,22.0,,false
542,60.0,230.0,,false
543,60.0,199.0,,false
544,60.0,160.0,,false
545,60.0,248.0,,false
546,800.0,5.0,,false
547,60.0,93.0,,false
548,60.0,92.0,,false
549,60.0,115.0,,false
550,60.0,84.0,,false
551,60.0,111.0,,false
552,60.0,90.0,,false
553,100.0,244.0,,false
554,100.0,183.0,,false
555,900.0,9.0,,false
556,1150.0,13.0,,false
557,1000.0,8.0,,false
558,1350.0,46.0,,true
559,500.0,60.0,,true
560,5000.0,18.0,,true
561,2200.0,138.0,,true
562,3500.0,253.0,,true
563,5000.0,600.0,,true
564,500.0,153.0,,true
565,125.0,491.0,,true
566,40.0,451.0,,true
567,350.0,149.0,,true
568,500.0,177.0,,false
569,500.0,553.0,,false
570,3300.0,24.0,,false
571,3300.0,30.0,,false
572,3300.0,26.0,,false
573,60.0,225.0,,false
574,60.0,246.0,,false
575,60.0,162.0,,false
576,800.0,5.0,,false
577,60.0,101.0,,false
578,60.0,93.0,,false
579,60.0,89.0,,false
580,60.0,117.0,,false
581,60.0,111.0,,false
582,60.0,107.0,,false
583,60.0,105.0,,false
584,60.0,100.0,,false
585,60.0,92.0,,false
586,60.0,82.0,,false
587,100.0,181.0,,false
588,100.0,214.0,,false
589,900.0,8.0,,false
590,1150.0,18.0,,false
591,1000.0,5.0,,false
592,1350.0,50.0,,true
593,500.0,56.0,,true
594,5000.0,16.0,,true
595,2200.0,139.0,,true
596,3500.0,375.0,,true
597,5000.0,600.0,,true
598,500.0,142.0,,true
599,125.0,479.0,,true
600,40.0,431.0,,true
601,350.0,156.0,,true
602,500.0,196.0,,false
603,500.0,321.0,,false
604,3300.0,30.0,,false
605,3300.0,24.0,,false
606,3300.0,30.0,,false
607,60.0,194.0,,false
608,60.0,165.0,,false
609,60.0,226.0,,false
610,800.0,6.0,,false
611,60.0,110.0,,false
612,60.0,117.0,,false
613,60.0,95.0,,false
614,60.0,99.0,,false
615,60.0,88.0,,false
616,60.0,115.0,,false
617,60.0,119.0,,false
618,60.0,109.0,,false
619,60.0,113.0,,false
620,60.0,87.0,,false
621,100.0,245.0,,false
622,100.0,232.0,,false
623,900.0,7.0,,false
624,1150.0,13.0,,false
625,1000.0,8.0,,false
626,1350.0,46.0,,true
627,500.0,59.0,,true
628,5000.0,17.0,,true
629,2200.0,131.0,,true
630,3500.0,312.0,,true
631,5000.0,600.0,,true
632,500.0,147.0,,true
633,125.0,528.0,,true
634,40.0,371.0,,true
635,350.0,149.0,,true
636,500.0,176.0,,false
637,500.0,400.0,,false
638,3300.0,24.0,,false
639,3300.0,23.0,,false
640,3300.0,22.0,,false
641,60.0,245.0,,false
642,60.0,166.0,,false
643,60.0,197.0,,false
644,60.0,152.0,,false
645,800.0,6.0,,false
646,60.0,105.0,,false
647,60.0,83.0,,false
648,60.0,118.0,,false
649,60.0,107.0,,false
650,60.0,91.0,,false
651,60.0,115.0,,false
652,60.0,101.0,,false
653,100.0,191.0,,false
654,100.0,235.0,,false
655,900.0,7.0,,false
656,1150.0,14.0,,false
657,1000.0,8.0,,false
658,1350.0,46.0,,true
659,500.0,56.0,,true
660,5000.0,16.0,,true
661,2200.0,136.0,,true
662,3500.0,382.0,,true
663,5000.0,600.0,,true
664,500.0,153.0,,true
665,125.0,460.0,,true
666,40.0,422.0,,true
667,350.0,142.0,,true
668,500.0,192.0,,false
669,500.0,494.0,,false
670,3300.0,25.0,,false
671,3300.0,23.0,,false
672,3300.0,26.0,,false
673,60.0,228.0,,false
674,60.0,195.0,,false
675,60.0,162.0,,false
676,60.0,160.0,,false
677,800.0,6.0,,false
678,60.0,116.0,,false
679,60.0,99.0,,false
680,60.0,108.0,,false
681,60.0,102.0,,false
682,60.0,118.0,,false
683,60.0,98.0,,false
684,60.0,82.0,,false
685,60.0,81.0,,false
686,60.0,104.0,,false
687,60.0,97.0,,false
688,100.0,197.0,,false
689,100.0,232.0,,false
690,900.0,7.0,,false
691,1150.0,17.0,,false
692,1000.0,5.0,,false
693,1350.0,47.0,,true
694,500.0,56.0,,true
695,5000.0,17.0,,true
696,2200.0,132.0,,true
697,3500.0,283.0,,true
698,5000.0,600.0,,true
699,500.0,144.0,,true
700,125.0,512.0,,true
701,40.0,395.0,,true
702,350.0,179.0,,true
703,500.0,174.0,,false
704,500.0,327.0,,false
705,3300.0,21.0,,false
706,3300.0,23.0,,false
707,3300.0,25.0,,false
708,60.0,238.0,,false
709,60.0,159.0,,false
710,60.0,249.0,,false
711,800.0,6.0,,false
712,60.0,113.0,,false
713,60.0,97.0,,false
714,60.0,118.0,,false
715,60.0,117.0,,false
716,60.0,85.0,,false
717,60.0,106.0,,false
718,60.0,93.0,,false
719,60.0,100.0,,false
720,60.0,97.0,,false
721,60.0,117.0,,false
722,100.0,211.0,,false
723,100.0,189.0,,false
724,900.0,8.0,,false
725,1150.0,18.0,,false
726,1000.0,8.0,,false
727,1350.0,48.0,,true
728,500.0,57.0,,true
729,5000.0,16.0,,true
730,2200.0,135.0,,true
731,3500.0,334.0,,true
732,5000.0,600.0,,true
733,500.0,148.0,,true
734,125.0,535.0,,true
735,40.0,397.0,,true
736,350.0,145.0,,true
737,500.0,194.0,,false
738,500.0,378.0,,false
739,3300.0,26.0,,false
740,3300.0,25.0,,false
741,3300.0,26.0,,false
742,60.0,228.0,,false
743,60.0,210.0,,false
744,60.0,176.0,,false
745,800.0,5.0,,false
746,60.0,83.0,,false
747,60.0,94.0,,false
748,60.0,100.0,,false
749,60.0,108.0,,false
750,60.0,108.0,,false
751,60.0,117.0,,false
752,60.0,103.0,,false
753,60.0,115.0,,false
754,60.0,120.0,,false
755,100.0,227.0,,false
756,100.0,201.0,,false
757,900.0,8.0,,false
758,1150.0,13.0,,false
759,1000.0,5.0,,false
760,1350.0,46.0,,true
761,500.0,58.0,,true
762,5000.0,16.0,,true
763,2200.0,139.0,,true
764,3500.0,213.0,,true
765,5000.0,600.0,,true
766,500.0,155.0,,true
767,125.0,515.0,,true
768,40.0,361.0,,true
769,350.0,169.0,,true
770,500.0,178.0,,false
771,500.0,494.0,,false
772,3300.0,28.0,,false
773,3300.0,29.0,,false
774,3300.0,24.0,,false
775,60.0,247.0,,false
776,60.0,176.0,,false
777,60.0,226.0,,false
778,60.0,228.0,,false
779,800.0,6.0,,false
780,60.0,86.0,,false
781,60.0,106.0,,false
782,60.0,117.0,,false
783,60.0,107.0,,false
784,60.0,103.0,,false
785,60.0,104.0,,false
786,60.0,117.0,,false
787,60.0,104.0,,false
788,100.0,182.0,,false
789,100.0,184.0,,false
790,900.0,10.0,,false
791,1150.0,15.0,,false
792,1000.0,7.0,,false
793,1350.0,48.0,,true
794,500.0,58.0,,true
795,5000.0,18.0,,true
796,2200.0,140.0,,true
797,3500.0,310.0,,true
798,5000.0,600.0,,true
799,500.0,156.0,,true
800,125.0,461.0,,true
801,40.0,353.0,,true
802,350.0,149.0,,true
803,500.0,197.0,,false
804,500.0,458.0,,false
805,3300.0,25.0,,false
806,3300.0,30.0,,false
807,3300.0,23.0,,false
808,60.0,159.0,,false
809,60.0,206.0,,false
810,60.0,224.0,,false
811,60.0,231.0,,false
812,800.0,4.0,,false
813,60.0,112.0,,false
814,60.0,85.0,,false
815,60.0,118.0,,false
816,60.0,92.0,,false
817,60.0,88.0,,false
818,60.0,120.0,,false
819,60.0,108.0,,false
820,60.0,116.0,,false
821,60.0,118.0,,false
822,100.0,204.0,,false
823,100.0,207.0,,false
824,900.0,8.0,,false
825,1150.0,14.0,,false
826,1000.0,5.0,,false
827,1350.0,49.0,,true
828,500.0,59.0,,true
829,5000.0,18.0,,true
830,2200.0,138.0,,true
831,3500.0,342.0,,true
832,5000.0,600.0,,true
833,500.0,144.0,,true
834,125.0,492.0,,true
835,40.0,384.0,,true
836,350.0,178.0,,true
837,500.0,200.0,,false
838,500.0,536.0,,false
839,3300.0,24.0,,false
840,3300.0,27.0,,false
841,3300.0,22.0,,false
842,60.0,168.0,,false
843,60.0,158.0,,false
844,60.0,220.0,,false
845,60.0,181.0,,false
846,800.0,6.0,,false
847,60.0,82.0,,false
848,60.0,114.0,,false
849,60.0,102.0,,false
850,60.0,89.0,,false
851,60.0,119.0,,false
852,60.0,102.0,,false
853,60.0,105.0,,false
854,60.0,82.0,,false
855,100.0,193.0,,false
856,100.0,194.0,,false
857,900.0,10.0,,false
858,1150.0,18.0,,false
859,1000.0,6.0,,false
860,1350.0,49.0,,true
861,500.0,56.0,,true
862,5000.0,19.0,,true
863,2200.0,135.0,,true
864,3500.0,303.0,,true
865,5000.0,600.0,,true
866,500.0,146.0,,true
867,125.0,541.0,,true
868,40.0,352.0,,true
869,350.0,179.0,,true
870,500.0,183.0,,false
871,500.0,337.0,,false
872,3300.0,21.0,,false
873,3300.0,28.0,,false
874,3300.0,28.0,,false
875,60.0,161.0,,false
876,60.0,204.0,,false
877,60.0,161.0,,false
878,800.0,4.0,,false
879,60.0,85.0,,false
880,60.0,120.0,,false
881,60.0,96.0,,false
882,60.0,94.0,,false
883,60.0,116.0,,false
884,60.0,110.0,,false
885,60.0,89.0,,false
886,60.0,88.0,,false
887,100.0,230.0,,false
888,100.0,230.0,,false
889,900.0,9.0,,false
890,1150.0,18.0,,false
891,1000.0,8.0,,false
892,1350.0,48.0,,true
893,500.0,58.0,,true
894,5000.0,17.0,,true
895,2200.0,132.0,,true
896,3500.0,229.0,,true
897,5000.0,600.0,,true
898,500.0,146.0,,true
899,125.0,504.0,,true
900,40.0,433.0,,true
901,350.0,149.0,,true
902,500.0,172.0,,false
903,500.0,502.0,,false
904,3300.0,21.0,,false
905,3300.0,29.0,,false
906,3300.0,30.0,,false
907,60.0,208.0,,false
908,60.0,210.0,,false
909,60.0,218.0,,false
910,60.0,164.0,,false
911,800.0,6.0,,false
912,60.0,115.0,,false
913,60.0,82.0,,false
914,60.0,116.0,,false
915,60.0,113.0,,false
916,60.0,84.0,,false
917,60.0,94.0,,false
918,60.0,116.0,,false
919,60.0,82.0,,false
920,60.0,112.0,,false
921,100.0,250.0,,false
922,100.0,205.0,,false
923,900.0,10.0,,false
924,1150.0,13.0,,false
925,1000.0,5.0,,false
926,1350.0,47.0,,true
927,500.0,58.0,,true
928,5000.0,16.0,,true
929,2200.0,140.0,,true
930,3500.0,381.0,,true
931,5000.0,600.0,,true
932,500.0,152.0,,true
933,125.0,458.0,,true
934,40.0,454.0,,true
935,350.0,161.0,,true
936,500.0,186.0,,false
937,500.0,348.0,,false
938,3300.0,30.0,,false
939,3300.0,26.0,,false
940,3300.0,26.0,,false
941,60.0,188.0,,false
942,60.0,182.0,,false
943,60.0,171.0,,false
944,800.0,6.0,,false
945,60.0,90.0,,false
946,60.0,84.0,,false
947,60.0,94.0,,false
948,60.0,90.0,,false
949,60.0,109.0,,false
950,60.0,88.0,,false
951,60.0,106.0,,false
952,100.0,187.0,,false
953,100.0,240.0,,false
954,900.0,10.0,,false
955,1150.0,13.0,,false
956,1000.0,8.0,,false
957,1350.0,49.0,,true
958,500.0,59.0,,true
959,5000.0,19.0,,true
960,2200.0,134.0,,true
961,3500.0,328.0,,true
962,5000.0,600.0,,true
963,500.0,152.0,,true
964,125.0,472.0,,true
965,40.0,418.0,,true
966,350.0,175.0,,true
967,500.0,200.0,,false
968,500.0,367.0,,false
969,3300.0,25.0,,false
970,3300.0,30.0,,false
971,3300.0,28.0,,false
972,60.0,170.0,,false
973,60.0,168.0,,false
974,60.0,191.0,,false
975,800.0,6.0,,false
976,60.0,103.0,,false
977,60.0,83.0,,false
978,60.0,94.0,,false
979,60.0,107.0,,false
980,60.0,90.0,,false
981,60.0,105.0,,false
982,60.0,85.0,,false
983,100.0,186.0,,false
984,100.0,231.0,,false
985,900.0,9.0,,false
986,1150.0,16.0,,false
987,1000.0,8.0,,false
988,1350.0,46.0,,true
989,500.0,56.0,,true
990,5000.0,19.0,,true
991,2200.0,135.0,,true
992,3500.0,273.0,,true
993,5000.0,600.0,,true
994,500.0,146.0,,true
995,125.0,524.0,,true
996,40.0,431.0,,true
997,350.0,142.0,,true
998,500.0,193.0,,false
999,500.0,361.0,,false
1000,3300.0,27.0,,false
1001,3300.0,21.0,,false
1002,3300.0,22.0,,false
1003,60.0,222.0,,false
1004,60.0,169.0,,false
1005,60.0,249.0,,false
1006,800.0,5.0,,false
1007,60.0,120.0,,false
1008,60.0,114.0,,false
1009,60.0,83.0,,false
1010,60.0,102.0,,false
1011,60.0,82.0,,false
1012,60.0,95.0,,false
1013,60.0,96.0,,false
1014,60.0,110.0,,false
1015,100.0,198.0,,false
1016,100.0,240.0,,false
1017,900.0,10.0,,false
1018,1150.0,15.0,,false
1019,1000.0,5.0,,false
1020,1350.0,50.0,,true
1021,500.0,59.0,,true
1022,5000.0,18.0,,true
1023,2200.0,134.0,,true
1024,3500.0,365.0,,true
1025,5000.0,600.0,,true
1026,500.0,147.0,,true
1027,125.0,545.0,,true
1028,40.0,406.0,,true
1029,350.0,155.0,,true
1030,500.0,196.0,,false
1031,500.0,518.0,,false
1032,3300.0,25.0,,false
1033,3300.0,21.0,,false
1034,3300.0,27.0,,false
1035,60.0,221.0,,false
1036,60.0,165.0,,false
1037,60.0,195.0,,false
1038,60.0,159.0,,false
1039,800.0,6.0,,false
1040,60.0,116.0,,false
1041,60.0,115.0,,false
1042,60.0,108.0,,false
1043,60.0,95.0,,false
1044,60.0,97.0,,false
1045,60.0,107.0,,false
1046,60.0,90.0,,false
1047,60.0,113.0,,false
1048,100.0,210.0,,false
1049,100.0,233.0,,false
1050,900.0,7.0,,false
1051,1150.0,17.0,,false
1052,1000.0,7.0,,false
1053,1350.0,48.0,,true
1054,500.0,57.0,,true
1055,5000.0,19.0,,true
1056,2200.0,133.0,,true
1057,3500.0,290.0,,true
1058,5000.0,600.0,,true
1059,500.0,146.0,,true
1060,125.0,507.0,,true
1061,40.0,352.0,,true
1062,350.0,170.0,,true
1063,500.0,200.0,,false
1064,500.0,387.0,,false
1065,3300.0,21.0,,false
1066,3300.0,23.0,,false
1067,3300.0,21.0,,false
1068,60.0,151.0,,false
1069,60.0,183.0,,false
1070,60.0,237.0,,false
1071,60.0,216.0,,false
1072,800.0,4.0,,false
1073,60.0,81.0,,false
1074,60.0,119.0,,false
1075,60.0,87.0,,false
1076,60.0,82.0,,false
1077,60.0,97.0,,false
1078,60.0,102.0,,false
1079,60.0,105.0,,false
1080,60.0,104.0,,false
1081,60.0,104.0,,false
1082,60.0,83.0,,false
1083,100.0,229.0,,false
1084,100.0,228.0,,false
1085,900.0,8.0,,false
1086,1150.0,16.0,,false
1087,1000.0,6.0,,false
1088,1350.0,50.0,,true
1089,500.0,60.0,,true
1090,5000.0,18.0,,true
1091,2200.0,135.0,,true
1092,3500.0,287.0,,true
1093,5000.0,600.0,,true
1094,500.0,144.0,,true
1095,125.0,468.0,,true
1096,40.0,429.0,,true
1097,350.0,175.0,,true
1098,500.0,182.0,,false
1099,500.0,517.0,,false
1100,3300.0,22.0,,false
1101,3300.0,29.0,,false
1102,3300.0,25.0,,false
1103,60.0,224.0,,false
1104,60.0,246.0,,false
1105,60.0,179.0,,false
1106,800.0,6.0,,false
1107,60.0,95.0,,false
1108,60.0,119.0,,false
1109,60.0,84.0,,false
1110,60.0,86.0,,false
1111,60.0,109.0,,false
1112,60.0,109.0,,false
1113,60.0,87.0,,false
1114,60.0,92.0,,false
1115,100.0,201.0,,false
1116,100.0,226.0,,false
1117,900.0,8.0,,false
1118,1150.0,13.0,,false
1119,1000.0,7.0,,false
1120,1350.0,50.0,,true
1121,500.0,60.0,,true
1122,5000.0,16.0,,true
1123,2200.0,133.0,,true
1124,3500.0,246.0,,true
1125,5000.0,600.0,,true
1126,500.0,156.0,,true
1127,125.0,517.0,,true
1128,40.0,363.0,,true
1129,350.0,170.0,,true
1130,500.0,196.0,,false
1131,500.0,534.0,,false
1132,3300.0,30.0,,false
1133,3300.0,27.0,,false
1134,3300.0,25.0,,false
1135,60.0,211.0,,false
1136,60.0,219.0,,false
1137,60.0,241.0,,false
1138,800.0,5.0,,false
1139,60.0,99.0,,false
1140,60.0,102.0,,false
1141,60.0,97.0,,false
1142,60.0,95.0,,false
1143,60.0,96.0,,false
1144,60.0,99.0,,false
1145,60.0,84.0,,false
1146,100.0,239.0,,false
1147,100.0,184.0,,false
1148,900.0,8.0,,false
1149,1150.0,13.0,,false
1150,1000.0,7.0,,false
1151,1350.0,46.0,,true
1152,500.0,58.0,,true
1153,5000.0,18.0,,true
1154,2200.0,132.0,,true
1155,3500.0,393.0,,true
1156,5000.0,600.0,,true
1157,500.0,141.0,,true
1158,125.0,464.0,,true
1159,40.0,442.0,,true
1160,350.0,169.0,,true
1161,500.0,194.0,,false
1162,500.0,468.0,,false
1163,3300.0,21.0,,false
1164,3300.0,23.0,,false
1165,3300.0,29.0,,false
1166,60.0,201.0,,false
1167,60.0,189.0,,false
1168,60.0,187.0,,false
1169,800.0,5.0,,false
1170,60.0,117.0,,false
1171,60.0,89.0,,false
1172,60.0,94.0,,false
1173,60.0,86.0,,false
1174,60.0,91.0,,false
1175,60.0,106.0,,false
1176,60.0,106.0,,false
1177,60.0,109.0,,false
1178,100.0,188.0,,false
1179,100.0,227.0,,false
1180,900.0,9.0,,false
1181,1150.0,18.0,,false
1182,1000.0,7.0,,false
1183,1350.0,48.0,,true
1184,500.0,59.0,,true
1185,5000.0,20.0,,true
1186,2200.0,139.0,,true
1187,3500.0,362.0,,true
1188,5000.0,600.0,,true
1189,500.0,142.0,,true
1190,125.0,542.0,,true
1191,40.0,390.0,,true
1192,350.0,163.0,,true
1193,500.0,176.0,,false
1194,500.0,444.0,,false
1195,3300.0,25.0,,false
1196,3300.0,28.0,,false
1197,3300.0,26.0,,false
1198,60.0,180.0,,false
1199,60.0,219.0,,false
1200,60.0,248.0,,false
1201,800.0,4.0,,false
1202,60.0,111.0,,false
1203,60.0,90.0,,false
1204,60.0,104.0,,false
1205,60.0,81.0,,false
1206,60.0,103.0,,false
1207,60.0,92.0,,false
1208,60.0,90.0,,false
1209,100.0,212.0,,false
1210,100.0,220.0,,false
1211,900.0,7.0,,false
1212,1150.0,15.0,,false
1213,1000.0,5.0,,false
1214,1350.0,46.0,,true
1215,500.0,58.0,,true
1216,5000.0,16.0,,true
1217,2200.0,140.0,,true
1218,3500.0,329.0,,true
1219,5000.0,600.0,,true
1220,500.0,158.0,,true
1221,125.0,536.0,,true
1222,40.0,393.0,,true
1223,350.0,162.0,,true
1224,500.0,173.0,,false
1225,500.0,366.0,,false
1226,3300.0,30.0,,false
1227,3300.0,28.0,,false
1228,3300.0,21.0,,false
1229,60.0,195.0,,false
1230,60.0,241.0,,false
1231,60.0,250.0,,false
1232,60.0,178.0,,false
1233,800.0,4.0,,false
1234,60.0,110.0,,false
1235,60.0,107.0,,false
1236,60.0,95.0,,false
1237,60.0,104.0,,false
1238,60.0,81.0,,false
1239,60.0,82.0,,false
1240,60.0,82.0,,false
1241,60.0,87.0,,false
1242,60.0,100.0,,false
1243,100.0,202.0,,false
1244,100.0,241.0,,false
1245,900.0,9.0,,false
1246,1150.0,17.0,,false
1247,1000.0,8.0,,false
1248,1350.0,47.0,,true
1249,500.0,56.0,,true
1250,5000.0,18.0,,true
1251,2200.0,136.0,,true
1252,3500.0,269.0,,true
1253,5000.0,600.0,,true
1254,500.0,143.0,,true
1255,125.0,465.0,,true
1256,40.0,438.0,,true
1257,350.0,156.0,,true
1258,500.0,179.0,,false
1259,500.0,404.0,,false
1260,3300.0,28.0,,false
1261,3300.0,27.0,,false
1262,3300.0,24.0,,false
1263,60.0,195.0,,false
1264,60.0,184.0,,false
1265,60.0,248.0,,false
1266,800.0,6.0,,false
1267,60.0,88.0,,false
1268,60.0,119.0,,false
1269,60.0,112.0,,false
1270,60.0,110.0,,false
1271,60.0,108.0,,false
1272,60.0,97.0,,false
1273,60.0,92.0,,false
1274,100.0,223.0,,false
1275,100.0,212.0,,false
1276,900.0,10.0,,false
1277,1150.0,17.0,,false
1278,1000.0,8.0,,false
1279,1350.0,47.0,,true
1280,500.0,60.0,,true
1281,5000.0,20.0,,true
1282,2200.0,139.0,,true
1283,3500.0,236.0,,true
1284,5000.0,600.0,,true
1285,500.0,150.0,,true
1286,125.0,491.0,,true
1287,40.0,433.0,,true
1288,350.0,143.0,,true
1289,500.0,175.0,,false
1290,500.0,395.0,,false
1291,3300.0,28.0,,false
1292,3300.0,28.0,,false
1293,3300.0,30.0,,false
1294,60.0,180.0,,false
1295,60.0,242.0,,false
1296,60.0,211.0,,false
1297,60.0,231.0,,false
1298,800.0,4.0,,false
1299,60.0,120.0,,false
1300,60.0,88.0,,false
1301,60.0,95.0,,false
1302,60.0,84.0,,false
1303,60.0,100.0,,false
1304,60.0,107.0,,false
1305,100.0,188.0,,false
1306,100.0,234.0,,false
1307,900.0,8.0,,false
1308,1150.0,15.0,,false
1309,1000.0,5.0,,false
1310,1350.0,48.0,,true
1311,500.0,59.0,,true
1312,5000.0,19.0,,true
1313,2200.0,133.0,,true
1314,3500.0,203.0,,true
1315,5000.0,600.0,,true
1316,500.0,151.0,,true
1317,125.0,471.0,,true
1318,40.0,408.0,,true
1319,350.0,164.0,,true
1320,500.0,199.0,,false
1321,500.0,562.0,,false
1322,3300.0,27.0,,false
1323,3300.0,28.0,,false
1324,3300.0,21.0,,false
1325,60.0,221.0,,false
1326,60.0,215.0,,false
1327,60.0,216.0,,false
1328,800.0,6.0,,false
1329,60.0,110.0,,false
1330,60.0,103.0,,false
1331,60.0,118.0,,false
1332,60.0,106.0,,false
1333,60.0,114.0,,false
1334,60.0,103.0,,false
1335,60.0,88.0,,false
1336,60.0,95.0,,false
1337,100.0,202.0,,false
1338,100.0,218.0,,false
1339,900.0,7.0,,false
1340,1150.0,18.0,,false
1341,1000.0,7.0,,false
1342,1350.0,48.0,,true
1343,500.0,58.0,,true
1344,5000.0,17.0,,true
1345,2200.0,133.0,,true
1346,3500.0,317.0,,true
1347,5000.0,600.0,,true
1348,500.0,152.0,,true
1349,125.0,466.0,,true
1350,40.0,403.0,,true
1351,350.0,149.0,,true
1352,500.0,199.0,,false
1353,500.0,325.0,,false
1354,3300.0,27.0,,false
1355,3300.0,27.0,,false
1356,3300.0,26.0,,false
1357,60.0,190.0,,false
1358,60.0,176.0,,false
1359,60.0,188.0,,false
1360,800.0,4.0,,false
1361,60.0,94.0,,false
1362,60.0,96.0,,false
1363,60.0,103.0,,false
1364,60.0,105.0,,false
1365,60.0,83.0,,false
1366,60.0,104.0,,false
1367,100.0,220.0,,false
1368,100.0,185.0,,false
1369,900.0,7.0,,false
1370,1150.0,14.0,,false
1371,1000.0,8.0,,false
1372,1350.0,47.0,,true
1373,500.0,57.0,,true
1374,5000.0,18.0,,true
1375,2200.0,136.0,,true
1376,3500.0,363.0,,true
1377,5000.0,600.0,,true
1378,500.0,152.0,,true
1379,125.0,473.0,,true
1380,40.0,454.0,,true
1381,350.0,175.0,,true
1382,500.0,178.0,,false
1383,500.0,409.0,,false
1384,3300.0,26.0,,false
1385,3300.0,29.0,,false
1386,3300.0,28.0,,false
1387,60.0,225.0,,false
1388,60.0,245.0,,false
1389,60.0,222.0,,false
1390,800.0,4.0,,false
1391,60.0,114.0,,false
1392,60.0,98.0,,false
1393,60.0,116.0,,false
1394,60.0,118.0,,false
1395,60.0,105.0,,false
1396,60.0,98.0,,false
1397,60.0,108.0,,false
1398,60.0,87.0,,false
1399,60.0,114.0,,false
1400,60.0,112.0,,false
1401,100.0,227.0,,false
1402,100.0,235.0,,false
1403,900.0,7.0,,false
1404,1150.0,15.0,,false
1405,1000.0,8.0,,false
1406,1350.0,48.0,,true
1407,500.0,56.0,,true
1408,5000.0,16.0,,true
1409,2200.0,133.0,,true
1410,3500.0,215.0,,true
1411,5000.0,600.0,,true
1412,500.0,158.0,,true
1413,125.0,515.0,,true
1414,40.0,376.0,,true
1415,350.0,147.0,,true
1416,500.0,197.0,,false
1417,500.0,321.0,,false
1418,3300.0,26.0,,false
1419,3300.0,30.0,,false
1420,3300.0,24.0,,false
1421,60.0,219.0,,false
1422,60.0,208.0,,false
1423,60.0,204.0,,false
1424,60.0,221.0,,false
1425,800.0,6.0,,false
1426,60.0,115.0,,false
1427,60.0,120.0,,false
1428,60.0,85.0,,false
1429,60.0,84.0,,false
1430,60.0,94.0,,false
1431,60.0,81.0,,false
1432,60.0,97.0,,false
1433,60.0,84.0,,false
1434,60.0,88.0,,false
1435,100.0,241.0,,false
1436,100.0,193.0,,false
1437,900.0,7.0,,false
1438,1150.0,13.0,,false
1439,1000.0,5.0,,false
1440,1350.0,50.0,,true
1441,500.0,56.0,,true
1442,5000.0,17.0,,true
1443,2200.0,137.0,,true
1444,3500.0,224.0,,true
1445,5000.0,600.0,,true
1446,500.0,153.0,,true
1447,125.0,503.0,,true
1448,40.0,417.0,,true
1449,350.0,175.0,,true
1450,500.0,200.0,,false
1451,500.0,502.0,,false
1452,3300.0,28.0,,false
1453,3300.0,27.0,,false
1454,3300.0,22.0,,false
1455,60.0,184.0,,false
1456,60.0,153.0,,false
1457,60.0,165.0,,false
1458,800.0,4.0,,false
1459,60.0,106.0,,false
1460,60.0,112.0,,false
1461,60.0,105.0,,false
1462,60.0,118.0,,false
1463,60.0,117.0,,false
1464,60.0,97.0,,false
1465,100.0,238.0,,false
1466,100.0,240.0,,false
1467,900.0,10.0,,false
1468,1150.0,17.0,,false
1469,1000.0,7.0,,false
1470,1350.0,49.0,,true
1471,500.0,58.0,,true
1472,5000.0,20.0,,true
1473,2200.0,132.0,,true
1474,3500.0,213.0,,true
1475,5000.0,600.0,,true
1476,500.0,150.0,,true
1477,125.0,508.0,,true
1478,40.0,387.0,,true
1479,350.0,159.0,,true
1480,500.0,171.0,,false
1481,500.0,538.0,,false
1482,3300.0,22.0,,false
1483,3300.0,22.0,,false
1484,3300.0,26.0,,false
1485,60.0,186.0,,false
1486,60.0,235.0,,false
1487,60.0,230.0,,false
1488,60.0,239.0,,false
1489,800.0,6.0,,false
1490,60.0,83.0,,false
1491,60.0,119.0,,false
1492,60.0,99.0,,false
1493,60.0,85.0,,false
1494,60.0,98.0,,false
1495,60.0,89.0,,false
1496,60.0,99.0,,false
1497,100.0,212.0,,false
1498,100.0,230.0,,false
1499,900.0,8.0,,false
1500,1150.0,13.0,,false
1501,1000.0,7.0,,false
1502,1350.0,49.0,,true
1503,500.0,57.0,,true
1504,5000.0,17.0,,true
1505,2200.0,135.0,,true
1506,3500.0,304.0,,true
1507,5000.0,600.0,,true
1508,500.0,152.0,,true
1509,125.0,549.0,,true
1510,40.0,435.0,,true
1511,350.0,167.0,,true
1512,500.0,185.0,,false
1513,500.0,585.0,,false
1514,3300.0,26.0,,false
1515,3300.0,30.0,,false
1516,3300.0,26.0,,false
1517,60.0,215.0,,false
1518,60.0,230.0,,false
1519,60.0,248.0,,false
1520,60.0,164.0,,false
1521,800.0,5.0,,false
1522,60.0,114.0,,false
1523,60.0,94.0,,false
1524,60.0,105.0,,false
1525,60.0,94.0,,false
1526,60.0,96.0,,false
1527,60.0,99.0,,false
1528,60.0,99.0,,false
1529,60.0,97.0,,false
1530,100.0,227.0,,false
1531,100.0,207.0,,false
1532,900.0,10.0,,false
1533,1150.0,14.0,,false
1534,1000.0,5.0,,false
1535,1350.0,46.0,,true
1536,500.0,58.0,,true
1537,5000.0,16.0,,true
1538,2200.0,139.0,,true
1539,3500.0,209.0,,true
1540,5000.0,600.0,,true
1541,500.0,148.0,,true
1542,125.0,461.0,,true
1543,40.0,402.0,,true
1544,350.0,174.0,,true
1545,500.0,199.0,,false
1546,500.0,470.0,,false
1547,3300.0,28.0,,false
1548,3300.0,28.0,,false
1549,3300.0,28.0,,false
1550,60.0,237.0,,false
1551,60.0,195.0,,false
1552,60.0,211.0,,false
1553,60.0,152.0,,false
1554,800.0,4.0,,false
1555,60.0,82.0,,false
1556,60.0,82.0,,false
1557,60.0,93.0,,false
1558,60.0,110.0,,false
1559,60.0,106.0,,false
1560,60.0,101.0,,false
1561,60.0,102.0,,false
1562,100.0,239.0,,false
1563,100.0,216.0,,false
1564,900.0,10.0,,false
1565,1150.0,15.0,,false
1566,1000.0,6.0,,false
1567,1350.0,46.0,,true
1568,500.0,56.0,,true
1569,5000.0,19.0,,true
1570,2200.0,131.0,,true
1571,3500.0,354.0,,true
1572,5000.0,600.0,,true
1573,500.0,147.0,,true
1574,125.0,484.0,,true
1575,40.0,437.0,,true
1576,350.0,164.0,,true
1577,500.0,188.0,,false
1578,500.0,553.0,,false
1579,3300.0,28.0,,false
1580,3300.0,23.0,,false
1581,3300.0,22.0,,false
1582,60.0,204.0,,false
1583,60.0,234.0,,false
1584,60.0,182.0,,false
1585,60.0,210.0,,false
1586,800.0,5.0,,false
1587,60.0,118.0,,false
1588,60.0,115.0,,false
1589,60.0,89.0,,false
1590,60.0,83.0,,false
1591,60.0,88.0,,false
1592,60.0,87.0,,false
1593,60.0,112.0,,false
1594,60.0,110.0,,false
1595,60.0,82.0,,false
1596,100.0,224.0,,false
1597,100.0,243.0,,false
1598,900.0,10.0,,false
1599,1150.0,16.0,,false
1600,1000.0,5.0,,false
1601,1350.0,48.0,,true
1602,500.0,58.0,,true
1603,5000.0,18.0,,true
1604,2200.0,135.0,,true
1605,3500.0,273.0,,true
1606,5000.0,600.0,,true
1607,500.0,141.0,,true
1608,125.0,521.0,,true
1609,40.0,408.0,,true
1610,350.0,164.0,,true
1611,500.0,190.0,,false
1612,500.0,308.0,,false
1613,3300.0,25.0,,false
1614,3300.0,27.0,,false
1615,3300.0,24.0,,false
1616,60.0,220.0,,false
1617,60.0,249.0,,false
1618,60.0,215.0,,false
1619,800.0,6.0,,false
1620,60.0,104.0,,false
1621,60.0,94.0,,false
1622,60.0,89.0,,false
1623,60.0,119.0,,false
1624,60.0,119.0,,false
1625,60.0,100.0,,false
1626,60.0,87.0,,false
1627,60.0,100.0,,false
1628,60.0,109.0,,false
1629,100.0,210.0,,false
1630,100.0,228.0,,false
1631,900.0,7.0,,false
1632,1150.0,15.0,,false
1633,1000.0,7.0,,false
1634,1350.0,49.0,,true
1635,500.0,57.0,,true
1636,5000.0,16.0,,true
1637,2200.0,138.0,,true
1638,3500.0,306.0,,true
1639,5000.0,600.0,,true
1640,500.0,144.0,,true
1641,125.0,490.0,,true
1642,40.0,419.0,,true
1643,350.0,178.0,,true
1644,500.0,171.0,,false
1645,500.0,492.0,,false
1646,3300.0,21.0,,false
1647,3300.0,22.0,,false
1648,3300.0,28.0,,false
1649,60.0,219.0,,false
1650,60.0,236.0,,false
1651,60.0,234.0,,false
1652,800.0,5.0,,false
1653,60.0,91.0,,false
1654,60.0,97.0,,false
1655,60.0,110.0,,false
1656,60.0,95.0,,false
1657,60.0,103.0,,false
1658,60.0,103.0,,false
1659,60.0,96.0,,false
1660,100.0,206.0,,false
1661,100.0,197.0,,false
1662,900.0,9.0,,false
1663,1150.0,15.0,,false
1664,1000.0,6.0,,false
1665,1350.0,46.0,,true
1666,500.0,59.0,,true
1667,5000.0,20.0,,true
1668,2200.0,138.0,,true
1669,3500.0,316.0,,true
1670,5000.0,600.0,,true
1671,500.0,158.0,,true
1672,125.0,509.0,,true
1673,40.0,415.0,,true
1674,350.0,144.0,,true
1675,500.0,191.0,,false
1676,500.0,466.0,,false
1677,3300.0,28.0,,false
1678,3300.0,29.0,,false
1679,3300.0,28.0,,false
1680,60.0,219.0,,false
1681,60.0,157.0,,false
1682,60.0,182.0,,false
1683,800.0,6.0,,false
1684,60.0,94.0,,false
1685,60.0,94.0,,false
1686,60.0,104.0,,false
1687,60.0,104.0,,false
1688,60.0,120.0,,false
1689,60.0,104.0,,false
1690,60.0,99.0,,false
1691,60.0,111.0,,false
1692,60.0,91.0,,false
1693,100.0,209.0,,false
1694,100.0,248.0,,false
1695,900.0,10.0,,false
1696,1150.0,18.0,,false
1697,1000.0,6.0,,false
1698,1350.0,49.0,,true
1699,500.0,57.0,,true
1700,5000.0,16.0,,true
1701,2200.0,134.0,,true
1702,3500.0,367.0,,true
1703,5000.0,600.0,,true
1704,500.0,149.0,,true
1705,125.0,484.0,,true
1706,40.0,411.0,,true
1707,350.0,145.0,,true
1708,500.0,190.0,,false
1709,500.0,365.0,,false
1710,3300.0,21.0,,false
1711,3300.0,27.0,,false
1712,3300.0,29.0,,false
1713,60.0,171.0,,false
1714,60.0,223.0,,false
1715,60.0,154.0,,false
1716,60.0,151.0,,false
1717,800.0,4.0,,false
1718,60.0,92.0,,false
1719,60.0,118.0,,false
1720,60.0,88.0,,false
1721,60.0,110.0,,false
1722,60.0,81.0,,false
1723,60.0,108.0,,false
1724,60.0,103.0,,false
1725,60.0,102.0,,false
1726,100.0,181.0,,false
1727,100.0,200.0,,false
1728,900.0,10.0,,false
1729,1150.0,18.0,,false
1730,1000.0,8.0,,false
1731,1350.0,48.0,,true
1732,500.0,57.0,,true
1733,5000.0,18.0,,true
1734,2200.0,137.0,,true
1735,3500.0,397.0,,true
1736,5000.0,600.0,,true
1737,500.0,157.0,,true
1738,125.0,527.0,,true
1739,40.0,444.0,,true
1740,350.0,165.0,,true
1741,500.0,181.0,,false
1742,500.0,342.0,,false
1743,3300.0,28.0,,false
1744,3300.0,27.0,,false
1745,3300.0,28.0,,false
1746,60.0,175.0,,false
1747,60.0,197.0,,false
1748,60.0,177.0,,false
1749,60.0,186.0,,false
1750,800.0,5.0,,false
1751,60.0,107.0,,false
1752,60.0,87.0,,false
1753,60.0,91.0,,false
1754,60.0,119.0,,false
1755,60.0,115.0,,false
1756,60.0,118.0,,false
1757,60.0,114.0,,false
1758,60.0,93.0,,false
1759,60.0,114.0,,false
1760,100.0,183.0,,false
1761,100.0,217.0,,false
1762,900.0,7.0,,false
1763,1150.0,17.0,,false
1764,1000.0,6.0,,false
1765,1350.0,50.0,,true
1766,500.0,59.0,,true
1767,5000.0,17.0,,true
1768,2200.0,139.0,,true
1769,3500.0,224.0,,true
1770,5000.0,600.0,,true
1771,500.0,146.0,,true
1772,125.0,497.0,,true
1773,40.0,435.0,,true
1774,350.0,171.0,,true
1775,500.0,189.0,,false
1776,500.0,539.0,,false
1777,3300.0,29.0,,false
1778,3300.0,24.0,,false
1779,3300.0,29.0,,false
1780,60.0,242.0,,false
1781,60.0,179.0,,false
1782,60.0,199.0,,false
1783,800.0,4.0,,false
1784,60.0,103.0,,false
1785,60.0,101.0,,false
1786,60.0,82.0,,false
1787,60.0,106.0,,false
1788,60.0,108.0,,false
1789,60.0,104.0,,false
1790,60.0,99.0,,false
1791,60.0,107.0,,false
1792,60.0,105.0,,false
1793,100.0,249.0,,false
1794,100.0,185.0,,false
1795,900.0,7.0,,false
1796,1150.0,14.0,,false
1797,1000.0,5.0,,false
1798,1350.0,48.0,,true
1799,500.0,56.0,,true
1800,5000.0,18.0,,true
1801,2200.0,135.0,,true
1802,3500.0,240.0,,true
1803,5000.0,600.0,,true
1804,500.0,157.0,,true
1805,125.0,463.0,,true
1806,40.0,406.0,,true
1807,350.0,158.0,,true
1808,500.0,181.0,,false
1809,500.0,337.0,,false
1810,3300.0,21.0,,false
1811,3300.0,23.0,,false
1812,3300.0,25.0,,false
1813,60.0,201.0,,false
1814,60.0,171.0,,false
1815,60.0,245.0,,false
1816,60.0,171.0,,false
1817,800.0,6.0,,false
1818,60.0,104.0,,false
1819,60.0,115.0,,false
1820,60.0,114.0,,false
1821,60.0,107.0,,false
1822,60.0,94.0,,false
1823,60.0,100.0,,false
1824,60.0,110.0,,false
1825,100.0,210.0,,false
1826,100.0,193.0,,false
1827,900.0,10.0,,false
1828,1150.0,18.0,,false
1829,1000.0,8.0,,false
1830,1350.0,47.0,,true
1831,500.0,57.0,,true
1832,5000.0,19.0,,true
1833,2200.0,138.0,,true
1834,3500.0,329.0,,true
1835,5000.0,600.0,,true
1836,500.0,150.0,,true
1837,125.0,465.0,,true
1838,40.0,457.0,,true
1839,350.0,154.0,,true
1840,500.0,179.0,,false
1841,500.0,461.0,,false
1842,3300.0,27.0,,false
1843,3300.0,21.0,,false
1844,3300.0,25.0,,false
1845,60.0,222.0,,false
1846,60.0,242.0,,false
1847,60.0,220.0,,false
1848,800.0,6.0,,false
1849,60.0,109.0,,false
1850,60.0,85.0,,false
1851,60.0,91.0,,false
1852,60.0,110.0,,false
1853,60.0,83.0,,false
1854,60.0,107.0,,false
1855,100.0,240.0,,false
1856,100.0,229.0,,false
1857,900.0,10.0,,false
1858,1150.0,14.0,,false
1859,1000.0,6.0,,false
1860,1350.0,50.0,,true
1861,500.0,59.0,,true
1862,5000.0,16.0,,true
1863,2200.0,137.0,,true
1864,3500.0,282.0,,true
1865,5000.0,600.0,,true
1866,500.0,143.0,,true
1867,125.0,511.0,,true
1868,40.0,385.0,,true
1869,350.0,160.0,,true
1870,500.0,178.0,,false
1871,500.0,447.0,,false
1872,3300.0,30.0,,false
1873,3300.0,24.0,,false
1874,3300.0,22.0,,false
1875,60.0,201.0,,false
1876,60.0,208.0,,false
1877,60.0,178.0,,false
1878,800.0,6.0,,false
1879,60.0,82.0,,false
1880,60.0,102.0,,false
1881,60.0,111.0,,false
1882,60.0,90.0,,false
1883,60.0,106.0,,false
1884,60.0,120.0,,false
1885,60.0,116.0,,false
1886,60.0,119.0,,false
1887,60.0,103.0,,false
1888,60.0,120.0,,false
1889,100.0,217.0,,false
1890,100.0,206.0,,false
1891,900.0,10.0,,false
1892,1150.0,13.0,,false
1893,1000.0,6.0,,false
1894,1350.0,49.0,,true
1895,500.0,56.0,,true
1896,5000.0,16.0,,true
1897,2200.0,132.0,,true
1898,3500.0,276.0,,true
1899,5000.0,600.0,,true
1900,500.0,153.0,,true
1901,125.0,530.0,,true
1902,40.0,416.0,,true
1903,350.0,171.0,,true
1904,500.0,199.0,,false
1905,500.0,371.0,,false
1906,3300.0,22.0,,false
1907,3300.0,21.0,,false
1908,3300.0,25.0,,false
1909,60.0,166.0,,false
1910,60.0,250.0,,false
1911,60.0,166.0,,false
1912,800.0,5.0,,false
1913,60.0,105.0,,false
1914,60.0,108.0,,false
1915,60.0,90.0,,false
1916,60.0,101.0,,false
1917,60.0,82.0,,false
1918,60.0,85.0,,false
1919,100.0,210.0,,false
1920,100.0,248.0,,false
1921,900.0,9.0,,false
1922,1150.0,13.0,,false
1923,1000.0,8.0,,false
1924,1350.0,50.0,,true
1925,500.0,58.0,,true
1926,5000.0,20.0,,true
1927,2200.0,137.0,,true
1928,3500.0,361.0,,true
1929,5000.0,600.0,,true
1930,500.0,148.0,,true
1931,125.0,540.0,,true
1932,40.0,411.0,,true
1933,350.0,156.0,,true
1934,500.0,176.0,,false
1935,500.0,443.0,,false
1936,3300.0,22.0,,false
1937,3300.0,30.0,,false
1938,3300.0,24.0,,false
1939,60.0,230.0,,false
1940,60.0,239.0,,false
1941,60.0,214.0,,false
1942,800.0,5.0,,false
1943,60.0,82.0,,false
1944,60.0,111.0,,false
1945,60.0,91.0,,false
1946,60.0,89.0,,false
1947,60.0,90.0,,false
1948,60.0,103.0,,false
1949,60.0,82.0,,false
1950,60.0,88.0,,false
1951,100.0,203.0,,false
1952,100.0,188.0,,false
1953,900.0,10.0,,false
1954,1150.0,18.0,,false
1955,1000.0,8.0,,false
1956,1350.0,48.0,,true
1957,500.0,58.0,,true
1958,5000.0,18.0,,true
1959,2200.0,136.0,,true
1960,3500.0,301.0,,true
1961,5000.0,600.0,,true
1962,500.0,152.0,,true
1963,125.0,470.0,,true
1964,40.0,362.0,,true
1965,350.0,176.0,,true
1966,500.0,179.0,,false
1967,500.0,386.0,,false
1968,3300.0,28.0,,false
1969,3300.0,27.0,,false
1970,3300.0,29.0,,false
1971,60.0,223.0,,false
1972,60.0,199.0,,false
1973,60.0,222.0,,false
1974,800.0,4.0,,false
1975,60.0,106.0,,false
1976,60.0,119.0,,false
1977,60.0,105.0,,false
1978,60.0,95.0,,false
1979,60.0,111.0,,false
1980,60.0,96.0,,false
1981,60.0,92.0,,false
1982,100.0,182.0,,false
1983,100.0,230.0,,false
1984,900.0,9.0,,false
1985,1150.0,15.0,,false
1986,1000.0,7.0,,false
1987,1350.0,48.0,,true
1988,500.0,57.0,,true
1989,5000.0,19.0,,true
1990,2200.0,135.0,,true
1991,3500.0,209.0,,true
1992,5000.0,600.0,,true
1993,500.0,143.0,,true
1994,125.0,524.0,,true
1995,40.0,404.0,,true
1996,350.0,155.0,,true
1997,500.0,177.0,,false
1998,500.0,597.0,,false
1999,3300.0,30.0,,false
2000,3300.0,26.0,,false
2001,3300.0,22.0,,false
2002,60.0,200.0,,false
2003,60.0,229.0,,false
2004,60.0,191.0,,false
2005,60.0,189.0,,false
2006,800.0,5.0,,false
2007,60.0,93.0,,false
2008,60.0,98.0,,false
2009,60.0,115.0,,false
2010,60.0,100.0,,false
2011,60.0,115.0,,false
2012,60.0,97.0,,false
2013,100.0,207.0,,false
2014,100.0,192.0,,false
2015,900.0,8.0,,false
2016,1150.0,13.0,,false
2017,1000.0,7.0,,false
2018,1350.0,48.0,,true
2019,500.0,58.0,,true
2020,5000.0,18.0,,true
2021,2200.0,132.0,,true
2022,3500.0,277.0,,true
2023,5000.0,600.0,,true
2024,500.0,141.0,,true
2025,125.0,533.0,,true
2026,40.0,432.0,,true
2027,350.0,166.0,,true
2028,500.0,173.0,,false
2029,500.0,491.0,,false
2030,3300.0,22.0,,false
2031,3300.0,27.0,,false
2032,3300.0,25.0,,false
2033,60.0,180.0,,false
2034,60.0,152.0,,false
2035,60.0,180.0,,false
2036,800.0,4.0,,false
2037,60.0,118.0,,false
2038,60.0,99.0,,false
2039,60.0,88.0,,false
2040,60.0,120.0,,false
2041,60.0,87.0,,false
2042,60.0,88.0,,false
2043,60.0,85.0,,false
2044,60.0,92.0,,false
2045,100.0,211.0,,false
2046,100.0,235.0,,false
2047,900.0,10.0,,false
2048,1150.0,18.0,,false
2049,1000.0,8.0,,false
2050,1350.0,47.0,,true
2051,500.0,56.0,,true
2052,5000.0,19.0,,true
2053,2200.0,136.0,,true
2054,3500.0,204.0,,true
2055,5000.0,600.0,,true
2056,500.0,141.0,,true
2057,125.0,505.0,,true
2058,40.0,408.0,,true
2059,350.0,141.0,,true
2060,500.0,181.0,,false
2061,500.0,394.0,,false
2062,3300.0,30.0,,false
2063,3300.0,22.0,,false
2064,3300.0,22.0,,false
2065,60.0,215.0,,false
2066,60.0,155.0,,false
2067,60.0,157.0,,false
2068,60.0,169.0,,false
2069,800.0,4.0,,false
2070,60.0,81.0,,false
2071,60.0,96.0,,false
2072,60.0,118.0,,false
2073,60.0,88.0,,false
2074,60.0,118.0,,false
2075,60.0,96.0,,false
2076,100.0,238.0,,false
2077,100.0,209.0,,false
2078,900.0,10.0,,false
2079,1150.0,15.0,,false
2080,1000.0,8.0,,false
2081,1350.0,46.0,,true
2082,500.0,57.0,,true
2083,5000.0,19.0,,true
2084,2200.0,131.0,,true
2085,3500.0,383.0,,true
2086,5000.0,600.0,,true
2087,500.0,148.0,,true
2088,125.0,533.0,,true
2089,40.0,408.0,,true
2090,350.0,177.0,,true
2091,500.0,190.0,,false
2092,500.0,423.0,,false
2093,3300.0,29.0,,false
2094,3300.0,28.0,,false
2095,3300.0,23.0,,false
2096,60.0,167.0,,false
2097,60.0,202.0,,false
2098,60.0,212.0,,false
2099,800.0,6.0,,false
2100,60.0,118.0,,false
2101,60.0,87.0,,false
2102,60.0,98.0,,false
2103,60.0,95.0,,false
2104,60.0,110.0,,false
2105,60.0,100.0,,false
2106,100.0,203.0,,false
2107,100.0,239.0,,false
2108,900.0,9.0,,false
2109,1150.0,18.0,,false
2110,1000.0,8.0,,false
2111,1350.0,48.0,,true
2112,500.0,56.0,,true
2113,5000.0,17.0,,true
2114,2200.0,134.0,,true
2115,3500.0,275.0,,true
2116,5000.0,600.0,,true
2117,500.0,158.0,,true
2118,125.0,455.0,,true
2119,40.0,423.0,,true
2120,350.0,164.0,,true
2121,500.0,185.0,,false
2122,500.0,335.0,,false
2123,3300.0,30.0,,false
2124,3300.0,29.0,,false
2125,3300.0,21.0,,false
2126,60.0,228.0,,false
2127,60.0,217.0,,false
2128,60.0,198.0,,false
2129,800.0,4.0,,false
2130,60.0,111.0,,false
2131,60.0,116.0,,false
2132,60.0,119.0,,false
2133,60.0,88.0,,false
2134,60.0,113.0,,false
2135,60.0,92.0,,false
2136,60.0,118.0,,false
2137,100.0,181.0,,false
2138,100.0,243.0,,false
2139,900.0,8.0,,false
2140,1150.0,16.0,,false
2141,1000.0,7.0,,false
2142,1350.0,50.0,,true
2143,500.0,56.0,,true
2144,5000.0,18.0,,true
2145,2200.0,136.0,,true
2146,3500.0,240.0,,true
2147,5000.0,600.0,,true
2148,500.0,158.0,,true
2149,125.0,497.0,,true
2150,40.0,367.0,,true
2151,350.0,160.0,,true
2152,500.0,192.0,,false
2153,500.0,456.0,,false
2154,3300.0,28.0,,false
2155,3300.0,29.0,,false
2156,3300.0,22.0,,false
2157,60.0,181.0,,false
2158,60.0,234.0,,false
2159,60.0,238.0,,false
2160,60.0,227.0,,false
2161,800.0,5.0,,false
2162,60.0,112.0,,false
2163,60.0,111.0,,false
2164,60.0,116.0,,false
2165,60.0,119.0,,false
2166,60.0,97.0,,false
2167,60.0,96.0,,false
2168,60.0,119.0,,false
2169,100.0,181.0,,false
2170,100.0,225.0,,false
2171,900.0,9.0,,false
2172,1150.0,15.0,,false
2173,1000.0,8.0,,false
2174,1350.0,46.0,,true
2175,500.0,57.0,,true
2176,5000.0,17.0,,true
2177,2200.0,131.0,,true
2178,3500.0,359.0,,true
2179,5000.0,600.0,,true
2180,500.0,146.0,,true
2181,125.0,516.0,,true
2182,40.0,383.0,,true
2183,350.0,167.0,,true
2184,500.0,184.0,,false
2185,500.0,461.0,,false
2186,3300.0,30.0,,false
2187,3300.0,30.0,,false
2188,3300.0,21.0,,false
2189,60.0,245.0,,false
2190,60.0,180.0,,false
2191,60.0,188.0,,false
2192,60.0,183.0,,false
2193,800.0,6.0,,false
2194,60.0,111.0,,false
2195,60.0,106.0,,false
2196,60.0,116.0,,false
2197,60.0,109.0,,false
2198,60.0,118.0,,false
2199,60.0,112.0,,false
2200,60.0,86.0,,false
2201,60.0,117.0,,false
2202,100.0,190.0,,false
2203,100.0,198.0,,false
2204,900.0,10.0,,false
2205,1150.0,15.0,,false
2206,1000.0,5.0,,false
2207,1350.0,50.0,,true
2208,500.0,59.0,,true
2209,5000.0,17.0,,true
2210,2200.0,136.0,,true
2211,3500.0,351.0,,true
2212,5000.0,600.0,,true
2213,500.0,150.0,,true
2214,125.0,505.0,,true
2215,40.0,409.0,,true
2216,350.0,165.0,,true
2217,500.0,190.0,,false
2218,500.0,319.0,,false
2219,3300.0,29.0,,false
2220,3300.0,30.0,,false
2221,3300.0,21.0,,false
2222,60.0,203.0,,false
2223,60.0,153.0,,false
2224,60.0,212.0,,false
2225,60.0,198.0,,false
2226,800.0,5.0,,false
2227,60.0,120.0,,false
2228,60.0,110.0,,false
2229,60.0,90.0,,false
2230,60.0,108.0,,false
2231,60.0,85.0,,false
2232,60.0,101.0,,false
2233,60.0,97.0,,false
2234,60.0,92.0,,false
2235,60.0,103.0,,false
2236,100.0,186.0,,false
2237,100.0,199.0,,false
2238,900.0,10.0,,false
2239,1150.0,17.0,,false
2240,1000.0,5.0,,false
2241,1350.0,49.0,,true
2242,500.0,58.0,,true
2243,5000.0,19.0,,true
2244,2200.0,140.0,,true
2245,3500.0,311.0,,true
2246,5000.0,600.0,,true
2247,500.0,145.0,,true
2248,125.0,488.0,,true
2249,40.0,404.0,,true
2250,350.0,172.0,,true
2251,500.0,172.0,,false
2252,500.0,487.0,,false
2253,3300.0,28.0,,false
2254,3300.0,21.0,,false
2255,3300.0,27.0,,false
2256,60.0,243.0,,false
2257,60.0,223.0,,false
2258,60.0,242.0,,false
2259,60.0,227.0,,false
2260,800.0,5.0,,false
2261,60.0,89.0,,false
2262,60.0,101.0,,false
2263,60.0,105.0,,false
2264,60.0,100.0,,false
2265,60.0,89.0,,false
2266,60.0,90.0,,false
2267,60.0,111.0,,false
2268,60.0,98.0,,false
2269,100.0,203.0,,false
2270,100.0,249.0,,false
2271,900.0,10.0,,false
2272,1150.0,14.0,,false
2273,1000.0,5.0,,false
2274,1350.0,46.0,,true
2275,500.0,60.0,,true
2276,5000.0,17.0,,true
2277,2200.0,131.0,,true
2278,3500.0,339.0,,true
2279,5000.0,600.0,,true
2280,500.0,153.0,,true
2281,125.0,463.0,,true
2282,40.0,457.0,,true
2283,350.0,154.0,,true
2284,500.0,175.0,,false
2285,500.0,464.0,,false
2286,3300.0,23.0,,false
2287,3300.0,28.0,,false
2288,3300.0,27.0,,false
2289,60.0,160.0,,false
2290,60.0,236.0,,false
2291,60.0,160.0,,false
2292,60.0,171.0,,false
2293,800.0,6.0,,false
2294,60.0,81.0,,false
2295,60.0,98.0,,false
2296,60.0,106.0,,false
2297,60.0,103.0,,false
2298,60.0,111.0,,false
2299,60.0,106.0,,false
2300,60.0,108.0,,false
2301,100.0,185.0,,false
2302,100.0,217.0,,false
2303,900.0,9.0,,false
2304,1150.0,14.0,,false
2305,1000.0,5.0,,false
2306,1350.0,50.0,,true
2307,500.0,60.0,,true
2308,5000.0,19.0,,true
2309,2200.0,139.0,,true
2310,3500.0,317.0,,true
2311,5000.0,600.0,,true
2312,500.0,155.0,,true
2313,125.0,484.0,,true
2314,40.0,444.0,,true
2315,350.0,180.0,,true
2316,500.0,186.0,,false
2317,500.0,541.0,,false
2318,3300.0,27.0,,false
2319,3300.0,25.0,,false
2320,3300.0,27.0,,false
2321,60.0,213.0,,false
2322,60.0,231.0,,false
2323,60.0,180.0,,false
2324,800.0,4.0,,false
2325,60.0,111.0,,false
2326,60.0,111.0,,false
2327,60.0,108.0,,false
2328,60.0,110.0,,false
2329,60.0,117.0,,false
2330,60.0,115.0,,false
2331,60.0,83.0,,false
2332,60.0,115.0,,false
2333,60.0,81.0,,false
2334,100.0,226.0,,false
2335,100.0,239.0,,false
2336,900.0,8.0,,false
2337,1150.0,18.0,,false
2338,1000.0,8.0,,false
2339,1350.0,47.0,,true
2340,500.0,59.0,,true
2341,5000.0,20.0,,true
2342,2200.0,134.0,,true
2343,3500.0,386.0,,true
2344,5000.0,600.0,,true
2345,500.0,149.0,,true
2346,125.0,543.0,,true
2347,40.0,458.0,,true
2348,350.0,152.0,,true
2349,500.0,184.0,,false
2350,500.0,467.0,,false
2351,3300.0,21.0,,false
2352,3300.0,24.0,,false
2353,3300.0,28.0,,false
2354,60.0,243.0,,false
2355,60.0,237.0,,false
2356,60.0,201.0,,false
2357,60.0,165.0,,false
2358,800.0,6.0,,false
2359,60.0,100.0,,false
2360,60.0,99.0,,false
2361,60.0,87.0,,false
2362,60.0,113.0,,false
2363,60.0,113.0,,false
2364,60.0,120.0,,false
2365,60.0,84.0,,false
2366,60.0,119.0,,false
2367,100.0,218.0,,false
2368,100.0,181.0,,false
2369,900.0,10.0,,false
2370,1150.0,13.0,,false
2371,1000.0,8.0,,false
2372,1350.0,46.0,,true
2373,500.0,59.0,,true
2374,5000.0,18.0,,true
2375,2200.0,137.0,,true
2376,3500.0,395.0,,true
2377,5000.0,600.0,,true
2378,500.0,150.0,,true
2379,125.0,455.0,,true
2380,40.0,381.0,,true
2381,350.0,171.0,,true
2382,500.0,182.0,,false
2383,500.0,543.0,,false
2384,3300.0,28.0,,false
2385,3300.0,29.0,,false
2386,3300.0,29.0,,false
2387,60.0,228.0,,false
2388,60.0,222.0,,false
2389,60.0,202.0,,false
2390,60.0,181.0,,false
2391,800.0,6.0,,false
2392,60.0,102.0,,false
2393,60.0,91.0,,false
2394,60.0,106.0,,false
2395,60.0,111.0,,false
2396,60.0,119.0,,false
2397,60.0,93.0,,false
2398,60.0,106.0,,false
2399,60.0,94.0,,false
2400,60.0,88.0,,false
2401,60.0,86.0,,false
2402,100.0,243.0,,false
2403,100.0,184.0,,false
2404,900.0,9.0,,false
2405,1150.0,18.0,,false
2406,1000.0,5.0,,false
2407,1350.0,49.0,,true
2408,500.0,58.0,,true
2409,5000.0,19.0,,true
2410,2200.0,133.0,,true
2411,3500.0,399.0,,true
2412,5000.0,600.0,,true
2413,500.0,154.0,,true
2414,125.0,490.0,,true
2415,40.0,390.0,,true
2416,350.0,149.0,,true
2417,500.0,186.0,,false
2418,500.0,365.0,,false
2419,3300.0,23.0,,false
2420,3300.0,24.0,,false
2421,3300.0,30.0,,false
2422,60.0,160.0,,false
2423,60.0,247.0,,false
2424,60.0,170.0,,false
2425,800.0,4.0,,false
2426,60.0,118.0,,false
2427,60.0,120.0,,false
2428,60.0,84.0,,false
2429,60.0,104.0,,false
2430,60.0,108.0,,false
2431,60.0,85.0,,false
2432,100.0,250.0,,false
2433,100.0,242.0,,false
2434,900.0,9.0,,false
2435,1150.0,14.0,,false
2436,1000.0,6.0,,false
2437,1350.0,46.0,,true
2438,500.0,60.0,,true
2439,5000.0,18.0,,true
2440,2200.0,139.0,,true
2441,3500.0,297.0,,true
2442,5000.0,600.0,,true
2443,500.0,146.0,,true
2444,125.0,511.0,,true
2445,40.0,396.0,,true
2446,350.0,178.0,,true
2447,500.0,180.0,,false
2448,500.0,587.0,,false
2449,3300.0,25.0,,false
2450,3300.0,25.0,,false
2451,3300.0,22.0,,false
2452,60.0,245.0,,false
2453,60.0,206.0,,false
2454,60.0,161.0,,false
2455,60.0,216.0,,false
2456,800.0,5.0,,false
2457,60.0,83.0,,false
2458,60.0,83.0,,false
2459,60.0,90.0,,false
2460,60.0,108.0,,false
2461,60.0,89.0,,false
2462,60.0,85.0,,false
2463,60.0,113.0,,false
2464,60.0,108.0,,false
2465,100.0,193.0,,false
2466,100.0,188.0,,false
2467,900.0,8.0,,false
2468,1150.0,14.0,,false
2469,1000.0,7.0,,false
2470,1350.0,49.0,,true
2471,500.0,58.0,,true
2472,5000.0,17.0,,true
2473,2200.0,135.0,,true
2474,3500.0,207.0,,true
2475,5000.0,600.0,,true
2476,500.0,147.0,,true
2477,125.0,476.0,,true
2478,40.0,389.0,,true
2479,350.0,144.0,,true
2480,500.0,181.0,,false
2481,500.0,326.0,,false
2482,3300.0,24.0,,false
2483,3300.0,25.0,,false
2484,3300.0,29.0,,false
2485,60.0,158.0,,false
2486,60.0,238.0,,false
2487,60.0,206.0,,false
2488,800.0,6.0,,false
2489,60.0,112.0,,false
2490,60.0,89.0,,false
2491,60.0,96.0,,false
2492,60.0,89.0,,false
2493,60.0,100.0,,false
2494,60.0,100.0,,false
2495,60.0,111.0,,false
2496,60.0,109.0,,false
2497,60.0,89.0,,false
2498,100.0,231.0,,false
2499,100.0,210.0,,false
2500,900.0,8.0,,false
2501,1150.0,17.0,,false
2502,1000.0,6.0,,false
2503,1350.0,46.0,,true
2504,500.0,59.0,,true
2505,5000.0,19.0,,true
2506,2200.0,132.0,,true
2507,3500.0,203.0,,true
2508,5000.0,600.0,,true
2509,500.0,155.0,,true
2510,125.0,474.0,,true
2511,40.0,457.0,,true
2512,350.0,149.0,,true
2513,500.0,198.0,,false
2514,500.0,451.0,,false
2515,3300.0,23.0,,false
2516,3300.0,23.0,,false
2517,3300.0,23.0,,false
2518,60.0,227.0,,false
2519,60.0,229.0,,false
2520,60.0,216.0,,false
2521,800.0,6.0,,false
2522,60.0,111.0,,false
2523,60.0,107.0,,false
2524,60.0,118.0,,false
2525,60.0,112.0,,false
2526,60.0,105.0,,false
2527,60.0,110.0,,false
2528,60.0,92.0,,false
2529,60.0,118.0,,false
2530,60.0,97.0,,false
2531,100.0,241.0,,false
2532,100.0,249.0,,false
2533,900.0,7.0,,false
2534,1150.0,17.0,,false
2535,1000.0,5.0,,false
2536,1350.0,46.0,,true
2537,500.0,60.0,,true
2538,5000.0,16.0,,true
2539,2200.0,140.0,,true
2540,3500.0,287.0,,true
2541,5000.0,600.0,,true
2542,500.0,145.0,,true
2543,125.0,517.0,,true
2544,40.0,360.0,,true
2545,350.0,146.0,,true
2546,500.0,192.0,,false
2547,500.0,592.0,,false
2548,3300.0,23.0,,false
2549,3300.0,23.0,,false
2550,3300.0,22.0,,false
2551,60.0,212.0,,false
2552,60.0,240.0,,false
2553,60.0,212.0,,false
2554,60.0,219.0,,false
2555,800.0,4.0,,false
2556,60.0,113.0,,false
2557,60.0,95.0,,false
2558,60.0,110.0,,false
2559,60.0,101.0,,false
2560,60.0,112.0,,false
2561,60.0,83.0,,false
2562,60.0,96.0,,false
2563,60.0,103.0,,false
2564,100.0,197.0,,false
2565,100.0,208.0,,false
2566,900.0,10.0,,false
2567,1150.0,14.0,,false
2568,1000.0,5.0,,false
2569,1350.0,47.0,,true
2570,500.0,60.0,,true
2571,5000.0,19.0,,true
2572,2200.0,133.0,,true
2573,3500.0,250.0,,true
2574,5000.0,600.0,,true
2575,500.0,159.0,,true
2576,125.0,463.0,,true
2577,40.0,376.0,,true
2578,350.0,180.0,,true
2579,500.0,178.0,,false
2580,500.0,332.0,,false
2581,3300.0,24.0,,false
2582,3300.0,21.0,,false
2583,3300.0,28.0,,false
2584,60.0,216.0,,false
2585,60.0,195.0,,false
2586,60.0,169.0,,false
2587,60.0,159.0,,false
2588,800.0,5.0,,false
2589,60.0,111.0,,false
2590,60.0,119.0,,false
2591,60.0,110.0,,false
2592,60.0,94.0,,false
2593,60.0,105.0,,false
2594,60.0,111.0,,false
2595,60.0,100.0,,false
2596,100.0,227.0,,false
2597,100.0,225.0,,false
2598,900.0,7.0,,false
2599,1150.0,13.0,,false
2600,1000.0,7.0,,false
2601,1350.0,47.0,,true
2602,500.0,56.0,,true
2603,5000.0,16.0,,true
2604,2200.0,138.0,,true
2605,3500.0,283.0,,true
2606,5000.0,600.0,,true
2607,500.0,148.0,,true
2608,125.0,469.0,,true
2609,40.0,429.0,,true
2610,350.0,157.0,,true
2611,500.0,192.0,,false
2612,500.0,566.0,,false
2613,3300.0,22.0,,false
2614,3300.0,22.0,,false
2615,3300.0,28.0,,false
2616,60.0,195.0,,false
2617,60.0,178.0,,false
2618,60.0,170.0,,false
2619,800.0,4.0,,false
2620,60.0,103.0,,false
2621,60.0,81.0,,false
2622,60.0,98.0,,false
2623,60.0,83.0,,false
2624,60.0,93.0,,false
2625,60.0,102.0,,false
2626,60.0,91.0,,false
2627,60.0,95.0,,false
2628,100.0,246.0,,false
2629,100.0,233.0,,false
2630,900.0,8.0,,false
2631,1150.0,17.0,,false
2632,1000.0,8.0,,false
2633,1350.0,47.0,,true
2634,500.0,60.0,,true
2635,5000.0,16.0,,true
2636,2200.0,135.0,,true
2637,3500.0,280.0,,true
2638,5000.0,600.0,,true
2639,500.0,149.0,,true
2640,125.0,491.0,,true
2641,40.0,362.0,,true
2642,350.0,177.0,,true
2643,500.0,185.0,,false
2644,500.0,497.0,,false
2645,3300.0,21.0,,false
2646,3300.0,26.0,,false
2647,3300.0,22.0,,false
2648,60.0,230.0,,false
2649,60.0,197.0,,false
2650,60.0,214.0,,false
2651,800.0,4.0,,false
2652,60.0,84.0,,false
2653,60.0,91.0,,false
2654,60.0,99.0,,false
2655,60.0,85.0,,false
2656,60.0,83.0,,false
2657,60.0,83.0,,false
2658,60.0,111.0,,false
2659,60.0,112.0,,false
2660,60.0,81.0,,false
2661,100.0,200.0,,false
2662,100.0,226.0,,false
2663,900.0,8.0,,false
2664,1150.0,17.0,,false
2665,1000.0,5.0,,false
2666,1350.0,48.0,,true
2667,500.0,57.0,,true
2668,5000.0,18.0,,true
2669,2200.0,137.0,,true
2670,3500.0,217.0,,true
2671,5000.0,600.0,,true
2672,500.0,143.0,,true
2673,125.0,480.0,,true
2674,40.0,399.0,,true
2675,350.0,155.0,,true
2676,500.0,187.0,,false
2677,500.0,499.0,,false
2678,3300.0,27.0,,false
2679,3300.0,22.0,,false
2680,3300.0,25.0,,false
2681,60.0,172.0,,false
2682,60.0,194.0,,false
2683,60.0,225.0,,false
2684,800.0,5.0,,false
2685,60.0,103.0,,false
2686,60.0,89.0,,false
2687,60.0,113.0,,false
2688,60.0,101.0,,false
2689,60.0,103.0,,false
2690,60.0,97.0,,false
2691,60.0,83.0,,false
2692,60.0,98.0,,false
2693,60.0,119.0,,false
2694,60.0,91.0,,false
2695,100.0,206.0,,false
2696,100.0,191.0,,false
2697,900.0,10.0,,false
2698,1150.0,14.0,,false
2699,1000.0,6.0,,false
2700,1350.0,47.0,,true
2701,500.0,56.0,,true
2702,5000.0,20.0,,true
2703,2200.0,138.0,,true
2704,3500.0,229.0,,true
2705,5000.0,600.0,,true
2706,500.0,149.0,,true
2707,125.0,465.0,,true
2708,40.0,442.0,,true
2709,350.0,178.0,,true
2710,500.0,184.0,,false
2711,500.0,412.0,,false
2712,3300.0,28.0,,false
2713,3300.0,28.0,,false
2714,3300.0,23.0,,false
2715,60.0,165.0,,false
2716,60.0,241.0,,false
2717,60.0,220.0,,false
2718,800.0,4.0,,false
2719,60.0,83.0,,false
2720,60.0,114.0,,false
2721,60.0,99.0,,false
2722,60.0,118.0,,false
2723,60.0,119.0,,false
2724,60.0,96.0,,false
2725,100.0,200.0,,false
2726,100.0,227.0,,false
2727,900.0,10.0,,false
2728,1150.0,17.0,,false
2729,1000.0,5.0,,false
2730,1350.0,49.0,,true
2731,500.0,59.0,,true
2732,5000.0,20.0,,true
2733,2200.0,132.0,,true
2734,3500.0,364.0,,true
2735,5000.0,600.0,,true
2736,500.0,158.0,,true
2737,125.0,519.0,,true
2738,40.0,386.0,,true
2739,350.0,168.0,,true
2740,500.0,171.0,,false
2741,500.0,302.0,,false
2742,3300.0,23.0,,false
2743,3300.0,25.0,,false
2744,3300.0,23.0,,false
2745,60.0,156.0,,false
2746,60.0,166.0,,false
2747,60.0,153.0,,false
2748,800.0,6.0,,false
2749,60.0,83.0,,false
2750,60.0,115.0,,false
2751,60.0,92.0,,false
2752,60.0,113.0,,false
2753,60.0,83.0,,false
2754,60.0,84.0,,false
2755,60.0,119.0,,false
2756,60.0,103.0,,false
2757,60.0,117.0,,false
2758,100.0,216.0,,false
2759,100.0,192.0,,false
2760,900.0,10.0,,false
2761,1150.0,18.0,,false
2762,1000.0,6.0,,false
2763,1350.0,49.0,,true
2764,500.0,58.0,,true
2765,5000.0,20.0,,true
2766,2200.0,136.0,,true
2767,3500.0,239.0,,true
2768,5000.0,600.0,,true
2769,500.0,159.0,,true
2770,125.0,486.0,,true
2771,40.0,449.0,,true
2772,350.0,170.0,,true
2773,500.0,183.0,,false
2774,500.0,378.0,,false
2775,3300.0,29.0,,false
2776,3300.0,23.0,,false
2777,3300.0,28.0,,false
2778,60.0,175.0,,false
2779,60.0,242.0,,false
2780,60.0,154.0,,false
2781,60.0,206.0,,false
2782,800.0,6.0,,false
2783,60.0,115.0,,false
2784,60.0,92.0,,false
2785,60.0,81.0,,false
2786,60.0,115.0,,false
2787,60.0,84.0,,false
2788,60.0,104.0,,false
2789,60.0,116.0,,false
2790,100.0,248.0,,false
2791,100.0,221.0,,false
2792,900.0,10.0,,false
2793,1150.0,18.0,,false
2794,1000.0,8.0,,false
2795,1350.0,46.0,,true
2796,500.0,60.0,,true
2797,5000.0,19.0,,true
2798,2200.0,132.0,,true
2799,3500.0,287.0,,true
2800,5000.0,600.0,,true
2801,500.0,160.0,,true
2802,125.0,481.0,,true
2803,40.0,370.0,,true
2804,350.0,169.0,,true
2805,500.0,193.0,,false
2806,500.0,335.0,,false
2807,3300.0,22.0,,false
2808,3300.0,23.0,,false
2809,3300.0,30.0,,false
2810,60.0,228.0,,false
2811,60.0,205.0,,false
2812,60.0,178.0,,false
2813,60.0,205.0,,false
2814,800.0,6.0,,false
2815,60.0,120.0,,false
2816,60.0,107.0,,false
2817,60.0,93.0,,false
2818,60.0,93.0,,false
2819,60.0,104.0,,false
2820,60.0,116.0,,false
2821,60.0,116.0,,false
2822,100.0,227.0,,false
2823,100.0,197.0,,false
2824,900.0,9.0,,false
2825,1150.0,17.0,,false
2826,1000.0,6.0,,false
2827,1350.0,48.0,,true
2828,500.0,57.0,,true
2829,5000.0,18.0,,true
2830,2200.0,135.0,,true
2831,3500.0,321.0,,true
2832,5000.0,600.0,,true
2833,500.0,142.0,,true
2834,125.0,490.0,,true
2835,40.0,457.0,,true
2836,350.0,172.0,,true
2837,500.0,179.0,,false
2838,500.0,338.0,,false
2839,3300.0,25.0,,false
2840,3300.0,27.0,,false
2841,3300.0,22.0,,false
2842,60.0,187.0,,false
2843,60.0,187.0,,false
2844,60.0,173.0,,false
2845,800.0,6.0,,false
2846,60.0,102.0,,false
2847,60.0,100.0,,false
2848,60.0,98.0,,false
2849,60.0,95.0,,false
2850,60.0,110.0,,false
2851,60.0,96.0,,false
2852,60.0,100.0,,false
2853,60.0,98.0,,false
2854,60.0,114.0,,false
2855,100.0,204.0,,false
2856,100.0,228.0,,false
2857,900.0,9.0,,false
2858,1150.0,17.0,,false
2859,1000.0,7.0,,false
2860,1350.0,47.0,,true
2861,500.0,60.0,,true
2862,5000.0,16.0,,true
2863,2200.0,140.0,,true
2864,3500.0,215.0,,true
2865,5000.0,600.0,,true
2866,500.0,150.0,,true
2867,125.0,545.0,,true
2868,40.0,398.0,,true
2869,350.0,145.0,,true
2870,500.0,176.0,,false
2871,500.0,409.0,,false
2872,3300.0,26.0,,false
2873,3300.0,21.0,,false
2874,3300.0,29.0,,false
2875,60.0,154.0,,false
2876,60.0,170.0,,false
2877,60.0,244.0,,false
2878,60.0,198.0,,false
2879,800.0,6.0,,false
2880,60.0,105.0,,false
2881,60.0,84.0,,false
2882,60.0,93.0,,false
2883,60.0,107.0,,false
2884,60.0,83.0,,false
2885,60.0,120.0,,false
2886,60.0,89.0,,false
2887,60.0,95.0,,false
2888,60.0,114.0,,false
2889,60.0,96.0,,false
2890,100.0,231.0,,false
2891,100.0,190.0,,false
2892,900.0,10.0,,false
2893,1150.0,14.0,,false
2894,1000.0,6.0,,false
2895,1350.0,48.0,,true
2896,500.0,57.0,,true
2897,5000.0,18.0,,true
2898,2200.0,132.0,,true
2899,3500.0,362.0,,true
2900,5000.0,600.0,,true
2901,500.0,156.0,,true
2902,125.0,475.0,,true
2903,40.0,356.0,,true
2904,350.0,166.0,,true
2905,500.0,187.0,,false
2906,500.0,544.0,,false
2907,3300.0,22.0,,false
2908,3300.0,24.0,,false
2909,3300.0,22.0,,false
2910,60.0,159.0,,false
2911,60.0,192.0,,false
2912,60.0,200.0,,false
2913,60.0,170.0,,false
2914,800.0,4.0,,false
2915,60.0,100.0,,false
2916,60.0,100.0,,false
2917,60.0,118.0,,false
2918,60.0,84.0,,false
2919,60.0,112.0,,false
2920,60.0,113.0,,false
2921,60.0,81.0,,false
2922,60.0,99.0,,false
2923,60.0,111.0,,false
2924,100.0,232.0,,false
2925,100.0,233.0,,false
2926,900.0,10.0,,false
2927,1150.0,13.0,,false
2928,1000.0,6.0,,false
2929,1350.0,47.0,,true
2930,500.0,56.0,,true
2931,5000.0,20.0,,true
2932,2200.0,133.0,,true
2933,3500.0,362.0,,true
2934,5000.0,600.0,,true
2935,500.0,143.0,,true
2936,125.0,487.0,,true
2937,40.0,430.0,,true
2938,350.0,179.0,,true
2939,500.0,196.0,,false
2940,500.0,546.0,,false
2941,3300.0,29.0,,false
2942,3300.0,29.0,,false
2943,3300.0,25.0,,false
2944,60.0,240.0,,false
2945,60.0,248.0,,false
2946,60.0,182.0,,false
2947,800.0,4.0,,false
2948,60.0,88.0,,false
2949,60.0,94.0,,false
2950,60.0,86.0,,false
2951,60.0,113.0,,false
2952,60.0,118.0,,false
2953,60.0,112.0,,false
2954,60.0,119.0,,false
2955,60.0,84.0,,false
2956,60.0,90.0,,false
2957,60.0,116.0,,false
2958,100.0,207.0,,false
2959,100.0,231.0,,false
2960,900.0,10.0,,false
2961,1150.0,18.0,,false
2962,1000.0,8.0,,false
2963,1350.0,50.0,,true
2964,500.0,57.0,,true
2965,5000.0,16.0,,true
2966,2200.0,135.0,,true
2967,3500.0,323.0,,true
2968,5000.0,600.0,,true
2969,500.0,159.0,,true
2970,125.0,489.0,,true
2971,40.0,392.0,,true
2972,350.0,172.0,,true
2973,500.0,190.0,,false
2974,500.0,386.0,,false
2975,3300.0,21.0,,false
2976,3300.0,30.0,,false
2977,3300.0,26.0,,false
2978,60.0,226.0,,false
2979,60.0,215.0,,false
2980,60.0,181.0,,false
2981,60.0,192.0,,false
2982,800.0,6.0,,false
2983,60.0,115.0,,false
2984,60.0,81.0,,false
2985,60.0,95.0,,false
2986,60.0,99.0,,false
2987,60.0,105.0,,false
2988,60.0,99.0,,false
2989,100.0,229.0,,false
2990,100.0,214.0,,false
2991,900.0,7.0,,false
2992,1150.0,15.0,,false
2993,1000.0,6.0,,false
2994,1350.0,48.0,,true
2995,500.0,56.0,,true
2996,5000.0,18.0,,true
2997,2200.0,135.0,,true
2998,3500.0,327.0,,true
2999,5000.0,600.0,,true
3000,500.0,153.0,,true
3001,125.0,517.0,,true
3002,40.0,392.0,,true
3003,350.0,169.0,,true
3004,500.0,172.0,,false
3005,500.0,387.0,,false
3006,3300.0,22.0,,false
3007,3300.0,29.0,,false
3008,3300.0,22.0,,false
3009,60.0,202.0,,false
3010,60.0,220.0,,false
3011,60.0,188.0,,false
3012,60.0,247.0,,false
3013,800.0,5.0,,false
3014,60.0,84.0,,false
3015,60.0,120.0,,false
3016,60.0,119.0,,false
3017,60.0,97.0,,false
3018,60.0,90.0,,false
3019,60.0,93.0,,false
3020,60.0,99.0,,false
3021,60.0,86.0,,false
3022,60.0,86.0,,false
3023,100.0,227.0,,false
3024,100.0,221.0,,false
3025,900.0,9.0,,false
3026,1150.0,17.0,,false
3027,1000.0,6.0,,false
3028,1350.0,48.0,,true
3029,500.0,59.0,,true
3030,5000.0,16.0,,true
3031,2200.0,137.0,,true
3032,3500.0,324.0,,true
3033,5000.0,600.0,,true
3034,500.0,148.0,,true
3035,125.0,514.0,,true
3036,40.0,369.0,,true
3037,350.0,148.0,,true
3038,500.0,197.0,,false
3039,500.0,422.0,,false
3040,3300.0,23.0,,false
3041,3300.0,27.0,,false
3042,3300.0,22.0,,false
3043,60.0,163.0,,false
3044,60.0,204.0,,false
3045,60.0,214.0,,false
3046,800.0,4.0,,false
3047,60.0,92.0,,false
3048,60.0,110.0,,false
3049,60.0,96.0,,false
3050,60.0,106.0,,false
3051,60.0,86.0,,false
3052,60.0,93.0,,false
3053,60.0,117.0,,false
3054,60.0,103.0,,false
3055,60.0,104.0,,false
3056,60.0,90.0,,false
3057,100.0,207.0,,false
3058,100.0,224.0,,false
3059,900.0,10.0,,false
3060,1150.0,14.0,,false
3061,1000.0,8.0,,false
3062,1350.0,50.0,,true
3063,500.0,56.0,,true
3064,5000.0,19.0,,true
3065,2200.0,134.0,,true
3066,3500.0,261.0,,true
3067,5000.0,600.0,,true
3068,500.0,141.0,,true
3069,125.0,526.0,,true
3070,40.0,377.0,,true
3071,350.0,152.0,,true
3072,500.0,171.0,,false
3073,500.0,372.0,,false
3074,3300.0,26.0,,false
3075,3300.0,28.0,,false
3076,3300.0,22.0,,false
3077,60.0,209.0,,false
3078,60.0,171.0,,false
3079,60.0,181.0,,false
3080,60.0,168.0,,false
3081,800.0,4.0,,false
3082,60.0,87.0,,false
3083,60.0,120.0,,false
3084,60.0,103.0,,false
3085,60.0,98.0,,false
3086,60.0,85.0,,false
3087,60.0,102.0,,false
3088,60.0,107.0,,false
3089,60.0,91.0,,false
3090,60.0,84.0,,false
3091,60.0,96.0,,false
3092,100.0,207.0,,false
3093,100.0,204.0,,false
3094,900.0,8.0,,false
3095,1150.0,18.0,,false
3096,1000.0,6.0,,false
3097,1350.0,50.0,,true
3098,500.0,58.0,,true
3099,5000.0,20.0,,true
3100,2200.0,133.0,,true
3101,3500.0,377.0,,true
3102,5000.0,600.0,,true
3103,500.0,153.0,,true
3104,125.0,518.0,,true
3105,40.0,414.0,,true
3106,350.0,144.0,,true
3107,500.0,184.0,,false
3108,500.0,500.0,,false
3109,3300.0,30.0,,false
3110,3300.0,30.0,,false
3111,3300.0,27.0,,false
3112,60.0,176.0,,false
3113,60.0,190.0,,false
3114,60.0,183.0,,false
3115,60.0,219.0,,false
3116,800.0,4.0,,false
3117,60.0,105.0,,false
3118,60.0,95.0,,false
3119,60.0,90.0,,false
3120,60.0,104.0,,false
3121,60.0,110.0,,false
3122,60.0,115.0,,false
3123,60.0,103.0,,false
3124,60.0,83.0,,false
3125,60.0,95.0,,false
3126,100.0,207.0,,false
3127,100.0,210.0,,false
3128,900.0,9.0,,false
3129,1150.0,13.0,,false
3130,1000.0,6.0,,false
3131,1350.0,50.0,,true
3132,500.0,60.0,,true
3133,5000.0,19.0,,true
3134,2200.0,137.0,,true
3135,3500.0,203.0,,true
3136,5000.0,600.0,,true
3137,500.0,158.0,,true
3138,125.0,453.0,,true
3139,40.0,374.0,,true
3140,350.0,176.0,,true
3141,500.0,183.0,,false
3142,500.0,597.0,,false
3143,3300.0,25.0,,false
3144,3300.0,25.0,,false
3145,3300.0,30.0,,false
3146,60.0,202.0,,false
3147,60.0,175.0,,false
3148,60.0,223.0,,false
3149,60.0,158.0,,false
3150,800.0,5.0,,false
3151,60.0,112.0,,false
3152,60.0,83.0,,false
3153,60.0,100.0,,false
3154,60.0,96.0,,false
3155,60.0,88.0,,false
3156,60.0,120.0,,false
3157,60.0,92.0,,false
3158,60.0,103.0,,false
3159,100.0,201.0,,false
3160,100.0,197.0,,false
3161,900.0,9.0,,false
3162,1150.0,16.0,,false
3163,1000.0,6.0,,false
3164,1350.0,47.0,,true
3165,500.0,60.0,,true
3166,5000.0,17.0,,true
3167,2200.0,131.0,,true
3168,3500.0,342.0,,true
3169,5000.0,600.0,,true
3170,500.0,154.0,,true
3171,125.0,508.0,,true
3172,40.0,436.0,,true
3173,350.0,162.0,,true
3174,500.0,190.0,,false
3175,500.0,311.0,,false
3176,3300.0,21.0,,false
3177,3300.0,23.0,,false
3178,3300.0,23.0,,false
3179,60.0,212.0,,false
3180,60.0,240.0,,false
3181,60.0,182.0,,false
3182,800.0,4.0,,false
3183,60.0,112.0,,false
3184,60.0,107.0,,false
3185,60.0,90.0,,false
3186,60.0,111.0,,false
3187,60.0,86.0,,false
3188,60.0,113.0,,false
3189,60.0,83.0,,false
3190,60.0,104.0,,false
3191,60.0,91.0,,false
3192,100.0,203.0,,false
3193,100.0,229.0,,false
3194,900.0,10.0,,false
3195,1150.0,14.0,,false
3196,1000.0,5.0,,false
3197,1350.0,50.0,,true
3198,500.0,56.0,,true
3199,5000.0,16.0,,true
3200,2200.0,138.0,,true
3201,3500.0,337.0,,true
3202,5000.0,600.0,,true
3203,500.0,148.0,,true
3204,125.0,470.0,,true
3205,40.0,394.0,,true
3206,350.0,162.0,,true
3207,500.0,187.0,,false
3208,500.0,349.0,,false
3209,3300.0,23.0,,false
3210,3300.0,23.0,,false
3211,3300.0,26.0,,false
3212,60.0,225.0,,false
3213,60.0,183.0,,false
3214,60.0,151.0,,false
3215,800.0,6.0,,false
3216,60.0,95.0,,false
3217,60.0,100.0,,false
3218,60.0,90.0,,false
3219,60.0,97.0,,false
3220,60.0,90.0,,false
3221,60.0,102.0,,false
3222,60.0,85.0,,false
3223,60.0,91.0,,false
3224,60.0,99.0,,false
3225,100.0,224.0,,false
3226,100.0,216.0,,false
3227,900.0,8.0,,false
3228,1150.0,18.0,,false
3229,1000.0,7.0,,false
3230,1350.0,47.0,,true
3231,500.0,56.0,,true
3232,5000.0,18.0,,true
3233,2200.0,135.0,,true
3234,3500.0,236.0,,true
3235,5000.0,600.0,,true
3236,500.0,145.0,,true
3237,125.0,513.0,,true
3238,40.0,373.0,,true
3239,350.0,150.0,,true
3240,500.0,182.0,,false
3241,500.0,537.0,,false
3242,3300.0,28.0,,false
3243,3300.0,29.0,,false
3244,3300.0,26.0,,false
3245,60.0,217.0,,false
3246,60.0,211.0,,false
3247,60.0,185.0,,false
3248,60.0,178.0,,false
3249,800.0,6.0,,false
3250,60.0,102.0,,false
3251,60.0,113.0,,false
3252,60.0,111.0,,false
3253,60.0,115.0,,false
3254,60.0,111.0,,false
3255,60.0,119.0,,false
3256,60.0,113.0,,false
3257,60.0,115.0,,false
3258,60.0,91.0,,false
3259,60.0,89.0,,false
3260,100.0,192.0,,false
3261,100.0,219.0,,false
3262,900.0,8.0,,false
3263,1150.0,14.0,,false
3264,1000.0,6.0,,false
