Reference,height,width,stripwidth,preemptable
1,1350.0,46.0,720,true
2,500.0,58.0,,true
3,5000.0,17.0,,true
4,2200.0,135.0,,true
5,3500.0,298.0,,true
6,5000.0,600.0,,true
7,500.0,148.0,,true
8,125.0,472.0,,true
9,40.0,357.0,,true
10,350.0,156.0,,true
11,500.0,180.0,,false
12,500.0,379.0,,false
13,3300.0,23.0,,false
14,3300.0,29.0,,false
15,3300.0,28.0,,false
16,60.0,185.0,,false
17,60.0,189.0,,false
18,60.0,194.0,,false
19,60.0,238.0,,false
20,800.0,5.0,,false
21,60.0,118.0,,false
22,60.0,109.0,,false
23,60.0,120.0,,false
24,60.0,120.0,,false
25,60.0,108.0,,false
26,60.0,94.0,,false
27,60.0,98.0,,false
28,60.0,81.0,,false
29,60.0,97.0,,false
30,100.0,210.0,,false
31,100.0,235.0,,false
32,900.0,7.0,,false
33,1150.0,17.0,,false
34,1000.0,7.0,,false
35,1350.0,47.0,,true
36,500.0,56.0,,true
37,5000.0,17.0,,true
38,2200.0,136.0,,true
39,3500.0,231.0,,true
40,5000.0,600.0,,true
41,500.0,155.0,,true
42,125.0,523.0,,true
43,40.0,434.0,,true
44,350.0,149.0,,true
45,500.0,177.0,,false
46,500.0,399.0,,false
47,3300.0,30.0,,false
48,3300.0,27.0,,false
49,3300.0,27.0,,false
50,60.0,208.0,,false
51,60.0,178.0,,false
52,60.0,195.0,,false
53,60.0,163.0,,false
54,800.0,6.0,,false
55,60.0,92.0,,false
56,60.0,119.0,,false
57,60.0,90.0,,false
58,60.0,102.0,,false
59,60.0,95.0,,false
60,60.0,86.0,,false
61,60.0,96.0,,false
62,60.0,85.0,,false
63,60.0,93.0,,false
64,60.0,120.0,,false
65,100.0,219.0,,false
66,100.0,189.0,,false
67,900.0,8.0,,false
68,1150.0,17.0,,false
69,1000.0,7.0,,false
70,1350.0,50.0,,true
71,500.0,60.0,,true
72,5000.0,18.0,,true
73,2200.0,140.0,,true
74,3500.0,314.0,,true
75,5000.0,600.0,,true
76,500.0,153.0,,true
77,125.0,457.0,,true
78,40.0,390.0,,true
79,350.0,167.0,,true
80,500.0,173.0,,false
81,500.0,497.0,,false
82,3300.0,26.0,,false
83,3300.0,21.0,,false
84,3300.0,26.0,,false
85,60.0,164.0,,false
86,60.0,233.0,,false
87,60.0,178.0,,false
88,800.0,4.0,,false
89,60.0,83.0,,false
90,60.0,94.0,,false
91,60.0,82.0,,false
92,60.0,104.0,,false
93,60.0,119.0,,false
94,60.0,115.0,,false
95,60.0,96.0,,false
96,60.0,82.0,,false
97,100.0,183.0,,false
98,100.0,224.0,,false
99,900.0,10.0,,false
100,1150.0,14.0,,false
101,1000.0,5.0,,false
102,1350.0,48.0,,true
103,500.0,57.0,,true
104,5000.0,18.0,,true
105,2200.0,140.0,,true
106,3500.0,382.0,,true
107,5000.0,600.0,,true
108,500.0,150.0,,true
109,125.0,455.0,,true
110,40.0,418.0,,true
111,350.0,147.0,,true
112,500.0,188.0,,false
113,500.0,461.0,,false
114,3300.0,28.0,,false
115,3300.0,25.0,,false
116,3300.0,23.0,,false
117,60.0,247.0,,false
118,60.0,250.0,,false
119,60.0,238.0,,false
120,60.0,249.0,,false
121,800.0,5.0,,false
122,60.0,94.0,,false
123,60.0,113.0,,false
124,60.0,114.0,,false
125,60.0,87.0,,false
126,60.0,116.0,,false
127,60.0,101.0,,false
128,60.0,91.0,,false
129,60.0,114.0,,false
130,60.0,120.0,,false
131,60.0,106.0,,false
132,100.0,201.0,,false
133,100.0,182.0,,false
134,900.0,10.0,,false
135,1150.0,16.0,,false
136,1000.0,6.0,,false
137,1350.0,47.0,,true
138,500.0,56.0,,true
139,5000.0,18.0,,true
140,2200.0,131.0,,true
141,3500.0,381.0,,true
142,5000.0,600.0,,true
143,500.0,148.0,,true
144,125.0,468.0,,true
145,40.0,436.0,,true
146,350.0,152.0,,true
147,500.0,171.0,,false
148,500.0,315.0,,false
149,3300.0,22.0,,false
150,3300.0,28.0,,false
151,3300.0,27.0,,false
152,60.0,177.0,,false
153,60.0,206.0,,false
154,60.0,233.0,,false
155,60.0,202.0,,false
156,800.0,6.0,,false
157,60.0,107.0,,false
158,60.0,86.0,,false
159,60.0,86.0,,false
160,60.0,120.0,,false
161,60.0,103.0,,false
162,60.0,96.0,,false
163,60.0,95.0,,false
164,60.0,99.0,,false
165,60.0,82.0,,false
166,100.0,187.0,,false
167,100.0,193.0,,false
168,900.0,9.0,,false
169,1150.0,18.0,,false
170,1000.0,6.0,,false
171,1350.0,50.0,,true
172,500.0,56.0,,true
173,5000.0,18.0,,true
174,2200.0,132.0,,true
175,3500.0,352.0,,true
176,5000.0,600.0,,true
177,500.0,143.0,,true
178,125.0,535.0,,true
179,40.0,367.0,,true
180,350.0,154.0,,true
181,500.0,171.0,,false
182,500.0,336.0,,false
183,3300.0,26.0,,false
184,3300.0,22.0,,false
185,3300.0,24.0,,false
186,60.0,231.0,,false
187,60.0,228.0,,false
188,60.0,163.0,,false
189,60.0,207.0,,false
190,800.0,5.0,,false
191,60.0,110.0,,false
192,60.0,97.0,,false
193,60.0,119.0,,false
194,60.0,107.0,,false
195,60.0,82.0,,false
196,60.0,99.0,,false
197,60.0,118.0,,false
198,100.0,219.0,,false
199,100.0,222.0,,false
200,900.0,7.0,,false
201,1150.0,18.0,,false
202,1000.0,6.0,,false
203,1350.0,50.0,,true
204,500.0,59.0,,true
205,5000.0,19.0,,true
206,2200.0,138.0,,true
207,3500.0,317.0,,true
208,5000.0,600.0,,true
209,500.0,150.0,,true
210,125.0,533.0,,true
211,40.0,427.0,,true
212,350.0,173.0,,true
213,500.0,192.0,,false
214,500.0,332.0,,false
215,3300.0,29.0,,false
216,3300.0,23.0,,false
217,3300.0,22.0,,false
218,60.0,222.0,,false
219,60.0,234.0,,false
220,60.0,171.0,,false
221,800.0,4.0,,false
222,60.0,113.0,,false
223,60.0,106.0,,false
224,60.0,94.0,,false
225,60.0,104.0,,false
226,60.0,90.0,,false
227,60.0,105.0,,false
228,60.0,105.0,,false
229,60.0,116.0,,false
230,60.0,101.0,,false
231,60.0,119.0,,false
232,100.0,228.0,,false
233,100.0,230.0,,false
234,900.0,8.0,,false
235,1150.0,14.0,,false
236,1000.0,7.0,,false
237,1350.0,46.0,,true
238,500.0,56.0,,true
239,5000.0,20.0,,true
240,2200.0,137.0,,true
241,3500.0,347.0,,true
242,5000.0,600.0,,true
243,500.0,152.0,,true
244,125.0,454.0,,true
245,40.0,382.0,,true
246,350.0,172.0,,true
247,500.0,199.0,,false
248,500.0,484.0,,false
249,3300.0,26.0,,false
250,3300.0,30.0,,false
251,3300.0,23.0,,false
252,60.0,211.0,,false
253,60.0,214.0,,false
254,60.0,151.0,,false
255,800.0,5.0,,false
256,60.0,89.0,,false
257,60.0,115.0,,false
258,60.0,85.0,,false
259,60.0,107.0,,false
260,60.0,88.0,,false
261,60.0,82.0,,false
262,60.0,112.0,,false
263,100.0,239.0,,false
264,100.0,247.0,,false
265,900.0,9.0,,false
266,1150.0,13.0,,false
267,1000.0,6.0,,false
268,1350.0,49.0,,true
269,500.0,57.0,,true
270,5000.0,19.0,,true
271,2200.0,135.0,,true
272,3500.0,393.0,,true
273,5000.0,600.0,,true
274,500.0,141.0,,true
275,125.0,533.0,,true
276,40.0,451.0,,true
277,350.0,156.0,,true
278,500.0,195.0,,false
279,500.0,301.0,,false
280,3300.0,23.0,,false
281,3300.0,28.0,,false
282,3300.0,29.0,,false
283,60.0,209.0,,false
284,60.0,225.0,,false
285,60.0,158.0,,false
286,800.0,4.0,,false
287,60.0,113.0,,false
288,60.0,113.0,,false
289,60.0,115.0,,false
290,60.0,97.0,,false
291,60.0,97.0,,false
292,60.0,82.0,,false
293,60.0,116.0,,false
294,60.0,86.0,,false
295,60.0,116.0,,false
296,100.0,240.0,,false
297,100.0,197.0,,false
298,900.0,7.0,,false
299,1150.0,18.0,,false
300,1000.0,6.0,,false
301,1350.0,50.0,,true
302,500.0,60.0,,true
303,5000.0,18.0,,true
304,2200.0,131.0,,true
305,3500.0,285.0,,true
306,5000.0,600.0,,true
307,500.0,149.0,,true
308,125.0,536.0,,true
309,40.0,357.0,,true
310,350.0,145.0,,true
311,500.0,199.0,,false
312,500.0,361.0,,false
313,3300.0,27.0,,false
314,3300.0,28.0,,false
315,3300.0,27.0,,false
316,60.0,160.0,,false
317,60.0,199.0,,false
318,60.0,163.0,,false
319,800.0,5.0,,false
320,60.0,89.0,,false
321,60.0,103.0,,false
322,60.0,92.0,,false
323,60.0,105.0,,false
324,60.0,95.0,,false
325,60.0,87.0,,false
326,60.0,116.0,,false
327,60.0,93.0,,false
328,60.0,111.0,,false
329,100.0,199.0,,false
330,100.0,184.0,,false
331,900.0,7.0,,false
332,1150.0,17.0,,false
333,1000.0,7.0,,false
334,1350.0,47.0,,true
335,500.0,57.0,,true
336,5000.0,19.0,,true
337,2200.0,137.0,,true
338,3500.0,276.0,,true
339,5000.0,600.0,,true
340,500.0,157.0,,true
341,125.0,550.0,,true
342,40.0,456.0,,true
343,350.0,153.0,,true
344,500.0,195.0,,false
345,500.0,537.0,,false
346,3300.0,26.0,,false
347,3300.0,24.0,,false
348,3300.0,21.0,,false
349,60.0,194.0,,false
350,60.0,211.0,,false
351,60.0,214.0,,false
352,60.0,214.0,,false
353,800.0,6.0,,false
354,60.0,115.0,,false
355,60.0,109.0,,false
356,60.0,93.0,,false
357,60.0,89.0,,false
358,60.0,88.0,,false
359,60.0,120.0,,false
360,60.0,102.0,,false
361,100.0,243.0,,false
362,100.0,211.0,,false
363,900.0,8.0,,false
364,1150.0,17.0,,false
365,1000.0,5.0,,false
366,1350.0,49.0,,true
367,500.0,59.0,,true
368,5000.0,20.0,,true
369,2200.0,131.0,,true
370,3500.0,357.0,,true
371,5000.0,600.0,,true
372,500.0,157.0,,true
373,125.0,544.0,,true
374,40.0,426.0,,true
375,350.0,142.0,,true
376,500.0,200.0,,false
377,500.0,427.0,,false
378,3300.0,28.0,,false
379,3300.0,28.0,,false
380,3300.0,26.0,,false
381,60.0,169.0,,false
382,60.0,228.0,,false
383,60.0,231.0,,false
384,60.0,234.0,,false
385,800.0,5.0,,false
386,60.0,118.0,,false
387,60.0,110.0,,false
388,60.0,110.0,,false
389,60.0,114.0,,false
390,60.0,100.0,,false
391,60.0,119.0,,false
392,60.0,108.0,,false
393,100.0,248.0,,false
394,100.0,228.0,,false
395,900.0,9.0,,false
396,1150.0,18.0,,false
397,1000.0,7.0,,false
398,1350.0,49.0,,true
399,500.0,58.0,,true
400,5000.0,16.0,,true
401,2200.0,138.0,,true
402,3500.0,367.0,,true
403,5000.0,600.0,,true
404,500.0,148.0,,true
405,125.0,484.0,,true
406,40.0,356.0,,true
407,350.0,142.0,,true
408,500.0,172.0,,false
409,500.0,475.0,,false
410,3300.0,28.0,,false
411,3300.0,25.0,,false
412,3300.0,27.0,,false
413,60.0,164.0,,false
414,60.0,189.0,,false
415,60.0,220.0,,false
416,60.0,172.0,,false
417,800.0,4.0,,false
418,60.0,108.0,,false
419,60.0,103.0,,false
420,60.0,106.0,,false
421,60.0,107.0,,false
422,60.0,101.0,,false
423,60.0,101.0,,false
424,60.0,116.0,,false
425,60.0,120.0,,false
426,60.0,112.0,,false
427,60.0,91.0,,false
428,100.0,235.0,,false
429,100.0,186.0,,false
430,900.0,7.0,,false
431,1150.0,17.0,,false
432,1000.0,6.0,,false
433,1350.0,47.0,,true
434,500.0,58.0,,true
435,5000.0,16.0,,true
436,2200.0,133.0,,true
437,3500.0,287.0,,true
438,5000.0,600.0,,true
439,500.0,157.0,,true
440,125.0,480.0,,true
441,40.0,420.0,,true
442,350.0,177.0,,true
443,500.0,198.0,,false
444,500.0,378.0,,false
445,3300.0,25.0,,false
446,3300.0,30.0,,false
447,3300.0,23.0,,false
448,60.0,207.0,,false
449,60.0,162.0,,false
450,60.0,243.0,,false
451,800.0,6.0,,false
452,60.0,104.0,,false
453,60.0,84.0,,false
454,60.0,119.0,,false
455,60.0,88.0,,false
456,60.0,117.0,,false
457,60.0,86.0,,false
458,60.0,104.0,,false
459,60.0,89.0,,false
460,100.0,247.0,,false
461,100.0,196.0,,false
462,900.0,8.0,,false
463,1150.0,13.0,,false
464,1000.0,7.0,,false
465,1350.0,47.0,,true
466,500.0,56.0,,true
467,5000.0,16.0,,true
468,2200.0,135.0,,true
469,3500.0,336.0,,true
470,5000.0,600.0,,true
471,500.0,148.0,,true
472,125.0,510.0,,true
473,40.0,420.0,,true
474,350.0,164.0,,true
475,500.0,188.0,,false
476,500.0,478.0,,false
477,3300.0,24.0,,false
478,3300.0,21.0,,false
479,3300.0,24.0,,false
480,60.0,173.0,,false
481,60.0,157.0,,false
482,60.0,182.0,,false
483,60.0,156.0,,false
484,800.0,4.0,,false
485,60.0,120.0,,false
486,60.0,93.0,,false
487,60.0,120.0,,false
488,60.0,93.0,,false
489,60.0,116.0,,false
490,60.0,111.0,,false
491,100.0,210.0,,false
492,100.0,243.0,,false
493,900.0,9.0,,false
494,1150.0,18.0,,false
495,1000.0,8.0,,false
496,1350.0,46.0,,true
497,500.0,59.0,,true
498,5000.0,20.0,,true
499,2200.0,133.0,,true
500,3500.0,255.0,,true
501,5000.0,600.0,,true
502,500.0,160.0,,true
503,125.0,517.0,,true
504,40.0,405.0,,true
505,350.0,160.0,,true
506,500.0,194.0,,false
507,500.0,478.0,,false
508,3300.0,24.0,,false
509,3300.0,29.0,,false
510,3300.0,29.0,,false
511,60.0,219.0,,false
512,60.0,166.0,,false
513,60.0,176.0,,false
514,60.0,173.0,,false
515,800.0,6.0,,false
516,60.0,108.0,,false
517,60.0,110.0,,false
518,60.0,94.0,,false
519,60.0,90.0,,false
520,60.0,94.0,,false
521,60.0,116.0,,false
522,100.0,187.0,,false
523,100.0,214.0,,false
524,900.0,9.0,,false
525,1150.0,14.0,,false
526,1000.0,8.0,,false
527,1350.0,47.0,,true
528,500.0,60.0,,true
529,5000.0,20.0,,true
530,2200.0,140.0,,true
531,3500.0,394.0,,true
532,5000.0,600.0,,true
533,500.0,150.0,,true
534,125.0,454.0,,true
535,40.0,442.0,,true
536,350.0,157.0,,true
537,500.0,198.0,,false
538,500.0,494.0,,false
539,3300.0,22.0,,false
540,3300.0,27.0,,false
541,3300.0,26.0,,false
542,60.0,211.0,,false
543,60.0,157.0,,false
544,60.0,163.0,,false
545,60.0,244.0,,false
546,800.0,5.0,,false
547,60.0,96.0,,false
548,60.0,99.0,,false
549,60.0,90.0,,false
550,60.0,103.0,,false
551,60.0,98.0,,false
552,60.0,91.0,,false
553,60.0,102.0,,false
554,60.0,99.0,,false
555,60.0,110.0,,false
556,60.0,92.0,,false
557,100.0,219.0,,false
558,100.0,187.0,,false
559,900.0,7.0,,false
560,1150.0,18.0,,false
561,1000.0,5.0,,false
562,1350.0,48.0,,true
563,500.0,57.0,,true
564,5000.0,19.0,,true
565,2200.0,138.0,,true
566,3500.0,302.0,,true
567,5000.0,600.0,,true
568,500.0,158.0,,true
569,125.0,465.0,,true
570,40.0,426.0,,true
571,350.0,150.0,,true
572,500.0,182.0,,false
573,500.0,367.0,,false
574,3300.0,23.0,,false
575,3300.0,28.0,,false
576,3300.0,26.0,,false
577,60.0,207.0,,false
578,60.0,159.0,,false
579,60.0,182.0,,false
580,60.0,214.0,,false
581,800.0,6.0,,false
582,60.0,117.0,,false
583,60.0,112.0,,false
584,60.0,119.0,,false
585,60.0,112.0,,false
586,60.0,114.0,,false
587,60.0,102.0,,false
588,60.0,113.0,,false
589,60.0,95.0,,false
590,60.0,101.0,,false
591,60.0,103.0,,false
592,100.0,244.0,,false
593,100.0,237.0,,false
594,900.0,8.0,,false
595,1150.0,17.0,,false
596,1000.0,5.0,,false
597,1350.0,49.0,,true
598,500.0,60.0,,true
599,5000.0,17.0,,true
600,2200.0,140.0,,true
601,3500.0,346.0,,true
602,5000.0,600.0,,true
603,500.0,146.0,,true
604,125.0,454.0,,true
605,40.0,451.0,,true
606,350.0,170.0,,true
607,500.0,185.0,,false
608,500.0,489.0,,false
609,3300.0,25.0,,false
610,3300.0,26.0,,false
611,3300.0,30.0,,false
612,60.0,168.0,,false
613,60.0,241.0,,false
614,60.0,217.0,,false
615,800.0,6.0,,false
616,60.0,119.0,,false
617,60.0,119.0,,false
618,60.0,95.0,,false
619,60.0,107.0,,false
620,60.0,91.0,,false
621,60.0,106.0,,false
622,60.0,105.0,,false
623,60.0,92.0,,false
624,60.0,85.0,,false
625,100.0,221.0,,false
626,100.0,198.0,,false
627,900.0,10.0,,false
628,1150.0,14.0,,false
629,1000.0,5.0,,false
630,1350.0,48.0,,true
631,500.0,58.0,,true
632,5000.0,16.0,,true
633,2200.0,135.0,,true
634,3500.0,211.0,,true
635,5000.0,600.0,,true
636,500.0,159.0,,true
637,125.0,549.0,,true
638,40.0,393.0,,true
639,350.0,150.0,,true
640,500.0,194.0,,false
641,500.0,471.0,,false
642,3300.0,21.0,,false
643,3300.0,22.0,,false
644,3300.0,28.0,,false
645,60.0,217.0,,false
646,60.0,152.0,,false
647,60.0,187.0,,false
648,800.0,4.0,,false
649,60.0,106.0,,false
650,60.0,98.0,,false
651,60.0,95.0,,false
652,60.0,95.0,,false
653,60.0,94.0,,false
654,60.0,86.0,,false
655,60.0,91.0,,false
656,60.0,101.0,,false
657,100.0,197.0,,false
658,100.0,203.0,,false
659,900.0,7.0,,false
660,1150.0,18.0,,false
661,1000.0,7.0,,false
662,1350.0,46.0,,true
663,500.0,58.0,,true
664,5000.0,20.0,,true
665,2200.0,137.0,,true
666,3500.0,293.0,,true
667,5000.0,600.0,,true
668,500.0,141.0,,true
669,125.0,545.0,,true
670,40.0,411.0,,true
671,350.0,174.0,,true
672,500.0,173.0,,false
673,500.0,438.0,,false
674,3300.0,29.0,,false
675,3300.0,28.0,,false
676,3300.0,21.0,,false
677,60.0,199.0,,false
678,60.0,250.0,,false
679,60.0,161.0,,false
680,60.0,218.0,,false
681,800.0,6.0,,false
682,60.0,103.0,,false
683,60.0,83.0,,false
684,60.0,97.0,,false
685,60.0,108.0,,false
686,60.0,97.0,,false
687,60.0,85.0,,false
688,60.0,96.0,,false
689,100.0,185.0,,false
690,100.0,226.0,,false
691,900.0,9.0,,false
692,1150.0,14.0,,false
693,1000.0,7.0,,false
694,1350.0,49.0,,true
695,500.0,58.0,,true
696,5000.0,16.0,,true
697,2200.0,136.0,,true
698,3500.0,236.0,,true
699,5000.0,600.0,,true
700,500.0,159.0,,true
701,125.0,464.0,,true
702,40.0,393.0,,true
703,350.0,151.0,,true
704,500.0,180.0,,false
705,500.0,571.0,,false
706,3300.0,30.0,,false
707,3300.0,29.0,,false
708,3300.0,27.0,,false
709,60.0,198.0,,false
710,60.0,153.0,,false
711,60.0,176.0,,false
712,800.0,6.0,,false
713,60.0,96.0,,false
714,60.0,111.0,,false
715,60.0,118.0,,false
716,60.0,85.0,,false
717,60.0,91.0,,false
718,60.0,107.0,,false
719,60.0,100.0,,false
720,100.0,187.0,,false
721,100.0,202.0,,false
722,900.0,10.0,,false
723,1150.0,14.0,,false
724,1000.0,8.0,,false
725,1350.0,49.0,,true
726,500.0,57.0,,true
727,5000.0,16.0,,true
728,2200.0,133.0,,true
729,3500.0,318.0,,true
730,5000.0,600.0,,true
731,500.0,160.0,,true
732,125.0,521.0,,true
733,40.0,385.0,,true
734,350.0,176.0,,true
735,500.0,189.0,,false
736,500.0,479.0,,false
737,3300.0,24.0,,false
738,3300.0,24.0,,false
739,3300.0,29.0,,false
740,60.0,205.0,,false
741,60.0,190.0,,false
742,60.0,202.0,,false
743,800.0,6.0,,false
744,60.0,84.0,,false
745,60.0,111.0,,false
746,60.0,103.0,,false
747,60.0,94.0,,false
748,60.0,83.0,,false
749,60.0,108.0,,false
750,100.0,237.0,,false
751,100.0,229.0,,false
752,900.0,7.0,,false
753,1150.0,15.0,,false
754,1000.0,5.0,,false
755,1350.0,50.0,,true
756,500.0,58.0,,true
757,5000.0,16.0,,true
758,2200.0,136.0,,true
759,3500.0,263.0,,true
760,5000.0,600.0,,true
761,500.0,150.0,,true
762,125.0,538.0,,true
763,40.0,380.0,,true
764,350.0,161.0,,true
765,500.0,182.0,,false
766,500.0,526.0,,false
767,3300.0,28.0,,false
768,3300.0,30.0,,false
769,3300.0,27.0,,false
770,60.0,160.0,,false
771,60.0,226.0,,false
772,60.0,215.0,,false
773,60.0,190.0,,false
774,800.0,5.0,,false
775,60.0,99.0,,false
776,60.0,98.0,,false
777,60.0,96.0,,false
778,60.0,105.0,,false
779,60.0,92.0,,false
780,60.0,100.0,,false
781,60.0,114.0,,false
782,60.0,118.0,,false
783,60.0,120.0,,false
784,60.0,118.0,,false
785,100.0,215.0,,false
786,100.0,236.0,,false
787,900.0,9.0,,false
788,1150.0,13.0,,false
789,1000.0,6.0,,false
790,1350.0,50.0,,true
791,500.0,60.0,,true
792,5000.0,20.0,,true
793,2200.0,140.0,,true
794,3500.0,310.0,,true
795,5000.0,600.0,,true
796,500.0,148.0,,true
797,125.0,494.0,,true
798,40.0,366.0,,true
799,350.0,173.0,,true
800,500.0,179.0,,false
801,500.0,407.0,,false
802,3300.0,28.0,,false
803,3300.0,24.0,,false
804,3300.0,29.0,,false
805,60.0,175.0,,false
806,60.0,197.0,,false
807,60.0,197.0,,false
808,60.0,227.0,,false
809,800.0,5.0,,false
810,60.0,95.0,,false
811,60.0,102.0,,false
812,60.0,95.0,,false
813,60.0,90.0,,false
814,60.0,108.0,,false
815,60.0,118.0,,false
816,60.0,84.0,,false
817,100.0,205.0,,false
818,100.0,248.0,,false
819,900.0,9.0,,false
820,1150.0,17.0,,false
821,1000.0,5.0,,false
822,1350.0,47.0,,true
823,500.0,57.0,,true
824,5000.0,19.0,,true
825,2200.0,132.0,,true
826,3500.0,317.0,,true
827,5000.0,600.0,,true
828,500.0,155.0,,true
829,125.0,457.0,,true
830,40.0,353.0,,true
831,350.0,148.0,,true
832,500.0,200.0,,false
833,500.0,433.0,,false
834,3300.0,27.0,,false
835,3300.0,21.0,,false
836,3300.0,22.0,,false
837,60.0,241.0,,false
838,60.0,244.0,,false
839,60.0,219.0,,false
840,60.0,195.0,,false
841,800.0,4.0,,false
842,60.0,98.0,,false
843,60.0,120.0,,false
844,60.0,108.0,,false
845,60.0,115.0,,false
846,60.0,98.0,,false
847,60.0,83.0,,false
848,60.0,106.0,,false
849,60.0,86.0,,false
850,100.0,239.0,,false
851,100.0,223.0,,false
852,900.0,8.0,,false
853,1150.0,17.0,,false
854,1000.0,5.0,,false
855,1350.0,50.0,,true
856,500.0,57.0,,true
857,5000.0,19.0,,true
858,2200.0,138.0,,true
859,3500.0,244.0,,true
860,5000.0,600.0,,true
861,500.0,151.0,,true
862,125.0,473.0,,true
863,40.0,442.0,,true
864,350.0,169.0,,true
865,500.0,176.0,,false
866,500.0,302.0,,false
867,3300.0,25.0,,false
868,3300.0,26.0,,false
869,3300.0,26.0,,false
870,60.0,204.0,,false
871,60.0,186.0,,false
872,60.0,164.0,,false
873,800.0,6.0,,false
874,60.0,115.0,,false
875,60.0,105.0,,false
876,60.0,84.0,,false
877,60.0,111.0,,false
878,60.0,88.0,,false
879,60.0,114.0,,false
880,60.0,89.0,,false
881,100.0,189.0,,false
882,100.0,207.0,,false
883,900.0,7.0,,false
884,1150.0,13.0,,false
885,1000.0,8.0,,false
886,1350.0,46.0,,true
887,500.0,56.0,,true
888,5000.0,17.0,,true
889,2200.0,140.0,,true
890,3500.0,225.0,,true
891,5000.0,600.0,,true
892,500.0,159.0,,true
893,125.0,536.0,,true
894,40.0,418.0,,true
895,350.0,177.0,,true
896,500.0,183.0,,false
897,500.0,324.0,,false
898,3300.0,26.0,,false
899,3300.0,24.0,,false
900,3300.0,30.0,,false
901,60.0,173.0,,false
902,60.0,241.0,,false
903,60.0,227.0,,false
904,60.0,216.0,,false
905,800.0,5.0,,false
906,60.0,88.0,,false
907,60.0,120.0,,false
908,60.0,111.0,,false
909,60.0,97.0,,false
910,60.0,104.0,,false
911,60.0,93.0,,false
912,60.0,117.0,,false
913,60.0,101.0,,false
914,60.0,108.0,,false
915,100.0,223.0,,false
916,100.0,244.0,,false
917,900.0,8.0,,false
918,1150.0,18.0,,false
919,1000.0,8.0,,false
920,1350.0,47.0,,true
921,500.0,60.0,,true
922,5000.0,17.0,,true
923,2200.0,139.0,,true
924,3500.0,243.0,,true
925,5000.0,600.0,,true
926,500.0,155.0,,true
927,125.0,457.0,,true
928,40.0,363.0,,true
929,350.0,170.0,,true
930,500.0,197.0,,false
931,500.0,566.0,,false
932,3300.0,26.0,,false
933,3300.0,22.0,,false
934,3300.0,28.0,,false
935,60.0,216.0,,false
936,60.0,151.0,,false
937,60.0,187.0,,false
938,60.0,177.0,,false
939,800.0,5.0,,false
940,60.0,82.0,,false
941,60.0,93.0,,false
942,60.0,88.0,,false
943,60.0,88.0,,false
944,60.0,117.0,,false
945,60.0,93.0,,false
946,60.0,90.0,,false
947,100.0,197.0,,false
948,100.0,198.0,,false
949,900.0,8.0,,false
950,1150.0,16.0,,false
951,1000.0,7.0,,false
952,1350.0,47.0,,true
953,500.0,58.0,,true
954,5000.0,16.0,,true
955,2200.0,135.0,,true
956,3500.0,362.0,,true
957,5000.0,600.0,,true
958,500.0,156.0,,true
959,125.0,547.0,,true
960,40.0,457.0,,true
961,350.0,149.0,,true
962,500.0,178.0,,false
963,500.0,478.0,,false
964,3300.0,25.0,,false
965,3300.0,30.0,,false
966,3300.0,30.0,,false
967,60.0,179.0,,false
968,60.0,216.0,,false
969,60.0,155.0,,false
970,60.0,155.0,,false
971,800.0,5.0,,false
972,60.0,83.0,,false
973,60.0,91.0,,false
974,60.0,111.0,,false
975,60.0,82.0,,false
976,60.0,115.0,,false
977,60.0,99.0,,false
978,60.0,118.0,,false
979,60.0,113.0,,false
980,60.0,113.0,,false
981,100.0,244.0,,false
982,100.0,249.0,,false
983,900.0,7.0,,false
984,1150.0,16.0,,false
985,1000.0,6.0,,false
986,1350.0,49.0,,true
987,500.0,58.0,,true
988,5000.0,19.0,,true
989,2200.0,133.0,,true
990,3500.0,220.0,,true
991,5000.0,600.0,,true
992,500.0,154.0,,true
993,125.0,529.0,,true
994,40.0,392.0,,true
995,350.0,174.0,,true
996,500.0,171.0,,false
997,500.0,316.0,,false
998,3300.0,27.0,,false
999,3300.0,25.0,,false
1000,3300.0,25.0,,false
1001,60.0,226.0,,false
1002,60.0,187.0,,false
1003,60.0,188.0,,false
1004,60.0,236.0,,false
1005,800.0,5.0,,false
1006,60.0,117.0,,false
1007,60.0,108.0,,false
1008,60.0,101.0,,false
1009,60.0,105.0,,false
1010,60.0,94.0,,false
1011,60.0,96.0,,false
1012,60.0,87.0,,false
1013,60.0,106.0,,false
1014,60.0,101.0,,false
1015,100.0,207.0,,false
1016,100.0,230.0,,false
1017,900.0,10.0,,false
1018,1150.0,17.0,,false
1019,1000.0,6.0,,false
1020,1350.0,50.0,,true
1021,500.0,60.0,,true
1022,5000.0,20.0,,true
1023,2200.0,134.0,,true
1024,3500.0,259.0,,true
1025,5000.0,600.0,,true
1026,500.0,149.0,,true
1027,125.0,460.0,,true
1028,40.0,357.0,,true
1029,350.0,156.0,,true
1030,500.0,186.0,,false
1031,500.0,515.0,,false
1032,3300.0,22.0,,false
1033,3300.0,22.0,,false
1034,3300.0,28.0,,false
1035,60.0,208.0,,false
1036,60.0,202.0,,false
1037,60.0,211.0,,false
1038,60.0,195.0,,false
1039,800.0,6.0,,false
1040,60.0,106.0,,false
1041,60.0,93.0,,false
1042,60.0,113.0,,false
1043,60.0,111.0,,false
1044,60.0,82.0,,false
1045,60.0,116.0,,false
1046,60.0,108.0,,false
1047,60.0,105.0,,false
1048,100.0,250.0,,false
1049,100.0,191.0,,false
1050,900.0,7.0,,false
1051,1150.0,16.0,,false
1052,1000.0,5.0,,false
1053,1350.0,50.0,,true
1054,500.0,60.0,,true
1055,5000.0,20.0,,true
1056,2200.0,134.0,,true
1057,3500.0,367.0,,true
1058,5000.0,600.0,,true
1059,500.0,148.0,,true
1060,125.0,486.0,,true
1061,40.0,372.0,,true
1062,350.0,165.0,,true
1063,500.0,195.0,,false
1064,500.0,372.0,,false
1065,3300.0,24.0,,false
1066,3300.0,30.0,,false
1067,3300.0,26.0,,false
1068,60.0,240.0,,false
1069,60.0,188.0,,false
1070,60.0,209.0,,false
1071,60.0,221.0,,false
1072,800.0,4.0,,false
1073,60.0,85.0,,false
1074,60.0,81.0,,false
1075,60.0,84.0,,false
1076,60.0,120.0,,false
1077,60.0,101.0,,false
1078,60.0,105.0,,false
1079,60.0,96.0,,false
1080,100.0,197.0,,false
1081,100.0,239.0,,false
1082,900.0,9.0,,false
1083,1150.0,16.0,,false
1084,1000.0,7.0,,false
1085,1350.0,46.0,,true
1086,500.0,58.0,,true
1087,5000.0,20.0,,true
1088,2200.0,131.0,,true
1089,3500.0,317.0,,true
1090,5000.0,600.0,,true
1091,500.0,149.0,,true
1092,125.0,469.0,,true
1093,40.0,390.0,,true
1094,350.0,142.0,,true
1095,500.0,182.0,,false
1096,500.0,599.0,,false
1097,3300.0,21.0,,false
1098,3300.0,27.0,,false
1099,3300.0,21.0,,false
1100,60.0,152.0,,false
1101,60.0,162.0,,false
1102,60.0,211.0,,false
1103,60.0,176.0,,false
1104,800.0,6.0,,false
1105,60.0,98.0,,false
1106,60.0,106.0,,false
1107,60.0,94.0,,false
1108,60.0,112.0,,false
1109,60.0,103.0,,false
1110,60.0,117.0,,false
1111,100.0,187.0,,false
1112,100.0,240.0,,false
1113,900.0,9.0,,false
1114,1150.0,15.0,,false
1115,1000.0,7.0,,false
1116,1350.0,46.0,,true
1117,500.0,57.0,,true
1118,5000.0,20.0,,true
1119,2200.0,139.0,,true
1120,3500.0,309.0,,true
1121,5000.0,600.0,,true
1122,500.0,151.0,,true
1123,125.0,491.0,,true
1124,40.0,360.0,,true
1125,350.0,176.0,,true
1126,500.0,194.0,,false
1127,500.0,487.0,,false
1128,3300.0,28.0,,false
1129,3300.0,28.0,,false
1130,3300.0,28.0,,false
1131,60.0,172.0,,false
1132,60.0,224.0,,false
1133,60.0,230.0,,false
1134,60.0,168.0,,false
1135,800.0,6.0,,false
1136,60.0,90.0,,false
1137,60.0,112.0,,false
1138,60.0,114.0,,false
1139,60.0,87.0,,false
1140,60.0,110.0,,false
1141,60.0,101.0,,false
1142,100.0,232.0,,false
1143,100.0,190.0,,false
1144,900.0,10.0,,false
1145,1150.0,17.0,,false
1146,1000.0,5.0,,false
1147,1350.0,46.0,,true
1148,500.0,58.0,,true
1149,5000.0,19.0,,true
1150,2200.0,131.0,,true
1151,3500.0,235.0,,true
1152,5000.0,600.0,,true
1153,500.0,147.0,,true
1154,125.0,451.0,,true
1155,40.0,359.0,,true
1156,350.0,169.0,,true
1157,500.0,172.0,,false
1158,500.0,524.0,,false
1159,3300.0,30.0,,false
1160,3300.0,28.0,,false
1161,3300.0,30.0,,false
1162,60.0,236.0,,false
1163,60.0,191.0,,false
1164,60.0,194.0,,false
1165,60.0,182.0,,false
1166,800.0,4.0,,false
1167,60.0,97.0,,false
1168,60.0,115.0,,false
1169,60.0,84.0,,false
1170,60.0,113.0,,false
1171,60.0,114.0,,false
1172,60.0,85.0,,false
1173,60.0,103.0,,false
1174,60.0,118.0,,false
1175,60.0,98.0,,false
1176,60.0,99.0,,false
1177,100.0,202.0,,false
1178,100.0,216.0,,false
1179,900.0,10.0,,false
1180,1150.0,18.0,,false
1181,1000.0,5.0,,false
1182,1350.0,50.0,,true
1183,500.0,58.0,,true
1184,5000.0,16.0,,true
1185,2200.0,132.0,,true
1186,3500.0,281.0,,true
1187,5000.0,600.0,,true
1188,500.0,155.0,,true
1189,125.0,476.0,,true
1190,40.0,363.0,,true
1191,350.0,175.0,,true
1192,500.0,200.0,,false
1193,500.0,318.0,,false
1194,3300.0,25.0,,false
1195,3300.0,22.0,,false
1196,3300.0,29.0,,false
1197,60.0,196.0,,false
1198,60.0,211.0,,false
1199,60.0,185.0,,false
1200,60.0,235.0,,false
1201,800.0,5.0,,false
1202,60.0,120.0,,false
1203,60.0,100.0,,false
1204,60.0,117.0,,false
1205,60.0,91.0,,false
1206,60.0,95.0,,false
1207,60.0,95.0,,false
1208,60.0,99.0,,false
1209,60.0,114.0,,false
1210,100.0,183.0,,false
1211,100.0,218.0,,false
1212,900.0,9.0,,false
1213,1150.0,15.0,,false
1214,1000.0,7.0,,false
1215,1350.0,46.0,,true
1216,500.0,60.0,,true
1217,5000.0,19.0,,true
1218,2200.0,135.0,,true
1219,3500.0,399.0,,true
1220,5000.0,600.0,,true
1221,500.0,152.0,,true
1222,125.0,475.0,,true
1223,40.0,441.0,,true
1224,350.0,175.0,,true
1225,500.0,183.0,,false
1226,500.0,330.0,,false
1227,3300.0,25.0,,false
1228,3300.0,28.0,,false
1229,3300.0,23.0,,false
1230,60.0,247.0,,false
1231,60.0,231.0,,false
1232,60.0,164.0,,false
1233,800.0,4.0,,false
1234,60.0,94.0,,false
1235,60.0,108.0,,false
1236,60.0,116.0,,false
1237,60.0,85.0,,false
1238,60.0,111.0,,false
1239,60.0,82.0,,false
1240,60.0,113.0,,false
1241,60.0,81.0,,false
1242,60.0,105.0,,false
1243,60.0,118.0,,false
1244,100.0,189.0,,false
1245,100.0,226.0,,false
1246,900.0,10.0,,false
1247,1150.0,14.0,,false
1248,1000.0,5.0,,false
1249,1350.0,47.0,,true
1250,500.0,60.0,,true
1251,5000.0,18.0,,true
1252,2200.0,139.0,,true
1253,3500.0,291.0,,true
1254,5000.0,600.0,,true
1255,500.0,141.0,,true
1256,125.0,470.0,,true
1257,40.0,449.0,,true
1258,350.0,155.0,,true
1259,500.0,194.0,,false
1260,500.0,463.0,,false
1261,3300.0,29.0,,false
1262,3300.0,26.0,,false
1263,3300.0,25.0,,false
1264,60.0,196.0,,false
1265,60.0,227.0,,false
1266,60.0,220.0,,false
1267,60.0,199.0,,false
1268,800.0,6.0,,false
1269,60.0,116.0,,false
1270,60.0,110.0,,false
1271,60.0,118.0,,false
1272,60.0,118.0,,false
1273,60.0,120.0,,false
1274,60.0,112.0,,false
1275,60.0,104.0,,false
1276,100.0,227.0,,false
1277,100.0,214.0,,false
1278,900.0,10.0,,false
1279,1150.0,16.0,,false
1280,1000.0,5.0,,false
1281,1350.0,47.0,,true
1282,500.0,57.0,,true
1283,5000.0,18.0,,true
1284,2200.0,132.0,,true
1285,3500.0,361.0,,true
1286,5000.0,600.0,,true
1287,500.0,145.0,,true
1288,125.0,515.0,,true
1289,40.0,446.0,,true
1290,350.0,173.0,,true
1291,500.0,184.0,,false
1292,500.0,552.0,,false
1293,3300.0,29.0,,false
1294,3300.0,29.0,,false
1295,3300.0,21.0,,false
1296,60.0,158.0,,false
1297,60.0,243.0,,false
1298,60.0,240.0,,false
1299,800.0,4.0,,false
1300,60.0,97.0,,false
1301,60.0,96.0,,false
1302,60.0,113.0,,false
1303,60.0,119.0,,false
1304,60.0,107.0,,false
1305,60.0,81.0,,false
1306,100.0,204.0,,false
1307,100.0,239.0,,false
1308,900.0,10.0,,false
1309,1150.0,17.0,,false
1310,1000.0,7.0,,false
1311,1350.0,48.0,,true
1312,500.0,60.0,,true
1313,5000.0,19.0,,true
1314,2200.0,139.0,,true
1315,3500.0,298.0,,true
1316,5000.0,600.0,,true
1317,500.0,154.0,,true
1318,125.0,531.0,,true
1319,40.0,368.0,,true
1320,350.0,159.0,,true
1321,500.0,187.0,,false
1322,500.0,361.0,,false
1323,3300.0,22.0,,false
1324,3300.0,27.0,,false
1325,3300.0,22.0,,false
1326,60.0,247.0,,false
1327,60.0,226.0,,false
1328,60.0,210.0,,false
1329,60.0,207.0,,false
1330,800.0,4.0,,false
1331,60.0,89.0,,false
1332,60.0,82.0,,false
1333,60.0,91.0,,false
1334,60.0,86.0,,false
1335,60.0,95.0,,false
1336,60.0,94.0,,false
1337,100.0,246.0,,false
1338,100.0,201.0,,false
1339,900.0,10.0,,false
1340,1150.0,14.0,,false
1341,1000.0,6.0,,false
1342,1350.0,49.0,,true
1343,500.0,58.0,,true
1344,5000.0,17.0,,true
1345,2200.0,139.0,,true
1346,3500.0,397.0,,true
1347,5000.0,600.0,,true
1348,500.0,159.0,,true
1349,125.0,494.0,,true
1350,40.0,369.0,,true
1351,350.0,175.0,,true
1352,500.0,184.0,,false
1353,500.0,383.0,,false
1354,3300.0,29.0,,false
1355,3300.0,28.0,,false
1356,3300.0,28.0,,false
1357,60.0,192.0,,false
1358,60.0,228.0,,false
1359,60.0,161.0,,false
1360,60.0,196.0,,false
1361,800.0,5.0,,false
1362,60.0,82.0,,false
1363,60.0,108.0,,false
1364,60.0,81.0,,false
1365,60.0,89.0,,false
1366,60.0,98.0,,false
1367,60.0,104.0,,false
1368,60.0,102.0,,false
1369,60.0,82.0,,false
1370,100.0,189.0,,false
1371,100.0,203.0,,false
1372,900.0,9.0,,false
1373,1150.0,13.0,,false
1374,1000.0,7.0,,false
1375,1350.0,50.0,,true
1376,500.0,57.0,,true
1377,5000.0,20.0,,true
1378,2200.0,132.0,,true
1379,3500.0,203.0,,true
1380,5000.0,600.0,,true
1381,500.0,149.0,,true
1382,125.0,528.0,,true
1383,40.0,390.0,,true
1384,350.0,145.0,,true
1385,500.0,179.0,,false
1386,500.0,577.0,,false
1387,3300.0,24.0,,false
1388,3300.0,30.0,,false
1389,3300.0,28.0,,false
1390,60.0,151.0,,false
1391,60.0,182.0,,false
1392,60.0,152.0,,false
1393,800.0,6.0,,false
1394,60.0,83.0,,false
1395,60.0,95.0,,false
1396,60.0,83.0,,false
1397,60.0,117.0,,false
1398,60.0,110.0,,false
1399,60.0,91.0,,false
1400,60.0,102.0,,false
1401,100.0,194.0,,false
1402,100.0,231.0,,false
1403,900.0,9.0,,false
1404,1150.0,18.0,,false
1405,1000.0,6.0,,false
1406,1350.0,49.0,,true
1407,500.0,60.0,,true
1408,5000.0,19.0,,true
1409,2200.0,139.0,,true
1410,3500.0,267.0,,true
1411,5000.0,600.0,,true
1412,500.0,151.0,,true
1413,125.0,548.0,,true
1414,40.0,364.0,,true
1415,350.0,167.0,,true
1416,500.0,186.0,,false
1417,500.0,497.0,,false
1418,3300.0,21.0,,false
1419,3300.0,30.0,,false
1420,3300.0,25.0,,false
1421,60.0,209.0,,false
1422,60.0,192.0,,false
1423,60.0,152.0,,false
1424,800.0,5.0,,false
1425,60.0,110.0,,false
1426,60.0,98.0,,false
1427,60.0,110.0,,false
1428,60.0,112.0,,false
1429,60.0,114.0,,false
1430,60.0,95.0,,false
1431,60.0,87.0,,false
1432,60.0,88.0,,false
1433,100.0,182.0,,false
1434,100.0,214.0,,false
1435,900.0,7.0,,false
1436,1150.0,14.0,,false
1437,1000.0,7.0,,false
1438,1350.0,46.0,,true
1439,500.0,57.0,,true
1440,5000.0,17.0,,true
1441,2200.0,132.0,,true
1442,3500.0,337.0,,true
1443,5000.0,600.0,,true
1444,500.0,160.0,,true
1445,125.0,534.0,,true
1446,40.0,443.0,,true
1447,350.0,165.0,,true
1448,500.0,176.0,,false
1449,500.0,496.0,,false
1450,3300.0,28.0,,false
1451,3300.0,22.0,,false
1452,3300.0,28.0,,false
1453,60.0,161.0,,false
1454,60.0,198.0,,false
1455,60.0,211.0,,false
1456,800.0,5.0,,false
1457,60.0,89.0,,false
1458,60.0,81.0,,false
1459,60.0,95.0,,false
1460,60.0,117.0,,false
1461,60.0,109.0,,false
1462,60.0,83.0,,false
1463,60.0,85.0,,false
1464,60.0,96.0,,false
1465,60.0,108.0,,false
1466,60.0,117.0,,false
1467,100.0,209.0,,false
1468,100.0,234.0,,false
1469,900.0,9.0,,false
1470,1150.0,14.0,,false
1471,1000.0,5.0,,false
1472,1350.0,46.0,,true
1473,500.0,57.0,,true
1474,5000.0,19.0,,true
1475,2200.0,132.0,,true
1476,3500.0,289.0,,true
1477,5000.0,600.0,,true
1478,500.0,147.0,,true
1479,125.0,486.0,,true
1480,40.0,432.0,,true
1481,350.0,176.0,,true
1482,500.0,181.0,,false
1483,500.0,540.0,,false
1484,3300.0,25.0,,false
1485,3300.0,25.0,,false
1486,3300.0,21.0,,false
1487,60.0,191.0,,false
1488,60.0,158.0,,false
1489,60.0,192.0,,false
1490,800.0,5.0,,false
1491,60.0,104.0,,false
1492,60.0,101.0,,false
1493,60.0,101.0,,false
1494,60.0,111.0,,false
1495,60.0,117.0,,false
1496,60.0,94.0,,false
1497,100.0,249.0,,false
1498,100.0,217.0,,false
1499,900.0,8.0,,false
1500,1150.0,18.0,,false
1501,1000.0,6.0,,false
1502,1350.0,50.0,,true
1503,500.0,57.0,,true
1504,5000.0,17.0,,true
1505,2200.0,139.0,,true
1506,3500.0,380.0,,true
1507,5000.0,600.0,,true
1508,500.0,152.0,,true
1509,125.0,503.0,,true
1510,40.0,457.0,,true
1511,350.0,151.0,,true
1512,500.0,194.0,,false
1513,500.0,306.0,,false
1514,3300.0,25.0,,false
1515,3300.0,26.0,,false
1516,3300.0,22.0,,false
1517,60.0,201.0,,false
1518,60.0,183.0,,false
1519,60.0,233.0,,false
1520,800.0,6.0,,false
1521,60.0,102.0,,false
1522,60.0,98.0,,false
1523,60.0,108.0,,false
1524,60.0,112.0,,false
1525,60.0,99.0,,false
1526,60.0,106.0,,false
1527,60.0,85.0,,false
1528,60.0,97.0,,false
1529,100.0,236.0,,false
1530,100.0,240.0,,false
1531,900.0,10.0,,false
1532,1150.0,15.0,,false
1533,1000.0,6.0,,false
1534,1350.0,47.0,,true
1535,500.0,58.0,,true
1536,5000.0,16.0,,true
1537,2200.0,135.0,,true
1538,3500.0,390.0,,true
1539,5000.0,600.0,,true
1540,500.0,143.0,,true
1541,125.0,508.0,,true
1542,40.0,357.0,,true
1543,350.0,151.0,,true
1544,500.0,188.0,,false
1545,500.0,348.0,,false
1546,3300.0,22.0,,false
1547,3300.0,24.0,,false
1548,3300.0,26.0,,false
1549,60.0,179.0,,false
1550,60.0,195.0,,false
1551,60.0,178.0,,false
1552,60.0,181.0,,false
1553,800.0,6.0,,false
1554,60.0,105.0,,false
1555,60.0,94.0,,false
1556,60.0,98.0,,false
1557,60.0,94.0,,false
1558,60.0,87.0,,false
1559,60.0,118.0,,false
1560,60.0,93.0,,false
1561,60.0,115.0,,false
1562,60.0,87.0,,false
1563,60.0,94.0,,false
1564,100.0,192.0,,false
1565,100.0,241.0,,false
1566,900.0,8.0,,false
1567,1150.0,17.0,,false
1568,1000.0,7.0,,false
1569,1350.0,49.0,,true
1570,500.0,58.0,,true
1571,5000.0,16.0,,true
1572,2200.0,135.0,,true
1573,3500.0,260.0,,true
1574,5000.0,600.0,,true
1575,500.0,151.0,,true
1576,125.0,528.0,,true
1577,40.0,359.0,,true
1578,350.0,158.0,,true
1579,500.0,182.0,,false
1580,500.0,573.0,,false
1581,3300.0,23.0,,false
1582,3300.0,22.0,,false
1583,3300.0,30.0,,false
1584,60.0,225.0,,false
1585,60.0,158.0,,false
1586,60.0,212.0,,false
1587,800.0,5.0,,false
1588,60.0,113.0,,false
1589,60.0,102.0,,false
1590,60.0,107.0,,false
1591,60.0,87.0,,false
1592,60.0,90.0,,false
1593,60.0,94.0,,false
1594,100.0,205.0,,false
1595,100.0,188.0,,false
1596,900.0,8.0,,false
1597,1150.0,13.0,,false
1598,1000.0,6.0,,false
1599,1350.0,49.0,,true
1600,500.0,57.0,,true
1601,5000.0,17.0,,true
1602,2200.0,135.0,,true
1603,3500.0,381.0,,true
1604,5000.0,600.0,,true
1605,500.0,151.0,,true
1606,125.0,494.0,,true
1607,40.0,388.0,,true
1608,350.0,165.0,,true
1609,500.0,200.0,,false
1610,500.0,386.0,,false
1611,3300.0,29.0,,false
1612,3300.0,24.0,,false
1613,3300.0,22.0,,false
1614,60.0,234.0,,false
1615,60.0,217.0,,false
1616,60.0,208.0,,false
1617,60.0,208.0,,false
1618,800.0,4.0,,false
1619,60.0,96.0,,false
1620,60.0,87.0,,false
1621,60.0,106.0,,false
1622,60.0,102.0,,false
1623,60.0,99.0,,false
1624,60.0,83.0,,false
1625,60.0,108.0,,false
1626,60.0,81.0,,false
1627,60.0,107.0,,false
1628,60.0,84.0,,false
1629,100.0,250.0,,false
1630,100.0,193.0,,false
1631,900.0,8.0,,false
1632,1150.0,13.0,,false
1633,1000.0,8.0,,false
1634,1350.0,46.0,,true
1635,500.0,56.0,,true
1636,5000.0,20.0,,true
1637,2200.0,138.0,,true
1638,3500.0,235.0,,true
1639,5000.0,600.0,,true
1640,500.0,145.0,,true
1641,125.0,530.0,,true
1642,40.0,450.0,,true
1643,350.0,152.0,,true
1644,500.0,190.0,,false
1645,500.0,387.0,,false
1646,3300.0,27.0,,false
1647,3300.0,24.0,,false
1648,3300.0,23.0,,false
1649,60.0,205.0,,false
1650,60.0,231.0,,false
1651,60.0,152.0,,false
1652,800.0,6.0,,false
1653,60.0,117.0,,false
1654,60.0,84.0,,false
1655,60.0,110.0,,false
1656,60.0,96.0,,false
1657,60.0,118.0,,false
1658,60.0,86.0,,false
1659,60.0,85.0,,false
1660,60.0,86.0,,false
1661,100.0,209.0,,false
1662,100.0,222.0,,false
1663,900.0,8.0,,false
1664,1150.0,17.0,,false
1665,1000.0,5.0,,false
1666,1350.0,49.0,,true
1667,500.0,60.0,,true
1668,5000.0,19.0,,true
1669,2200.0,140.0,,true
1670,3500.0,226.0,,true
1671,5000.0,600.0,,true
1672,500.0,145.0,,true
1673,125.0,461.0,,true
1674,40.0,435.0,,true
1675,350.0,160.0,,true
1676,500.0,199.0,,false
1677,500.0,432.0,,false
1678,3300.0,26.0,,false
1679,3300.0,29.0,,false
1680,3300.0,22.0,,false
1681,60.0,220.0,,false
1682,60.0,175.0,,false
1683,60.0,175.0,,false
1684,800.0,4.0,,false
1685,60.0,90.0,,false
1686,60.0,110.0,,false
1687,60.0,98.0,,false
1688,60.0,84.0,,false
1689,60.0,97.0,,false
1690,60.0,91.0,,false
1691,60.0,81.0,,false
1692,100.0,245.0,,false
1693,100.0,186.0,,false
1694,900.0,7.0,,false
1695,1150.0,16.0,,false
1696,1000.0,7.0,,false
1697,1350.0,47.0,,true
1698,500.0,57.0,,true
1699,5000.0,20.0,,true
1700,2200.0,133.0,,true
1701,3500.0,365.0,,true
1702,5000.0,600.0,,true
1703,500.0,154.0,,true
1704,125.0,542.0,,true
1705,40.0,357.0,,true
1706,350.0,141.0,,true
1707,500.0,198.0,,false
1708,500.0,440.0,,false
1709,3300.0,25.0,,false
1710,3300.0,24.0,,false
1711,3300.0,23.0,,false
1712,60.0,224.0,,false
1713,60.0,209.0,,false
1714,60.0,224.0,,false
1715,800.0,6.0,,false
1716,60.0,108.0,,false
1717,60.0,106.0,,false
1718,60.0,102.0,,false
1719,60.0,113.0,,false
1720,60.0,86.0,,false
1721,60.0,90.0,,false
1722,100.0,202.0,,false
1723,100.0,237.0,,false
1724,900.0,9.0,,false
1725,1150.0,18.0,,false
1726,1000.0,5.0,,false
1727,1350.0,50.0,,true
1728,500.0,58.0,,true
1729,5000.0,16.0,,true
1730,2200.0,138.0,,true
1731,3500.0,378.0,,true
1732,5000.0,600.0,,true
1733,500.0,151.0,,true
1734,125.0,467.0,,true
1735,40.0,369.0,,true
1736,350.0,176.0,,true
1737,500.0,191.0,,false
1738,500.0,381.0,,false
1739,3300.0,30.0,,false
1740,3300.0,29.0,,false
1741,3300.0,28.0,,false
1742,60.0,246.0,,false
1743,60.0,190.0,,false
1744,60.0,249.0,,false
1745,60.0,232.0,,false
1746,800.0,4.0,,false
1747,60.0,99.0,,false
1748,60.0,94.0,,false
1749,60.0,97.0,,false
1750,60.0,105.0,,false
1751,60.0,109.0,,false
1752,60.0,105.0,,false
1753,100.0,222.0,,false
1754,100.0,205.0,,false
1755,900.0,8.0,,false
1756,1150.0,18.0,,false
1757,1000.0,8.0,,false
1758,1350.0,49.0,,true
1759,500.0,57.0,,true
1760,5000.0,19.0,,true
1761,2200.0,135.0,,true
1762,3500.0,202.0,,true
1763,5000.0,600.0,,true
1764,500.0,148.0,,true
1765,125.0,471.0,,true
1766,40.0,357.0,,true
1767,350.0,180.0,,true
1768,500.0,196.0,,false
1769,500.0,573.0,,false
1770,3300.0,22.0,,false
1771,3300.0,25.0,,false
1772,3300.0,30.0,,false
1773,60.0,220.0,,false
1774,60.0,222.0,,false
1775,60.0,162.0,,false
1776,60.0,195.0,,false
1777,800.0,6.0,,false
1778,60.0,113.0,,false
1779,60.0,119.0,,false
1780,60.0,92.0,,false
1781,60.0,115.0,,false
1782,60.0,98.0,,false
1783,60.0,105.0,,false
1784,60.0,111.0,,false
1785,60.0,88.0,,false
1786,60.0,86.0,,false
1787,100.0,186.0,,false
1788,100.0,233.0,,false
1789,900.0,8.0,,false
1790,1150.0,16.0,,false
1791,1000.0,5.0,,false
1792,1350.0,48.0,,true
1793,500.0,58.0,,true
1794,5000.0,16.0,,true
1795,2200.0,131.0,,true
1796,3500.0,376.0,,true
1797,5000.0,600.0,,true
1798,500.0,154.0,,true
1799,125.0,535.0,,true
1800,40.0,442.0,,true
1801,350.0,159.0,,true
1802,500.0,171.0,,false
1803,500.0,515.0,,false
1804,3300.0,22.0,,false
1805,3300.0,23.0,,false
1806,3300.0,22.0,,false
1807,60.0,225.0,,false
1808,60.0,179.0,,false
1809,60.0,170.0,,false
1810,60.0,171.0,,false
1811,800.0,6.0,,false
1812,60.0,116.0,,false
1813,60.0,116.0,,false
1814,60.0,90.0,,false
1815,60.0,107.0,,false
1816,60.0,111.0,,false
1817,60.0,111.0,,false
1818,100.0,233.0,,false
1819,100.0,182.0,,false
1820,900.0,7.0,,false
1821,1150.0,16.0,,false
1822,1000.0,5.0,,false
1823,1350.0,50.0,,true
1824,500.0,60.0,,true
1825,5000.0,18.0,,true
1826,2200.0,136.0,,true
1827,3500.0,359.0,,true
1828,5000.0,600.0,,true
1829,500.0,156.0,,true
1830,125.0,486.0,,true
1831,40.0,351.0,,true
1832,350.0,147.0,,true
1833,500.0,191.0,,false
1834,500.0,572.0,,false
1835,3300.0,26.0,,false
1836,3300.0,25.0,,false
1837,3300.0,24.0,,false
1838,60.0,174.0,,false
1839,60.0,153.0,,false
1840,60.0,180.0,,false
1841,800.0,4.0,,false
1842,60.0,92.0,,false
1843,60.0,88.0,,false
1844,60.0,114.0,,false
1845,60.0,92.0,,false
1846,60.0,94.0,,false
1847,60.0,107.0,,false
1848,60.0,82.0,,false
1849,60.0,114.0,,false
1850,100.0,222.0,,false
1851,100.0,187.0,,false
1852,900.0,10.0,,false
1853,1150.0,18.0,,false
1854,1000.0,6.0,,false
1855,1350.0,46.0,,true
1856,500.0,56.0,,true
1857,5000.0,16.0,,true
1858,2200.0,137.0,,true
1859,3500.0,238.0,,true
1860,5000.0,600.0,,true
1861,500.0,156.0,,true
1862,125.0,514.0,,true
1863,40.0,394.0,,true
1864,350.0,161.0,,true
1865,500.0,195.0,,false
1866,500.0,440.0,,false
1867,3300.0,28.0,,false
1868,3300.0,26.0,,false
1869,3300.0,25.0,,false
1870,60.0,202.0,,false
1871,60.0,190.0,,false
1872,60.0,153.0,,false
1873,60.0,223.0,,false
1874,800.0,6.0,,false
1875,60.0,97.0,,false
1876,60.0,108.0,,false
1877,60.0,117.0,,false
1878,60.0,108.0,,false
1879,60.0,119.0,,false
1880,60.0,119.0,,false
1881,100.0,198.0,,false
1882,100.0,187.0,,false
1883,900.0,10.0,,false
1884,1150.0,18.0,,false
1885,1000.0,6.0,,false
1886,1350.0,50.0,,true
1887,500.0,58.0,,true
1888,5000.0,18.0,,true
1889,2200.0,132.0,,true
1890,3500.0,287.0,,true
1891,5000.0,600.0,,true
1892,500.0,142.0,,true
1893,125.0,543.0,,true
1894,40.0,414.0,,true
1895,350.0,173.0,,true
1896,500.0,180.0,,false
1897,500.0,460.0,,false
1898,3300.0,27.0,,false
1899,3300.0,26.0,,false
1900,3300.0,24.0,,false
1901,60.0,176.0,,false
1902,60.0,199.0,,false
1903,60.0,201.0,,false
1904,60.0,167.0,,false
1905,800.0,6.0,,false
1906,60.0,111.0,,false
1907,60.0,84.0,,false
1908,60.0,98.0,,false
1909,60.0,100.0,,false
1910,60.0,109.0,,false
1911,60.0,105.0,,false
1912,60.0,83.0,,false
1913,100.0,195.0,,false
1914,100.0,218.0,,false
1915,900.0,7.0,,false
1916,1150.0,17.0,,false
1917,1000.0,6.0,,false
1918,1350.0,47.0,,true
1919,500.0,56.0,,true
1920,5000.0,18.0,,true
1921,2200.0,134.0,,true
1922,3500.0,376.0,,true
1923,5000.0,600.0,,true
1924,500.0,145.0,,true
1925,125.0,535.0,,true
1926,40.0,386.0,,true
1927,350.0,147.0,,true
1928,500.0,182.0,,false
1929,500.0,366.0,,false
1930,3300.0,26.0,,false
1931,3300.0,26.0,,false
1932,3300.0,25.0,,false
1933,60.0,225.0,,false
1934,60.0,160.0,,false
1935,60.0,231.0,,false
1936,60.0,234.0,,false
1937,800.0,6.0,,false
1938,60.0,85.0,,false
1939,60.0,120.0,,false
1940,60.0,89.0,,false
1941,60.0,106.0,,false
1942,60.0,111.0,,false
1943,60.0,103.0,,false
1944,60.0,103.0,,false
1945,60.0,110.0,,false
1946,60.0,94.0,,false
1947,100.0,233.0,,false
1948,100.0,244.0,,false
1949,900.0,9.0,,false
1950,1150.0,14.0,,false
1951,1000.0,6.0,,false
1952,1350.0,47.0,,true
1953,500.0,58.0,,true
1954,5000.0,17.0,,true
1955,2200.0,137.0,,true
1956,3500.0,315.0,,true
1957,5000.0,600.0,,true
1958,500.0,141.0,,true
1959,125.0,462.0,,true
1960,40.0,382.0,,true
1961,350.0,178.0,,true
1962,500.0,194.0,,false
1963,500.0,404.0,,false
1964,3300.0,29.0,,false
1965,3300.0,29.0,,false
1966,3300.0,24.0,,false
1967,60.0,180.0,,false
1968,60.0,217.0,,false
1969,60.0,248.0,,false
1970,60.0,157.0,,false
1971,800.0,5.0,,false
1972,60.0,102.0,,false
1973,60.0,99.0,,false
1974,60.0,102.0,,false
1975,60.0,107.0,,false
1976,60.0,118.0,,false
1977,60.0,85.0,,false
1978,60.0,90.0,,false
1979,60.0,119.0,,false
1980,60.0,96.0,,false
1981,100.0,221.0,,false
1982,100.0,207.0,,false
1983,900.0,9.0,,false
1984,1150.0,16.0,,false
1985,1000.0,6.0,,false
1986,1350.0,46.0,,true
1987,500.0,58.0,,true
1988,5000.0,16.0,,true
1989,2200.0,136.0,,true
1990,3500.0,308.0,,true
1991,5000.0,600.0,,true
1992,500.0,145.0,,true
1993,125.0,484.0,,true
1994,40.0,390.0,,true
1995,350.0,161.0,,true
1996,500.0,200.0,,false
1997,500.0,453.0,,false
1998,3300.0,21.0,,false
1999,3300.0,22.0,,false
2000,3300.0,23.0,,false
2001,60.0,188.0,,false
2002,60.0,179.0,,false
2003,60.0,182.0,,false
2004,800.0,5.0,,false
2005,60.0,106.0,,false
2006,60.0,98.0,,false
2007,60.0,90.0,,false
2008,60.0,117.0,,false
2009,60.0,96.0,,false
2010,60.0,81.0,,false
2011,60.0,96.0,,false
2012,60.0,98.0,,false
2013,100.0,188.0,,false
2014,100.0,206.0,,false
2015,900.0,9.0,,false
2016,1150.0,13.0,,false
2017,1000.0,6.0,,false
2018,1350.0,46.0,,true
2019,500.0,59.0,,true
2020,5000.0,17.0,,true
2021,2200.0,134.0,,true
2022,3500.0,373.0,,true
2023,5000.0,600.0,,true
2024,500.0,144.0,,true
2025,125.0,518.0,,true
2026,40.0,365.0,,true
2027,350.0,166.0,,true
2028,500.0,183.0,,false
2029,500.0,558.0,,false
2030,3300.0,27.0,,false
2031,3300.0,24.0,,false
2032,3300.0,23.0,,false
2033,60.0,226.0,,false
2034,60.0,182.0,,false
2035,60.0,213.0,,false
2036,60.0,194.0,,false
2037,800.0,5.0,,false
2038,60.0,88.0,,false
2039,60.0,99.0,,false
2040,60.0,102.0,,false
2041,60.0,93.0,,false
2042,60.0,90.0,,false
2043,60.0,89.0,,false
2044,60.0,112.0,,false
2045,100.0,183.0,,false
2046,100.0,243.0,,false
2047,900.0,8.0,,false
2048,1150.0,14.0,,false
2049,1000.0,5.0,,false
2050,1350.0,46.0,,true
2051,500.0,57.0,,true
2052,5000.0,16.0,,true
2053,2200.0,132.0,,true
2054,3500.0,298.0,,true
2055,5000.0,600.0,,true
2056,500.0,159.0,,true
2057,125.0,520.0,,true
2058,40.0,375.0,,true
2059,350.0,164.0,,true
2060,500.0,186.0,,false
2061,500.0,319.0,,false
2062,3300.0,21.0,,false
2063,3300.0,22.0,,false
2064,3300.0,23.0,,false
2065,60.0,241.0,,false
2066,60.0,207.0,,false
2067,60.0,250.0,,false
2068,800.0,6.0,,false
2069,60.0,101.0,,false
2070,60.0,114.0,,false
2071,60.0,113.0,,false
2072,60.0,99.0,,false
2073,60.0,107.0,,false
2074,60.0,98.0,,false
2075,60.0,88.0,,false
2076,60.0,91.0,,false
2077,60.0,82.0,,false
2078,100.0,204.0,,false
2079,100.0,247.0,,false
2080,900.0,8.0,,false
2081,1150.0,18.0,,false
2082,1000.0,6.0,,false
2083,1350.0,47.0,,true
2084,500.0,58.0,,true
2085,5000.0,20.0,,true
2086,2200.0,137.0,,true
2087,3500.0,259.0,,true
2088,5000.0,600.0,,true
2089,500.0,158.0,,true
2090,125.0,472.0,,true
2091,40.0,453.0,,true
2092,350.0,148.0,,true
2093,500.0,174.0,,false
2094,500.0,586.0,,false
2095,3300.0,21.0,,false
2096,3300.0,30.0,,false
2097,3300.0,24.0,,false
2098,60.0,219.0,,false
2099,60.0,219.0,,false
2100,60.0,180.0,,false
2101,800.0,4.0,,false
2102,60.0,107.0,,false
2103,60.0,85.0,,false
2104,60.0,93.0,,false
2105,60.0,81.0,,false
2106,60.0,120.0,,false
2107,60.0,115.0,,false
2108,100.0,205.0,,false
2109,100.0,225.0,,false
2110,900.0,7.0,,false
2111,1150.0,17.0,,false
2112,1000.0,6.0,,false
2113,1350.0,46.0,,true
2114,500.0,60.0,,true
2115,5000.0,16.0,,true
2116,2200.0,133.0,,true
2117,3500.0,230.0,,true
2118,5000.0,600.0,,true
2119,500.0,145.0,,true
2120,125.0,529.0,,true
2121,40.0,366.0,,true
2122,350.0,141.0,,true
2123,500.0,188.0,,false
2124,500.0,578.0,,false
2125,3300.0,22.0,,false
2126,3300.0,26.0,,false
2127,3300.0,26.0,,false
2128,60.0,160.0,,false
2129,60.0,153.0,,false
2130,60.0,186.0,,false
2131,800.0,6.0,,false
2132,60.0,112.0,,false
2133,60.0,90.0,,false
2134,60.0,119.0,,false
2135,60.0,87.0,,false
2136,60.0,103.0,,false
2137,60.0,95.0,,false
2138,60.0,118.0,,false
2139,60.0,96.0,,false
2140,60.0,116.0,,false
2141,100.0,204.0,,false
2142,100.0,204.0,,false
2143,900.0,7.0,,false
2144,1150.0,14.0,,false
2145,1000.0,5.0,,false
2146,1350.0,49.0,,true
2147,500.0,59.0,,true
2148,5000.0,16.0,,true
2149,2200.0,135.0,,true
2150,3500.0,297.0,,true
2151,5000.0,600.0,,true
2152,500.0,160.0,,true
2153,125.0,481.0,,true
2154,40.0,352.0,,true
2155,350.0,177.0,,true
2156,500.0,198.0,,false
2157,500.0,317.0,,false
2158,3300.0,25.0,,false
2159,3300.0,28.0,,false
2160,3300.0,21.0,,false
2161,60.0,168.0,,false
2162,60.0,198.0,,false
2163,60.0,173.0,,false
2164,60.0,174.0,,false
2165,800.0,4.0,,false
2166,60.0,104.0,,false
2167,60.0,117.0,,false
2168,60.0,112.0,,false
2169,60.0,102.0,,false
2170,60.0,94.0,,false
2171,60.0,93.0,,false
2172,60.0,105.0,,false
2173,60.0,97.0,,false
2174,100.0,247.0,,false
2175,100.0,215.0,,false
2176,900.0,9.0,,false
2177,1150.0,16.0,,false
2178,1000.0,8.0,,false
2179,1350.0,49.0,,true
2180,500.0,57.0,,true
2181,5000.0,16.0,,true
2182,2200.0,135.0,,true
2183,3500.0,294.0,,true
2184,5000.0,600.0,,true
2185,500.0,143.0,,true
2186,125.0,470.0,,true
2187,40.0,436.0,,true
2188,350.0,177.0,,true
2189,500.0,187.0,,false
2190,500.0,489.0,,false
2191,3300.0,23.0,,false
2192,3300.0,25.0,,false
2193,3300.0,28.0,,false
2194,60.0,155.0,,false
2195,60.0,237.0,,false
2196,60.0,250.0,,false
2197,60.0,244.0,,false
2198,800.0,5.0,,false
2199,60.0,90.0,,false
2200,60.0,105.0,,false
2201,60.0,87.0,,false
2202,60.0,107.0,,false
2203,60.0,116.0,,false
2204,60.0,91.0,,false
2205,60.0,87.0,,false
2206,60.0,92.0,,false
2207,100.0,183.0,,false
2208,100.0,190.0,,false
2209,900.0,10.0,,false
2210,1150.0,18.0,,false
2211,1000.0,6.0,,false
2212,1350.0,46.0,,true
2213,500.0,56.0,,true
2214,5000.0,19.0,,true
2215,2200.0,140.0,,true
2216,3500.0,202.0,,true
2217,5000.0,600.0,,true
2218,500.0,155.0,,true
2219,125.0,506.0,,true
2220,40.0,423.0,,true
2221,350.0,162.0,,true
2222,500.0,181.0,,false
2223,500.0,488.0,,false
2224,3300.0,24.0,,false
2225,3300.0,26.0,,false
2226,3300.0,23.0,,false
2227,60.0,248.0,,false
2228,60.0,179.0,,false
2229,60.0,161.0,,false
2230,60.0,199.0,,false
2231,800.0,6.0,,false
2232,60.0,82.0,,false
2233,60.0,113.0,,false
2234,60.0,108.0,,false
2235,60.0,82.0,,false
2236,60.0,86.0,,false
2237,60.0,102.0,,false
2238,60.0,111.0,,false
2239,60.0,105.0,,false
2240,100.0,244.0,,false
2241,100.0,222.0,,false
2242,900.0,7.0,,false
2243,1150.0,18.0,,false
2244,1000.0,6.0,,false
2245,1350.0,49.0,,true
2246,500.0,59.0,,true
2247,5000.0,20.0,,true
2248,2200.0,137.0,,true
2249,3500.0,237.0,,true
2250,5000.0,600.0,,true
2251,500.0,144.0,,true
2252,125.0,481.0,,true
2253,40.0,407.0,,true
2254,350.0,157.0,,true
2255,500.0,179.0,,false
2256,500.0,492.0,,false
2257,3300.0,23.0,,false
2258,3300.0,23.0,,false
2259,3300.0,21.0,,false
2260,60.0,206.0,,false
2261,60.0,236.0,,false
2262,60.0,174.0,,false
2263,60.0,164.0,,false
2264,800.0,4.0,,false
2265,60.0,97.0,,false
2266,60.0,90.0,,false
2267,60.0,109.0,,false
2268,60.0,120.0,,false
2269,60.0,95.0,,false
2270,60.0,97.0,,false
2271,60.0,110.0,,false
2272,60.0,114.0,,false
2273,60.0,113.0,,false
2274,60.0,90.0,,false
2275,100.0,197.0,,false
2276,100.0,187.0,,false
2277,900.0,7.0,,false
2278,1150.0,18.0,,false
2279,1000.0,6.0,,false
2280,1350.0,47.0,,true
2281,500.0,57.0,,true
2282,5000.0,19.0,,true
2283,2200.0,131.0,,true
2284,3500.0,275.0,,true
2285,5000.0,600.0,,true
2286,500.0,150.0,,true
2287,125.0,518.0,,true
2288,40.0,354.0,,true
2289,350.0,171.0,,true
2290,500.0,184.0,,false
2291,500.0,321.0,,false
2292,3300.0,29.0,,false
2293,3300.0,25.0,,false
2294,3300.0,30.0,,false
2295,60.0,208.0,,false
2296,60.0,158.0,,false
2297,60.0,204.0,,false
2298,60.0,157.0,,false
2299,800.0,5.0,,false
2300,60.0,82.0,,false
2301,60.0,106.0,,false
2302,60.0,97.0,,false
2303,60.0,88.0,,false
2304,60.0,81.0,,false
2305,60.0,116.0,,false
2306,60.0,81.0,,false
2307,60.0,109.0,,false
2308,60.0,102.0,,false
2309,60.0,93.0,,false
2310,100.0,209.0,,false
2311,100.0,198.0,,false
2312,900.0,10.0,,false
2313,1150.0,16.0,,false
2314,1000.0,8.0,,false
2315,1350.0,50.0,,true
2316,500.0,60.0,,true
2317,5000.0,17.0,,true
2318,2200.0,132.0,,true
2319,3500.0,216.0,,true
2320,5000.0,600.0,,true
2321,500.0,154.0,,true
2322,125.0,542.0,,true
2323,40.0,355.0,,true
2324,350.0,161.0,,true
2325,500.0,194.0,,false
2326,500.0,311.0,,false
2327,3300.0,23.0,,false
2328,3300.0,21.0,,false
2329,3300.0,28.0,,false
2330,60.0,165.0,,false
2331,60.0,185.0,,false
2332,60.0,172.0,,false
2333,800.0,6.0,,false
2334,60.0,120.0,,false
2335,60.0,113.0,,false
2336,60.0,95.0,,false
2337,60.0,87.0,,false
2338,60.0,89.0,,false
2339,60.0,87.0,,false
2340,100.0,194.0,,false
2341,100.0,212.0,,false
2342,900.0,9.0,,false
2343,1150.0,15.0,,false
2344,1000.0,8.0,,false
2345,1350.0,46.0,,true
2346,500.0,57.0,,true
2347,5000.0,18.0,,true
2348,2200.0,134.0,,true
2349,3500.0,247.0,,true
2350,5000.0,600.0,,true
2351,500.0,149.0,,true
2352,125.0,526.0,,true
2353,40.0,401.0,,true
2354,350.0,156.0,,true
2355,500.0,199.0,,false
2356,500.0,435.0,,false
2357,3300.0,26.0,,false
2358,3300.0,25.0,,false
2359,3300.0,23.0,,false
2360,60.0,211.0,,false
2361,60.0,163.0,,false
2362,60.0,197.0,,false
2363,60.0,175.0,,false
2364,800.0,4.0,,false
2365,60.0,85.0,,false
2366,60.0,107.0,,false
2367,60.0,107.0,,false
2368,60.0,98.0,,false
2369,60.0,103.0,,false
2370,60.0,107.0,,false
2371,100.0,194.0,,false
2372,100.0,186.0,,false
2373,900.0,10.0,,false
2374,1150.0,17.0,,false
2375,1000.0,7.0,,false
2376,1350.0,47.0,,true
2377,500.0,59.0,,true
2378,5000.0,17.0,,true
2379,2200.0,139.0,,true
2380,3500.0,337.0,,true
2381,5000.0,600.0,,true
2382,500.0,156.0,,true
2383,125.0,471.0,,true
2384,40.0,390.0,,true
2385,350.0,163.0,,true
2386,500.0,187.0,,false
2387,500.0,322.0,,false
2388,3300.0,22.0,,false
2389,3300.0,27.0,,false
2390,3300.0,22.0,,false
2391,60.0,177.0,,false
2392,60.0,173.0,,false
2393,60.0,157.0,,false
2394,800.0,6.0,,false
2395,60.0,100.0,,false
2396,60.0,85.0,,false
2397,60.0,88.0,,false
2398,60.0,90.0,,false
2399,60.0,85.0,,false
2400,60.0,83.0,,false
2401,100.0,222.0,,false
2402,100.0,232.0,,false
2403,900.0,7.0,,false
2404,1150.0,18.0,,false
2405,1000.0,5.0,,false
2406,1350.0,49.0,,true
2407,500.0,59.0,,true
2408,5000.0,20.0,,true
2409,2200.0,133.0,,true
2410,3500.0,255.0,,true
2411,5000.0,600.0,,true
2412,500.0,145.0,,true
2413,125.0,547.0,,true
2414,40.0,434.0,,true
2415,350.0,141.0,,true
2416,500.0,191.0,,false
2417,500.0,330.0,,false
2418,3300.0,22.0,,false
2419,3300.0,21.0,,false
2420,3300.0,25.0,,false
2421,60.0,229.0,,false
2422,60.0,155.0,,false
2423,60.0,206.0,,false
2424,800.0,4.0,,false
2425,60.0,120.0,,false
2426,60.0,89.0,,false
2427,60.0,98.0,,false
2428,60.0,104.0,,false
2429,60.0,100.0,,false
2430,60.0,91.0,,false
2431,60.0,89.0,,false
2432,60.0,106.0,,false
2433,60.0,98.0,,false
2434,100.0,241.0,,false
2435,100.0,204.0,,false
2436,900.0,7.0,,false
2437,1150.0,17.0,,false
2438,1000.0,7.0,,false
2439,1350.0,48.0,,true
2440,500.0,56.0,,true
2441,5000.0,18.0,,true
2442,2200.0,134.0,,true
2443,3500.0,227.0,,true
2444,5000.0,600.0,,true
2445,500.0,143.0,,true
2446,125.0,522.0,,true
2447,40.0,358.0,,true
2448,350.0,163.0,,true
2449,500.0,189.0,,false
2450,500.0,599.0,,false
2451,3300.0,21.0,,false
2452,3300.0,28.0,,false
2453,3300.0,21.0,,false
2454,60.0,220.0,,false
2455,60.0,162.0,,false
2456,60.0,229.0,,false
2457,60.0,194.0,,false
2458,800.0,5.0,,false
2459,60.0,89.0,,false
2460,60.0,116.0,,false
2461,60.0,120.0,,false
2462,60.0,113.0,,false
2463,60.0,82.0,,false
2464,60.0,107.0,,false
2465,60.0,112.0,,false
2466,60.0,93.0,,false
2467,60.0,117.0,,false
2468,100.0,216.0,,false
2469,100.0,234.0,,false
2470,900.0,9.0,,false
2471,1150.0,13.0,,false
2472,1000.0,6.0,,false
2473,1350.0,46.0,,true
2474,500.0,58.0,,true
2475,5000.0,17.0,,true
2476,2200.0,138.0,,true
2477,3500.0,324.0,,true
2478,5000.0,600.0,,true
2479,500.0,155.0,,true
2480,125.0,468.0,,true
2481,40.0,405.0,,true
2482,350.0,149.0,,true
2483,500.0,172.0,,false
2484,500.0,461.0,,false
2485,3300.0,27.0,,false
2486,3300.0,22.0,,false
2487,3300.0,25.0,,false
2488,60.0,211.0,,false
2489,60.0,190.0,,false
2490,60.0,250.0,,false
2491,60.0,186.0,,false
2492,800.0,6.0,,false
2493,60.0,104.0,,false
2494,60.0,95.0,,false
2495,60.0,119.0,,false
2496,60.0,110.0,,false
2497,60.0,103.0,,false
2498,60.0,113.0,,false
2499,100.0,240.0,,false
2500,100.0,235.0,,false
2501,900.0,8.0,,false
2502,1150.0,16.0,,false
2503,1000.0,5.0,,false
2504,1350.0,47.0,,true
2505,500.0,56.0,,true
2506,5000.0,17.0,,true
2507,2200.0,139.0,,true
2508,3500.0,284.0,,true
2509,5000.0,600.0,,true
2510,500.0,152.0,,true
2511,125.0,547.0,,true
2512,40.0,405.0,,true
2513,350.0,177.0,,true
2514,500.0,174.0,,false
2515,500.0,312.0,,false
2516,3300.0,23.0,,false
2517,3300.0,22.0,,false
2518,3300.0,27.0,,false
2519,60.0,162.0,,false
2520,60.0,220.0,,false
2521,60.0,199.0,,false
2522,800.0,5.0,,false
2523,60.0,112.0,,false
2524,60.0,94.0,,false
2525,60.0,101.0,,false
2526,60.0,85.0,,false
2527,60.0,104.0,,false
2528,60.0,120.0,,false
2529,60.0,89.0,,false
2530,60.0,94.0,,false
2531,60.0,119.0,,false
2532,100.0,205.0,,false
2533,100.0,197.0,,false
2534,900.0,9.0,,false
2535,1150.0,16.0,,false
2536,1000.0,5.0,,false
2537,1350.0,49.0,,true
2538,500.0,57.0,,true
2539,5000.0,20.0,,true
2540,2200.0,132.0,,true
2541,3500.0,231.0,,true
2542,5000.0,600.0,,true
2543,500.0,157.0,,true
2544,125.0,500.0,,true
2545,40.0,384.0,,true
2546,350.0,154.0,,true
2547,500.0,194.0,,false
2548,500.0,370.0,,false
2549,3300.0,28.0,,false
2550,3300.0,28.0,,false
2551,3300.0,21.0,,false
2552,60.0,176.0,,false
2553,60.0,175.0,,false
2554,60.0,232.0,,false
2555,60.0,171.0,,false
2556,800.0,6.0,,false
2557,60.0,95.0,,false
2558,60.0,112.0,,false
2559,60.0,93.0,,false
2560,60.0,110.0,,false
2561,60.0,89.0,,false
2562,60.0,94.0,,false
2563,60.0,96.0,,false
2564,60.0,85.0,,false
2565,60.0,89.0,,false
2566,100.0,217.0,,false
2567,100.0,227.0,,false
2568,900.0,7.0,,false
2569,1150.0,14.0,,false
2570,1000.0,8.0,,false
2571,1350.0,48.0,,true
2572,500.0,60.0,,true
2573,5000.0,16.0,,true
2574,2200.0,134.0,,true
2575,3500.0,230.0,,true
2576,5000.0,600.0,,true
2577,500.0,141.0,,true
2578,125.0,518.0,,true
2579,40.0,365.0,,true
2580,350.0,145.0,,true
2581,500.0,182.0,,false
2582,500.0,439.0,,false
2583,3300.0,23.0,,false
2584,3300.0,21.0,,false
2585,3300.0,21.0,,false
2586,60.0,195.0,,false
2587,60.0,207.0,,false
2588,60.0,206.0,,false
2589,60.0,191.0,,false
2590,800.0,6.0,,false
2591,60.0,86.0,,false
2592,60.0,92.0,,false
2593,60.0,103.0,,false
2594,60.0,115.0,,false
2595,60.0,114.0,,false
2596,60.0,102.0,,false
2597,60.0,116.0,,false
2598,60.0,88.0,,false
2599,60.0,114.0,,false
2600,60.0,97.0,,false
2601,100.0,205.0,,false
2602,100.0,225.0,,false
2603,900.0,7.0,,false
2604,1150.0,13.0,,false
2605,1000.0,5.0,,false
2606,1350.0,46.0,,true
2607,500.0,59.0,,true
2608,5000.0,20.0,,true
2609,2200.0,138.0,,true
2610,3500.0,311.0,,true
2611,5000.0,600.0,,true
2612,500.0,148.0,,true
2613,125.0,511.0,,true
2614,40.0,358.0,,true
2615,350.0,167.0,,true
2616,500.0,194.0,,false
2617,500.0,398.0,,false
2618,3300.0,28.0,,false
2619,3300.0,23.0,,false
2620,3300.0,21.0,,false
2621,60.0,226.0,,false
2622,60.0,215.0,,false
2623,60.0,168.0,,false
2624,800.0,4.0,,false
2625,60.0,84.0,,false
2626,60.0,89.0,,false
2627,60.0,120.0,,false
2628,60.0,94.0,,false
2629,60.0,116.0,,false
2630,60.0,89.0,,false
2631,60.0,117.0,,false
2632,60.0,86.0,,false
2633,60.0,82.0,,false
2634,100.0,247.0,,false
2635,100.0,230.0,,false
2636,900.0,7.0,,false
2637,1150.0,18.0,,false
2638,1000.0,8.0,,false
2639,1350.0,48.0,,true
2640,500.0,59.0,,true
2641,5000.0,19.0,,true
2642,2200.0,137.0,,true
2643,3500.0,280.0,,true
2644,5000.0,600.0,,true
2645,500.0,152.0,,true
2646,125.0,470.0,,true
2647,40.0,419.0,,true
2648,350.0,172.0,,true
2649,500.0,181.0,,false
2650,500.0,423.0,,false
2651,3300.0,23.0,,false
2652,3300.0,22.0,,false
2653,3300.0,29.0,,false
2654,60.0,243.0,,false
2655,60.0,172.0,,false
2656,60.0,190.0,,false
2657,800.0,4.0,,false
2658,60.0,119.0,,false
2659,60.0,109.0,,false
2660,60.0,120.0,,false
2661,60.0,99.0,,false
2662,60.0,115.0,,false
2663,60.0,86.0,,false
2664,60.0,88.0,,false
2665,60.0,112.0,,false
2666,60.0,90.0,,false
2667,60.0,85.0,,false
2668,100.0,225.0,,false
2669,100.0,249.0,,false
2670,900.0,8.0,,false
2671,1150.0,14.0,,false
2672,1000.0,7.0,,false
2673,1350.0,48.0,,true
2674,500.0,57.0,,true
2675,5000.0,19.0,,true
2676,2200.0,138.0,,true
2677,3500.0,383.0,,true
2678,5000.0,600.0,,true
2679,500.0,149.0,,true
2680,125.0,543.0,,true
2681,40.0,419.0,,true
2682,350.0,144.0,,true
2683,500.0,191.0,,false
2684,500.0,392.0,,false
2685,3300.0,23.0,,false
2686,3300.0,21.0,,false
2687,3300.0,26.0,,false
2688,60.0,190.0,,false
2689,60.0,234.0,,false
2690,60.0,191.0,,false
2691,800.0,5.0,,false
2692,60.0,85.0,,false
2693,60.0,119.0,,false
2694,60.0,96.0,,false
2695,60.0,98.0,,false
2696,60.0,94.0,,false
2697,60.0,115.0,,false
2698,100.0,249.0,,false
2699,100.0,203.0,,false
2700,900.0,7.0,,false
2701,1150.0,15.0,,false
2702,1000.0,8.0,,false
2703,1350.0,49.0,,true
2704,500.0,59.0,,true
2705,5000.0,18.0,,true
2706,2200.0,132.0,,true
2707,3500.0,251.0,,true
2708,5000.0,600.0,,true
2709,500.0,160.0,,true
2710,125.0,495.0,,true
2711,40.0,435.0,,true
2712,350.0,175.0,,true
2713,500.0,190.0,,false
2714,500.0,495.0,,false
2715,3300.0,26.0,,false
2716,3300.0,25.0,,false
2717,3300.0,28.0,,false
2718,60.0,223.0,,false
2719,60.0,153.0,,false
2720,60.0,165.0,,false
2721,60.0,158.0,,false
2722,800.0,5.0,,false
2723,60.0,85.0,,false
2724,60.0,91.0,,false
2725,60.0,111.0,,false
2726,60.0,116.0,,false
2727,60.0,88.0,,false
2728,60.0,104.0,,false
2729,60.0,101.0,,false
2730,100.0,244.0,,false
2731,100.0,197.0,,false
2732,900.0,9.0,,false
2733,1150.0,17.0,,false
2734,1000.0,5.0,,false
2735,1350.0,48.0,,true
2736,500.0,56.0,,true
2737,5000.0,18.0,,true
2738,2200.0,138.0,,true
2739,3500.0,396.0,,true
2740,5000.0,600.0,,true
2741,500.0,154.0,,true
2742,125.0,486.0,,true
2743,40.0,369.0,,true
2744,350.0,146.0,,true
2745,500.0,195.0,,false
2746,500.0,371.0,,false
2747,3300.0,29.0,,false
2748,3300.0,26.0,,false
2749,3300.0,29.0,,false
2750,60.0,171.0,,false
2751,60.0,168.0,,false
2752,60.0,195.0,,false
2753,60.0,214.0,,false
2754,800.0,6.0,,false
2755,60.0,116.0,,false
2756,60.0,87.0,,false
2757,60.0,108.0,,false
2758,60.0,93.0,,false
2759,60.0,97.0,,false
2760,60.0,120.0,,false
2761,60.0,94.0,,false
2762,60.0,113.0,,false
2763,60.0,87.0,,false
2764,60.0,96.0,,false
2765,100.0,200.0,,false
2766,100.0,205.0,,false
2767,900.0,10.0,,false
2768,1150.0,18.0,,false
2769,1000.0,5.0,,false
2770,1350.0,47.0,,true
2771,500.0,60.0,,true
2772,5000.0,16.0,,true
2773,2200.0,132.0,,true
2774,3500.0,393.0,,true
2775,5000.0,600.0,,true
2776,500.0,152.0,,true
2777,125.0,526.0,,true
2778,40.0,376.0,,true
2779,350.0,149.0,,true
2780,500.0,194.0,,false
2781,500.0,500.0,,false
2782,3300.0,28.0,,false
2783,3300.0,22.0,,false
2784,3300.0,26.0,,false
2785,60.0,192.0,,false
2786,60.0,173.0,,false
2787,60.0,208.0,,false
2788,800.0,6.0,,false
2789,60.0,109.0,,false
2790,60.0,82.0,,false
2791,60.0,111.0,,false
2792,60.0,116.0,,false
2793,60.0,111.0,,false
2794,60.0,102.0,,false
2795,60.0,115.0,,false
2796,60.0,102.0,,false
2797,100.0,184.0,,false
2798,100.0,243.0,,false
2799,900.0,9.0,,false
2800,1150.0,16.0,,false
2801,1000.0,5.0,,false
2802,1350.0,46.0,,true
2803,500.0,59.0,,true
2804,5000.0,17.0,,true
2805,2200.0,140.0,,true
2806,3500.0,396.0,,true
2807,5000.0,600.0,,true
2808,500.0,159.0,,true
2809,125.0,525.0,,true
2810,40.0,400.0,,true
2811,350.0,141.0,,true
2812,500.0,197.0,,false
2813,500.0,496.0,,false
2814,3300.0,28.0,,false
2815,3300.0,27.0,,false
2816,3300.0,29.0,,false
2817,60.0,202.0,,false
2818,60.0,177.0,,false
2819,60.0,155.0,,false
2820,800.0,4.0,,false
2821,60.0,111.0,,false
2822,60.0,115.0,,false
2823,60.0,98.0,,false
2824,60.0,116.0,,false
2825,60.0,91.0,,false
2826,60.0,102.0,,false
2827,100.0,209.0,,false
2828,100.0,235.0,,false
2829,900.0,7.0,,false
2830,1150.0,18.0,,false
2831,1000.0,6.0,,false
2832,1350.0,49.0,,true
2833,500.0,56.0,,true
2834,5000.0,19.0,,true
2835,2200.0,140.0,,true
2836,3500.0,276.0,,true
2837,5000.0,600.0,,true
2838,500.0,143.0,,true
2839,125.0,477.0,,true
2840,40.0,359.0,,true
2841,350.0,170.0,,true
2842,500.0,199.0,,false
2843,500.0,405.0,,false
2844,3300.0,23.0,,false
2845,3300.0,29.0,,false
2846,3300.0,27.0,,false
2847,60.0,232.0,,false
2848,60.0,220.0,,false
2849,60.0,210.0,,false
2850,800.0,4.0,,false
2851,60.0,114.0,,false
2852,60.0,118.0,,false
2853,60.0,97.0,,false
2854,60.0,90.0,,false
2855,60.0,107.0,,false
2856,60.0,81.0,,false
2857,60.0,103.0,,false
2858,60.0,120.0,,false
2859,60.0,112.0,,false
2860,60.0,113.0,,false
2861,100.0,217.0,,false
2862,100.0,224.0,,false
2863,900.0,10.0,,false
2864,1150.0,17.0,,false
2865,1000.0,8.0,,false
2866,1350.0,47.0,,true
2867,500.0,60.0,,true
2868,5000.0,17.0,,true
2869,2200.0,134.0,,true
2870,3500.0,221.0,,true
2871,5000.0,600.0,,true
2872,500.0,145.0,,true
2873,125.0,533.0,,true
2874,40.0,430.0,,true
2875,350.0,164.0,,true
2876,500.0,186.0,,false
2877,500.0,412.0,,false
2878,3300.0,22.0,,false
2879,3300.0,25.0,,false
2880,3300.0,27.0,,false
2881,60.0,225.0,,false
2882,60.0,172.0,,false
2883,60.0,192.0,,false
2884,800.0,5.0,,false
2885,60.0,105.0,,false
2886,60.0,95.0,,false
2887,60.0,119.0,,false
2888,60.0,96.0,,false
2889,60.0,86.0,,false
2890,60.0,91.0,,false
2891,60.0,89.0,,false
2892,60.0,98.0,,false
2893,60.0,111.0,,false
2894,60.0,91.0,,false
2895,100.0,247.0,,false
2896,100.0,205.0,,false
2897,900.0,8.0,,false
2898,1150.0,18.0,,false
2899,1000.0,6.0,,false
2900,1350.0,48.0,,true
2901,500.0,58.0,,true
2902,5000.0,18.0,,true
2903,2200.0,134.0,,true
2904,3500.0,229.0,,true
2905,5000.0,600.0,,true
2906,500.0,148.0,,true
2907,125.0,453.0,,true
2908,40.0,412.0,,true
2909,350.0,166.0,,true
2910,500.0,183.0,,false
2911,500.0,544.0,,false
2912,3300.0,29.0,,false
2913,3300.0,27.0,,false
2914,3300.0,21.0,,false
2915,60.0,244.0,,false
2916,60.0,244.0,,false
2917,60.0,216.0,,false
2918,800.0,4.0,,false
2919,60.0,86.0,,false
2920,60.0,92.0,,false
2921,60.0,104.0,,false
2922,60.0,93.0,,false
2923,60.0,100.0,,false
2924,60.0,102.0,,false
2925,60.0,104.0,,false
2926,100.0,186.0,,false
2927,100.0,224.0,,false
2928,900.0,10.0,,false
2929,1150.0,16.0,,false
2930,1000.0,7.0,,false
2931,1350.0,50.0,,true
2932,500.0,57.0,,true
2933,5000.0,20.0,,true
2934,2200.0,138.0,,true
2935,3500.0,290.0,,true
2936,5000.0,600.0,,true
2937,500.0,155.0,,true
2938,125.0,500.0,,true
2939,40.0,444.0,,true
2940,350.0,152.0,,true
2941,500.0,175.0,,false
2942,500.0,353.0,,false
2943,3300.0,22.0,,false
2944,3300.0,30.0,,false
2945,3300.0,30.0,,false
2946,60.0,248.0,,false
2947,60.0,224.0,,false
2948,60.0,158.0,,false
2949,800.0,5.0,,false
2950,60.0,101.0,,false
2951,60.0,81.0,,false
2952,60.0,97.0,,false
2953,60.0,107.0,,false
2954,60.0,87.0,,false
2955,60.0,89.0,,false
2956,60.0,119.0,,false
2957,60.0,112.0,,false
2958,60.0,117.0,,false
2959,100.0,183.0,,false
2960,100.0,233.0,,false
2961,900.0,7.0,,false
2962,1150.0,17.0,,false
2963,1000.0,6.0,,false
2964,1350.0,46.0,,true
2965,500.0,56.0,,true
2966,5000.0,16.0,,true
2967,2200.0,132.0,,true
2968,3500.0,265.0,,true
2969,5000.0,600.0,,true
2970,500.0,149.0,,true
2971,125.0,526.0,,true
2972,40.0,453.0,,true
2973,350.0,147.0,,true
2974,500.0,174.0,,false
2975,500.0,349.0,,false
2976,3300.0,29.0,,false
2977,3300.0,28.0,,false
2978,3300.0,26.0,,false
2979,60.0,168.0,,false
2980,60.0,188.0,,false
2981,60.0,226.0,,false
2982,60.0,244.0,,false
2983,800.0,4.0,,false
2984,60.0,117.0,,false
2985,60.0,83.0,,false
2986,60.0,83.0,,false
2987,60.0,108.0,,false
2988,60.0,98.0,,false
2989,60.0,110.0,,false
2990,100.0,240.0,,false
2991,100.0,219.0,,false
2992,900.0,7.0,,false
2993,1150.0,15.0,,false
2994,1000.0,8.0,,false
2995,1350.0,49.0,,true
2996,500.0,59.0,,true
2997,5000.0,20.0,,true
2998,2200.0,140.0,,true
2999,3500.0,399.0,,true
3000,5000.0,600.0,,true
3001,500.0,141.0,,true
3002,125.0,537.0,,true
3003,40.0,362.0,,true
3004,350.0,150.0,,true
3005,500.0,194.0,,false
3006,500.0,333.0,,false
3007,3300.0,25.0,,false
3008,3300.0,27.0,,false
3009,3300.0,30.0,,false
3010,60.0,159.0,,false
3011,60.0,209.0,,false
3012,60.0,170.0,,false
3013,800.0,6.0,,false
3014,60.0,99.0,,false
3015,60.0,91.0,,false
3016,60.0,81.0,,false
3017,60.0,116.0,,false
3018,60.0,120.0,,false
3019,60.0,87.0,,false
3020,60.0,88.0,,false
3021,100.0,211.0,,false
3022,100.0,219.0,,false
3023,900.0,7.0,,false
3024,1150.0,16.0,,false
3025,1000.0,7.0,,false
3026,1350.0,50.0,,true
3027,500.0,57.0,,true
3028,5000.0,18.0,,true
3029,2200.0,137.0,,true
3030,3500.0,272.0,,true
3031,5000.0,600.0,,true
3032,500.0,149.0,,true
3033,125.0,496.0,,true
3034,40.0,448.0,,true
3035,350.0,146.0,,true
3036,500.0,192.0,,false
3037,500.0,542.0,,false
3038,3300.0,28.0,,false
3039,3300.0,30.0,,false
3040,3300.0,22.0,,false
3041,60.0,216.0,,false
3042,60.0,236.0,,false
3043,60.0,206.0,,false
3044,800.0,5.0,,false
3045,60.0,110.0,,false
3046,60.0,96.0,,false
3047,60.0,97.0,,false
3048,60.0,117.0,,false
3049,60.0,109.0,,false
3050,60.0,108.0,,false
3051,60.0,109.0,,false
3052,60.0,109.0,,false
3053,60.0,85.0,,false
3054,60.0,83.0,,false
3055,100.0,207.0,,false
3056,100.0,243.0,,false
3057,900.0,9.0,,false
3058,1150.0,18.0,,false
3059,1000.0,6.0,,false
3060,1350.0,46.0,,true
3061,500.0,56.0,,true
3062,5000.0,18.0,,true
3063,2200.0,133.0,,true
3064,3500.0,304.0,,true
3065,5000.0,600.0,,true
3066,500.0,158.0,,true
3067,125.0,464.0,,true
3068,40.0,435.0,,true
3069,350.0,176.0,,true
3070,500.0,181.0,,false
3071,500.0,318.0,,false
3072,3300.0,25.0,,false
3073,3300.0,27.0,,false
3074,3300.0,23.0,,false
3075,60.0,174.0,,false
3076,60.0,242.0,,false
3077,60.0,184.0,,false
3078,60.0,170.0,,false
3079,800.0,5.0,,false
3080,60.0,118.0,,false
3081,60.0,111.0,,false
3082,60.0,99.0,,false
3083,60.0,83.0,,false
3084,60.0,109.0,,false
3085,60.0,120.0,,false
3086,60.0,104.0,,false
3087,60.0,86.0,,false
3088,60.0,103.0,,false
3089,100.0,230.0,,false
3090,100.0,200.0,,false
3091,900.0,7.0,,false
3092,1150.0,15.0,,false
3093,1000.0,6.0,,false
3094,1350.0,49.0,,true
3095,500.0,58.0,,true
3096,5000.0,17.0,,true
3097,2200.0,138.0,,true
3098,3500.0,228.0,,true
3099,5000.0,600.0,,true
3100,500.0,159.0,,true
3101,125.0,481.0,,true
3102,40.0,425.0,,true
3103,350.0,162.0,,true
3104,500.0,174.0,,false
3105,500.0,337.0,,false
3106,3300.0,25.0,,false
3107,3300.0,28.0,,false
3108,3300.0,30.0,,false
3109,60.0,247.0,,false
3110,60.0,169.0,,false
3111,60.0,187.0,,false
3112,800.0,5.0,,false
3113,60.0,103.0,,false
3114,60.0,119.0,,false
3115,60.0,90.0,,false
3116,60.0,82.0,,false
3117,60.0,97.0,,false
3118,60.0,118.0,,false
3119,60.0,98.0,,false
3120,60.0,105.0,,false
3121,60.0,101.0,,false
3122,100.0,238.0,,false
3123,100.0,205.0,,false
3124,900.0,9.0,,false
3125,1150.0,14.0,,false
3126,1000.0,5.0,,false
3127,1350.0,46.0,,true
3128,500.0,59.0,,true
3129,5000.0,20.0,,true
3130,2200.0,134.0,,true
3131,3500.0,218.0,,true
3132,5000.0,600.0,,true
3133,500.0,158.0,,true
3134,125.0,485.0,,true
3135,40.0,404.0,,true
3136,350.0,155.0,,true
3137,500.0,196.0,,false
3138,500.0,320.0,,false
3139,3300.0,30.0,,false
3140,3300.0,29.0,,false
3141,3300.0,24.0,,false
3142,60.0,159.0,,false
3143,60.0,241.0,,false
3144,60.0,179.0,,false
3145,60.0,160.0,,false
3146,800.0,4.0,,false
3147,60.0,103.0,,false
3148,60.0,111.0,,false
3149,60.0,102.0,,false
3150,60.0,119.0,,false
3151,60.0,108.0,,false
3152,60.0,97.0,,false
3153,60.0,116.0,,false
3154,60.0,99.0,,false
3155,60.0,114.0,,false
3156,60.0,101.0,,false
3157,100.0,247.0,,false
3158,100.0,235.0,,false
3159,900.0,8.0,,false
3160,1150.0,17.0,,false
3161,1000.0,7.0,,false
3162,1350.0,48.0,,true
3163,500.0,60.0,,true
3164,5000.0,19.0,,true
3165,2200.0,137.0,,true
3166,3500.0,205.0,,true
3167,5000.0,600.0,,true
3168,500.0,156.0,,true
3169,125.0,547.0,,true
3170,40.0,361.0,,true
3171,350.0,164.0,,true
3172,500.0,200.0,,false
3173,500.0,389.0,,false
3174,3300.0,24.0,,false
3175,3300.0,21.0,,false
3176,3300.0,26.0,,false
3177,60.0,183.0,,false
3178,60.0,250.0,,false
3179,60.0,184.0,,false
3180,800.0,5.0,,false
3181,60.0,97.0,,false
3182,60.0,107.0,,false
3183,60.0,96.0,,false
3184,60.0,109.0,,false
3185,60.0,88.0,,false
3186,60.0,99.0,,false
3187,100.0,211.0,,false
3188,100.0,247.0,,false
3189,900.0,9.0,,false
3190,1150.0,16.0,,false
3191,1000.0,5.0,,false
3192,1350.0,46.0,,true
3193,500.0,58.0,,true
3194,5000.0,16.0,,true
3195,2200.0,140.0,,true
3196,3500.0,274.0,,true
3197,5000.0,600.0,,true
3198,500.0,143.0,,true
3199,125.0,455.0,,true
3200,40.0,456.0,,true
3201,350.0,149.0,,true
3202,500.0,174.0,,false
3203,500.0,365.0,,false
3204,3300.0,22.0,,false
3205,3300.0,27.0,,false
3206,3300.0,28.0,,false
3207,60.0,152.0,,false
3208,60.0,158.0,,false
3209,60.0,234.0,,false
3210,60.0,160.0,,false
3211,800.0,4.0,,false
3212,60.0,83.0,,false
3213,60.0,116.0,,false
3214,60.0,81.0,,false
3215,60.0,106.0,,false
3216,60.0,98.0,,false
3217,60.0,87.0,,false
3218,60.0,83.0,,false
3219,100.0,196.0,,false
3220,100.0,231.0,,false
3221,900.0,7.0,,false
3222,1150.0,16.0,,false
3223,1000.0,6.0,,false
3224,1350.0,47.0,,true
3225,500.0,60.0,,true
3226,5000.0,16.0,,true
3227,2200.0,136.0,,true
3228,3500.0,270.0,,true
3229,5000.0,600.0,,true
3230,500.0,156.0,,true
3231,125.0,458.0,,true
3232,40.0,421.0,,true
3233,350.0,176.0,,true
3234,500.0,174.0,,false
3235,500.0,386.0,,false
3236,3300.0,29.0,,false
3237,3300.0,21.0,,false
3238,3300.0,23.0,,false
3239,60.0,153.0,,false
3240,60.0,166.0,,false
3241,60.0,250.0,,false
3242,60.0,178.0,,false
3243,800.0,6.0,,false
3244,60.0,106.0,,false
3245,60.0,83.0,,false
3246,60.0,95.0,,false
3247,60.0,102.0,,false
3248,60.0,98.0,,false
3249,60.0,110.0,,false
3250,100.0,241.0,,false
3251,100.0,228.0,,false
3252,900.0,9.0,,false
3253,1150.0,18.0,,false
3254,1000.0,6.0,,false
