Reference,height,width,stripwidth,preemptable
1,1350.0,49.0,720,true
2,500.0,58.0,,true
3,5000.0,20.0,,true
4,2200.0,136.0,,true
5,3500.0,245.0,,true
6,5000.0,600.0,,true
7,500.0,152.0,,true
8,125.0,538.0,,true
9,40.0,434.0,,true
10,350.0,150.0,,true
11,500.0,174.0,,false
12,500.0,557.0,,false
13,3300.0,28.0,,false
14,3300.0,24.0,,false
15,3300.0,21.0,,false
16,60.0,210.0,,false
17,60.0,202.0,,false
18,60.0,215.0,,false
19,800.0,5.0,,false
20,60.0,91.0,,false
21,60.0,96.0,,false
22,60.0,115.0,,false
23,60.0,82.0,,false
24,60.0,103.0,,false
25,60.0,107.0,,false
26,60.0,113.0,,false
27,60.0,105.0,,false
28,60.0,101.0,,false
29,100.0,243.0,,false
30,100.0,244.0,,false
31,900.0,10.0,,false
32,1150.0,13.0,,false
33,1000.0,8.0,,false
34,1350.0,46.0,,true
35,500.0,60.0,,true
36,5000.0,16.0,,true
37,2200.0,135.0,,true
38,3500.0,350.0,,true
39,5000.0,600.0,,true
40,500.0,148.0,,true
41,125.0,526.0,,true
42,40.0,432.0,,true
43,350.0,145.0,,true
44,500.0,194.0,,false
45,500.0,334.0,,false
46,3300.0,22.0,,false
47,3300.0,21.0,,false
48,3300.0,25.0,,false
49,60.0,158.0,,false
50,60.0,198.0,,false
51,60.0,206.0,,false
52,60.0,164.0,,false
53,800.0,5.0,,false
54,60.0,106.0,,false
55,60.0,82.0,,false
56,60.0,103.0,,false
57,60.0,95.0,,false
58,60.0,106.0,,false
59,60.0,92.0,,false
60,60.0,102.0,,false
61,60.0,100.0,,false
62,60.0,114.0,,false
63,100.0,238.0,,false
64,100.0,216.0,,false
65,900.0,9.0,,false
66,1150.0,14.0,,false
67,1000.0,5.0,,false
68,1350.0,47.0,,true
69,500.0,58.0,,true
70,5000.0,18.0,,true
71,2200.0,140.0,,true
72,3500.0,219.0,,true
73,5000.0,600.0,,true
74,500.0,156.0,,true
75,125.0,520.0,,true
76,40.0,382.0,,true
77,350.0,169.0,,true
78,500.0,200.0,,false
79,500.0,455.0,,false
80,3300.0,26.0,,false
81,3300.0,29.0,,false
82,3300.0,28.0,,false
83,60.0,243.0,,false
84,60.0,231.0,,false
85,60.0,234.0,,false
86,800.0,4.0,,false
87,60.0,108.0,,false
88,60.0,95.0,,false
89,60.0,88.0,,false
90,60.0,120.0,,false
91,60.0,111.0,,false
92,60.0,105.0,,false
93,60.0,85.0,,false
94,60.0,88.0,,false
95,60.0,101.0,,false
96,60.0,114.0,,false
97,100.0,212.0,,false
98,100.0,214.0,,false
99,900.0,9.0,,false
100,1150.0,18.0,,false
101,1000.0,5.0,,false
102,1350.0,48.0,,true
103,500.0,58.0,,true
104,5000.0,19.0,,true
105,2200.0,136.0,,true
106,3500.0,394.0,,true
107,5000.0,600.0,,true
108,500.0,144.0,,true
109,125.0,491.0,,true
110,40.0,435.0,,true
111,350.0,165.0,,true
112,500.0,197.0,,false
113,500.0,310.0,,false
114,3300.0,24.0,,false
115,3300.0,28.0,,false
116,3300.0,22.0,,false
117,60.0,181.0,,false
118,60.0,174.0,,false
119,60.0,228.0,,false
120,60.0,166.0,,false
121,800.0,4.0,,false
122,60.0,113.0,,false
123,60.0,111.0,,false
124,60.0,105.0,,false
125,60.0,96.0,,false
126,60.0,110.0,,false
127,60.0,83.0,,false
128,60.0,87.0,,false
129,60.0,115.0,,false
130,60.0,92.0,,false
131,60.0,90.0,,false
132,100.0,247.0,,false
133,100.0,202.0,,false
134,900.0,7.0,,false
135,1150.0,15.0,,false
136,1000.0,7.0,,false
137,1350.0,49.0,,true
138,500.0,56.0,,true
139,5000.0,18.0,,true
140,2200.0,132.0,,true
141,3500.0,251.0,,true
142,5000.0,600.0,,true
143,500.0,141.0,,true
144,125.0,550.0,,true
145,40.0,420.0,,true
146,350.0,175.0,,true
147,500.0,175.0,,false
148,500.0,518.0,,false
149,3300.0,22.0,,false
150,3300.0,22.0,,false
151,3300.0,29.0,,false
152,60.0,223.0,,false
153,60.0,228.0,,false
154,60.0,160.0,,false
155,60.0,190.0,,false
156,800.0,4.0,,false
157,60.0,114.0,,false
158,60.0,118.0,,false
159,60.0,98.0,,false
160,60.0,109.0,,false
161,60.0,117.0,,false
162,60.0,98.0,,false
163,60.0,89.0,,false
164,100.0,220.0,,false
165,100.0,231.0,,false
166,900.0,7.0,,false
167,1150.0,14.0,,false
168,1000.0,8.0,,false
169,1350.0,46.0,,true
170,500.0,58.0,,true
171,5000.0,19.0,,true
172,2200.0,132.0,,true
173,3500.0,396.0,,true
174,5000.0,600.0,,true
175,500.0,158.0,,true
176,125.0,468.0,,true
177,40.0,443.0,,true
178,350.0,154.0,,true
179,500.0,193.0,,false
180,500.0,386.0,,false
181,3300.0,24.0,,false
182,3300.0,30.0,,false
183,3300.0,30.0,,false
184,60.0,170.0,,false
185,60.0,247.0,,false
186,60.0,166.0,,false
187,800.0,5.0,,false
188,60.0,115.0,,false
189,60.0,96.0,,false
190,60.0,111.0,,false
191,60.0,82.0,,false
192,60.0,104.0,,false
193,60.0,83.0,,false
194,60.0,102.0,,false
195,100.0,213.0,,false
196,100.0,198.0,,false
197,900.0,7.0,,false
198,1150.0,14.0,,false
199,1000.0,5.0,,false
200,1350.0,47.0,,true
201,500.0,59.0,,true
202,5000.0,18.0,,true
203,2200.0,136.0,,true
204,3500.0,365.0,,true
205,5000.0,600.0,,true
206,500.0,144.0,,true
207,125.0,471.0,,true
208,40.0,361.0,,true
209,350.0,179.0,,true
210,500.0,193.0,,false
211,500.0,341.0,,false
212,3300.0,29.0,,false
213,3300.0,27.0,,false
214,3300.0,21.0,,false
215,60.0,232.0,,false
216,60.0,226.0,,false
217,60.0,162.0,,false
218,800.0,5.0,,false
219,60.0,103.0,,false
220,60.0,96.0,,false
221,60.0,97.0,,false
222,60.0,113.0,,false
223,60.0,90.0,,false
224,60.0,83.0,,false
225,100.0,239.0,,false
226,100.0,182.0,,false
227,900.0,10.0,,false
228,1150.0,16.0,,false
229,1000.0,7.0,,false
230,1350.0,50.0,,true
231,500.0,59.0,,true
232,5000.0,18.0,,true
233,2200.0,132.0,,true
234,3500.0,391.0,,true
235,5000.0,600.0,,true
236,500.0,159.0,,true
237,125.0,508.0,,true
238,40.0,386.0,,true
239,350.0,167.0,,true
240,500.0,177.0,,false
241,500.0,477.0,,false
242,3300.0,30.0,,false
243,3300.0,22.0,,false
244,3300.0,27.0,,false
245,60.0,220.0,,false
246,60.0,165.0,,false
247,60.0,213.0,,false
248,800.0,6.0,,false
249,60.0,85.0,,false
250,60.0,83.0,,false
251,60.0,90.0,,false
252,60.0,113.0,,false
253,60.0,114.0,,false
254,60.0,117.0,,false
255,100.0,229.0,,false
256,100.0,228.0,,false
257,900.0,8.0,,false
258,1150.0,13.0,,false
259,1000.0,8.0,,false
260,1350.0,49.0,,true
261,500.0,59.0,,true
262,5000.0,19.0,,true
263,2200.0,140.0,,true
264,3500.0,246.0,,true
265,5000.0,600.0,,true
266,500.0,147.0,,true
267,125.0,461.0,,true
268,40.0,421.0,,true
269,350.0,177.0,,true
270,500.0,194.0,,false
271,500.0,374.0,,false
272,3300.0,24.0,,false
273,3300.0,21.0,,false
274,3300.0,30.0,,false
275,60.0,183.0,,false
276,60.0,245.0,,false
277,60.0,187.0,,false
278,800.0,5.0,,false
279,60.0,103.0,,false
280,60.0,96.0,,false
281,60.0,108.0,,false
282,60.0,99.0,,false
283,60.0,92.0,,false
284,60.0,109.0,,false
285,60.0,102.0,,false
286,60.0,90.0,,false
287,60.0,105.0,,false
288,100.0,223.0,,false
289,100.0,206.0,,false
290,900.0,7.0,,false
291,1150.0,13.0,,false
292,1000.0,8.0,,false
293,1350.0,50.0,,true
294,500.0,56.0,,true
295,5000.0,16.0,,true
296,2200.0,131.0,,true
297,3500.0,314.0,,true
298,5000.0,600.0,,true
299,500.0,147.0,,true
300,125.0,465.0,,true
301,40.0,378.0,,true
302,350.0,146.0,,true
303,500.0,186.0,,false
304,500.0,564.0,,false
305,3300.0,30.0,,false
306,3300.0,28.0,,false
307,3300.0,24.0,,false
308,60.0,203.0,,false
309,60.0,217.0,,false
310,60.0,165.0,,false
311,60.0,238.0,,false
312,800.0,4.0,,false
313,60.0,84.0,,false
314,60.0,110.0,,false
315,60.0,85.0,,false
316,60.0,118.0,,false
317,60.0,97.0,,false
318,60.0,97.0,,false
319,60.0,119.0,,false
320,60.0,113.0,,false
321,100.0,207.0,,false
322,100.0,208.0,,false
323,900.0,8.0,,false
324,1150.0,16.0,,false
325,1000.0,5.0,,false
326,1350.0,49.0,,true
327,500.0,60.0,,true
328,5000.0,20.0,,true
329,2200.0,135.0,,true
330,3500.0,295.0,,true
331,5000.0,600.0,,true
332,500.0,148.0,,true
333,125.0,484.0,,true
334,40.0,452.0,,true
335,350.0,160.0,,true
336,500.0,183.0,,false
337,500.0,471.0,,false
338,3300.0,29.0,,false
339,3300.0,29.0,,false
340,3300.0,28.0,,false
341,60.0,190.0,,false
342,60.0,174.0,,false
343,60.0,166.0,,false
344,60.0,167.0,,false
345,800.0,4.0,,false
346,60.0,92.0,,false
347,60.0,117.0,,false
348,60.0,82.0,,false
349,60.0,112.0,,false
350,60.0,98.0,,false
351,60.0,101.0,,false
352,60.0,81.0,,false
353,100.0,242.0,,false
354,100.0,185.0,,false
355,900.0,7.0,,false
356,1150.0,18.0,,false
357,1000.0,6.0,,false
358,1350.0,46.0,,true
359,500.0,56.0,,true
360,5000.0,18.0,,true
361,2200.0,139.0,,true
362,3500.0,203.0,,true
363,5000.0,600.0,,true
364,500.0,152.0,,true
365,125.0,535.0,,true
366,40.0,358.0,,true
367,350.0,148.0,,true
368,500.0,178.0,,false
369,500.0,358.0,,false
370,3300.0,25.0,,false
371,3300.0,29.0,,false
372,3300.0,23.0,,false
373,60.0,239.0,,false
374,60.0,201.0,,false
375,60.0,215.0,,false
376,60.0,162.0,,false
377,800.0,6.0,,false
378,60.0,106.0,,false
379,60.0,117.0,,false
380,60.0,112.0,,false
381,60.0,115.0,,false
382,60.0,106.0,,false
383,60.0,104.0,,false
384,60.0,116.0,,false
385,100.0,227.0,,false
386,100.0,210.0,,false
387,900.0,7.0,,false
388,1150.0,17.0,,false
389,1000.0,5.0,,false
390,1350.0,50.0,,true
391,500.0,57.0,,true
392,5000.0,16.0,,true
393,2200.0,131.0,,true
394,3500.0,390.0,,true
395,5000.0,600.0,,true
396,500.0,149.0,,true
397,125.0,452.0,,true
398,40.0,416.0,,true
399,350.0,147.0,,true
400,500.0,196.0,,false
401,500.0,538.0,,false
402,3300.0,29.0,,false
403,3300.0,29.0,,false
404,3300.0,22.0,,false
405,60.0,198.0,,false
406,60.0,213.0,,false
407,60.0,219.0,,false
408,800.0,5.0,,false
409,60.0,102.0,,false
410,60.0,96.0,,false
411,60.0,81.0,,false
412,60.0,87.0,,false
413,60.0,88.0,,false
414,60.0,115.0,,false
415,60.0,103.0,,false
416,60.0,81.0,,false
417,100.0,236.0,,false
418,100.0,219.0,,false
419,900.0,9.0,,false
420,1150.0,18.0,,false
421,1000.0,5.0,,false
422,1350.0,47.0,,true
423,500.0,59.0,,true
424,5000.0,17.0,,true
425,2200.0,133.0,,true
426,3500.0,220.0,,true
427,5000.0,600.0,,true
428,500.0,155.0,,true
429,125.0,503.0,,true
430,40.0,438.0,,true
431,350.0,142.0,,true
432,500.0,197.0,,false
433,500.0,485.0,,false
434,3300.0,27.0,,false
435,3300.0,28.0,,false
436,3300.0,23.0,,false
437,60.0,219.0,,false
438,60.0,199.0,,false
439,60.0,203.0,,false
440,800.0,5.0,,false
441,60.0,84.0,,false
442,60.0,104.0,,false
443,60.0,89.0,,false
444,60.0,87.0,,false
445,60.0,102.0,,false
446,60.0,99.0,,false
447,60.0,110.0,,false
448,100.0,208.0,,false
449,100.0,189.0,,false
450,900.0,9.0,,false
451,1150.0,16.0,,false
452,1000.0,5.0,,false
453,1350.0,49.0,,true
454,500.0,59.0,,true
455,5000.0,17.0,,true
456,2200.0,138.0,,true
457,3500.0,321.0,,true
458,5000.0,600.0,,true
459,500.0,156.0,,true
460,125.0,546.0,,true
461,40.0,414.0,,true
462,350.0,166.0,,true
463,500.0,192.0,,false
464,500.0,347.0,,false
465,3300.0,30.0,,false
466,3300.0,23.0,,false
467,3300.0,29.0,,false
468,60.0,176.0,,false
469,60.0,175.0,,false
470,60.0,184.0,,false
471,60.0,197.0,,false
472,800.0,4.0,,false
473,60.0,119.0,,false
474,60.0,107.0,,false
475,60.0,89.0,,false
476,60.0,113.0,,false
477,60.0,103.0,,false
478,60.0,120.0,,false
479,60.0,81.0,,false
480,100.0,217.0,,false
481,100.0,206.0,,false
482,900.0,8.0,,false
483,1150.0,17.0,,false
484,1000.0,8.0,,false
485,1350.0,48.0,,true
486,500.0,56.0,,true
487,5000.0,19.0,,true
488,2200.0,137.0,,true
489,3500.0,266.0,,true
490,5000.0,600.0,,true
491,500.0,146.0,,true
492,125.0,486.0,,true
493,40.0,371.0,,true
494,350.0,175.0,,true
495,500.0,182.0,,false
496,500.0,542.0,,false
497,3300.0,22.0,,false
498,3300.0,26.0,,false
499,3300.0,22.0,,false
500,60.0,225.0,,false
501,60.0,250.0,,false
502,60.0,246.0,,false
503,60.0,158.0,,false
504,800.0,4.0,,false
505,60.0,115.0,,false
506,60.0,87.0,,false
507,60.0,106.0,,false
508,60.0,85.0,,false
509,60.0,98.0,,false
510,60.0,109.0,,false
511,60.0,105.0,,false
512,60.0,107.0,,false
513,100.0,224.0,,false
514,100.0,250.0,,false
515,900.0,10.0,,false
516,1150.0,13.0,,false
517,1000.0,8.0,,false
518,1350.0,50.0,,true
519,500.0,56.0,,true
520,5000.0,18.0,,true
521,2200.0,132.0,,true
522,3500.0,278.0,,true
523,5000.0,600.0,,true
524,500.0,148.0,,true
525,125.0,547.0,,true
526,40.0,443.0,,true
527,350.0,153.0,,true
528,500.0,178.0,,false
529,500.0,464.0,,false
530,3300.0,29.0,,false
531,3300.0,22.0,,false
532,3300.0,30.0,,false
533,60.0,206.0,,false
534,60.0,184.0,,false
535,60.0,178.0,,false
536,60.0,220.0,,false
537,800.0,6.0,,false
538,60.0,87.0,,false
539,60.0,118.0,,false
540,60.0,113.0,,false
541,60.0,114.0,,false
542,60.0,93.0,,false
543,60.0,109.0,,false
544,60.0,97.0,,false
545,60.0,118.0,,false
546,100.0,246.0,,false
547,100.0,229.0,,false
548,900.0,10.0,,false
549,1150.0,18.0,,false
550,1000.0,6.0,,false
551,1350.0,46.0,,true
552,500.0,57.0,,true
553,5000.0,20.0,,true
554,2200.0,139.0,,true
555,3500.0,213.0,,true
556,5000.0,600.0,,true
557,500.0,143.0,,true
558,125.0,466.0,,true
559,40.0,407.0,,true
560,350.0,170.0,,true
561,500.0,188.0,,false
562,500.0,317.0,,false
563,3300.0,29.0,,false
564,3300.0,26.0,,false
565,3300.0,29.0,,false
566,60.0,208.0,,false
567,60.0,207.0,,false
568,60.0,216.0,,false
569,60.0,185.0,,false
570,800.0,5.0,,false
571,60.0,91.0,,false
572,60.0,95.0,,false
573,60.0,112.0,,false
574,60.0,91.0,,false
575,60.0,115.0,,false
576,60.0,86.0,,false
577,60.0,89.0,,false
578,60.0,94.0,,false
579,60.0,114.0,,false
580,60.0,108.0,,false
581,100.0,201.0,,false
582,100.0,246.0,,false
583,900.0,7.0,,false
584,1150.0,18.0,,false
585,1000.0,5.0,,false
586,1350.0,50.0,,true
587,500.0,58.0,,true
588,5000.0,18.0,,true
589,2200.0,138.0,,true
590,3500.0,247.0,,true
591,5000.0,600.0,,true
592,500.0,149.0,,true
593,125.0,548.0,,true
594,40.0,383.0,,true
595,350.0,174.0,,true
596,500.0,197.0,,false
597,500.0,433.0,,false
598,3300.0,28.0,,false
599,3300.0,28.0,,false
600,3300.0,22.0,,false
601,60.0,202.0,,false
602,60.0,181.0,,false
603,60.0,172.0,,false
604,60.0,213.0,,false
605,800.0,6.0,,false
606,60.0,86.0,,false
607,60.0,101.0,,false
608,60.0,104.0,,false
609,60.0,95.0,,false
610,60.0,97.0,,false
611,60.0,116.0,,false
612,60.0,100.0,,false
613,60.0,105.0,,false
614,60.0,101.0,,false
615,60.0,91.0,,false
616,100.0,196.0,,false
617,100.0,214.0,,false
618,900.0,8.0,,false
619,1150.0,16.0,,false
620,1000.0,5.0,,false
621,1350.0,49.0,,true
622,500.0,60.0,,true
623,5000.0,18.0,,true
624,2200.0,133.0,,true
625,3500.0,366.0,,true
626,5000.0,600.0,,true
627,500.0,157.0,,true
628,125.0,487.0,,true
629,40.0,427.0,,true
630,350.0,158.0,,true
631,500.0,190.0,,false
632,500.0,457.0,,false
633,3300.0,29.0,,false
634,3300.0,22.0,,false
635,3300.0,30.0,,false
636,60.0,247.0,,false
637,60.0,246.0,,false
638,60.0,162.0,,false
639,800.0,5.0,,false
640,60.0,98.0,,false
641,60.0,104.0,,false
642,60.0,101.0,,false
643,60.0,111.0,,false
644,60.0,99.0,,false
645,60.0,100.0,,false
646,60.0,94.0,,false
647,60.0,118.0,,false
648,60.0,112.0,,false
649,100.0,183.0,,false
650,100.0,216.0,,false
651,900.0,7.0,,false
652,1150.0,17.0,,false
653,1000.0,6.0,,false
654,1350.0,48.0,,true
655,500.0,57.0,,true
656,5000.0,16.0,,true
657,2200.0,133.0,,true
658,3500.0,348.0,,true
659,5000.0,600.0,,true
660,500.0,151.0,,true
661,125.0,530.0,,true
662,40.0,452.0,,true
663,350.0,158.0,,true
664,500.0,194.0,,false
665,500.0,540.0,,false
666,3300.0,22.0,,false
667,3300.0,25.0,,false
668,3300.0,23.0,,false
669,60.0,237.0,,false
670,60.0,235.0,,false
671,60.0,165.0,,false
672,800.0,6.0,,false
673,60.0,91.0,,false
674,60.0,111.0,,false
675,60.0,96.0,,false
676,60.0,85.0,,false
677,60.0,88.0,,false
678,60.0,117.0,,false
679,60.0,89.0,,false
680,60.0,95.0,,false
681,100.0,216.0,,false
682,100.0,193.0,,false
683,900.0,7.0,,false
684,1150.0,16.0,,false
685,1000.0,5.0,,false
686,1350.0,49.0,,true
687,500.0,57.0,,true
688,5000.0,20.0,,true
689,2200.0,134.0,,true
690,3500.0,390.0,,true
691,5000.0,600.0,,true
692,500.0,145.0,,true
693,125.0,517.0,,true
694,40.0,382.0,,true
695,350.0,144.0,,true
696,500.0,174.0,,false
697,500.0,423.0,,false
698,3300.0,29.0,,false
699,3300.0,21.0,,false
700,3300.0,27.0,,false
701,60.0,198.0,,false
702,60.0,235.0,,false
703,60.0,169.0,,false
704,60.0,194.0,,false
705,800.0,4.0,,false
706,60.0,87.0,,false
707,60.0,101.0,,false
708,60.0,119.0,,false
709,60.0,94.0,,false
710,60.0,94.0,,false
711,60.0,85.0,,false
712,60.0,107.0,,false
713,100.0,229.0,,false
714,100.0,196.0,,false
715,900.0,9.0,,false
716,1150.0,17.0,,false
717,1000.0,5.0,,false
718,1350.0,50.0,,true
719,500.0,60.0,,true
720,5000.0,16.0,,true
721,2200.0,136.0,,true
722,3500.0,240.0,,true
723,5000.0,600.0,,true
724,500.0,149.0,,true
725,125.0,468.0,,true
726,40.0,448.0,,true
727,350.0,165.0,,true
728,500.0,197.0,,false
729,500.0,379.0,,false
730,3300.0,29.0,,false
731,3300.0,25.0,,false
732,3300.0,23.0,,false
733,60.0,238.0,,false
734,60.0,191.0,,false
735,60.0,172.0,,false
736,60.0,200.0,,false
737,800.0,6.0,,false
738,60.0,93.0,,false
739,60.0,104.0,,false
740,60.0,90.0,,false
741,60.0,120.0,,false
742,60.0,89.0,,false
743,60.0,103.0,,false
744,60.0,107.0,,false
745,60.0,114.0,,false
746,100.0,244.0,,false
747,100.0,192.0,,false
748,900.0,9.0,,false
749,1150.0,18.0,,false
750,1000.0,5.0,,false
751,1350.0,50.0,,true
752,500.0,57.0,,true
753,5000.0,17.0,,true
754,2200.0,139.0,,true
755,3500.0,288.0,,true
756,5000.0,600.0,,true
757,500.0,158.0,,true
758,125.0,495.0,,true
759,40.0,443.0,,true
760,350.0,156.0,,true
761,500.0,189.0,,false
762,500.0,486.0,,false
763,3300.0,28.0,,false
764,3300.0,29.0,,false
765,3300.0,30.0,,false
766,60.0,182.0,,false
767,60.0,228.0,,false
768,60.0,240.0,,false
769,800.0,6.0,,false
770,60.0,105.0,,false
771,60.0,112.0,,false
772,60.0,101.0,,false
773,60.0,86.0,,false
774,60.0,102.0,,false
775,60.0,90.0,,false
776,60.0,118.0,,false
777,60.0,90.0,,false
778,60.0,114.0,,false
779,100.0,186.0,,false
780,100.0,183.0,,false
781,900.0,7.0,,false
782,1150.0,17.0,,false
783,1000.0,6.0,,false
784,1350.0,48.0,,true
785,500.0,58.0,,true
786,5000.0,18.0,,true
787,2200.0,135.0,,true
788,3500.0,387.0,,true
789,5000.0,600.0,,true
790,500.0,142.0,,true
791,125.0,473.0,,true
792,40.0,375.0,,true
793,350.0,160.0,,true
794,500.0,184.0,,false
795,500.0,372.0,,false
796,3300.0,23.0,,false
797,3300.0,26.0,,false
798,3300.0,22.0,,false
799,60.0,214.0,,false
800,60.0,183.0,,false
801,60.0,175.0,,false
802,60.0,162.0,,false
803,800.0,4.0,,false
804,60.0,105.0,,false
805,60.0,103.0,,false
806,60.0,89.0,,false
807,60.0,116.0,,false
808,60.0,81.0,,false
809,60.0,118.0,,false
810,60.0,81.0,,false
811,60.0,104.0,,false
812,60.0,81.0,,false
813,60.0,105.0,,false
814,100.0,211.0,,false
815,100.0,224.0,,false
816,900.0,9.0,,false
817,1150.0,18.0,,false
818,1000.0,7.0,,false
819,1350.0,46.0,,true
820,500.0,58.0,,true
821,5000.0,20.0,,true
822,2200.0,133.0,,true
823,3500.0,330.0,,true
824,5000.0,600.0,,true
825,500.0,147.0,,true
826,125.0,493.0,,true
827,40.0,383.0,,true
828,350.0,147.0,,true
829,500.0,200.0,,false
830,500.0,515.0,,false
831,3300.0,24.0,,false
832,3300.0,28.0,,false
833,3300.0,30.0,,false
834,60.0,157.0,,false
835,60.0,205.0,,false
836,60.0,190.0,,false
837,800.0,4.0,,false
838,60.0,81.0,,false
839,60.0,102.0,,false
840,60.0,106.0,,false
841,60.0,107.0,,false
842,60.0,119.0,,false
843,60.0,115.0,,false
844,60.0,82.0,,false
845,60.0,87.0,,false
846,60.0,115.0,,false
847,100.0,189.0,,false
848,100.0,246.0,,false
849,900.0,10.0,,false
850,1150.0,14.0,,false
851,1000.0,6.0,,false
852,1350.0,47.0,,true
853,500.0,57.0,,true
854,5000.0,20.0,,true
855,2200.0,133.0,,true
856,3500.0,322.0,,true
857,5000.0,600.0,,true
858,500.0,155.0,,true
859,125.0,499.0,,true
860,40.0,380.0,,true
861,350.0,175.0,,true
862,500.0,175.0,,false
863,500.0,600.0,,false
864,3300.0,28.0,,false
865,3300.0,27.0,,false
866,3300.0,26.0,,false
867,60.0,164.0,,false
868,60.0,183.0,,false
869,60.0,157.0,,false
870,60.0,180.0,,false
871,800.0,6.0,,false
872,60.0,110.0,,false
873,60.0,96.0,,false
874,60.0,110.0,,false
875,60.0,105.0,,false
876,60.0,116.0,,false
877,60.0,116.0,,false
878,60.0,99.0,,false
879,60.0,110.0,,false
880,100.0,191.0,,false
881,100.0,243.0,,false
882,900.0,8.0,,false
883,1150.0,16.0,,false
884,1000.0,6.0,,false
885,1350.0,47.0,,true
886,500.0,58.0,,true
887,5000.0,18.0,,true
888,2200.0,140.0,,true
889,3500.0,389.0,,true
890,5000.0,600.0,,true
891,500.0,144.0,,true
892,125.0,512.0,,true
893,40.0,415.0,,true
894,350.0,162.0,,true
895,500.0,196.0,,false
896,500.0,494.0,,false
897,3300.0,25.0,,false
898,3300.0,24.0,,false
899,3300.0,28.0,,false
900,60.0,186.0,,false
901,60.0,151.0,,false
902,60.0,191.0,,false
903,800.0,4.0,,false
904,60.0,107.0,,false
905,60.0,88.0,,false
906,60.0,84.0,,false
907,60.0,96.0,,false
908,60.0,118.0,,false
909,60.0,103.0,,false
910,60.0,95.0,,false
911,60.0,85.0,,false
912,60.0,89.0,,false
913,60.0,100.0,,false
914,100.0,194.0,,false
915,100.0,227.0,,false
916,900.0,10.0,,false
917,1150.0,14.0,,false
918,1000.0,5.0,,false
919,1350.0,46.0,,true
920,500.0,60.0,,true
921,5000.0,20.0,,true
922,2200.0,137.0,,true
923,3500.0,375.0,,true
924,5000.0,600.0,,true
925,500.0,149.0,,true
926,125.0,518.0,,true
927,40.0,448.0,,true
928,350.0,168.0,,true
929,500.0,196.0,,false
930,500.0,455.0,,false
931,3300.0,23.0,,false
932,3300.0,24.0,,false
933,3300.0,24.0,,false
934,60.0,197.0,,false
935,60.0,199.0,,false
936,60.0,195.0,,false
937,60.0,188.0,,false
938,800.0,6.0,,false
939,60.0,108.0,,false
940,60.0,94.0,,false
941,60.0,87.0,,false
942,60.0,109.0,,false
943,60.0,113.0,,false
944,60.0,118.0,,false
945,100.0,212.0,,false
946,100.0,198.0,,false
947,900.0,10.0,,false
948,1150.0,16.0,,false
949,1000.0,6.0,,false
950,1350.0,46.0,,true
951,500.0,56.0,,true
952,5000.0,18.0,,true
953,2200.0,133.0,,true
954,3500.0,358.0,,true
955,5000.0,600.0,,true
956,500.0,143.0,,true
957,125.0,464.0,,true
958,40.0,445.0,,true
959,350.0,162.0,,true
960,500.0,190.0,,false
961,500.0,531.0,,false
962,3300.0,23.0,,false
963,3300.0,25.0,,false
964,3300.0,23.0,,false
965,60.0,160.0,,false
966,60.0,221.0,,false
967,60.0,194.0,,false
968,800.0,4.0,,false
969,60.0,90.0,,false
970,60.0,85.0,,false
971,60.0,95.0,,false
972,60.0,83.0,,false
973,60.0,84.0,,false
974,60.0,87.0,,false
975,100.0,199.0,,false
976,100.0,220.0,,false
977,900.0,9.0,,false
978,1150.0,17.0,,false
979,1000.0,6.0,,false
980,1350.0,47.0,,true
981,500.0,59.0,,true
982,5000.0,20.0,,true
983,2200.0,135.0,,true
984,3500.0,251.0,,true
985,5000.0,600.0,,true
986,500.0,148.0,,true
987,125.0,469.0,,true
988,40.0,375.0,,true
989,350.0,161.0,,true
990,500.0,174.0,,false
991,500.0,385.0,,false
992,3300.0,29.0,,false
993,3300.0,24.0,,false
994,3300.0,30.0,,false
995,60.0,235.0,,false
996,60.0,162.0,,false
997,60.0,155.0,,false
998,800.0,6.0,,false
999,60.0,113.0,,false
1000,60.0,100.0,,false
1001,60.0,117.0,,false
1002,60.0,94.0,,false
1003,60.0,110.0,,false
1004,60.0,105.0,,false
1005,60.0,88.0,,false
1006,60.0,103.0,,false
1007,60.0,105.0,,false
1008,60.0,115.0,,false
1009,100.0,250.0,,false
1010,100.0,194.0,,false
1011,900.0,8.0,,false
1012,1150.0,15.0,,false
1013,1000.0,5.0,,false
1014,1350.0,49.0,,true
1015,500.0,57.0,,true
1016,5000.0,20.0,,true
1017,2200.0,131.0,,true
1018,3500.0,389.0,,true
1019,5000.0,600.0,,true
1020,500.0,141.0,,true
1021,125.0,532.0,,true
1022,40.0,410.0,,true
1023,350.0,153.0,,true
1024,500.0,197.0,,false
1025,500.0,557.0,,false
1026,3300.0,21.0,,false
1027,3300.0,22.0,,false
1028,3300.0,24.0,,false
1029,60.0,249.0,,false
1030,60.0,186.0,,false
1031,60.0,195.0,,false
1032,60.0,219.0,,false
1033,800.0,6.0,,false
1034,60.0,100.0,,false
1035,60.0,101.0,,false
1036,60.0,84.0,,false
1037,60.0,112.0,,false
1038,60.0,112.0,,false
1039,60.0,119.0,,false
1040,100.0,245.0,,false
1041,100.0,211.0,,false
1042,900.0,10.0,,false
1043,1150.0,18.0,,false
1044,1000.0,6.0,,false
1045,1350.0,48.0,,true
1046,500.0,59.0,,true
1047,5000.0,18.0,,true
1048,2200.0,140.0,,true
1049,3500.0,396.0,,true
1050,5000.0,600.0,,true
1051,500.0,146.0,,true
1052,125.0,520.0,,true
1053,40.0,382.0,,true
1054,350.0,149.0,,true
1055,500.0,175.0,,false
1056,500.0,354.0,,false
1057,3300.0,25.0,,false
1058,3300.0,21.0,,false
1059,3300.0,27.0,,false
1060,60.0,250.0,,false
1061,60.0,215.0,,false
1062,60.0,175.0,,false
1063,60.0,230.0,,false
1064,800.0,6.0,,false
1065,60.0,83.0,,false
1066,60.0,105.0,,false
1067,60.0,88.0,,false
1068,60.0,112.0,,false
1069,60.0,116.0,,false
1070,60.0,110.0,,false
1071,60.0,115.0,,false
1072,60.0,118.0,,false
1073,60.0,117.0,,false
1074,100.0,220.0,,false
1075,100.0,239.0,,false
1076,900.0,7.0,,false
1077,1150.0,16.0,,false
1078,1000.0,6.0,,false
1079,1350.0,50.0,,true
1080,500.0,58.0,,true
1081,5000.0,20.0,,true
1082,2200.0,135.0,,true
1083,3500.0,342.0,,true
1084,5000.0,600.0,,true
1085,500.0,155.0,,true
1086,125.0,538.0,,true
1087,40.0,448.0,,true
1088,350.0,144.0,,true
1089,500.0,192.0,,false
1090,500.0,316.0,,false
1091,3300.0,23.0,,false
1092,3300.0,28.0,,false
1093,3300.0,26.0,,false
1094,60.0,180.0,,false
1095,60.0,195.0,,false
1096,60.0,242.0,,false
1097,60.0,235.0,,false
1098,800.0,4.0,,false
1099,60.0,96.0,,false
1100,60.0,88.0,,false
1101,60.0,101.0,,false
1102,60.0,107.0,,false
1103,60.0,94.0,,false
1104,60.0,90.0,,false
1105,100.0,200.0,,false
1106,100.0,232.0,,false
1107,900.0,10.0,,false
1108,1150.0,18.0,,false
1109,1000.0,7.0,,false
1110,1350.0,46.0,,true
1111,500.0,57.0,,true
1112,5000.0,20.0,,true
1113,2200.0,133.0,,true
1114,3500.0,318.0,,true
1115,5000.0,600.0,,true
1116,500.0,159.0,,true
1117,125.0,549.0,,true
1118,40.0,377.0,,true
1119,350.0,162.0,,true
1120,500.0,188.0,,false
1121,500.0,368.0,,false
1122,3300.0,23.0,,false
1123,3300.0,23.0,,false
1124,3300.0,30.0,,false
1125,60.0,242.0,,false
1126,60.0,202.0,,false
1127,60.0,186.0,,false
1128,60.0,195.0,,false
1129,800.0,5.0,,false
1130,60.0,96.0,,false
1131,60.0,103.0,,false
1132,60.0,90.0,,false
1133,60.0,115.0,,false
1134,60.0,88.0,,false
1135,60.0,117.0,,false
1136,100.0,249.0,,false
1137,100.0,227.0,,false
1138,900.0,8.0,,false
1139,1150.0,13.0,,false
1140,1000.0,7.0,,false
1141,1350.0,50.0,,true
1142,500.0,57.0,,true
1143,5000.0,17.0,,true
1144,2200.0,139.0,,true
1145,3500.0,276.0,,true
1146,5000.0,600.0,,true
1147,500.0,150.0,,true
1148,125.0,546.0,,true
1149,40.0,412.0,,true
1150,350.0,163.0,,true
1151,500.0,200.0,,false
1152,500.0,415.0,,false
1153,3300.0,28.0,,false
1154,3300.0,26.0,,false
1155,3300.0,22.0,,false
1156,60.0,218.0,,false
1157,60.0,190.0,,false
1158,60.0,202.0,,false
1159,800.0,6.0,,false
1160,60.0,82.0,,false
1161,60.0,103.0,,false
1162,60.0,106.0,,false
1163,60.0,109.0,,false
1164,60.0,107.0,,false
1165,60.0,82.0,,false
1166,60.0,86.0,,false
1167,60.0,100.0,,false
1168,100.0,196.0,,false
1169,100.0,182.0,,false
1170,900.0,9.0,,false
1171,1150.0,16.0,,false
1172,1000.0,5.0,,false
1173,1350.0,48.0,,true
1174,500.0,57.0,,true
1175,5000.0,18.0,,true
1176,2200.0,131.0,,true
1177,3500.0,354.0,,true
1178,5000.0,600.0,,true
1179,500.0,147.0,,true
1180,125.0,474.0,,true
1181,40.0,374.0,,true
1182,350.0,156.0,,true
1183,500.0,188.0,,false
1184,500.0,399.0,,false
1185,3300.0,23.0,,false
1186,3300.0,25.0,,false
1187,3300.0,22.0,,false
1188,60.0,169.0,,false
1189,60.0,204.0,,false
1190,60.0,178.0,,false
1191,60.0,176.0,,false
1192,800.0,5.0,,false
1193,60.0,94.0,,false
1194,60.0,106.0,,false
1195,60.0,116.0,,false
1196,60.0,89.0,,false
1197,60.0,87.0,,false
1198,60.0,113.0,,false
1199,100.0,227.0,,false
1200,100.0,221.0,,false
1201,900.0,10.0,,false
1202,1150.0,14.0,,false
1203,1000.0,6.0,,false
1204,1350.0,47.0,,true
1205,500.0,57.0,,true
1206,5000.0,19.0,,true
1207,2200.0,137.0,,true
1208,3500.0,370.0,,true
1209,5000.0,600.0,,true
1210,500.0,148.0,,true
1211,125.0,476.0,,true
1212,40.0,377.0,,true
1213,350.0,151.0,,true
1214,500.0,175.0,,false
1215,500.0,478.0,,false
1216,3300.0,28.0,,false
1217,3300.0,23.0,,false
1218,3300.0,26.0,,false
1219,60.0,232.0,,false
1220,60.0,203.0,,false
1221,60.0,178.0,,false
1222,800.0,5.0,,false
1223,60.0,111.0,,false
1224,60.0,113.0,,false
1225,60.0,118.0,,false
1226,60.0,82.0,,false
1227,60.0,102.0,,false
1228,60.0,95.0,,false
1229,60.0,95.0,,false
1230,60.0,105.0,,false
1231,60.0,102.0,,false
1232,100.0,206.0,,false
1233,100.0,192.0,,false
1234,900.0,8.0,,false
1235,1150.0,13.0,,false
1236,1000.0,8.0,,false
1237,1350.0,47.0,,true
1238,500.0,57.0,,true
1239,5000.0,19.0,,true
1240,2200.0,132.0,,true
1241,3500.0,361.0,,true
1242,5000.0,600.0,,true
1243,500.0,158.0,,true
1244,125.0,456.0,,true
1245,40.0,451.0,,true
1246,350.0,164.0,,true
1247,500.0,181.0,,false
1248,500.0,557.0,,false
1249,3300.0,26.0,,false
1250,3300.0,27.0,,false
1251,3300.0,28.0,,false
1252,60.0,189.0,,false
1253,60.0,199.0,,false
1254,60.0,177.0,,false
1255,60.0,170.0,,false
1256,800.0,4.0,,false
1257,60.0,89.0,,false
1258,60.0,85.0,,false
1259,60.0,90.0,,false
1260,60.0,116.0,,false
1261,60.0,110.0,,false
1262,60.0,111.0,,false
1263,60.0,98.0,,false
1264,60.0,107.0,,false
1265,100.0,199.0,,false
1266,100.0,215.0,,false
1267,900.0,9.0,,false
1268,1150.0,16.0,,false
1269,1000.0,6.0,,false
1270,1350.0,48.0,,true
1271,500.0,59.0,,true
1272,5000.0,16.0,,true
1273,2200.0,132.0,,true
1274,3500.0,267.0,,true
1275,5000.0,600.0,,true
1276,500.0,155.0,,true
1277,125.0,536.0,,true
1278,40.0,396.0,,true
1279,350.0,159.0,,true
1280,500.0,181.0,,false
1281,500.0,506.0,,false
1282,3300.0,24.0,,false
1283,3300.0,26.0,,false
1284,3300.0,26.0,,false
1285,60.0,223.0,,false
1286,60.0,164.0,,false
1287,60.0,230.0,,false
1288,800.0,4.0,,false
1289,60.0,84.0,,false
1290,60.0,114.0,,false
1291,60.0,108.0,,false
1292,60.0,115.0,,false
1293,60.0,86.0,,false
1294,60.0,88.0,,false
1295,60.0,89.0,,false
1296,60.0,87.0,,false
1297,60.0,83.0,,false
1298,100.0,236.0,,false
1299,100.0,209.0,,false
1300,900.0,10.0,,false
1301,1150.0,18.0,,false
1302,1000.0,7.0,,false
1303,1350.0,46.0,,true
1304,500.0,56.0,,true
1305,5000.0,16.0,,true
1306,2200.0,139.0,,true
1307,3500.0,289.0,,true
1308,5000.0,600.0,,true
1309,500.0,157.0,,true
1310,125.0,496.0,,true
1311,40.0,446.0,,true
1312,350.0,142.0,,true
1313,500.0,190.0,,false
1314,500.0,528.0,,false
1315,3300.0,28.0,,false
1316,3300.0,27.0,,false
1317,3300.0,30.0,,false
1318,60.0,165.0,,false
1319,60.0,165.0,,false
1320,60.0,187.0,,false
1321,800.0,5.0,,false
1322,60.0,84.0,,false
1323,60.0,119.0,,false
1324,60.0,116.0,,false
1325,60.0,86.0,,false
1326,60.0,109.0,,false
1327,60.0,88.0,,false
1328,60.0,100.0,,false
1329,60.0,100.0,,false
1330,60.0,84.0,,false
1331,60.0,82.0,,false
1332,100.0,229.0,,false
1333,100.0,219.0,,false
1334,900.0,10.0,,false
1335,1150.0,17.0,,false
1336,1000.0,7.0,,false
1337,1350.0,46.0,,true
1338,500.0,58.0,,true
1339,5000.0,19.0,,true
1340,2200.0,140.0,,true
1341,3500.0,240.0,,true
1342,5000.0,600.0,,true
1343,500.0,157.0,,true
1344,125.0,527.0,,true
1345,40.0,420.0,,true
1346,350.0,149.0,,true
1347,500.0,198.0,,false
1348,500.0,358.0,,false
1349,3300.0,30.0,,false
1350,3300.0,23.0,,false
1351,3300.0,22.0,,false
1352,60.0,229.0,,false
1353,60.0,218.0,,false
1354,60.0,194.0,,false
1355,60.0,242.0,,false
1356,800.0,5.0,,false
1357,60.0,94.0,,false
1358,60.0,91.0,,false
1359,60.0,98.0,,false
1360,60.0,86.0,,false
1361,60.0,104.0,,false
1362,60.0,95.0,,false
1363,100.0,248.0,,false
1364,100.0,247.0,,false
1365,900.0,10.0,,false
1366,1150.0,17.0,,false
1367,1000.0,7.0,,false
1368,1350.0,50.0,,true
1369,500.0,59.0,,true
1370,5000.0,18.0,,true
1371,2200.0,139.0,,true
1372,3500.0,391.0,,true
1373,5000.0,600.0,,true
1374,500.0,141.0,,true
1375,125.0,475.0,,true
1376,40.0,445.0,,true
1377,350.0,165.0,,true
1378,500.0,196.0,,false
1379,500.0,548.0,,false
1380,3300.0,24.0,,false
1381,3300.0,23.0,,false
1382,3300.0,23.0,,false
1383,60.0,194.0,,false
1384,60.0,214.0,,false
1385,60.0,226.0,,false
1386,60.0,165.0,,false
1387,800.0,5.0,,false
1388,60.0,108.0,,false
1389,60.0,81.0,,false
1390,60.0,107.0,,false
1391,60.0,97.0,,false
1392,60.0,111.0,,false
1393,60.0,97.0,,false
1394,60.0,81.0,,false
1395,60.0,109.0,,false
1396,60.0,117.0,,false
1397,100.0,247.0,,false
1398,100.0,225.0,,false
1399,900.0,7.0,,false
1400,1150.0,16.0,,false
1401,1000.0,6.0,,false
1402,1350.0,48.0,,true
1403,500.0,57.0,,true
1404,5000.0,16.0,,true
1405,2200.0,136.0,,true
1406,3500.0,233.0,,true
1407,5000.0,600.0,,true
1408,500.0,150.0,,true
1409,125.0,548.0,,true
1410,40.0,400.0,,true
1411,350.0,171.0,,true
1412,500.0,180.0,,false
1413,500.0,477.0,,false
1414,3300.0,29.0,,false
1415,3300.0,26.0,,false
1416,3300.0,23.0,,false
1417,60.0,249.0,,false
1418,60.0,153.0,,false
1419,60.0,177.0,,false
1420,60.0,199.0,,false
1421,800.0,6.0,,false
1422,60.0,94.0,,false
1423,60.0,99.0,,false
1424,60.0,107.0,,false
1425,60.0,94.0,,false
1426,60.0,105.0,,false
1427,60.0,113.0,,false
1428,60.0,109.0,,false
1429,60.0,87.0,,false
1430,60.0,120.0,,false
1431,100.0,238.0,,false
1432,100.0,238.0,,false
1433,900.0,7.0,,false
1434,1150.0,15.0,,false
1435,1000.0,7.0,,false
1436,1350.0,49.0,,true
1437,500.0,60.0,,true
1438,5000.0,17.0,,true
1439,2200.0,132.0,,true
1440,3500.0,334.0,,true
1441,5000.0,600.0,,true
1442,500.0,150.0,,true
1443,125.0,550.0,,true
1444,40.0,459.0,,true
1445,350.0,142.0,,true
1446,500.0,179.0,,false
1447,500.0,352.0,,false
1448,3300.0,26.0,,false
1449,3300.0,29.0,,false
1450,3300.0,24.0,,false
1451,60.0,207.0,,false
1452,60.0,153.0,,false
1453,60.0,236.0,,false
1454,800.0,5.0,,false
1455,60.0,100.0,,false
1456,60.0,109.0,,false
1457,60.0,110.0,,false
1458,60.0,115.0,,false
1459,60.0,116.0,,false
1460,60.0,105.0,,false
1461,60.0,109.0,,false
1462,100.0,186.0,,false
1463,100.0,211.0,,false
1464,900.0,10.0,,false
1465,1150.0,14.0,,false
1466,1000.0,6.0,,false
1467,1350.0,50.0,,true
1468,500.0,56.0,,true
1469,5000.0,18.0,,true
1470,2200.0,139.0,,true
1471,3500.0,308.0,,true
1472,5000.0,600.0,,true
1473,500.0,142.0,,true
1474,125.0,533.0,,true
1475,40.0,384.0,,true
1476,350.0,167.0,,true
1477,500.0,180.0,,false
1478,500.0,445.0,,false
1479,3300.0,21.0,,false
1480,3300.0,30.0,,false
1481,3300.0,26.0,,false
1482,60.0,234.0,,false
1483,60.0,163.0,,false
1484,60.0,189.0,,false
1485,800.0,4.0,,false
1486,60.0,97.0,,false
1487,60.0,81.0,,false
1488,60.0,116.0,,false
1489,60.0,84.0,,false
1490,60.0,86.0,,false
1491,60.0,85.0,,false
1492,60.0,117.0,,false
1493,60.0,98.0,,false
1494,60.0,89.0,,false
1495,60.0,108.0,,false
1496,100.0,244.0,,false
1497,100.0,238.0,,false
1498,900.0,9.0,,false
1499,1150.0,13.0,,false
1500,1000.0,7.0,,false
1501,1350.0,46.0,,true
1502,500.0,57.0,,true
1503,5000.0,20.0,,true
1504,2200.0,137.0,,true
1505,3500.0,366.0,,true
1506,5000.0,600.0,,true
1507,500.0,152.0,,true
1508,125.0,540.0,,true
1509,40.0,452.0,,true
1510,350.0,157.0,,true
1511,500.0,195.0,,false
1512,500.0,526.0,,false
1513,3300.0,21.0,,false
1514,3300.0,28.0,,false
1515,3300.0,28.0,,false
1516,60.0,211.0,,false
1517,60.0,177.0,,false
1518,60.0,227.0,,false
1519,60.0,182.0,,false
1520,800.0,5.0,,false
1521,60.0,117.0,,false
1522,60.0,102.0,,false
1523,60.0,119.0,,false
1524,60.0,97.0,,false
1525,60.0,108.0,,false
1526,60.0,119.0,,false
1527,60.0,109.0,,false
1528,60.0,107.0,,false
1529,60.0,100.0,,false
1530,100.0,204.0,,false
1531,100.0,223.0,,false
1532,900.0,8.0,,false
1533,1150.0,15.0,,false
1534,1000.0,5.0,,false
1535,1350.0,49.0,,true
1536,500.0,57.0,,true
1537,5000.0,19.0,,true
1538,2200.0,138.0,,true
1539,3500.0,370.0,,true
1540,5000.0,600.0,,true
1541,500.0,145.0,,true
1542,125.0,484.0,,true
1543,40.0,431.0,,true
1544,350.0,155.0,,true
1545,500.0,180.0,,false
1546,500.0,566.0,,false
1547,3300.0,27.0,,false
1548,3300.0,26.0,,false
1549,3300.0,23.0,,false
1550,60.0,160.0,,false
1551,60.0,166.0,,false
1552,60.0,199.0,,false
1553,800.0,4.0,,false
1554,60.0,94.0,,false
1555,60.0,93.0,,false
1556,60.0,116.0,,false
1557,60.0,101.0,,false
1558,60.0,83.0,,false
1559,60.0,98.0,,false
1560,60.0,116.0,,false
1561,60.0,106.0,,false
1562,60.0,82.0,,false
1563,60.0,102.0,,false
1564,100.0,217.0,,false
1565,100.0,191.0,,false
1566,900.0,7.0,,false
1567,1150.0,15.0,,false
1568,1000.0,8.0,,false
1569,1350.0,50.0,,true
1570,500.0,56.0,,true
1571,5000.0,17.0,,true
1572,2200.0,136.0,,true
1573,3500.0,351.0,,true
1574,5000.0,600.0,,true
1575,500.0,146.0,,true
1576,125.0,508.0,,true
1577,40.0,389.0,,true
1578,350.0,173.0,,true
1579,500.0,199.0,,false
1580,500.0,333.0,,false
1581,3300.0,25.0,,false
1582,3300.0,26.0,,false
1583,3300.0,27.0,,false
1584,60.0,213.0,,false
1585,60.0,209.0,,false
1586,60.0,204.0,,false
1587,60.0,189.0,,false
1588,800.0,4.0,,false
1589,60.0,90.0,,false
1590,60.0,96.0,,false
1591,60.0,103.0,,false
1592,60.0,113.0,,false
1593,60.0,104.0,,false
1594,60.0,111.0,,false
1595,60.0,84.0,,false
1596,60.0,82.0,,false
1597,100.0,246.0,,false
1598,100.0,232.0,,false
1599,900.0,7.0,,false
1600,1150.0,15.0,,false
1601,1000.0,5.0,,false
1602,1350.0,49.0,,true
1603,500.0,56.0,,true
1604,5000.0,20.0,,true
1605,2200.0,137.0,,true
1606,3500.0,386.0,,true
1607,5000.0,600.0,,true
1608,500.0,152.0,,true
1609,125.0,492.0,,true
1610,40.0,437.0,,true
1611,350.0,179.0,,true
1612,500.0,184.0,,false
1613,500.0,377.0,,false
1614,3300.0,24.0,,false
1615,3300.0,26.0,,false
1616,3300.0,30.0,,false
1617,60.0,185.0,,false
1618,60.0,246.0,,false
1619,60.0,211.0,,false
1620,60.0,224.0,,false
1621,800.0,5.0,,false
1622,60.0,111.0,,false
1623,60.0,102.0,,false
1624,60.0,81.0,,false
1625,60.0,101.0,,false
1626,60.0,113.0,,false
1627,60.0,118.0,,false
1628,60.0,116.0,,false
1629,60.0,91.0,,false
1630,60.0,110.0,,false
1631,100.0,192.0,,false
1632,100.0,208.0,,false
1633,900.0,9.0,,false
1634,1150.0,15.0,,false
1635,1000.0,5.0,,false
1636,1350.0,50.0,,true
1637,500.0,59.0,,true
1638,5000.0,17.0,,true
1639,2200.0,137.0,,true
1640,3500.0,359.0,,true
1641,5000.0,600.0,,true
1642,500.0,149.0,,true
1643,125.0,480.0,,true
1644,40.0,458.0,,true
1645,350.0,155.0,,true
1646,500.0,189.0,,false
1647,500.0,315.0,,false
1648,3300.0,22.0,,false
1649,3300.0,25.0,,false
1650,3300.0,30.0,,false
1651,60.0,168.0,,false
1652,60.0,176.0,,false
1653,60.0,223.0,,false
1654,800.0,6.0,,false
1655,60.0,91.0,,false
1656,60.0,87.0,,false
1657,60.0,86.0,,false
1658,60.0,82.0,,false
1659,60.0,93.0,,false
1660,60.0,83.0,,false
1661,100.0,205.0,,false
1662,100.0,228.0,,false
1663,900.0,10.0,,false
1664,1150.0,13.0,,false
1665,1000.0,7.0,,false
1666,1350.0,48.0,,true
1667,500.0,56.0,,true
1668,5000.0,17.0,,true
1669,2200.0,138.0,,true
1670,3500.0,314.0,,true
1671,5000.0,600.0,,true
1672,500.0,148.0,,true
1673,125.0,489.0,,true
1674,40.0,398.0,,true
1675,350.0,167.0,,true
1676,500.0,176.0,,false
1677,500.0,414.0,,false
1678,3300.0,24.0,,false
1679,3300.0,26.0,,false
1680,3300.0,25.0,,false
1681,60.0,241.0,,false
1682,60.0,217.0,,false
1683,60.0,172.0,,false
1684,800.0,6.0,,false
1685,60.0,116.0,,false
1686,60.0,107.0,,false
1687,60.0,103.0,,false
1688,60.0,110.0,,false
1689,60.0,100.0,,false
1690,60.0,110.0,,false
1691,60.0,86.0,,false
1692,100.0,218.0,,false
1693,100.0,182.0,,false
1694,900.0,7.0,,false
1695,1150.0,18.0,,false
1696,1000.0,5.0,,false
1697,1350.0,48.0,,true
1698,500.0,59.0,,true
1699,5000.0,16.0,,true
1700,2200.0,131.0,,true
1701,3500.0,345.0,,true
1702,5000.0,600.0,,true
1703,500.0,158.0,,true
1704,125.0,542.0,,true
1705,40.0,352.0,,true
1706,350.0,148.0,,true
1707,500.0,178.0,,false
1708,500.0,555.0,,false
1709,3300.0,28.0,,false
1710,3300.0,26.0,,false
1711,3300.0,26.0,,false
1712,60.0,181.0,,false
1713,60.0,165.0,,false
1714,60.0,243.0,,false
1715,60.0,231.0,,false
1716,800.0,6.0,,false
1717,60.0,109.0,,false
1718,60.0,92.0,,false
1719,60.0,111.0,,false
1720,60.0,109.0,,false
1721,60.0,83.0,,false
1722,60.0,93.0,,false
1723,100.0,210.0,,false
1724,100.0,221.0,,false
1725,900.0,7.0,,false
1726,1150.0,14.0,,false
1727,1000.0,5.0,,false
1728,1350.0,48.0,,true
1729,500.0,60.0,,true
1730,5000.0,20.0,,true
1731,2200.0,131.0,,true
1732,3500.0,259.0,,true
1733,5000.0,600.0,,true
1734,500.0,144.0,,true
1735,125.0,470.0,,true
1736,40.0,440.0,,true
1737,350.0,162.0,,true
1738,500.0,195.0,,false
1739,500.0,457.0,,false
1740,3300.0,22.0,,false
1741,3300.0,30.0,,false
1742,3300.0,26.0,,false
1743,60.0,172.0,,false
1744,60.0,218.0,,false
1745,60.0,200.0,,false
1746,60.0,220.0,,false
1747,800.0,5.0,,false
1748,60.0,95.0,,false
1749,60.0,117.0,,false
1750,60.0,108.0,,false
1751,60.0,101.0,,false
1752,60.0,104.0,,false
1753,60.0,97.0,,false
1754,60.0,113.0,,false
1755,60.0,83.0,,false
1756,60.0,84.0,,false
1757,100.0,232.0,,false
1758,100.0,192.0,,false
1759,900.0,9.0,,false
1760,1150.0,17.0,,false
1761,1000.0,5.0,,false
1762,1350.0,46.0,,true
1763,500.0,59.0,,true
1764,5000.0,20.0,,true
1765,2200.0,134.0,,true
1766,3500.0,310.0,,true
1767,5000.0,600.0,,true
1768,500.0,152.0,,true
1769,125.0,451.0,,true
1770,40.0,409.0,,true
1771,350.0,144.0,,true
1772,500.0,199.0,,false
1773,500.0,352.0,,false
1774,3300.0,28.0,,false
1775,3300.0,29.0,,false
1776,3300.0,27.0,,false
1777,60.0,234.0,,false
1778,60.0,170.0,,false
1779,60.0,246.0,,false
1780,800.0,6.0,,false
1781,60.0,91.0,,false
1782,60.0,96.0,,false
1783,60.0,91.0,,false
1784,60.0,89.0,,false
1785,60.0,106.0,,false
1786,60.0,91.0,,false
1787,100.0,228.0,,false
1788,100.0,233.0,,false
1789,900.0,9.0,,false
1790,1150.0,14.0,,false
1791,1000.0,6.0,,false
1792,1350.0,49.0,,true
1793,500.0,59.0,,true
1794,5000.0,18.0,,true
1795,2200.0,136.0,,true
1796,3500.0,203.0,,true
1797,5000.0,600.0,,true
1798,500.0,141.0,,true
1799,125.0,536.0,,true
1800,40.0,438.0,,true
1801,350.0,179.0,,true
1802,500.0,193.0,,false
1803,500.0,337.0,,false
1804,3300.0,23.0,,false
1805,3300.0,28.0,,false
1806,3300.0,29.0,,false
1807,60.0,213.0,,false
1808,60.0,224.0,,false
1809,60.0,172.0,,false
1810,60.0,182.0,,false
1811,800.0,6.0,,false
1812,60.0,94.0,,false
1813,60.0,91.0,,false
1814,60.0,119.0,,false
1815,60.0,113.0,,false
1816,60.0,89.0,,false
1817,60.0,117.0,,false
1818,100.0,205.0,,false
1819,100.0,208.0,,false
1820,900.0,8.0,,false
1821,1150.0,13.0,,false
1822,1000.0,6.0,,false
1823,1350.0,49.0,,true
1824,500.0,59.0,,true
1825,5000.0,17.0,,true
1826,2200.0,138.0,,true
1827,3500.0,363.0,,true
1828,5000.0,600.0,,true
1829,500.0,154.0,,true
1830,125.0,462.0,,true
1831,40.0,368.0,,true
1832,350.0,142.0,,true
1833,500.0,174.0,,false
1834,500.0,501.0,,false
1835,3300.0,23.0,,false
1836,3300.0,26.0,,false
1837,3300.0,21.0,,false
1838,60.0,211.0,,false
1839,60.0,246.0,,false
1840,60.0,161.0,,false
1841,60.0,183.0,,false
1842,800.0,4.0,,false
1843,60.0,117.0,,false
1844,60.0,105.0,,false
1845,60.0,113.0,,false
1846,60.0,103.0,,false
1847,60.0,107.0,,false
1848,60.0,103.0,,false
1849,100.0,210.0,,false
1850,100.0,234.0,,false
1851,900.0,8.0,,false
1852,1150.0,14.0,,false
1853,1000.0,5.0,,false
1854,1350.0,48.0,,true
1855,500.0,60.0,,true
1856,5000.0,18.0,,true
1857,2200.0,138.0,,true
1858,3500.0,213.0,,true
1859,5000.0,600.0,,true
1860,500.0,151.0,,true
1861,125.0,460.0,,true
1862,40.0,352.0,,true
1863,350.0,169.0,,true
1864,500.0,183.0,,false
1865,500.0,454.0,,false
1866,3300.0,29.0,,false
1867,3300.0,24.0,,false
1868,3300.0,24.0,,false
1869,60.0,177.0,,false
1870,60.0,188.0,,false
1871,60.0,172.0,,false
1872,60.0,191.0,,false
1873,800.0,5.0,,false
1874,60.0,106.0,,false
1875,60.0,118.0,,false
1876,60.0,96.0,,false
1877,60.0,90.0,,false
1878,60.0,115.0,,false
1879,60.0,103.0,,false
1880,100.0,221.0,,false
1881,100.0,212.0,,false
1882,900.0,10.0,,false
1883,1150.0,17.0,,false
1884,1000.0,8.0,,false
1885,1350.0,49.0,,true
1886,500.0,59.0,,true
1887,5000.0,20.0,,true
1888,2200.0,138.0,,true
1889,3500.0,261.0,,true
1890,5000.0,600.0,,true
1891,500.0,145.0,,true
1892,125.0,531.0,,true
1893,40.0,365.0,,true
1894,350.0,176.0,,true
1895,500.0,175.0,,false
1896,500.0,340.0,,false
1897,3300.0,23.0,,false
1898,3300.0,30.0,,false
1899,3300.0,29.0,,false
1900,60.0,177.0,,false
1901,60.0,233.0,,false
1902,60.0,242.0,,false
1903,800.0,4.0,,false
1904,60.0,84.0,,false
1905,60.0,83.0,,false
1906,60.0,115.0,,false
1907,60.0,82.0,,false
1908,60.0,86.0,,false
1909,60.0,83.0,,false
1910,60.0,114.0,,false
1911,100.0,211.0,,false
1912,100.0,223.0,,false
1913,900.0,7.0,,false
1914,1150.0,13.0,,false
1915,1000.0,7.0,,false
1916,1350.0,47.0,,true
1917,500.0,56.0,,true
1918,5000.0,17.0,,true
1919,2200.0,140.0,,true
1920,3500.0,305.0,,true
1921,5000.0,600.0,,true
1922,500.0,144.0,,true
1923,125.0,524.0,,true
1924,40.0,413.0,,true
1925,350.0,161.0,,true
1926,500.0,186.0,,false
1927,500.0,521.0,,false
1928,3300.0,23.0,,false
1929,3300.0,26.0,,false
1930,3300.0,23.0,,false
1931,60.0,191.0,,false
1932,60.0,179.0,,false
1933,60.0,166.0,,false
1934,60.0,166.0,,false
1935,800.0,5.0,,false
1936,60.0,113.0,,false
1937,60.0,95.0,,false
1938,60.0,84.0,,false
1939,60.0,102.0,,false
1940,60.0,112.0,,false
1941,60.0,103.0,,false
1942,60.0,94.0,,false
1943,100.0,226.0,,false
1944,100.0,207.0,,false
1945,900.0,7.0,,false
1946,1150.0,17.0,,false
1947,1000.0,6.0,,false
1948,1350.0,50.0,,true
1949,500.0,57.0,,true
1950,5000.0,17.0,,true
1951,2200.0,137.0,,true
1952,3500.0,374.0,,true
1953,5000.0,600.0,,true
1954,500.0,142.0,,true
1955,125.0,479.0,,true
1956,40.0,393.0,,true
1957,350.0,151.0,,true
1958,500.0,199.0,,false
1959,500.0,430.0,,false
1960,3300.0,30.0,,false
1961,3300.0,30.0,,false
1962,3300.0,23.0,,false
1963,60.0,205.0,,false
1964,60.0,243.0,,false
1965,60.0,157.0,,false
1966,800.0,5.0,,false
1967,60.0,111.0,,false
1968,60.0,116.0,,false
1969,60.0,98.0,,false
1970,60.0,96.0,,false
1971,60.0,92.0,,false
1972,60.0,99.0,,false
1973,100.0,233.0,,false
1974,100.0,185.0,,false
1975,900.0,10.0,,false
1976,1150.0,13.0,,false
1977,1000.0,8.0,,false
1978,1350.0,48.0,,true
1979,500.0,59.0,,true
1980,5000.0,18.0,,true
1981,2200.0,139.0,,true
1982,3500.0,317.0,,true
1983,5000.0,600.0,,true
1984,500.0,160.0,,true
1985,125.0,464.0,,true
1986,40.0,371.0,,true
1987,350.0,176.0,,true
1988,500.0,184.0,,false
1989,500.0,365.0,,false
1990,3300.0,23.0,,false
1991,3300.0,21.0,,false
1992,3300.0,23.0,,false
1993,60.0,166.0,,false
1994,60.0,188.0,,false
1995,60.0,200.0,,false
1996,800.0,4.0,,false
1997,60.0,117.0,,false
1998,60.0,99.0,,false
1999,60.0,88.0,,false
2000,60.0,113.0,,false
2001,60.0,83.0,,false
2002,60.0,87.0,,false
2003,60.0,99.0,,false
2004,60.0,107.0,,false
2005,100.0,208.0,,false
2006,100.0,223.0,,false
2007,900.0,10.0,,false
2008,1150.0,13.0,,false
2009,1000.0,7.0,,false
2010,1350.0,49.0,,true
2011,500.0,58.0,,true
2012,5000.0,17.0,,true
2013,2200.0,137.0,,true
2014,3500.0,201.0,,true
2015,5000.0,600.0,,true
2016,500.0,156.0,,true
2017,125.0,522.0,,true
2018,40.0,367.0,,true
2019,350.0,144.0,,true
2020,500.0,181.0,,false
2021,500.0,359.0,,false
2022,3300.0,24.0,,false
2023,3300.0,25.0,,false
2024,3300.0,25.0,,false
2025,60.0,180.0,,false
2026,60.0,173.0,,false
2027,60.0,233.0,,false
2028,800.0,5.0,,false
2029,60.0,116.0,,false
2030,60.0,112.0,,false
2031,60.0,87.0,,false
2032,60.0,101.0,,false
2033,60.0,114.0,,false
2034,60.0,85.0,,false
2035,100.0,186.0,,false
2036,100.0,199.0,,false
2037,900.0,10.0,,false
2038,1150.0,17.0,,false
2039,1000.0,5.0,,false
2040,1350.0,48.0,,true
2041,500.0,58.0,,true
2042,5000.0,16.0,,true
2043,2200.0,131.0,,true
2044,3500.0,335.0,,true
2045,5000.0,600.0,,true
2046,500.0,143.0,,true
2047,125.0,480.0,,true
2048,40.0,370.0,,true
2049,350.0,145.0,,true
2050,500.0,191.0,,false
2051,500.0,423.0,,false
2052,3300.0,29.0,,false
2053,3300.0,24.0,,false
2054,3300.0,22.0,,false
2055,60.0,180.0,,false
2056,60.0,181.0,,false
2057,60.0,202.0,,false
2058,60.0,188.0,,false
2059,800.0,6.0,,false
2060,60.0,113.0,,false
2061,60.0,108.0,,false
2062,60.0,85.0,,false
2063,60.0,98.0,,false
2064,60.0,88.0,,false
2065,60.0,87.0,,false
2066,60.0,99.0,,false
2067,60.0,113.0,,false
2068,60.0,83.0,,false
2069,60.0,94.0,,false
2070,100.0,225.0,,false
2071,100.0,228.0,,false
2072,900.0,8.0,,false
2073,1150.0,14.0,,false
2074,1000.0,5.0,,false
2075,1350.0,48.0,,true
2076,500.0,59.0,,true
2077,5000.0,16.0,,true
2078,2200.0,137.0,,true
2079,3500.0,283.0,,true
2080,5000.0,600.0,,true
2081,500.0,160.0,,true
2082,125.0,529.0,,true
2083,40.0,356.0,,true
2084,350.0,180.0,,true
2085,500.0,195.0,,false
2086,500.0,513.0,,false
2087,3300.0,30.0,,false
2088,3300.0,23.0,,false
2089,3300.0,30.0,,false
2090,60.0,160.0,,false
2091,60.0,200.0,,false
2092,60.0,170.0,,false
2093,60.0,168.0,,false
2094,800.0,5.0,,false
2095,60.0,94.0,,false
2096,60.0,117.0,,false
2097,60.0,82.0,,false
2098,60.0,96.0,,false
2099,60.0,101.0,,false
2100,60.0,87.0,,false
2101,60.0,94.0,,false
2102,100.0,202.0,,false
2103,100.0,225.0,,false
2104,900.0,10.0,,false
2105,1150.0,18.0,,false
2106,1000.0,8.0,,false
2107,1350.0,48.0,,true
2108,500.0,59.0,,true
2109,5000.0,16.0,,true
2110,2200.0,132.0,,true
2111,3500.0,209.0,,true
2112,5000.0,600.0,,true
2113,500.0,142.0,,true
2114,125.0,506.0,,true
2115,40.0,361.0,,true
2116,350.0,179.0,,true
2117,500.0,180.0,,false
2118,500.0,309.0,,false
2119,3300.0,21.0,,false
2120,3300.0,30.0,,false
2121,3300.0,23.0,,false
2122,60.0,190.0,,false
2123,60.0,231.0,,false
2124,60.0,163.0,,false
2125,800.0,4.0,,false
2126,60.0,108.0,,false
2127,60.0,104.0,,false
2128,60.0,88.0,,false
2129,60.0,112.0,,false
2130,60.0,111.0,,false
2131,60.0,85.0,,false
2132,60.0,116.0,,false
2133,100.0,250.0,,false
2134,100.0,241.0,,false
2135,900.0,8.0,,false
2136,1150.0,17.0,,false
2137,1000.0,8.0,,false
2138,1350.0,48.0,,true
2139,500.0,60.0,,true
2140,5000.0,20.0,,true
2141,2200.0,131.0,,true
2142,3500.0,288.0,,true
2143,5000.0,600.0,,true
2144,500.0,142.0,,true
2145,125.0,504.0,,true
2146,40.0,451.0,,true
2147,350.0,144.0,,true
2148,500.0,187.0,,false
2149,500.0,384.0,,false
2150,3300.0,26.0,,false
2151,3300.0,24.0,,false
2152,3300.0,25.0,,false
2153,60.0,209.0,,false
2154,60.0,236.0,,false
2155,60.0,170.0,,false
2156,800.0,5.0,,false
2157,60.0,108.0,,false
2158,60.0,105.0,,false
2159,60.0,91.0,,false
2160,60.0,98.0,,false
2161,60.0,109.0,,false
2162,60.0,81.0,,false
2163,100.0,240.0,,false
2164,100.0,218.0,,false
2165,900.0,8.0,,false
2166,1150.0,16.0,,false
2167,1000.0,6.0,,false
2168,1350.0,47.0,,true
2169,500.0,58.0,,true
2170,5000.0,20.0,,true
2171,2200.0,138.0,,true
2172,3500.0,267.0,,true
2173,5000.0,600.0,,true
2174,500.0,143.0,,true
2175,125.0,520.0,,true
2176,40.0,393.0,,true
2177,350.0,144.0,,true
2178,500.0,187.0,,false
2179,500.0,385.0,,false
2180,3300.0,21.0,,false
2181,3300.0,25.0,,false
2182,3300.0,23.0,,false
2183,60.0,240.0,,false
2184,60.0,195.0,,false
2185,60.0,187.0,,false
2186,60.0,249.0,,false
2187,800.0,6.0,,false
2188,60.0,95.0,,false
2189,60.0,115.0,,false
2190,60.0,103.0,,false
2191,60.0,91.0,,false
2192,60.0,87.0,,false
2193,60.0,112.0,,false
2194,60.0,112.0,,false
2195,100.0,183.0,,false
2196,100.0,230.0,,false
2197,900.0,7.0,,false
2198,1150.0,15.0,,false
2199,1000.0,6.0,,false
2200,1350.0,47.0,,true
2201,500.0,60.0,,true
2202,5000.0,18.0,,true
2203,2200.0,132.0,,true
2204,3500.0,305.0,,true
2205,5000.0,600.0,,true
2206,500.0,160.0,,true
2207,125.0,507.0,,true
2208,40.0,456.0,,true
2209,350.0,160.0,,true
2210,500.0,198.0,,false
2211,500.0,394.0,,false
2212,3300.0,21.0,,false
2213,3300.0,29.0,,false
2214,3300.0,27.0,,false
2215,60.0,169.0,,false
2216,60.0,223.0,,false
2217,60.0,201.0,,false
2218,60.0,218.0,,false
2219,800.0,5.0,,false
2220,60.0,114.0,,false
2221,60.0,101.0,,false
2222,60.0,108.0,,false
2223,60.0,118.0,,false
2224,60.0,106.0,,false
2225,60.0,82.0,,false
2226,60.0,90.0,,false
2227,60.0,108.0,,false
2228,60.0,99.0,,false
2229,60.0,92.0,,false
2230,100.0,243.0,,false
2231,100.0,244.0,,false
2232,900.0,10.0,,false
2233,1150.0,17.0,,false
2234,1000.0,6.0,,false
2235,1350.0,48.0,,true
2236,500.0,58.0,,true
2237,5000.0,19.0,,true
2238,2200.0,140.0,,true
2239,3500.0,368.0,,true
2240,5000.0,600.0,,true
2241,500.0,146.0,,true
2242,125.0,520.0,,true
2243,40.0,450.0,,true
2244,350.0,175.0,,true
2245,500.0,199.0,,false
2246,500.0,466.0,,false
2247,3300.0,23.0,,false
2248,3300.0,30.0,,false
2249,3300.0,30.0,,false
2250,60.0,166.0,,false
2251,60.0,166.0,,false
2252,60.0,244.0,,false
2253,800.0,6.0,,false
2254,60.0,88.0,,false
2255,60.0,103.0,,false
2256,60.0,96.0,,false
2257,60.0,111.0,,false
2258,60.0,95.0,,false
2259,60.0,117.0,,false
2260,100.0,242.0,,false
2261,100.0,226.0,,false
2262,900.0,10.0,,false
2263,1150.0,13.0,,false
2264,1000.0,8.0,,false
2265,1350.0,49.0,,true
2266,500.0,59.0,,true
2267,5000.0,19.0,,true
2268,2200.0,132.0,,true
2269,3500.0,390.0,,true
2270,5000.0,600.0,,true
2271,500.0,143.0,,true
2272,125.0,454.0,,true
2273,40.0,374.0,,true
2274,350.0,143.0,,true
2275,500.0,194.0,,false
2276,500.0,312.0,,false
2277,3300.0,30.0,,false
2278,3300.0,25.0,,false
2279,3300.0,24.0,,false
2280,60.0,191.0,,false
2281,60.0,202.0,,false
2282,60.0,206.0,,false
2283,60.0,196.0,,false
2284,800.0,6.0,,false
2285,60.0,89.0,,false
2286,60.0,115.0,,false
2287,60.0,85.0,,false
2288,60.0,112.0,,false
2289,60.0,116.0,,false
2290,60.0,97.0,,false
2291,60.0,107.0,,false
2292,60.0,90.0,,false
2293,100.0,198.0,,false
2294,100.0,241.0,,false
2295,900.0,9.0,,false
2296,1150.0,13.0,,false
2297,1000.0,7.0,,false
2298,1350.0,47.0,,true
2299,500.0,58.0,,true
2300,5000.0,19.0,,true
2301,2200.0,139.0,,true
2302,3500.0,348.0,,true
2303,5000.0,600.0,,true
2304,500.0,153.0,,true
2305,125.0,475.0,,true
2306,40.0,413.0,,true
2307,350.0,166.0,,true
2308,500.0,173.0,,false
2309,500.0,395.0,,false
2310,3300.0,22.0,,false
2311,3300.0,21.0,,false
2312,3300.0,24.0,,false
2313,60.0,200.0,,false
2314,60.0,183.0,,false
2315,60.0,209.0,,false
2316,800.0,6.0,,false
2317,60.0,104.0,,false
2318,60.0,86.0,,false
2319,60.0,84.0,,false
2320,60.0,85.0,,false
2321,60.0,109.0,,false
2322,60.0,92.0,,false
2323,60.0,91.0,,false
2324,60.0,90.0,,false
2325,100.0,235.0,,false
2326,100.0,186.0,,false
2327,900.0,7.0,,false
2328,1150.0,15.0,,false
2329,1000.0,7.0,,false
2330,1350.0,46.0,,true
2331,500.0,57.0,,true
2332,5000.0,20.0,,true
2333,2200.0,134.0,,true
2334,3500.0,218.0,,true
2335,5000.0,600.0,,true
2336,500.0,156.0,,true
2337,125.0,512.0,,true
2338,40.0,358.0,,true
2339,350.0,169.0,,true
2340,500.0,199.0,,false
2341,500.0,309.0,,false
2342,3300.0,22.0,,false
2343,3300.0,26.0,,false
2344,3300.0,21.0,,false
2345,60.0,231.0,,false
2346,60.0,249.0,,false
2347,60.0,207.0,,false
2348,60.0,227.0,,false
2349,800.0,4.0,,false
2350,60.0,116.0,,false
2351,60.0,102.0,,false
2352,60.0,82.0,,false
2353,60.0,105.0,,false
2354,60.0,87.0,,false
2355,60.0,107.0,,false
2356,60.0,102.0,,false
2357,60.0,116.0,,false
2358,60.0,107.0,,false
2359,60.0,113.0,,false
2360,100.0,210.0,,false
2361,100.0,222.0,,false
2362,900.0,9.0,,false
2363,1150.0,18.0,,false
2364,1000.0,5.0,,false
2365,1350.0,47.0,,true
2366,500.0,59.0,,true
2367,5000.0,17.0,,true
2368,2200.0,133.0,,true
2369,3500.0,218.0,,true
2370,5000.0,600.0,,true
2371,500.0,153.0,,true
2372,125.0,477.0,,true
2373,40.0,403.0,,true
2374,350.0,167.0,,true
2375,500.0,174.0,,false
2376,500.0,556.0,,false
2377,3300.0,21.0,,false
2378,3300.0,24.0,,false
2379,3300.0,22.0,,false
2380,60.0,222.0,,false
2381,60.0,215.0,,false
2382,60.0,194.0,,false
2383,60.0,182.0,,false
2384,800.0,5.0,,false
2385,60.0,82.0,,false
2386,60.0,118.0,,false
2387,60.0,89.0,,false
2388,60.0,105.0,,false
2389,60.0,104.0,,false
2390,60.0,84.0,,false
2391,60.0,102.0,,false
2392,60.0,86.0,,false
2393,60.0,99.0,,false
2394,60.0,100.0,,false
2395,100.0,196.0,,false
2396,100.0,211.0,,false
2397,900.0,7.0,,false
2398,1150.0,16.0,,false
2399,1000.0,7.0,,false
2400,1350.0,50.0,,true
2401,500.0,57.0,,true
2402,5000.0,19.0,,true
2403,2200.0,131.0,,true
2404,3500.0,211.0,,true
2405,5000.0,600.0,,true
2406,500.0,148.0,,true
2407,125.0,482.0,,true
2408,40.0,394.0,,true
2409,350.0,165.0,,true
2410,500.0,175.0,,false
2411,500.0,321.0,,false
2412,3300.0,27.0,,false
2413,3300.0,22.0,,false
2414,3300.0,21.0,,false
2415,60.0,249.0,,false
2416,60.0,231.0,,false
2417,60.0,193.0,,false
2418,800.0,5.0,,false
2419,60.0,117.0,,false
2420,60.0,99.0,,false
2421,60.0,109.0,,false
2422,60.0,115.0,,false
2423,60.0,118.0,,false
2424,60.0,94.0,,false
2425,60.0,81.0,,false
2426,60.0,108.0,,false
2427,60.0,106.0,,false
2428,60.0,112.0,,false
2429,100.0,232.0,,false
2430,100.0,223.0,,false
2431,900.0,9.0,,false
2432,1150.0,17.0,,false
2433,1000.0,5.0,,false
2434,1350.0,49.0,,true
2435,500.0,56.0,,true
2436,5000.0,19.0,,true
2437,2200.0,137.0,,true
2438,3500.0,340.0,,true
2439,5000.0,600.0,,true
2440,500.0,143.0,,true
2441,125.0,496.0,,true
2442,40.0,357.0,,true
2443,350.0,145.0,,true
2444,500.0,176.0,,false
2445,500.0,469.0,,false
2446,3300.0,22.0,,false
2447,3300.0,26.0,,false
2448,3300.0,25.0,,false
2449,60.0,218.0,,false
2450,60.0,153.0,,false
2451,60.0,201.0,,false
2452,60.0,242.0,,false
2453,800.0,5.0,,false
2454,60.0,109.0,,false
2455,60.0,91.0,,false
2456,60.0,112.0,,false
2457,60.0,82.0,,false
2458,60.0,102.0,,false
2459,60.0,94.0,,false
2460,60.0,102.0,,false
2461,100.0,218.0,,false
2462,100.0,220.0,,false
2463,900.0,10.0,,false
2464,1150.0,16.0,,false
2465,1000.0,7.0,,false
2466,1350.0,47.0,,true
2467,500.0,58.0,,true
2468,5000.0,20.0,,true
2469,2200.0,132.0,,true
2470,3500.0,321.0,,true
2471,5000.0,600.0,,true
2472,500.0,147.0,,true
2473,125.0,482.0,,true
2474,40.0,432.0,,true
2475,350.0,141.0,,true
2476,500.0,188.0,,false
2477,500.0,562.0,,false
2478,3300.0,21.0,,false
2479,3300.0,21.0,,false
2480,3300.0,26.0,,false
2481,60.0,188.0,,false
2482,60.0,166.0,,false
2483,60.0,168.0,,false
2484,60.0,174.0,,false
2485,800.0,5.0,,false
2486,60.0,103.0,,false
2487,60.0,110.0,,false
2488,60.0,113.0,,false
2489,60.0,91.0,,false
2490,60.0,105.0,,false
2491,60.0,94.0,,false
2492,60.0,93.0,,false
2493,100.0,186.0,,false
2494,100.0,231.0,,false
2495,900.0,8.0,,false
2496,1150.0,13.0,,false
2497,1000.0,6.0,,false
2498,1350.0,47.0,,true
2499,500.0,58.0,,true
2500,5000.0,17.0,,true
2501,2200.0,131.0,,true
2502,3500.0,292.0,,true
2503,5000.0,600.0,,true
2504,500.0,142.0,,true
2505,125.0,524.0,,true
2506,40.0,351.0,,true
2507,350.0,156.0,,true
2508,500.0,181.0,,false
2509,500.0,406.0,,false
2510,3300.0,23.0,,false
2511,3300.0,29.0,,false
2512,3300.0,30.0,,false
2513,60.0,248.0,,false
2514,60.0,202.0,,false
2515,60.0,233.0,,false
2516,800.0,4.0,,false
2517,60.0,88.0,,false
2518,60.0,91.0,,false
2519,60.0,89.0,,false
2520,60.0,119.0,,false
2521,60.0,106.0,,false
2522,60.0,116.0,,false
2523,60.0,95.0,,false
2524,60.0,112.0,,false
2525,100.0,244.0,,false
2526,100.0,198.0,,false
2527,900.0,10.0,,false
2528,1150.0,18.0,,false
2529,1000.0,7.0,,false
2530,1350.0,48.0,,true
2531,500.0,56.0,,true
2532,5000.0,19.0,,true
2533,2200.0,137.0,,true
2534,3500.0,282.0,,true
2535,5000.0,600.0,,true
2536,500.0,145.0,,true
2537,125.0,547.0,,true
2538,40.0,452.0,,true
2539,350.0,178.0,,true
2540,500.0,172.0,,false
2541,500.0,503.0,,false
2542,3300.0,27.0,,false
2543,3300.0,23.0,,false
2544,3300.0,23.0,,false
2545,60.0,249.0,,false
2546,60.0,176.0,,false
2547,60.0,186.0,,false
2548,800.0,4.0,,false
2549,60.0,119.0,,false
2550,60.0,92.0,,false
2551,60.0,83.0,,false
2552,60.0,92.0,,false
2553,60.0,97.0,,false
2554,60.0,87.0,,false
2555,60.0,114.0,,false
2556,60.0,100.0,,false
2557,100.0,217.0,,false
2558,100.0,221.0,,false
2559,900.0,7.0,,false
2560,1150.0,18.0,,false
2561,1000.0,5.0,,false
2562,1350.0,47.0,,true
2563,500.0,57.0,,true
2564,5000.0,17.0,,true
2565,2200.0,131.0,,true
2566,3500.0,336.0,,true
2567,5000.0,600.0,,true
2568,500.0,148.0,,true
2569,125.0,495.0,,true
2570,40.0,435.0,,true
2571,350.0,143.0,,true
2572,500.0,179.0,,false
2573,500.0,595.0,,false
2574,3300.0,28.0,,false
2575,3300.0,22.0,,false
2576,3300.0,25.0,,false
2577,60.0,230.0,,false
2578,60.0,220.0,,false
2579,60.0,181.0,,false
2580,800.0,5.0,,false
2581,60.0,86.0,,false
2582,60.0,105.0,,false
2583,60.0,114.0,,false
2584,60.0,97.0,,false
2585,60.0,84.0,,false
2586,60.0,102.0,,false
2587,60.0,86.0,,false
2588,60.0,82.0,,false
2589,60.0,103.0,,false
2590,60.0,88.0,,false
2591,100.0,211.0,,false
2592,100.0,210.0,,false
2593,900.0,9.0,,false
2594,1150.0,15.0,,false
2595,1000.0,6.0,,false
2596,1350.0,47.0,,true
2597,500.0,57.0,,true
2598,5000.0,16.0,,true
2599,2200.0,137.0,,true
2600,3500.0,283.0,,true
2601,5000.0,600.0,,true
2602,500.0,154.0,,true
2603,125.0,529.0,,true
2604,40.0,385.0,,true
2605,350.0,164.0,,true
2606,500.0,187.0,,false
2607,500.0,500.0,,false
2608,3300.0,30.0,,false
2609,3300.0,26.0,,false
2610,3300.0,22.0,,false
2611,60.0,210.0,,false
2612,60.0,231.0,,false
2613,60.0,169.0,,false
2614,60.0,186.0,,false
2615,800.0,6.0,,false
2616,60.0,108.0,,false
2617,60.0,86.0,,false
2618,60.0,96.0,,false
2619,60.0,84.0,,false
2620,60.0,111.0,,false
2621,60.0,112.0,,false
2622,60.0,110.0,,false
2623,60.0,115.0,,false
2624,60.0,112.0,,false
2625,100.0,230.0,,false
2626,100.0,208.0,,false
2627,900.0,8.0,,false
2628,1150.0,16.0,,false
2629,1000.0,7.0,,false
2630,1350.0,48.0,,true
2631,500.0,60.0,,true
2632,5000.0,20.0,,true
2633,2200.0,135.0,,true
2634,3500.0,259.0,,true
2635,5000.0,600.0,,true
2636,500.0,146.0,,true
2637,125.0,482.0,,true
2638,40.0,384.0,,true
2639,350.0,147.0,,true
2640,500.0,176.0,,false
2641,500.0,542.0,,false
2642,3300.0,24.0,,false
2643,3300.0,28.0,,false
2644,3300.0,28.0,,false
2645,60.0,185.0,,false
2646,60.0,166.0,,false
2647,60.0,181.0,,false
2648,800.0,6.0,,false
2649,60.0,90.0,,false
2650,60.0,89.0,,false
2651,60.0,115.0,,false
2652,60.0,84.0,,false
2653,60.0,104.0,,false
2654,60.0,95.0,,false
2655,60.0,106.0,,false
2656,100.0,189.0,,false
2657,100.0,221.0,,false
2658,900.0,10.0,,false
2659,1150.0,14.0,,false
2660,1000.0,8.0,,false
2661,1350.0,48.0,,true
2662,500.0,57.0,,true
2663,5000.0,17.0,,true
2664,2200.0,138.0,,true
2665,3500.0,328.0,,true
2666,5000.0,600.0,,true
2667,500.0,149.0,,true
2668,125.0,528.0,,true
2669,40.0,412.0,,true
2670,350.0,176.0,,true
2671,500.0,200.0,,false
2672,500.0,331.0,,false
2673,3300.0,25.0,,false
2674,3300.0,25.0,,false
2675,3300.0,25.0,,false
2676,60.0,243.0,,false
2677,60.0,211.0,,false
2678,60.0,156.0,,false
2679,60.0,192.0,,false
2680,800.0,5.0,,false
2681,60.0,119.0,,false
2682,60.0,110.0,,false
2683,60.0,103.0,,false
2684,60.0,111.0,,false
2685,60.0,110.0,,false
2686,60.0,89.0,,false
2687,60.0,92.0,,false
2688,60.0,89.0,,false
2689,60.0,99.0,,false
2690,60.0,104.0,,false
2691,100.0,195.0,,false
2692,100.0,238.0,,false
2693,900.0,10.0,,false
2694,1150.0,15.0,,false
2695,1000.0,8.0,,false
2696,1350.0,50.0,,true
2697,500.0,56.0,,true
2698,5000.0,17.0,,true
2699,2200.0,133.0,,true
2700,3500.0,244.0,,true
2701,5000.0,600.0,,true
2702,500.0,147.0,,true
2703,125.0,524.0,,true
2704,40.0,439.0,,true
2705,350.0,161.0,,true
2706,500.0,182.0,,false
2707,500.0,576.0,,false
2708,3300.0,30.0,,false
2709,3300.0,30.0,,false
2710,3300.0,28.0,,false
2711,60.0,219.0,,false
2712,60.0,229.0,,false
2713,60.0,210.0,,false
2714,60.0,231.0,,false
2715,800.0,4.0,,false
2716,60.0,114.0,,false
2717,60.0,90.0,,false
2718,60.0,88.0,,false
2719,60.0,109.0,,false
2720,60.0,112.0,,false
2721,60.0,118.0,,false
2722,60.0,110.0,,false
2723,60.0,109.0,,false
2724,60.0,116.0,,false
2725,60.0,111.0,,false
2726,100.0,202.0,,false
2727,100.0,191.0,,false
2728,900.0,10.0,,false
2729,1150.0,14.0,,false
2730,1000.0,8.0,,false
2731,1350.0,47.0,,true
2732,500.0,57.0,,true
2733,5000.0,18.0,,true
2734,2200.0,138.0,,true
2735,3500.0,351.0,,true
2736,5000.0,600.0,,true
2737,500.0,147.0,,true
2738,125.0,501.0,,true
2739,40.0,425.0,,true
2740,350.0,179.0,,true
2741,500.0,200.0,,false
2742,500.0,474.0,,false
2743,3300.0,28.0,,false
2744,3300.0,30.0,,false
2745,3300.0,21.0,,false
2746,60.0,180.0,,false
2747,60.0,161.0,,false
2748,60.0,163.0,,false
2749,60.0,151.0,,false
2750,800.0,6.0,,false
2751,60.0,86.0,,false
2752,60.0,114.0,,false
2753,60.0,104.0,,false
2754,60.0,112.0,,false
2755,60.0,112.0,,false
2756,60.0,98.0,,false
2757,100.0,208.0,,false
2758,100.0,213.0,,false
2759,900.0,9.0,,false
2760,1150.0,13.0,,false
2761,1000.0,6.0,,false
2762,1350.0,46.0,,true
2763,500.0,60.0,,true
2764,5000.0,20.0,,true
2765,2200.0,137.0,,true
2766,3500.0,242.0,,true
2767,5000.0,600.0,,true
2768,500.0,154.0,,true
2769,125.0,533.0,,true
2770,40.0,452.0,,true
2771,350.0,144.0,,true
2772,500.0,173.0,,false
2773,500.0,577.0,,false
2774,3300.0,27.0,,false
2775,3300.0,23.0,,false
2776,3300.0,30.0,,false
2777,60.0,210.0,,false
2778,60.0,244.0,,false
2779,60.0,220.0,,false
2780,800.0,6.0,,false
2781,60.0,97.0,,false
2782,60.0,89.0,,false
2783,60.0,91.0,,false
2784,60.0,92.0,,false
2785,60.0,112.0,,false
2786,60.0,107.0,,false
2787,60.0,95.0,,false
2788,60.0,87.0,,false
2789,100.0,218.0,,false
2790,100.0,224.0,,false
2791,900.0,8.0,,false
2792,1150.0,16.0,,false
2793,1000.0,6.0,,false
2794,1350.0,48.0,,true
2795,500.0,60.0,,true
2796,5000.0,17.0,,true
2797,2200.0,136.0,,true
2798,3500.0,383.0,,true
2799,5000.0,600.0,,true
2800,500.0,145.0,,true
2801,125.0,528.0,,true
2802,40.0,400.0,,true
2803,350.0,167.0,,true
2804,500.0,200.0,,false
2805,500.0,405.0,,false
2806,3300.0,25.0,,false
2807,3300.0,24.0,,false
2808,3300.0,28.0,,false
2809,60.0,190.0,,false
2810,60.0,249.0,,false
2811,60.0,209.0,,false
2812,800.0,6.0,,false
2813,60.0,90.0,,false
2814,60.0,98.0,,false
2815,60.0,118.0,,false
2816,60.0,84.0,,false
2817,60.0,120.0,,false
2818,60.0,108.0,,false
2819,60.0,115.0,,false
2820,100.0,247.0,,false
2821,100.0,216.0,,false
2822,900.0,10.0,,false
2823,1150.0,17.0,,false
2824,1000.0,6.0,,false
2825,1350.0,47.0,,true
2826,500.0,56.0,,true
2827,5000.0,18.0,,true
2828,2200.0,133.0,,true
2829,3500.0,315.0,,true
2830,5000.0,600.0,,true
2831,500.0,153.0,,true
2832,125.0,485.0,,true
2833,40.0,435.0,,true
2834,350.0,148.0,,true
2835,500.0,183.0,,false
2836,500.0,526.0,,false
2837,3300.0,25.0,,false
2838,3300.0,27.0,,false
2839,3300.0,26.0,,false
2840,60.0,245.0,,false
2841,60.0,219.0,,false
2842,60.0,169.0,,false
2843,60.0,193.0,,false
2844,800.0,6.0,,false
2845,60.0,119.0,,false
2846,60.0,102.0,,false
2847,60.0,87.0,,false
2848,60.0,81.0,,false
2849,60.0,115.0,,false
2850,60.0,81.0,,false
2851,60.0,92.0,,false
2852,100.0,236.0,,false
2853,100.0,240.0,,false
2854,900.0,9.0,,false
2855,1150.0,15.0,,false
2856,1000.0,5.0,,false
2857,1350.0,49.0,,true
2858,500.0,58.0,,true
2859,5000.0,16.0,,true
2860,2200.0,134.0,,true
2861,3500.0,234.0,,true
2862,5000.0,600.0,,true
2863,500.0,154.0,,true
2864,125.0,536.0,,true
2865,40.0,413.0,,true
2866,350.0,146.0,,true
2867,500.0,190.0,,false
2868,500.0,360.0,,false
2869,3300.0,22.0,,false
2870,3300.0,26.0,,false
2871,3300.0,28.0,,false
2872,60.0,153.0,,false
2873,60.0,194.0,,false
2874,60.0,154.0,,false
2875,60.0,184.0,,false
2876,800.0,5.0,,false
2877,60.0,106.0,,false
2878,60.0,106.0,,false
2879,60.0,117.0,,false
2880,60.0,89.0,,false
2881,60.0,104.0,,false
2882,60.0,97.0,,false
2883,60.0,88.0,,false
2884,60.0,118.0,,false
2885,60.0,91.0,,false
2886,100.0,236.0,,false
2887,100.0,220.0,,false
2888,900.0,10.0,,false
2889,1150.0,16.0,,false
2890,1000.0,6.0,,false
2891,1350.0,46.0,,true
2892,500.0,57.0,,true
2893,5000.0,18.0,,true
2894,2200.0,133.0,,true
2895,3500.0,263.0,,true
2896,5000.0,600.0,,true
2897,500.0,154.0,,true
2898,125.0,517.0,,true
2899,40.0,457.0,,true
2900,350.0,160.0,,true
2901,500.0,179.0,,false
2902,500.0,413.0,,false
2903,3300.0,21.0,,false
2904,3300.0,25.0,,false
2905,3300.0,29.0,,false
2906,60.0,168.0,,false
2907,60.0,179.0,,false
2908,60.0,246.0,,false
2909,800.0,4.0,,false
2910,60.0,109.0,,false
2911,60.0,118.0,,false
2912,60.0,112.0,,false
2913,60.0,106.0,,false
2914,60.0,119.0,,false
2915,60.0,84.0,,false
2916,60.0,88.0,,false
2917,60.0,114.0,,false
2918,60.0,115.0,,false
2919,100.0,187.0,,false
2920,100.0,221.0,,false
2921,900.0,9.0,,false
2922,1150.0,14.0,,false
2923,1000.0,5.0,,false
2924,1350.0,46.0,,true
2925,500.0,59.0,,true
2926,5000.0,18.0,,true
2927,2200.0,140.0,,true
2928,3500.0,255.0,,true
2929,5000.0,600.0,,true
2930,500.0,158.0,,true
2931,125.0,529.0,,true
2932,40.0,441.0,,true
2933,350.0,141.0,,true
2934,500.0,176.0,,false
2935,500.0,496.0,,false
2936,3300.0,26.0,,false
2937,3300.0,30.0,,false
2938,3300.0,21.0,,false
2939,60.0,190.0,,false
2940,60.0,229.0,,false
2941,60.0,237.0,,false
2942,60.0,231.0,,false
2943,800.0,5.0,,false
2944,60.0,106.0,,false
2945,60.0,98.0,,false
2946,60.0,81.0,,false
2947,60.0,99.0,,false
2948,60.0,110.0,,false
2949,60.0,100.0,,false
2950,60.0,110.0,,false
2951,60.0,98.0,,false
2952,60.0,99.0,,false
2953,100.0,207.0,,false
2954,100.0,181.0,,false
2955,900.0,9.0,,false
2956,1150.0,14.0,,false
2957,1000.0,7.0,,false
2958,1350.0,50.0,,true
2959,500.0,56.0,,true
2960,5000.0,20.0,,true
2961,2200.0,137.0,,true
2962,3500.0,284.0,,true
2963,5000.0,600.0,,true
2964,500.0,149.0,,true
2965,125.0,469.0,,true
2966,40.0,452.0,,true
2967,350.0,145.0,,true
2968,500.0,184.0,,false
2969,500.0,522.0,,false
2970,3300.0,25.0,,false
2971,3300.0,25.0,,false
2972,3300.0,24.0,,false
2973,60.0,232.0,,false
2974,60.0,154.0,,false
2975,60.0,192.0,,false
2976,60.0,170.0,,false
2977,800.0,6.0,,false
2978,60.0,91.0,,false
2979,60.0,114.0,,false
2980,60.0,86.0,,false
2981,60.0,106.0,,false
2982,60.0,86.0,,false
2983,60.0,97.0,,false
2984,60.0,89.0,,false
2985,100.0,242.0,,false
2986,100.0,228.0,,false
2987,900.0,9.0,,false
2988,1150.0,13.0,,false
2989,1000.0,6.0,,false
2990,1350.0,48.0,,true
2991,500.0,58.0,,true
2992,5000.0,19.0,,true
2993,2200.0,132.0,,true
2994,3500.0,283.0,,true
2995,5000.0,600.0,,true
2996,500.0,149.0,,true
2997,125.0,455.0,,true
2998,40.0,379.0,,true
2999,350.0,171.0,,true
3000,500.0,188.0,,false
3001,500.0,494.0,,false
3002,3300.0,23.0,,false
3003,3300.0,22.0,,false
3004,3300.0,21.0,,false
3005,60.0,155.0,,false
3006,60.0,194.0,,false
3007,60.0,200.0,,false
3008,60.0,228.0,,false
3009,800.0,4.0,,false
3010,60.0,84.0,,false
3011,60.0,106.0,,false
3012,60.0,83.0,,false
3013,60.0,89.0,,false
3014,60.0,95.0,,false
3015,60.0,83.0,,false
3016,100.0,215.0,,false
3017,100.0,245.0,,false
3018,900.0,10.0,,false
3019,1150.0,13.0,,false
3020,1000.0,6.0,,false
3021,1350.0,46.0,,true
3022,500.0,60.0,,true
3023,5000.0,20.0,,true
3024,2200.0,132.0,,true
3025,3500.0,295.0,,true
3026,5000.0,600.0,,true
3027,500.0,153.0,,true
3028,125.0,482.0,,true
3029,40.0,419.0,,true
3030,350.0,172.0,,true
3031,500.0,197.0,,false
3032,500.0,599.0,,false
3033,3300.0,27.0,,false
3034,3300.0,28.0,,false
3035,3300.0,24.0,,false
3036,60.0,207.0,,false
3037,60.0,227.0,,false
3038,60.0,238.0,,false
3039,800.0,5.0,,false
3040,60.0,91.0,,false
3041,60.0,81.0,,false
3042,60.0,112.0,,false
3043,60.0,113.0,,false
3044,60.0,85.0,,false
3045,60.0,118.0,,false
3046,60.0,85.0,,false
3047,100.0,193.0,,false
3048,100.0,236.0,,false
3049,900.0,8.0,,false
3050,1150.0,17.0,,false
3051,1000.0,5.0,,false
3052,1350.0,46.0,,true
3053,500.0,57.0,,true
3054,5000.0,20.0,,true
3055,2200.0,134.0,,true
3056,3500.0,272.0,,true
3057,5000.0,600.0,,true
3058,500.0,146.0,,true
3059,125.0,512.0,,true
3060,40.0,364.0,,true
3061,350.0,143.0,,true
3062,500.0,182.0,,false
3063,500.0,569.0,,false
3064,3300.0,28.0,,false
3065,3300.0,22.0,,false
3066,3300.0,23.0,,false
3067,60.0,203.0,,false
3068,60.0,248.0,,false
3069,60.0,188.0,,false
3070,60.0,190.0,,false
3071,800.0,5.0,,false
3072,60.0,120.0,,false
3073,60.0,119.0,,false
3074,60.0,120.0,,false
3075,60.0,101.0,,false
3076,60.0,87.0,,false
3077,60.0,88.0,,false
3078,60.0,85.0,,false
3079,100.0,235.0,,false
3080,100.0,248.0,,false
3081,900.0,9.0,,false
3082,1150.0,13.0,,false
3083,1000.0,7.0,,false
3084,1350.0,48.0,,true
3085,500.0,56.0,,true
3086,5000.0,20.0,,true
3087,2200.0,133.0,,true
3088,3500.0,369.0,,true
3089,5000.0,600.0,,true
3090,500.0,156.0,,true
3091,125.0,493.0,,true
3092,40.0,417.0,,true
3093,350.0,155.0,,true
3094,500.0,196.0,,false
3095,500.0,524.0,,false
3096,3300.0,24.0,,false
3097,3300.0,22.0,,false
3098,3300.0,28.0,,false
3099,60.0,169.0,,false
3100,60.0,209.0,,false
3101,60.0,207.0,,false
3102,800.0,4.0,,false
3103,60.0,93.0,,false
3104,60.0,87.0,,false
3105,60.0,115.0,,false
3106,60.0,81.0,,false
3107,60.0,97.0,,false
3108,60.0,95.0,,false
3109,100.0,209.0,,false
3110,100.0,188.0,,false
3111,900.0,7.0,,false
3112,1150.0,15.0,,false
3113,1000.0,8.0,,false
3114,1350.0,48.0,,true
3115,500.0,57.0,,true
3116,5000.0,17.0,,true
3117,2200.0,135.0,,true
3118,3500.0,384.0,,true
3119,5000.0,600.0,,true
3120,500.0,146.0,,true
3121,125.0,455.0,,true
3122,40.0,442.0,,true
3123,350.0,151.0,,true
3124,500.0,192.0,,false
3125,500.0,360.0,,false
3126,3300.0,24.0,,false
3127,3300.0,24.0,,false
3128,3300.0,23.0,,false
3129,60.0,168.0,,false
3130,60.0,195.0,,false
3131,60.0,162.0,,false
3132,60.0,154.0,,false
3133,800.0,5.0,,false
3134,60.0,85.0,,false
3135,60.0,110.0,,false
3136,60.0,89.0,,false
3137,60.0,97.0,,false
3138,60.0,94.0,,false
3139,60.0,87.0,,false
3140,100.0,186.0,,false
3141,100.0,250.0,,false
3142,900.0,9.0,,false
3143,1150.0,18.0,,false
3144,1000.0,8.0,,false
3145,1350.0,47.0,,true
3146,500.0,56.0,,true
3147,5000.0,19.0,,true
3148,2200.0,132.0,,true
3149,3500.0,234.0,,true
3150,5000.0,600.0,,true
3151,500.0,160.0,,true
3152,125.0,532.0,,true
3153,40.0,401.0,,true
3154,350.0,169.0,,true
3155,500.0,186.0,,false
3156,500.0,547.0,,false
3157,3300.0,26.0,,false
3158,3300.0,27.0,,false
3159,3300.0,24.0,,false
3160,60.0,221.0,,false
3161,60.0,215.0,,false
3162,60.0,244.0,,false
3163,800.0,6.0,,false
3164,60.0,92.0,,false
3165,60.0,99.0,,false
3166,60.0,120.0,,false
3167,60.0,84.0,,false
3168,60.0,119.0,,false
3169,60.0,97.0,,false
3170,100.0,243.0,,false
3171,100.0,224.0,,false
3172,900.0,8.0,,false
3173,1150.0,17.0,,false
3174,1000.0,6.0,,false
3175,1350.0,48.0,,true
3176,500.0,56.0,,true
3177,5000.0,18.0,,true
3178,2200.0,139.0,,true
3179,3500.0,374.0,,true
3180,5000.0,600.0,,true
3181,500.0,151.0,,true
3182,125.0,541.0,,true
3183,40.0,453.0,,true
3184,350.0,153.0,,true
3185,500.0,195.0,,false
3186,500.0,396.0,,false
3187,3300.0,27.0,,false
3188,3300.0,28.0,,false
3189,3300.0,24.0,,false
3190,60.0,199.0,,false
3191,60.0,239.0,,false
3192,60.0,225.0,,false
3193,60.0,167.0,,false
3194,800.0,5.0,,false
3195,60.0,114.0,,false
3196,60.0,90.0,,false
3197,60.0,96.0,,false
3198,60.0,81.0,,false
3199,60.0,89.0,,false
3200,60.0,82.0,,false
3201,60.0,120.0,,false
3202,60.0,89.0,,false
3203,100.0,193.0,,false
3204,100.0,206.0,,false
3205,900.0,7.0,,false
3206,1150.0,17.0,,false
3207,1000.0,7.0,,false
3208,1350.0,46.0,,true
3209,500.0,60.0,,true
3210,5000.0,16.0,,true
3211,2200.0,135.0,,true
3212,3500.0,337.0,,true
3213,5000.0,600.0,,true
3214,500.0,154.0,,true
3215,125.0,468.0,,true
3216,40.0,369.0,,true
3217,350.0,160.0,,true
3218,500.0,196.0,,false
3219,500.0,377.0,,false
3220,3300.0,21.0,,false
3221,3300.0,24.0,,false
3222,3300.0,29.0,,false
3223,60.0,204.0,,false
3224,60.0,179.0,,false
3225,60.0,185.0,,false
3226,800.0,4.0,,false
3227,60.0,92.0,,false
3228,60.0,85.0,,false
3229,60.0,92.0,,false
3230,60.0,109.0,,false
3231,60.0,114.0,,false
3232,60.0,108.0,,false
3233,60.0,88.0,,false
3234,60.0,84.0,,false
3235,60.0,100.0,,false
3236,100.0,192.0,,false
3237,100.0,202.0,,false
3238,900.0,10.0,,false
3239,1150.0,16.0,,false
3240,1000.0,7.0,,false
