Reference,height,width,stripwidth,preemptable
1,1350.0,49.0,720,true
2,500.0,56.0,,true
3,5000.0,17.0,,true
4,2200.0,139.0,,true
5,3500.0,293.0,,true
6,5000.0,600.0,,true
7,500.0,157.0,,true
8,125.0,504.0,,true
9,40.0,438.0,,true
10,350.0,149.0,,true
11,500.0,188.0,,false
12,500.0,462.0,,false
13,3300.0,28.0,,false
14,3300.0,29.0,,false
15,3300.0,29.0,,false
16,60.0,158.0,,false
17,60.0,187.0,,false
18,60.0,225.0,,false
19,60.0,227.0,,false
20,800.0,5.0,,false
21,60.0,81.0,,false
22,60.0,116.0,,false
23,60.0,112.0,,false
24,60.0,104.0,,false
25,60.0,110.0,,false
26,60.0,81.0,,false
27,60.0,105.0,,false
28,60.0,94.0,,false
29,60.0,110.0,,false
30,60.0,110.0,,false
31,100.0,241.0,,false
32,100.0,231.0,,false
33,900.0,10.0,,false
34,1150.0,13.0,,false
35,1000.0,7.0,,false
36,1350.0,49.0,,true
37,500.0,59.0,,true
38,5000.0,20.0,,true
39,2200.0,140.0,,true
40,3500.0,345.0,,true
41,5000.0,600.0,,true
42,500.0,152.0,,true
43,125.0,543.0,,true
44,40.0,352.0,,true
45,350.0,178.0,,true
46,500.0,174.0,,false
47,500.0,507.0,,false
48,3300.0,23.0,,false
49,3300.0,21.0,,false
50,3300.0,28.0,,false
51,60.0,232.0,,false
52,60.0,232.0,,false
53,60.0,232.0,,false
54,800.0,5.0,,false
55,60.0,85.0,,false
56,60.0,81.0,,false
57,60.0,100.0,,false
58,60.0,119.0,,false
59,60.0,118.0,,false
60,60.0,116.0,,false
61,60.0,90.0,,false
62,100.0,220.0,,false
63,100.0,247.0,,false
64,900.0,9.0,,false
65,1150.0,15.0,,false
66,1000.0,7.0,,false
67,1350.0,47.0,,true
68,500.0,60.0,,true
69,5000.0,18.0,,true
70,2200.0,137.0,,true
71,3500.0,295.0,,true
72,5000.0,600.0,,true
73,500.0,143.0,,true
74,125.0,516.0,,true
75,40.0,401.0,,true
76,350.0,178.0,,true
77,500.0,192.0,,false
78,500.0,380.0,,false
79,3300.0,24.0,,false
80,3300.0,21.0,,false
81,3300.0,25.0,,false
82,60.0,174.0,,false
83,60.0,195.0,,false
84,60.0,188.0,,false
85,60.0,200.0,,false
86,800.0,4.0,,false
87,60.0,118.0,,false
88,60.0,119.0,,false
89,60.0,118.0,,false
90,60.0,100.0,,false
91,60.0,101.0,,false
92,60.0,104.0,,false
93,100.0,221.0,,false
94,100.0,198.0,,false
95,900.0,8.0,,false
96,1150.0,15.0,,false
97,1000.0,5.0,,false
98,1350.0,46.0,,true
99,500.0,58.0,,true
100,5000.0,18.0,,true
101,2200.0,135.0,,true
102,3500.0,285.0,,true
103,5000.0,600.0,,true
104,500.0,149.0,,true
105,125.0,486.0,,true
106,40.0,366.0,,true
107,350.0,168.0,,true
108,500.0,185.0,,false
109,500.0,496.0,,false
110,3300.0,25.0,,false
111,3300.0,21.0,,false
112,3300.0,24.0,,false
113,60.0,154.0,,false
114,60.0,167.0,,false
115,60.0,243.0,,false
116,60.0,222.0,,false
117,800.0,5.0,,false
118,60.0,106.0,,false
119,60.0,110.0,,false
120,60.0,81.0,,false
121,60.0,81.0,,false
122,60.0,95.0,,false
123,60.0,89.0,,false
124,60.0,91.0,,false
125,60.0,112.0,,false
126,100.0,245.0,,false
127,100.0,200.0,,false
128,900.0,7.0,,false
129,1150.0,17.0,,false
130,1000.0,6.0,,false
131,1350.0,46.0,,true
132,500.0,60.0,,true
133,5000.0,20.0,,true
134,2200.0,134.0,,true
135,3500.0,274.0,,true
136,5000.0,600.0,,true
137,500.0,145.0,,true
138,125.0,457.0,,true
139,40.0,438.0,,true
140,350.0,148.0,,true
141,500.0,180.0,,false
142,500.0,386.0,,false
143,3300.0,25.0,,false
144,3300.0,27.0,,false
145,3300.0,23.0,,false
146,60.0,153.0,,false
147,60.0,151.0,,false
148,60.0,169.0,,false
149,800.0,6.0,,false
150,60.0,108.0,,false
151,60.0,102.0,,false
152,60.0,97.0,,false
153,60.0,81.0,,false
154,60.0,120.0,,false
155,60.0,118.0,,false
156,60.0,91.0,,false
157,100.0,201.0,,false
158,100.0,221.0,,false
159,900.0,7.0,,false
160,1150.0,16.0,,false
161,1000.0,7.0,,false
162,1350.0,47.0,,true
163,500.0,58.0,,true
164,5000.0,19.0,,true
165,2200.0,133.0,,true
166,3500.0,222.0,,true
167,5000.0,600.0,,true
168,500.0,144.0,,true
169,125.0,473.0,,true
170,40.0,395.0,,true
171,350.0,163.0,,true
172,500.0,183.0,,false
173,500.0,560.0,,false
174,3300.0,27.0,,false
175,3300.0,28.0,,false
176,3300.0,23.0,,false
177,60.0,193.0,,false
178,60.0,228.0,,false
179,60.0,198.0,,false
180,60.0,221.0,,false
181,800.0,6.0,,false
182,60.0,120.0,,false
183,60.0,99.0,,false
184,60.0,86.0,,false
185,60.0,86.0,,false
186,60.0,84.0,,false
187,60.0,117.0,,false
188,60.0,114.0,,false
189,60.0,91.0,,false
190,60.0,107.0,,false
191,100.0,228.0,,false
192,100.0,219.0,,false
193,900.0,7.0,,false
194,1150.0,15.0,,false
195,1000.0,8.0,,false
196,1350.0,50.0,,true
197,500.0,58.0,,true
198,5000.0,20.0,,true
199,2200.0,132.0,,true
200,3500.0,317.0,,true
201,5000.0,600.0,,true
202,500.0,151.0,,true
203,125.0,517.0,,true
204,40.0,351.0,,true
205,350.0,152.0,,true
206,500.0,177.0,,false
207,500.0,559.0,,false
208,3300.0,28.0,,false
209,3300.0,27.0,,false
210,3300.0,26.0,,false
211,60.0,247.0,,false
212,60.0,215.0,,false
213,60.0,209.0,,false
214,60.0,247.0,,false
215,800.0,4.0,,false
216,60.0,118.0,,false
217,60.0,99.0,,false
218,60.0,111.0,,false
219,60.0,102.0,,false
220,60.0,86.0,,false
221,60.0,113.0,,false
222,60.0,114.0,,false
223,60.0,118.0,,false
224,60.0,87.0,,false
225,100.0,181.0,,false
226,100.0,185.0,,false
227,900.0,8.0,,false
228,1150.0,15.0,,false
229,1000.0,7.0,,false
230,1350.0,49.0,,true
231,500.0,56.0,,true
232,5000.0,19.0,,true
233,2200.0,137.0,,true
234,3500.0,220.0,,true
235,5000.0,600.0,,true
236,500.0,148.0,,true
237,125.0,461.0,,true
238,40.0,391.0,,true
239,350.0,170.0,,true
240,500.0,172.0,,false
241,500.0,529.0,,false
242,3300.0,21.0,,false
243,3300.0,29.0,,false
244,3300.0,30.0,,false
245,60.0,163.0,,false
246,60.0,156.0,,false
247,60.0,209.0,,false
248,60.0,185.0,,false
249,800.0,5.0,,false
250,60.0,103.0,,false
251,60.0,97.0,,false
252,60.0,92.0,,false
253,60.0,108.0,,false
254,60.0,115.0,,false
255,60.0,83.0,,false
256,60.0,90.0,,false
257,60.0,92.0,,false
258,100.0,183.0,,false
259,100.0,215.0,,false
260,900.0,10.0,,false
261,1150.0,15.0,,false
262,1000.0,6.0,,false
263,1350.0,47.0,,true
264,500.0,60.0,,true
265,5000.0,16.0,,true
266,2200.0,138.0,,true
267,3500.0,396.0,,true
268,5000.0,600.0,,true
269,500.0,144.0,,true
270,125.0,490.0,,true
271,40.0,396.0,,true
272,350.0,169.0,,true
273,500.0,192.0,,false
274,500.0,533.0,,false
275,3300.0,27.0,,false
276,3300.0,30.0,,false
277,3300.0,23.0,,false
278,60.0,168.0,,false
279,60.0,192.0,,false
280,60.0,156.0,,false
281,60.0,241.0,,false
282,800.0,4.0,,false
283,60.0,103.0,,false
284,60.0,88.0,,false
285,60.0,106.0,,false
286,60.0,103.0,,false
287,60.0,96.0,,false
288,60.0,88.0,,false
289,60.0,108.0,,false
290,60.0,83.0,,false
291,100.0,204.0,,false
292,100.0,195.0,,false
293,900.0,8.0,,false
294,1150.0,14.0,,false
295,1000.0,7.0,,false
296,1350.0,49.0,,true
297,500.0,59.0,,true
298,5000.0,19.0,,true
299,2200.0,140.0,,true
300,3500.0,293.0,,true
301,5000.0,600.0,,true
302,500.0,151.0,,true
303,125.0,521.0,,true
304,40.0,411.0,,true
305,350.0,172.0,,true
306,500.0,171.0,,false
307,500.0,472.0,,false
308,3300.0,28.0,,false
309,3300.0,24.0,,false
310,3300.0,26.0,,false
311,60.0,191.0,,false
312,60.0,174.0,,false
313,60.0,199.0,,false
314,800.0,6.0,,false
315,60.0,99.0,,false
316,60.0,91.0,,false
317,60.0,110.0,,false
318,60.0,110.0,,false
319,60.0,97.0,,false
320,60.0,118.0,,false
321,60.0,115.0,,false
322,60.0,102.0,,false
323,60.0,102.0,,false
324,100.0,193.0,,false
325,100.0,192.0,,false
326,900.0,7.0,,false
327,1150.0,13.0,,false
328,1000.0,6.0,,false
329,1350.0,47.0,,true
330,500.0,56.0,,true
331,5000.0,16.0,,true
332,2200.0,134.0,,true
333,3500.0,384.0,,true
334,5000.0,600.0,,true
335,500.0,153.0,,true
336,125.0,482.0,,true
337,40.0,363.0,,true
338,350.0,166.0,,true
339,500.0,192.0,,false
340,500.0,581.0,,false
341,3300.0,29.0,,false
342,3300.0,25.0,,false
343,3300.0,26.0,,false
344,60.0,196.0,,false
345,60.0,250.0,,false
346,60.0,173.0,,false
347,60.0,173.0,,false
348,800.0,6.0,,false
349,60.0,101.0,,false
350,60.0,95.0,,false
351,60.0,112.0,,false
352,60.0,88.0,,false
353,60.0,112.0,,false
354,60.0,85.0,,false
355,60.0,100.0,,false
356,100.0,198.0,,false
357,100.0,234.0,,false
358,900.0,7.0,,false
359,1150.0,17.0,,false
360,1000.0,8.0,,false
361,1350.0,50.0,,true
362,500.0,60.0,,true
363,5000.0,19.0,,true
364,2200.0,132.0,,true
365,3500.0,395.0,,true
366,5000.0,600.0,,true
367,500.0,146.0,,true
368,125.0,520.0,,true
369,40.0,454.0,,true
370,350.0,154.0,,true
371,500.0,179.0,,false
372,500.0,464.0,,false
373,3300.0,29.0,,false
374,3300.0,25.0,,false
375,3300.0,22.0,,false
376,60.0,174.0,,false
377,60.0,215.0,,false
378,60.0,159.0,,false
379,60.0,207.0,,false
380,800.0,5.0,,false
381,60.0,90.0,,false
382,60.0,89.0,,false
383,60.0,88.0,,false
384,60.0,100.0,,false
385,60.0,105.0,,false
386,60.0,99.0,,false
387,60.0,83.0,,false
388,60.0,92.0,,false
389,60.0,102.0,,false
390,60.0,99.0,,false
391,100.0,219.0,,false
392,100.0,193.0,,false
393,900.0,7.0,,false
394,1150.0,15.0,,false
395,1000.0,7.0,,false
396,1350.0,47.0,,true
397,500.0,60.0,,true
398,5000.0,17.0,,true
399,2200.0,137.0,,true
400,3500.0,219.0,,true
401,5000.0,600.0,,true
402,500.0,143.0,,true
403,125.0,532.0,,true
404,40.0,429.0,,true
405,350.0,142.0,,true
406,500.0,184.0,,false
407,500.0,384.0,,false
408,3300.0,28.0,,false
409,3300.0,24.0,,false
410,3300.0,21.0,,false
411,60.0,182.0,,false
412,60.0,211.0,,false
413,60.0,221.0,,false
414,60.0,198.0,,false
415,800.0,6.0,,false
416,60.0,101.0,,false
417,60.0,94.0,,false
418,60.0,83.0,,false
419,60.0,107.0,,false
420,60.0,85.0,,false
421,60.0,98.0,,false
422,100.0,205.0,,false
423,100.0,186.0,,false
424,900.0,8.0,,false
425,1150.0,13.0,,false
426,1000.0,8.0,,false
427,1350.0,48.0,,true
428,500.0,59.0,,true
429,5000.0,19.0,,true
430,2200.0,140.0,,true
431,3500.0,314.0,,true
432,5000.0,600.0,,true
433,500.0,141.0,,true
434,125.0,539.0,,true
435,40.0,395.0,,true
436,350.0,143.0,,true
437,500.0,179.0,,false
438,500.0,371.0,,false
439,3300.0,21.0,,false
440,3300.0,30.0,,false
441,3300.0,23.0,,false
442,60.0,209.0,,false
443,60.0,250.0,,false
444,60.0,161.0,,false
445,800.0,4.0,,false
446,60.0,107.0,,false
447,60.0,88.0,,false
448,60.0,100.0,,false
449,60.0,116.0,,false
450,60.0,101.0,,false
451,60.0,90.0,,false
452,100.0,224.0,,false
453,100.0,187.0,,false
454,900.0,9.0,,false
455,1150.0,17.0,,false
456,1000.0,7.0,,false
457,1350.0,50.0,,true
458,500.0,60.0,,true
459,5000.0,17.0,,true
460,2200.0,139.0,,true
461,3500.0,316.0,,true
462,5000.0,600.0,,true
463,500.0,146.0,,true
464,125.0,455.0,,true
465,40.0,369.0,,true
466,350.0,178.0,,true
467,500.0,195.0,,false
468,500.0,323.0,,false
469,3300.0,26.0,,false
470,3300.0,25.0,,false
471,3300.0,22.0,,false
472,60.0,187.0,,false
473,60.0,211.0,,false
474,60.0,234.0,,false
475,800.0,5.0,,false
476,60.0,89.0,,false
477,60.0,120.0,,false
478,60.0,102.0,,false
479,60.0,103.0,,false
480,60.0,93.0,,false
481,60.0,84.0,,false
482,100.0,210.0,,false
483,100.0,228.0,,false
484,900.0,10.0,,false
485,1150.0,16.0,,false
486,1000.0,7.0,,false
487,1350.0,48.0,,true
488,500.0,59.0,,true
489,5000.0,20.0,,true
490,2200.0,138.0,,true
491,3500.0,384.0,,true
492,5000.0,600.0,,true
493,500.0,145.0,,true
494,125.0,488.0,,true
495,40.0,423.0,,true
496,350.0,159.0,,true
497,500.0,189.0,,false
498,500.0,444.0,,false
499,3300.0,25.0,,false
500,3300.0,26.0,,false
501,3300.0,30.0,,false
502,60.0,207.0,,false
503,60.0,198.0,,false
504,60.0,198.0,,false
505,60.0,206.0,,false
506,800.0,4.0,,false
507,60.0,108.0,,false
508,60.0,94.0,,false
509,60.0,118.0,,false
510,60.0,102.0,,false
511,60.0,110.0,,false
512,60.0,96.0,,false
513,100.0,200.0,,false
514,100.0,216.0,,false
515,900.0,9.0,,false
516,1150.0,17.0,,false
517,1000.0,7.0,,false
518,1350.0,49.0,,true
519,500.0,59.0,,true
520,5000.0,17.0,,true
521,2200.0,140.0,,true
522,3500.0,282.0,,true
523,5000.0,600.0,,true
524,500.0,145.0,,true
525,125.0,507.0,,true
526,40.0,421.0,,true
527,350.0,155.0,,true
528,500.0,191.0,,false
529,500.0,393.0,,false
530,3300.0,29.0,,false
531,3300.0,30.0,,false
532,3300.0,29.0,,false
533,60.0,247.0,,false
534,60.0,206.0,,false
535,60.0,227.0,,false
536,800.0,6.0,,false
537,60.0,86.0,,false
538,60.0,97.0,,false
539,60.0,89.0,,false
540,60.0,115.0,,false
541,60.0,117.0,,false
542,60.0,83.0,,false
543,60.0,120.0,,false
544,60.0,116.0,,false
545,60.0,117.0,,false
546,60.0,83.0,,false
547,100.0,218.0,,false
548,100.0,223.0,,false
549,900.0,7.0,,false
550,1150.0,18.0,,false
551,1000.0,6.0,,false
552,1350.0,50.0,,true
553,500.0,59.0,,true
554,5000.0,20.0,,true
555,2200.0,139.0,,true
556,3500.0,354.0,,true
557,5000.0,600.0,,true
558,500.0,142.0,,true
559,125.0,465.0,,true
560,40.0,420.0,,true
561,350.0,155.0,,true
562,500.0,190.0,,false
563,500.0,385.0,,false
564,3300.0,30.0,,false
565,3300.0,26.0,,false
566,3300.0,23.0,,false
567,60.0,185.0,,false
568,60.0,171.0,,false
569,60.0,211.0,,false
570,60.0,210.0,,false
571,800.0,6.0,,false
572,60.0,119.0,,false
573,60.0,95.0,,false
574,60.0,87.0,,false
575,60.0,92.0,,false
576,60.0,118.0,,false
577,60.0,84.0,,false
578,60.0,93.0,,false
579,60.0,88.0,,false
580,60.0,116.0,,false
581,100.0,245.0,,false
582,100.0,203.0,,false
583,900.0,8.0,,false
584,1150.0,13.0,,false
585,1000.0,8.0,,false
586,1350.0,46.0,,true
587,500.0,59.0,,true
588,5000.0,19.0,,true
589,2200.0,136.0,,true
590,3500.0,371.0,,true
591,5000.0,600.0,,true
592,500.0,147.0,,true
593,125.0,466.0,,true
594,40.0,403.0,,true
595,350.0,167.0,,true
596,500.0,193.0,,false
597,500.0,592.0,,false
598,3300.0,29.0,,false
599,3300.0,29.0,,false
600,3300.0,26.0,,false
601,60.0,225.0,,false
602,60.0,224.0,,false
603,60.0,186.0,,false
604,800.0,5.0,,false
605,60.0,106.0,,false
606,60.0,84.0,,false
607,60.0,112.0,,false
608,60.0,87.0,,false
609,60.0,94.0,,false
610,60.0,100.0,,false
611,60.0,81.0,,false
612,60.0,118.0,,false
613,60.0,96.0,,false
614,60.0,97.0,,false
615,100.0,247.0,,false
616,100.0,215.0,,false
617,900.0,8.0,,false
618,1150.0,18.0,,false
619,1000.0,8.0,,false
620,1350.0,50.0,,true
621,500.0,57.0,,true
622,5000.0,20.0,,true
623,2200.0,139.0,,true
624,3500.0,223.0,,true
625,5000.0,600.0,,true
626,500.0,148.0,,true
627,125.0,509.0,,true
628,40.0,404.0,,true
629,350.0,172.0,,true
630,500.0,185.0,,false
631,500.0,304.0,,false
632,3300.0,30.0,,false
633,3300.0,23.0,,false
634,3300.0,21.0,,false
635,60.0,164.0,,false
636,60.0,242.0,,false
637,60.0,157.0,,false
638,800.0,5.0,,false
639,60.0,117.0,,false
640,60.0,93.0,,false
641,60.0,85.0,,false
642,60.0,98.0,,false
643,60.0,95.0,,false
644,60.0,100.0,,false
645,60.0,86.0,,false
646,60.0,100.0,,false
647,60.0,102.0,,false
648,100.0,193.0,,false
649,100.0,193.0,,false
650,900.0,8.0,,false
651,1150.0,13.0,,false
652,1000.0,7.0,,false
653,1350.0,50.0,,true
654,500.0,60.0,,true
655,5000.0,17.0,,true
656,2200.0,136.0,,true
657,3500.0,317.0,,true
658,5000.0,600.0,,true
659,500.0,141.0,,true
660,125.0,546.0,,true
661,40.0,449.0,,true
662,350.0,151.0,,true
663,500.0,185.0,,false
664,500.0,444.0,,false
665,3300.0,25.0,,false
666,3300.0,24.0,,false
667,3300.0,29.0,,false
668,60.0,156.0,,false
669,60.0,209.0,,false
670,60.0,225.0,,false
671,60.0,190.0,,false
672,800.0,5.0,,false
673,60.0,118.0,,false
674,60.0,89.0,,false
675,60.0,85.0,,false
676,60.0,112.0,,false
677,60.0,83.0,,false
678,60.0,103.0,,false
679,60.0,100.0,,false
680,60.0,107.0,,false
681,60.0,95.0,,false
682,100.0,208.0,,false
683,100.0,232.0,,false
684,900.0,9.0,,false
685,1150.0,13.0,,false
686,1000.0,6.0,,false
687,1350.0,47.0,,true
688,500.0,56.0,,true
689,5000.0,17.0,,true
690,2200.0,136.0,,true
691,3500.0,222.0,,true
692,5000.0,600.0,,true
693,500.0,150.0,,true
694,125.0,461.0,,true
695,40.0,398.0,,true
696,350.0,160.0,,true
697,500.0,187.0,,false
698,500.0,471.0,,false
699,3300.0,25.0,,false
700,3300.0,26.0,,false
701,3300.0,22.0,,false
702,60.0,161.0,,false
703,60.0,186.0,,false
704,60.0,170.0,,false
705,60.0,151.0,,false
706,800.0,6.0,,false
707,60.0,88.0,,false
708,60.0,83.0,,false
709,60.0,86.0,,false
710,60.0,84.0,,false
711,60.0,84.0,,false
712,60.0,90.0,,false
713,60.0,95.0,,false
714,60.0,116.0,,false
715,100.0,217.0,,false
716,100.0,208.0,,false
717,900.0,8.0,,false
718,1150.0,14.0,,false
719,1000.0,7.0,,false
720,1350.0,46.0,,true
721,500.0,57.0,,true
722,5000.0,18.0,,true
723,2200.0,133.0,,true
724,3500.0,225.0,,true
725,5000.0,600.0,,true
726,500.0,143.0,,true
727,125.0,527.0,,true
728,40.0,376.0,,true
729,350.0,165.0,,true
730,500.0,186.0,,false
731,500.0,569.0,,false
732,3300.0,29.0,,false
733,3300.0,28.0,,false
734,3300.0,26.0,,false
735,60.0,211.0,,false
736,60.0,179.0,,false
737,60.0,173.0,,false
738,800.0,5.0,,false
739,60.0,81.0,,false
740,60.0,106.0,,false
741,60.0,89.0,,false
742,60.0,92.0,,false
743,60.0,85.0,,false
744,60.0,84.0,,false
745,60.0,99.0,,false
746,60.0,113.0,,false
747,60.0,86.0,,false
748,60.0,106.0,,false
749,100.0,245.0,,false
750,100.0,209.0,,false
751,900.0,8.0,,false
752,1150.0,15.0,,false
753,1000.0,6.0,,false
754,1350.0,49.0,,true
755,500.0,56.0,,true
756,5000.0,16.0,,true
757,2200.0,134.0,,true
758,3500.0,356.0,,true
759,5000.0,600.0,,true
760,500.0,158.0,,true
761,125.0,455.0,,true
762,40.0,416.0,,true
763,350.0,147.0,,true
764,500.0,197.0,,false
765,500.0,591.0,,false
766,3300.0,24.0,,false
767,3300.0,25.0,,false
768,3300.0,22.0,,false
769,60.0,186.0,,false
770,60.0,184.0,,false
771,60.0,229.0,,false
772,60.0,197.0,,false
773,800.0,6.0,,false
774,60.0,108.0,,false
775,60.0,85.0,,false
776,60.0,87.0,,false
777,60.0,102.0,,false
778,60.0,104.0,,false
779,60.0,99.0,,false
780,60.0,83.0,,false
781,60.0,83.0,,false
782,60.0,111.0,,false
783,60.0,118.0,,false
784,100.0,193.0,,false
785,100.0,208.0,,false
786,900.0,9.0,,false
787,1150.0,14.0,,false
788,1000.0,8.0,,false
789,1350.0,47.0,,true
790,500.0,56.0,,true
791,5000.0,16.0,,true
792,2200.0,137.0,,true
793,3500.0,209.0,,true
794,5000.0,600.0,,true
795,500.0,145.0,,true
796,125.0,492.0,,true
797,40.0,355.0,,true
798,350.0,148.0,,true
799,500.0,192.0,,false
800,500.0,342.0,,false
801,3300.0,26.0,,false
802,3300.0,22.0,,false
803,3300.0,27.0,,false
804,60.0,206.0,,false
805,60.0,168.0,,false
806,60.0,245.0,,false
807,60.0,196.0,,false
808,800.0,5.0,,false
809,60.0,87.0,,false
810,60.0,92.0,,false
811,60.0,102.0,,false
812,60.0,103.0,,false
813,60.0,109.0,,false
814,60.0,96.0,,false
815,60.0,118.0,,false
816,100.0,227.0,,false
817,100.0,249.0,,false
818,900.0,10.0,,false
819,1150.0,16.0,,false
820,1000.0,5.0,,false
821,1350.0,48.0,,true
822,500.0,60.0,,true
823,5000.0,17.0,,true
824,2200.0,139.0,,true
825,3500.0,377.0,,true
826,5000.0,600.0,,true
827,500.0,146.0,,true
828,125.0,521.0,,true
829,40.0,413.0,,true
830,350.0,165.0,,true
831,500.0,187.0,,false
832,500.0,523.0,,false
833,3300.0,23.0,,false
834,3300.0,30.0,,false
835,3300.0,28.0,,false
836,60.0,190.0,,false
837,60.0,159.0,,false
838,60.0,196.0,,false
839,60.0,246.0,,false
840,800.0,4.0,,false
841,60.0,108.0,,false
842,60.0,104.0,,false
843,60.0,95.0,,false
844,60.0,103.0,,false
845,60.0,104.0,,false
846,60.0,103.0,,false
847,60.0,110.0,,false
848,60.0,82.0,,false
849,60.0,106.0,,false
850,60.0,85.0,,false
851,100.0,188.0,,false
852,100.0,225.0,,false
853,900.0,10.0,,false
854,1150.0,13.0,,false
855,1000.0,6.0,,false
856,1350.0,46.0,,true
857,500.0,58.0,,true
858,5000.0,16.0,,true
859,2200.0,133.0,,true
860,3500.0,363.0,,true
861,5000.0,600.0,,true
862,500.0,157.0,,true
863,125.0,481.0,,true
864,40.0,453.0,,true
865,350.0,177.0,,true
866,500.0,190.0,,false
867,500.0,388.0,,false
868,3300.0,28.0,,false
869,3300.0,27.0,,false
870,3300.0,30.0,,false
871,60.0,244.0,,false
872,60.0,245.0,,false
873,60.0,181.0,,false
874,800.0,4.0,,false
875,60.0,94.0,,false
876,60.0,93.0,,false
877,60.0,84.0,,false
878,60.0,102.0,,false
879,60.0,101.0,,false
880,60.0,89.0,,false
881,60.0,82.0,,false
882,60.0,116.0,,false
883,60.0,98.0,,false
884,100.0,230.0,,false
885,100.0,204.0,,false
886,900.0,8.0,,false
887,1150.0,18.0,,false
888,1000.0,6.0,,false
889,1350.0,50.0,,true
890,500.0,56.0,,true
891,5000.0,16.0,,true
892,2200.0,137.0,,true
893,3500.0,367.0,,true
894,5000.0,600.0,,true
895,500.0,156.0,,true
896,125.0,476.0,,true
897,40.0,422.0,,true
898,350.0,146.0,,true
899,500.0,181.0,,false
900,500.0,387.0,,false
901,3300.0,29.0,,false
902,3300.0,22.0,,false
903,3300.0,27.0,,false
904,60.0,191.0,,false
905,60.0,179.0,,false
906,60.0,196.0,,false
907,60.0,242.0,,false
908,800.0,6.0,,false
909,60.0,120.0,,false
910,60.0,108.0,,false
911,60.0,88.0,,false
912,60.0,94.0,,false
913,60.0,110.0,,false
914,60.0,105.0,,false
915,100.0,187.0,,false
916,100.0,229.0,,false
917,900.0,7.0,,false
918,1150.0,18.0,,false
919,1000.0,5.0,,false
920,1350.0,47.0,,true
921,500.0,60.0,,true
922,5000.0,19.0,,true
923,2200.0,139.0,,true
924,3500.0,368.0,,true
925,5000.0,600.0,,true
926,500.0,157.0,,true
927,125.0,525.0,,true
928,40.0,433.0,,true
929,350.0,142.0,,true
930,500.0,183.0,,false
931,500.0,363.0,,false
932,3300.0,30.0,,false
933,3300.0,26.0,,false
934,3300.0,30.0,,false
935,60.0,196.0,,false
936,60.0,180.0,,false
937,60.0,162.0,,false
938,800.0,4.0,,false
939,60.0,101.0,,false
940,60.0,120.0,,false
941,60.0,118.0,,false
942,60.0,112.0,,false
943,60.0,116.0,,false
944,60.0,89.0,,false
945,60.0,115.0,,false
946,60.0,100.0,,false
947,100.0,208.0,,false
948,100.0,241.0,,false
949,900.0,9.0,,false
950,1150.0,17.0,,false
951,1000.0,6.0,,false
952,1350.0,46.0,,true
953,500.0,58.0,,true
954,5000.0,16.0,,true
955,2200.0,134.0,,true
956,3500.0,363.0,,true
957,5000.0,600.0,,true
958,500.0,147.0,,true
959,125.0,459.0,,true
960,40.0,445.0,,true
961,350.0,158.0,,true
962,500.0,200.0,,false
963,500.0,424.0,,false
964,3300.0,25.0,,false
965,3300.0,21.0,,false
966,3300.0,30.0,,false
967,60.0,204.0,,false
968,60.0,243.0,,false
969,60.0,182.0,,false
970,800.0,5.0,,false
971,60.0,83.0,,false
972,60.0,114.0,,false
973,60.0,115.0,,false
974,60.0,114.0,,false
975,60.0,88.0,,false
976,60.0,116.0,,false
977,60.0,95.0,,false
978,60.0,111.0,,false
979,60.0,113.0,,false
980,100.0,227.0,,false
981,100.0,231.0,,false
982,900.0,9.0,,false
983,1150.0,16.0,,false
984,1000.0,8.0,,false
985,1350.0,49.0,,true
986,500.0,57.0,,true
987,5000.0,20.0,,true
988,2200.0,135.0,,true
989,3500.0,228.0,,true
990,5000.0,600.0,,true
991,500.0,156.0,,true
992,125.0,483.0,,true
993,40.0,405.0,,true
994,350.0,170.0,,true
995,500.0,198.0,,false
996,500.0,386.0,,false
997,3300.0,29.0,,false
998,3300.0,30.0,,false
999,3300.0,30.0,,false
1000,60.0,191.0,,false
1001,60.0,171.0,,false
1002,60.0,185.0,,false
1003,60.0,224.0,,false
1004,800.0,6.0,,false
1005,60.0,114.0,,false
1006,60.0,104.0,,false
1007,60.0,104.0,,false
1008,60.0,110.0,,false
1009,60.0,91.0,,false
1010,60.0,116.0,,false
1011,60.0,107.0,,false
1012,60.0,97.0,,false
1013,60.0,97.0,,false
1014,60.0,112.0,,false
1015,100.0,181.0,,false
1016,100.0,229.0,,false
1017,900.0,10.0,,false
1018,1150.0,17.0,,false
1019,1000.0,7.0,,false
1020,1350.0,46.0,,true
1021,500.0,56.0,,true
1022,5000.0,16.0,,true
1023,2200.0,140.0,,true
1024,3500.0,288.0,,true
1025,5000.0,600.0,,true
1026,500.0,156.0,,true
1027,125.0,544.0,,true
1028,40.0,377.0,,true
1029,350.0,146.0,,true
1030,500.0,187.0,,false
1031,500.0,471.0,,false
1032,3300.0,28.0,,false
1033,3300.0,25.0,,false
1034,3300.0,23.0,,false
1035,60.0,210.0,,false
1036,60.0,222.0,,false
1037,60.0,208.0,,false
1038,60.0,216.0,,false
1039,800.0,6.0,,false
1040,60.0,110.0,,false
1041,60.0,87.0,,false
1042,60.0,81.0,,false
1043,60.0,111.0,,false
1044,60.0,116.0,,false
1045,60.0,84.0,,false
1046,60.0,113.0,,false
1047,100.0,184.0,,false
1048,100.0,210.0,,false
1049,900.0,8.0,,false
1050,1150.0,17.0,,false
1051,1000.0,8.0,,false
1052,1350.0,48.0,,true
1053,500.0,58.0,,true
1054,5000.0,20.0,,true
1055,2200.0,139.0,,true
1056,3500.0,376.0,,true
1057,5000.0,600.0,,true
1058,500.0,157.0,,true
1059,125.0,490.0,,true
1060,40.0,372.0,,true
1061,350.0,152.0,,true
1062,500.0,192.0,,false
1063,500.0,562.0,,false
1064,3300.0,22.0,,false
1065,3300.0,26.0,,false
1066,3300.0,22.0,,false
1067,60.0,227.0,,false
1068,60.0,189.0,,false
1069,60.0,240.0,,false
1070,60.0,179.0,,false
1071,800.0,5.0,,false
1072,60.0,84.0,,false
1073,60.0,110.0,,false
1074,60.0,101.0,,false
1075,60.0,91.0,,false
1076,60.0,111.0,,false
1077,60.0,106.0,,false
1078,60.0,119.0,,false
1079,100.0,232.0,,false
1080,100.0,189.0,,false
1081,900.0,10.0,,false
1082,1150.0,15.0,,false
1083,1000.0,5.0,,false
1084,1350.0,50.0,,true
1085,500.0,57.0,,true
1086,5000.0,19.0,,true
1087,2200.0,135.0,,true
1088,3500.0,247.0,,true
1089,5000.0,600.0,,true
1090,500.0,157.0,,true
1091,125.0,460.0,,true
1092,40.0,425.0,,true
1093,350.0,164.0,,true
1094,500.0,181.0,,false
1095,500.0,354.0,,false
1096,3300.0,25.0,,false
1097,3300.0,25.0,,false
1098,3300.0,22.0,,false
1099,60.0,218.0,,false
1100,60.0,160.0,,false
1101,60.0,206.0,,false
1102,800.0,5.0,,false
1103,60.0,104.0,,false
1104,60.0,90.0,,false
1105,60.0,95.0,,false
1106,60.0,87.0,,false
1107,60.0,108.0,,false
1108,60.0,99.0,,false
1109,60.0,92.0,,false
1110,60.0,86.0,,false
1111,100.0,232.0,,false
1112,100.0,217.0,,false
1113,900.0,9.0,,false
1114,1150.0,17.0,,false
1115,1000.0,8.0,,false
1116,1350.0,50.0,,true
1117,500.0,58.0,,true
1118,5000.0,17.0,,true
1119,2200.0,133.0,,true
1120,3500.0,286.0,,true
1121,5000.0,600.0,,true
1122,500.0,144.0,,true
1123,125.0,545.0,,true
1124,40.0,432.0,,true
1125,350.0,175.0,,true
1126,500.0,175.0,,false
1127,500.0,375.0,,false
1128,3300.0,29.0,,false
1129,3300.0,21.0,,false
1130,3300.0,25.0,,false
1131,60.0,188.0,,false
1132,60.0,238.0,,false
1133,60.0,156.0,,false
1134,800.0,6.0,,false
1135,60.0,98.0,,false
1136,60.0,81.0,,false
1137,60.0,85.0,,false
1138,60.0,119.0,,false
1139,60.0,99.0,,false
1140,60.0,82.0,,false
1141,60.0,87.0,,false
1142,60.0,83.0,,false
1143,60.0,110.0,,false
1144,60.0,101.0,,false
1145,100.0,209.0,,false
1146,100.0,191.0,,false
1147,900.0,7.0,,false
1148,1150.0,17.0,,false
1149,1000.0,5.0,,false
1150,1350.0,49.0,,true
1151,500.0,57.0,,true
1152,5000.0,18.0,,true
1153,2200.0,132.0,,true
1154,3500.0,380.0,,true
1155,5000.0,600.0,,true
1156,500.0,150.0,,true
1157,125.0,537.0,,true
1158,40.0,418.0,,true
1159,350.0,171.0,,true
1160,500.0,175.0,,false
1161,500.0,303.0,,false
1162,3300.0,27.0,,false
1163,3300.0,27.0,,false
1164,3300.0,29.0,,false
1165,60.0,219.0,,false
1166,60.0,211.0,,false
1167,60.0,187.0,,false
1168,800.0,4.0,,false
1169,60.0,110.0,,false
1170,60.0,118.0,,false
1171,60.0,102.0,,false
1172,60.0,91.0,,false
1173,60.0,109.0,,false
1174,60.0,95.0,,false
1175,100.0,186.0,,false
1176,100.0,233.0,,false
1177,900.0,7.0,,false
1178,1150.0,16.0,,false
1179,1000.0,5.0,,false
1180,1350.0,46.0,,true
1181,500.0,58.0,,true
1182,5000.0,20.0,,true
1183,2200.0,138.0,,true
1184,3500.0,311.0,,true
1185,5000.0,600.0,,true
1186,500.0,157.0,,true
1187,125.0,546.0,,true
1188,40.0,457.0,,true
1189,350.0,148.0,,true
1190,500.0,193.0,,false
1191,500.0,555.0,,false
1192,3300.0,22.0,,false
1193,3300.0,28.0,,false
1194,3300.0,29.0,,false
1195,60.0,156.0,,false
1196,60.0,176.0,,false
1197,60.0,169.0,,false
1198,800.0,6.0,,false
1199,60.0,100.0,,false
1200,60.0,113.0,,false
1201,60.0,92.0,,false
1202,60.0,94.0,,false
1203,60.0,108.0,,false
1204,60.0,109.0,,false
1205,100.0,230.0,,false
1206,100.0,242.0,,false
1207,900.0,7.0,,false
1208,1150.0,17.0,,false
1209,1000.0,6.0,,false
1210,1350.0,46.0,,true
1211,500.0,58.0,,true
1212,5000.0,19.0,,true
1213,2200.0,139.0,,true
1214,3500.0,367.0,,true
1215,5000.0,600.0,,true
1216,500.0,157.0,,true
1217,125.0,493.0,,true
1218,40.0,386.0,,true
1219,350.0,165.0,,true
1220,500.0,171.0,,false
1221,500.0,512.0,,false
1222,3300.0,28.0,,false
1223,3300.0,28.0,,false
1224,3300.0,27.0,,false
1225,60.0,169.0,,false
1226,60.0,209.0,,false
1227,60.0,187.0,,false
1228,60.0,167.0,,false
1229,800.0,5.0,,false
1230,60.0,81.0,,false
1231,60.0,83.0,,false
1232,60.0,81.0,,false
1233,60.0,92.0,,false
1234,60.0,99.0,,false
1235,60.0,112.0,,false
1236,60.0,120.0,,false
1237,60.0,91.0,,false
1238,60.0,96.0,,false
1239,100.0,203.0,,false
1240,100.0,232.0,,false
1241,900.0,8.0,,false
1242,1150.0,17.0,,false
1243,1000.0,5.0,,false
1244,1350.0,48.0,,true
1245,500.0,56.0,,true
1246,5000.0,20.0,,true
1247,2200.0,140.0,,true
1248,3500.0,330.0,,true
1249,5000.0,600.0,,true
1250,500.0,153.0,,true
1251,125.0,494.0,,true
1252,40.0,437.0,,true
1253,350.0,152.0,,true
1254,500.0,173.0,,false
1255,500.0,522.0,,false
1256,3300.0,27.0,,false
1257,3300.0,28.0,,false
1258,3300.0,23.0,,false
1259,60.0,210.0,,false
1260,60.0,210.0,,false
1261,60.0,159.0,,false
1262,60.0,198.0,,false
1263,800.0,6.0,,false
1264,60.0,100.0,,false
1265,60.0,106.0,,false
1266,60.0,96.0,,false
1267,60.0,95.0,,false
1268,60.0,114.0,,false
1269,60.0,108.0,,false
1270,60.0,86.0,,false
1271,100.0,217.0,,false
1272,100.0,182.0,,false
1273,900.0,10.0,,false
1274,1150.0,13.0,,false
1275,1000.0,8.0,,false
1276,1350.0,46.0,,true
1277,500.0,60.0,,true
1278,5000.0,19.0,,true
1279,2200.0,138.0,,true
1280,3500.0,393.0,,true
1281,5000.0,600.0,,true
1282,500.0,148.0,,true
1283,125.0,458.0,,true
1284,40.0,375.0,,true
1285,350.0,166.0,,true
1286,500.0,188.0,,false
1287,500.0,571.0,,false
1288,3300.0,21.0,,false
1289,3300.0,24.0,,false
1290,3300.0,23.0,,false
1291,60.0,160.0,,false
1292,60.0,174.0,,false
1293,60.0,201.0,,false
1294,800.0,4.0,,false
1295,60.0,87.0,,false
1296,60.0,98.0,,false
1297,60.0,96.0,,false
1298,60.0,82.0,,false
1299,60.0,81.0,,false
1300,60.0,85.0,,false
1301,60.0,86.0,,false
1302,60.0,113.0,,false
1303,60.0,106.0,,false
1304,100.0,182.0,,false
1305,100.0,219.0,,false
1306,900.0,7.0,,false
1307,1150.0,18.0,,false
1308,1000.0,7.0,,false
1309,1350.0,50.0,,true
1310,500.0,59.0,,true
1311,5000.0,20.0,,true
1312,2200.0,136.0,,true
1313,3500.0,318.0,,true
1314,5000.0,600.0,,true
1315,500.0,153.0,,true
1316,125.0,481.0,,true
1317,40.0,414.0,,true
1318,350.0,180.0,,true
1319,500.0,188.0,,false
1320,500.0,534.0,,false
1321,3300.0,23.0,,false
1322,3300.0,27.0,,false
1323,3300.0,24.0,,false
1324,60.0,212.0,,false
1325,60.0,249.0,,false
1326,60.0,229.0,,false
1327,60.0,194.0,,false
1328,800.0,4.0,,false
1329,60.0,83.0,,false
1330,60.0,92.0,,false
1331,60.0,103.0,,false
1332,60.0,91.0,,false
1333,60.0,81.0,,false
1334,60.0,104.0,,false
1335,60.0,104.0,,false
1336,60.0,96.0,,false
1337,60.0,113.0,,false
1338,60.0,114.0,,false
1339,100.0,235.0,,false
1340,100.0,223.0,,false
1341,900.0,8.0,,false
1342,1150.0,18.0,,false
1343,1000.0,8.0,,false
1344,1350.0,49.0,,true
1345,500.0,59.0,,true
1346,5000.0,20.0,,true
1347,2200.0,140.0,,true
1348,3500.0,375.0,,true
1349,5000.0,600.0,,true
1350,500.0,148.0,,true
1351,125.0,492.0,,true
1352,40.0,422.0,,true
1353,350.0,146.0,,true
1354,500.0,200.0,,false
1355,500.0,435.0,,false
1356,3300.0,26.0,,false
1357,3300.0,27.0,,false
1358,3300.0,27.0,,false
1359,60.0,209.0,,false
1360,60.0,245.0,,false
1361,60.0,231.0,,false
1362,60.0,217.0,,false
1363,800.0,4.0,,false
1364,60.0,115.0,,false
1365,60.0,103.0,,false
1366,60.0,100.0,,false
1367,60.0,83.0,,false
1368,60.0,113.0,,false
1369,60.0,116.0,,false
1370,60.0,116.0,,false
1371,60.0,119.0,,false
1372,100.0,216.0,,false
1373,100.0,226.0,,false
1374,900.0,8.0,,false
1375,1150.0,15.0,,false
1376,1000.0,6.0,,false
1377,1350.0,50.0,,true
1378,500.0,58.0,,true
1379,5000.0,17.0,,true
1380,2200.0,138.0,,true
1381,3500.0,252.0,,true
1382,5000.0,600.0,,true
1383,500.0,158.0,,true
1384,125.0,516.0,,true
1385,40.0,357.0,,true
1386,350.0,159.0,,true
1387,500.0,196.0,,false
1388,500.0,322.0,,false
1389,3300.0,27.0,,false
1390,3300.0,30.0,,false
1391,3300.0,27.0,,false
1392,60.0,164.0,,false
1393,60.0,173.0,,false
1394,60.0,249.0,,false
1395,800.0,6.0,,false
1396,60.0,86.0,,false
1397,60.0,82.0,,false
1398,60.0,99.0,,false
1399,60.0,84.0,,false
1400,60.0,98.0,,false
1401,60.0,107.0,,false
1402,60.0,109.0,,false
1403,60.0,83.0,,false
1404,60.0,114.0,,false
1405,100.0,231.0,,false
1406,100.0,200.0,,false
1407,900.0,9.0,,false
1408,1150.0,15.0,,false
1409,1000.0,8.0,,false
1410,1350.0,50.0,,true
1411,500.0,56.0,,true
1412,5000.0,20.0,,true
1413,2200.0,133.0,,true
1414,3500.0,363.0,,true
1415,5000.0,600.0,,true
1416,500.0,142.0,,true
1417,125.0,511.0,,true
1418,40.0,394.0,,true
1419,350.0,155.0,,true
1420,500.0,182.0,,false
1421,500.0,304.0,,false
1422,3300.0,22.0,,false
1423,3300.0,29.0,,false
1424,3300.0,22.0,,false
1425,60.0,203.0,,false
1426,60.0,241.0,,false
1427,60.0,242.0,,false
1428,800.0,5.0,,false
1429,60.0,104.0,,false
1430,60.0,119.0,,false
1431,60.0,97.0,,false
1432,60.0,107.0,,false
1433,60.0,82.0,,false
1434,60.0,97.0,,false
1435,60.0,82.0,,false
1436,60.0,91.0,,false
1437,60.0,91.0,,false
1438,60.0,108.0,,false
1439,100.0,224.0,,false
1440,100.0,187.0,,false
1441,900.0,7.0,,false
1442,1150.0,17.0,,false
1443,1000.0,6.0,,false
1444,1350.0,48.0,,true
1445,500.0,58.0,,true
1446,5000.0,16.0,,true
1447,2200.0,140.0,,true
1448,3500.0,230.0,,true
1449,5000.0,600.0,,true
1450,500.0,150.0,,true
1451,125.0,471.0,,true
1452,40.0,356.0,,true
1453,350.0,153.0,,true
1454,500.0,197.0,,false
1455,500.0,358.0,,false
1456,3300.0,29.0,,false
1457,3300.0,25.0,,false
1458,3300.0,27.0,,false
1459,60.0,158.0,,false
1460,60.0,231.0,,false
1461,60.0,184.0,,false
1462,800.0,4.0,,false
1463,60.0,120.0,,false
1464,60.0,97.0,,false
1465,60.0,92.0,,false
1466,60.0,97.0,,false
1467,60.0,98.0,,false
1468,60.0,81.0,,false
1469,60.0,117.0,,false
1470,60.0,85.0,,false
1471,60.0,82.0,,false
1472,100.0,235.0,,false
1473,100.0,200.0,,false
1474,900.0,7.0,,false
1475,1150.0,14.0,,false
1476,1000.0,8.0,,false
1477,1350.0,50.0,,true
1478,500.0,56.0,,true
1479,5000.0,16.0,,true
1480,2200.0,134.0,,true
1481,3500.0,271.0,,true
1482,5000.0,600.0,,true
1483,500.0,157.0,,true
1484,125.0,537.0,,true
1485,40.0,431.0,,true
1486,350.0,151.0,,true
1487,500.0,177.0,,false
1488,500.0,304.0,,false
1489,3300.0,29.0,,false
1490,3300.0,30.0,,false
1491,3300.0,23.0,,false
1492,60.0,167.0,,false
1493,60.0,222.0,,false
1494,60.0,162.0,,false
1495,60.0,211.0,,false
1496,800.0,6.0,,false
1497,60.0,85.0,,false
1498,60.0,98.0,,false
1499,60.0,87.0,,false
1500,60.0,95.0,,false
1501,60.0,87.0,,false
1502,60.0,89.0,,false
1503,60.0,107.0,,false
1504,100.0,240.0,,false
1505,100.0,212.0,,false
1506,900.0,9.0,,false
1507,1150.0,14.0,,false
1508,1000.0,5.0,,false
1509,1350.0,46.0,,true
1510,500.0,58.0,,true
1511,5000.0,20.0,,true
1512,2200.0,134.0,,true
1513,3500.0,349.0,,true
1514,5000.0,600.0,,true
1515,500.0,144.0,,true
1516,125.0,510.0,,true
1517,40.0,395.0,,true
1518,350.0,179.0,,true
1519,500.0,193.0,,false
1520,500.0,354.0,,false
1521,3300.0,22.0,,false
1522,3300.0,24.0,,false
1523,3300.0,23.0,,false
1524,60.0,161.0,,false
1525,60.0,174.0,,false
1526,60.0,249.0,,false
1527,800.0,6.0,,false
1528,60.0,101.0,,false
1529,60.0,91.0,,false
1530,60.0,112.0,,false
1531,60.0,110.0,,false
1532,60.0,105.0,,false
1533,60.0,101.0,,false
1534,60.0,117.0,,false
1535,60.0,81.0,,false
1536,100.0,235.0,,false
1537,100.0,183.0,,false
1538,900.0,10.0,,false
1539,1150.0,17.0,,false
1540,1000.0,7.0,,false
1541,1350.0,46.0,,true
1542,500.0,56.0,,true
1543,5000.0,16.0,,true
1544,2200.0,136.0,,true
1545,3500.0,313.0,,true
1546,5000.0,600.0,,true
1547,500.0,143.0,,true
1548,125.0,486.0,,true
1549,40.0,450.0,,true
1550,350.0,145.0,,true
1551,500.0,190.0,,false
1552,500.0,324.0,,false
1553,3300.0,27.0,,false
1554,3300.0,27.0,,false
1555,3300.0,26.0,,false
1556,60.0,238.0,,false
1557,60.0,233.0,,false
1558,60.0,207.0,,false
1559,800.0,4.0,,false
1560,60.0,106.0,,false
1561,60.0,87.0,,false
1562,60.0,88.0,,false
1563,60.0,92.0,,false
1564,60.0,120.0,,false
1565,60.0,102.0,,false
1566,60.0,112.0,,false
1567,60.0,116.0,,false
1568,60.0,114.0,,false
1569,60.0,93.0,,false
1570,100.0,227.0,,false
1571,100.0,209.0,,false
1572,900.0,7.0,,false
1573,1150.0,13.0,,false
1574,1000.0,6.0,,false
1575,1350.0,47.0,,true
1576,500.0,56.0,,true
1577,5000.0,17.0,,true
1578,2200.0,132.0,,true
1579,3500.0,211.0,,true
1580,5000.0,600.0,,true
1581,500.0,152.0,,true
1582,125.0,507.0,,true
1583,40.0,400.0,,true
1584,350.0,175.0,,true
1585,500.0,198.0,,false
1586,500.0,302.0,,false
1587,3300.0,23.0,,false
1588,3300.0,30.0,,false
1589,3300.0,25.0,,false
1590,60.0,174.0,,false
1591,60.0,204.0,,false
1592,60.0,240.0,,false
1593,60.0,169.0,,false
1594,800.0,4.0,,false
1595,60.0,90.0,,false
1596,60.0,109.0,,false
1597,60.0,101.0,,false
1598,60.0,95.0,,false
1599,60.0,96.0,,false
1600,60.0,87.0,,false
1601,60.0,103.0,,false
1602,60.0,102.0,,false
1603,100.0,245.0,,false
1604,100.0,187.0,,false
1605,900.0,10.0,,false
1606,1150.0,15.0,,false
1607,1000.0,8.0,,false
1608,1350.0,48.0,,true
1609,500.0,56.0,,true
1610,5000.0,17.0,,true
1611,2200.0,137.0,,true
1612,3500.0,353.0,,true
1613,5000.0,600.0,,true
1614,500.0,154.0,,true
1615,125.0,484.0,,true
1616,40.0,351.0,,true
1617,350.0,165.0,,true
1618,500.0,200.0,,false
1619,500.0,331.0,,false
1620,3300.0,28.0,,false
1621,3300.0,30.0,,false
1622,3300.0,28.0,,false
1623,60.0,224.0,,false
1624,60.0,216.0,,false
1625,60.0,244.0,,false
1626,800.0,5.0,,false
1627,60.0,105.0,,false
1628,60.0,84.0,,false
1629,60.0,92.0,,false
1630,60.0,119.0,,false
1631,60.0,101.0,,false
1632,60.0,107.0,,false
1633,60.0,120.0,,false
1634,60.0,117.0,,false
1635,60.0,98.0,,false
1636,60.0,85.0,,false
1637,100.0,183.0,,false
1638,100.0,222.0,,false
1639,900.0,9.0,,false
1640,1150.0,13.0,,false
1641,1000.0,8.0,,false
1642,1350.0,46.0,,true
1643,500.0,56.0,,true
1644,5000.0,19.0,,true
1645,2200.0,132.0,,true
1646,3500.0,230.0,,true
1647,5000.0,600.0,,true
1648,500.0,150.0,,true
1649,125.0,473.0,,true
1650,40.0,443.0,,true
1651,350.0,177.0,,true
1652,500.0,181.0,,false
1653,500.0,348.0,,false
1654,3300.0,21.0,,false
1655,3300.0,27.0,,false
1656,3300.0,24.0,,false
1657,60.0,212.0,,false
1658,60.0,187.0,,false
1659,60.0,194.0,,false
1660,60.0,206.0,,false
1661,800.0,6.0,,false
1662,60.0,108.0,,false
1663,60.0,108.0,,false
1664,60.0,113.0,,false
1665,60.0,82.0,,false
1666,60.0,83.0,,false
1667,60.0,97.0,,false
1668,60.0,103.0,,false
1669,60.0,97.0,,false
1670,100.0,207.0,,false
1671,100.0,202.0,,false
1672,900.0,7.0,,false
1673,1150.0,13.0,,false
1674,1000.0,6.0,,false
1675,1350.0,47.0,,true
1676,500.0,57.0,,true
1677,5000.0,20.0,,true
1678,2200.0,138.0,,true
1679,3500.0,313.0,,true
1680,5000.0,600.0,,true
1681,500.0,148.0,,true
1682,125.0,472.0,,true
1683,40.0,363.0,,true
1684,350.0,148.0,,true
1685,500.0,188.0,,false
1686,500.0,377.0,,false
1687,3300.0,21.0,,false
1688,3300.0,25.0,,false
1689,3300.0,26.0,,false
1690,60.0,237.0,,false
1691,60.0,170.0,,false
1692,60.0,223.0,,false
1693,800.0,6.0,,false
1694,60.0,94.0,,false
1695,60.0,83.0,,false
1696,60.0,102.0,,false
1697,60.0,83.0,,false
1698,60.0,112.0,,false
1699,60.0,81.0,,false
1700,60.0,113.0,,false
1701,60.0,115.0,,false
1702,60.0,111.0,,false
1703,100.0,238.0,,false
1704,100.0,184.0,,false
1705,900.0,10.0,,false
1706,1150.0,17.0,,false
1707,1000.0,7.0,,false
1708,1350.0,50.0,,true
1709,500.0,60.0,,true
1710,5000.0,17.0,,true
1711,2200.0,139.0,,true
1712,3500.0,332.0,,true
1713,5000.0,600.0,,true
1714,500.0,145.0,,true
1715,125.0,546.0,,true
1716,40.0,365.0,,true
1717,350.0,147.0,,true
1718,500.0,198.0,,false
1719,500.0,319.0,,false
1720,3300.0,29.0,,false
1721,3300.0,29.0,,false
1722,3300.0,22.0,,false
1723,60.0,198.0,,false
1724,60.0,246.0,,false
1725,60.0,216.0,,false
1726,800.0,5.0,,false
1727,60.0,92.0,,false
1728,60.0,115.0,,false
1729,60.0,117.0,,false
1730,60.0,99.0,,false
1731,60.0,112.0,,false
1732,60.0,118.0,,false
1733,100.0,222.0,,false
1734,100.0,245.0,,false
1735,900.0,8.0,,false
1736,1150.0,15.0,,false
1737,1000.0,8.0,,false
1738,1350.0,50.0,,true
1739,500.0,56.0,,true
1740,5000.0,16.0,,true
1741,2200.0,139.0,,true
1742,3500.0,203.0,,true
1743,5000.0,600.0,,true
1744,500.0,150.0,,true
1745,125.0,464.0,,true
1746,40.0,396.0,,true
1747,350.0,147.0,,true
1748,500.0,183.0,,false
1749,500.0,363.0,,false
1750,3300.0,29.0,,false
1751,3300.0,30.0,,false
1752,3300.0,21.0,,false
1753,60.0,217.0,,false
1754,60.0,198.0,,false
1755,60.0,234.0,,false
1756,800.0,6.0,,false
1757,60.0,97.0,,false
1758,60.0,99.0,,false
1759,60.0,89.0,,false
1760,60.0,101.0,,false
1761,60.0,113.0,,false
1762,60.0,118.0,,false
1763,60.0,98.0,,false
1764,100.0,220.0,,false
1765,100.0,183.0,,false
1766,900.0,8.0,,false
1767,1150.0,15.0,,false
1768,1000.0,7.0,,false
1769,1350.0,50.0,,true
1770,500.0,59.0,,true
1771,5000.0,18.0,,true
1772,2200.0,135.0,,true
1773,3500.0,255.0,,true
1774,5000.0,600.0,,true
1775,500.0,159.0,,true
1776,125.0,461.0,,true
1777,40.0,387.0,,true
1778,350.0,158.0,,true
1779,500.0,186.0,,false
1780,500.0,420.0,,false
1781,3300.0,25.0,,false
1782,3300.0,29.0,,false
1783,3300.0,21.0,,false
1784,60.0,250.0,,false
1785,60.0,185.0,,false
1786,60.0,153.0,,false
1787,800.0,5.0,,false
1788,60.0,116.0,,false
1789,60.0,101.0,,false
1790,60.0,102.0,,false
1791,60.0,113.0,,false
1792,60.0,89.0,,false
1793,60.0,112.0,,false
1794,60.0,110.0,,false
1795,100.0,245.0,,false
1796,100.0,235.0,,false
1797,900.0,8.0,,false
1798,1150.0,16.0,,false
1799,1000.0,5.0,,false
1800,1350.0,47.0,,true
1801,500.0,57.0,,true
1802,5000.0,17.0,,true
1803,2200.0,131.0,,true
1804,3500.0,208.0,,true
1805,5000.0,600.0,,true
1806,500.0,142.0,,true
1807,125.0,531.0,,true
1808,40.0,422.0,,true
1809,350.0,168.0,,true
1810,500.0,175.0,,false
1811,500.0,544.0,,false
1812,3300.0,25.0,,false
1813,3300.0,22.0,,false
1814,3300.0,29.0,,false
1815,60.0,165.0,,false
1816,60.0,155.0,,false
1817,60.0,182.0,,false
1818,60.0,199.0,,false
1819,800.0,6.0,,false
1820,60.0,104.0,,false
1821,60.0,95.0,,false
1822,60.0,109.0,,false
1823,60.0,91.0,,false
1824,60.0,81.0,,false
1825,60.0,106.0,,false
1826,60.0,104.0,,false
1827,100.0,227.0,,false
1828,100.0,196.0,,false
1829,900.0,10.0,,false
1830,1150.0,18.0,,false
1831,1000.0,6.0,,false
1832,1350.0,50.0,,true
1833,500.0,57.0,,true
1834,5000.0,19.0,,true
1835,2200.0,133.0,,true
1836,3500.0,363.0,,true
1837,5000.0,600.0,,true
1838,500.0,147.0,,true
1839,125.0,452.0,,true
1840,40.0,417.0,,true
1841,350.0,170.0,,true
1842,500.0,189.0,,false
1843,500.0,574.0,,false
1844,3300.0,30.0,,false
1845,3300.0,29.0,,false
1846,3300.0,24.0,,false
1847,60.0,237.0,,false
1848,60.0,248.0,,false
1849,60.0,201.0,,false
1850,60.0,159.0,,false
1851,800.0,5.0,,false
1852,60.0,106.0,,false
1853,60.0,110.0,,false
1854,60.0,91.0,,false
1855,60.0,113.0,,false
1856,60.0,84.0,,false
1857,60.0,91.0,,false
1858,100.0,242.0,,false
1859,100.0,206.0,,false
1860,900.0,10.0,,false
1861,1150.0,17.0,,false
1862,1000.0,7.0,,false
1863,1350.0,46.0,,true
1864,500.0,58.0,,true
1865,5000.0,20.0,,true
1866,2200.0,132.0,,true
1867,3500.0,399.0,,true
1868,5000.0,600.0,,true
1869,500.0,150.0,,true
1870,125.0,475.0,,true
1871,40.0,374.0,,true
1872,350.0,164.0,,true
1873,500.0,200.0,,false
1874,500.0,389.0,,false
1875,3300.0,27.0,,false
1876,3300.0,21.0,,false
1877,3300.0,21.0,,false
1878,60.0,156.0,,false
1879,60.0,231.0,,false
1880,60.0,242.0,,false
1881,60.0,226.0,,false
1882,800.0,6.0,,false
1883,60.0,100.0,,false
1884,60.0,113.0,,false
1885,60.0,98.0,,false
1886,60.0,102.0,,false
1887,60.0,89.0,,false
1888,60.0,100.0,,false
1889,100.0,207.0,,false
1890,100.0,199.0,,false
1891,900.0,9.0,,false
1892,1150.0,15.0,,false
1893,1000.0,6.0,,false
1894,1350.0,49.0,,true
1895,500.0,60.0,,true
1896,5000.0,16.0,,true
1897,2200.0,132.0,,true
1898,3500.0,241.0,,true
1899,5000.0,600.0,,true
1900,500.0,154.0,,true
1901,125.0,492.0,,true
1902,40.0,459.0,,true
1903,350.0,142.0,,true
1904,500.0,190.0,,false
1905,500.0,572.0,,false
1906,3300.0,28.0,,false
1907,3300.0,27.0,,false
1908,3300.0,28.0,,false
1909,60.0,192.0,,false
1910,60.0,171.0,,false
1911,60.0,229.0,,false
1912,800.0,5.0,,false
1913,60.0,85.0,,false
1914,60.0,110.0,,false
1915,60.0,92.0,,false
1916,60.0,118.0,,false
1917,60.0,96.0,,false
1918,60.0,115.0,,false
1919,60.0,86.0,,false
1920,60.0,105.0,,false
1921,60.0,96.0,,false
1922,100.0,210.0,,false
1923,100.0,221.0,,false
1924,900.0,10.0,,false
1925,1150.0,15.0,,false
1926,1000.0,5.0,,false
1927,1350.0,50.0,,true
1928,500.0,60.0,,true
1929,5000.0,19.0,,true
1930,2200.0,132.0,,true
1931,3500.0,238.0,,true
1932,5000.0,600.0,,true
1933,500.0,160.0,,true
1934,125.0,536.0,,true
1935,40.0,392.0,,true
1936,350.0,163.0,,true
1937,500.0,171.0,,false
1938,500.0,472.0,,false
1939,3300.0,23.0,,false
1940,3300.0,28.0,,false
1941,3300.0,27.0,,false
1942,60.0,213.0,,false
1943,60.0,167.0,,false
1944,60.0,191.0,,false
1945,60.0,159.0,,false
1946,800.0,6.0,,false
1947,60.0,118.0,,false
1948,60.0,117.0,,false
1949,60.0,99.0,,false
1950,60.0,114.0,,false
1951,60.0,91.0,,false
1952,60.0,94.0,,false
1953,60.0,109.0,,false
1954,100.0,196.0,,false
1955,100.0,246.0,,false
1956,900.0,7.0,,false
1957,1150.0,18.0,,false
1958,1000.0,6.0,,false
1959,1350.0,48.0,,true
1960,500.0,56.0,,true
1961,5000.0,20.0,,true
1962,2200.0,139.0,,true
1963,3500.0,383.0,,true
1964,5000.0,600.0,,true
1965,500.0,150.0,,true
1966,125.0,498.0,,true
1967,40.0,415.0,,true
1968,350.0,176.0,,true
1969,500.0,199.0,,false
1970,500.0,314.0,,false
1971,3300.0,30.0,,false
1972,3300.0,23.0,,false
1973,3300.0,25.0,,false
1974,60.0,222.0,,false
1975,60.0,240.0,,false
1976,60.0,225.0,,false
1977,800.0,4.0,,false
1978,60.0,108.0,,false
1979,60.0,110.0,,false
1980,60.0,93.0,,false
1981,60.0,106.0,,false
1982,60.0,99.0,,false
1983,60.0,106.0,,false
1984,60.0,95.0,,false
1985,60.0,81.0,,false
1986,100.0,236.0,,false
1987,100.0,231.0,,false
1988,900.0,9.0,,false
1989,1150.0,18.0,,false
1990,1000.0,6.0,,false
1991,1350.0,47.0,,true
1992,500.0,58.0,,true
1993,5000.0,19.0,,true
1994,2200.0,135.0,,true
1995,3500.0,245.0,,true
1996,5000.0,600.0,,true
1997,500.0,154.0,,true
1998,125.0,469.0,,true
1999,40.0,388.0,,true
2000,350.0,145.0,,true
2001,500.0,184.0,,false
2002,500.0,504.0,,false
2003,3300.0,22.0,,false
2004,3300.0,28.0,,false
2005,3300.0,21.0,,false
2006,60.0,163.0,,false
2007,60.0,216.0,,false
2008,60.0,154.0,,false
2009,60.0,183.0,,false
2010,800.0,5.0,,false
2011,60.0,89.0,,false
2012,60.0,107.0,,false
2013,60.0,115.0,,false
2014,60.0,105.0,,false
2015,60.0,87.0,,false
2016,60.0,113.0,,false
2017,60.0,110.0,,false
2018,60.0,118.0,,false
2019,60.0,120.0,,false
2020,100.0,242.0,,false
2021,100.0,240.0,,false
2022,900.0,8.0,,false
2023,1150.0,17.0,,false
2024,1000.0,7.0,,false
2025,1350.0,49.0,,true
2026,500.0,58.0,,true
2027,5000.0,18.0,,true
2028,2200.0,137.0,,true
2029,3500.0,254.0,,true
2030,5000.0,600.0,,true
2031,500.0,153.0,,true
2032,125.0,535.0,,true
2033,40.0,436.0,,true
2034,350.0,154.0,,true
2035,500.0,196.0,,false
2036,500.0,555.0,,false
2037,3300.0,23.0,,false
2038,3300.0,26.0,,false
2039,3300.0,28.0,,false
2040,60.0,157.0,,false
2041,60.0,192.0,,false
2042,60.0,156.0,,false
2043,60.0,238.0,,false
2044,800.0,6.0,,false
2045,60.0,100.0,,false
2046,60.0,116.0,,false
2047,60.0,111.0,,false
2048,60.0,96.0,,false
2049,60.0,85.0,,false
2050,60.0,116.0,,false
2051,100.0,188.0,,false
2052,100.0,231.0,,false
2053,900.0,7.0,,false
2054,1150.0,16.0,,false
2055,1000.0,7.0,,false
2056,1350.0,47.0,,true
2057,500.0,56.0,,true
2058,5000.0,17.0,,true
2059,2200.0,138.0,,true
2060,3500.0,230.0,,true
2061,5000.0,600.0,,true
2062,500.0,155.0,,true
2063,125.0,542.0,,true
2064,40.0,362.0,,true
2065,350.0,169.0,,true
2066,500.0,184.0,,false
2067,500.0,566.0,,false
2068,3300.0,23.0,,false
2069,3300.0,22.0,,false
2070,3300.0,27.0,,false
2071,60.0,159.0,,false
2072,60.0,171.0,,false
2073,60.0,187.0,,false
2074,800.0,5.0,,false
2075,60.0,99.0,,false
2076,60.0,104.0,,false
2077,60.0,89.0,,false
2078,60.0,112.0,,false
2079,60.0,109.0,,false
2080,60.0,89.0,,false
2081,60.0,90.0,,false
2082,100.0,226.0,,false
2083,100.0,202.0,,false
2084,900.0,10.0,,false
2085,1150.0,15.0,,false
2086,1000.0,5.0,,false
2087,1350.0,48.0,,true
2088,500.0,59.0,,true
2089,5000.0,18.0,,true
2090,2200.0,132.0,,true
2091,3500.0,212.0,,true
2092,5000.0,600.0,,true
2093,500.0,149.0,,true
2094,125.0,525.0,,true
2095,40.0,387.0,,true
2096,350.0,154.0,,true
2097,500.0,196.0,,false
2098,500.0,385.0,,false
2099,3300.0,28.0,,false
2100,3300.0,27.0,,false
2101,3300.0,26.0,,false
2102,60.0,210.0,,false
2103,60.0,163.0,,false
2104,60.0,206.0,,false
2105,800.0,4.0,,false
2106,60.0,108.0,,false
2107,60.0,92.0,,false
2108,60.0,115.0,,false
2109,60.0,113.0,,false
2110,60.0,82.0,,false
2111,60.0,111.0,,false
2112,60.0,120.0,,false
2113,60.0,109.0,,false
2114,60.0,90.0,,false
2115,100.0,220.0,,false
2116,100.0,195.0,,false
2117,900.0,9.0,,false
2118,1150.0,14.0,,false
2119,1000.0,5.0,,false
2120,1350.0,50.0,,true
2121,500.0,59.0,,true
2122,5000.0,19.0,,true
2123,2200.0,132.0,,true
2124,3500.0,346.0,,true
2125,5000.0,600.0,,true
2126,500.0,153.0,,true
2127,125.0,487.0,,true
2128,40.0,377.0,,true
2129,350.0,151.0,,true
2130,500.0,179.0,,false
2131,500.0,564.0,,false
2132,3300.0,26.0,,false
2133,3300.0,26.0,,false
2134,3300.0,28.0,,false
2135,60.0,197.0,,false
2136,60.0,216.0,,false
2137,60.0,176.0,,false
2138,800.0,6.0,,false
2139,60.0,101.0,,false
2140,60.0,90.0,,false
2141,60.0,106.0,,false
2142,60.0,96.0,,false
2143,60.0,93.0,,false
2144,60.0,103.0,,false
2145,60.0,84.0,,false
2146,100.0,228.0,,false
2147,100.0,214.0,,false
2148,900.0,9.0,,false
2149,1150.0,15.0,,false
2150,1000.0,8.0,,false
2151,1350.0,47.0,,true
2152,500.0,56.0,,true
2153,5000.0,18.0,,true
2154,2200.0,137.0,,true
2155,3500.0,219.0,,true
2156,5000.0,600.0,,true
2157,500.0,141.0,,true
2158,125.0,480.0,,true
2159,40.0,425.0,,true
2160,350.0,170.0,,true
2161,500.0,179.0,,false
2162,500.0,557.0,,false
2163,3300.0,28.0,,false
2164,3300.0,27.0,,false
2165,3300.0,23.0,,false
2166,60.0,188.0,,false
2167,60.0,161.0,,false
2168,60.0,233.0,,false
2169,800.0,5.0,,false
2170,60.0,85.0,,false
2171,60.0,103.0,,false
2172,60.0,83.0,,false
2173,60.0,117.0,,false
2174,60.0,99.0,,false
2175,60.0,85.0,,false
2176,60.0,86.0,,false
2177,60.0,113.0,,false
2178,60.0,112.0,,false
2179,100.0,198.0,,false
2180,100.0,229.0,,false
2181,900.0,7.0,,false
2182,1150.0,17.0,,false
2183,1000.0,5.0,,false
2184,1350.0,46.0,,true
2185,500.0,57.0,,true
2186,5000.0,19.0,,true
2187,2200.0,137.0,,true
2188,3500.0,387.0,,true
2189,5000.0,600.0,,true
2190,500.0,145.0,,true
2191,125.0,517.0,,true
2192,40.0,411.0,,true
2193,350.0,177.0,,true
2194,500.0,188.0,,false
2195,500.0,594.0,,false
2196,3300.0,22.0,,false
2197,3300.0,24.0,,false
2198,3300.0,30.0,,false
2199,60.0,200.0,,false
2200,60.0,227.0,,false
2201,60.0,217.0,,false
2202,800.0,4.0,,false
2203,60.0,116.0,,false
2204,60.0,97.0,,false
2205,60.0,88.0,,false
2206,60.0,118.0,,false
2207,60.0,93.0,,false
2208,60.0,90.0,,false
2209,60.0,90.0,,false
2210,100.0,215.0,,false
2211,100.0,200.0,,false
2212,900.0,7.0,,false
2213,1150.0,13.0,,false
2214,1000.0,7.0,,false
2215,1350.0,50.0,,true
2216,500.0,57.0,,true
2217,5000.0,17.0,,true
2218,2200.0,137.0,,true
2219,3500.0,228.0,,true
2220,5000.0,600.0,,true
2221,500.0,159.0,,true
2222,125.0,506.0,,true
2223,40.0,374.0,,true
2224,350.0,152.0,,true
2225,500.0,198.0,,false
2226,500.0,470.0,,false
2227,3300.0,22.0,,false
2228,3300.0,23.0,,false
2229,3300.0,27.0,,false
2230,60.0,166.0,,false
2231,60.0,218.0,,false
2232,60.0,234.0,,false
2233,60.0,154.0,,false
2234,800.0,4.0,,false
2235,60.0,81.0,,false
2236,60.0,91.0,,false
2237,60.0,96.0,,false
2238,60.0,97.0,,false
2239,60.0,111.0,,false
2240,60.0,87.0,,false
2241,60.0,109.0,,false
2242,60.0,90.0,,false
2243,100.0,181.0,,false
2244,100.0,183.0,,false
2245,900.0,7.0,,false
2246,1150.0,13.0,,false
2247,1000.0,7.0,,false
2248,1350.0,47.0,,true
2249,500.0,57.0,,true
2250,5000.0,18.0,,true
2251,2200.0,133.0,,true
2252,3500.0,217.0,,true
2253,5000.0,600.0,,true
2254,500.0,157.0,,true
2255,125.0,527.0,,true
2256,40.0,437.0,,true
2257,350.0,155.0,,true
2258,500.0,193.0,,false
2259,500.0,468.0,,false
2260,3300.0,21.0,,false
2261,3300.0,28.0,,false
2262,3300.0,21.0,,false
2263,60.0,239.0,,false
2264,60.0,222.0,,false
2265,60.0,164.0,,false
2266,60.0,153.0,,false
2267,800.0,6.0,,false
2268,60.0,96.0,,false
2269,60.0,101.0,,false
2270,60.0,111.0,,false
2271,60.0,118.0,,false
2272,60.0,105.0,,false
2273,60.0,102.0,,false
2274,60.0,101.0,,false
2275,60.0,83.0,,false
2276,60.0,92.0,,false
2277,100.0,236.0,,false
2278,100.0,212.0,,false
2279,900.0,9.0,,false
2280,1150.0,15.0,,false
2281,1000.0,5.0,,false
2282,1350.0,46.0,,true
2283,500.0,56.0,,true
2284,5000.0,16.0,,true
2285,2200.0,135.0,,true
2286,3500.0,358.0,,true
2287,5000.0,600.0,,true
2288,500.0,150.0,,true
2289,125.0,463.0,,true
2290,40.0,426.0,,true
2291,350.0,143.0,,true
2292,500.0,200.0,,false
2293,500.0,562.0,,false
2294,3300.0,29.0,,false
2295,3300.0,30.0,,false
2296,3300.0,24.0,,false
2297,60.0,233.0,,false
2298,60.0,154.0,,false
2299,60.0,250.0,,false
2300,800.0,4.0,,false
2301,60.0,111.0,,false
2302,60.0,107.0,,false
2303,60.0,83.0,,false
2304,60.0,93.0,,false
2305,60.0,81.0,,false
2306,60.0,87.0,,false
2307,100.0,230.0,,false
2308,100.0,219.0,,false
2309,900.0,7.0,,false
2310,1150.0,15.0,,false
2311,1000.0,7.0,,false
2312,1350.0,48.0,,true
2313,500.0,57.0,,true
2314,5000.0,20.0,,true
2315,2200.0,134.0,,true
2316,3500.0,317.0,,true
2317,5000.0,600.0,,true
2318,500.0,157.0,,true
2319,125.0,466.0,,true
2320,40.0,426.0,,true
2321,350.0,173.0,,true
2322,500.0,198.0,,false
2323,500.0,579.0,,false
2324,3300.0,26.0,,false
2325,3300.0,21.0,,false
2326,3300.0,27.0,,false
2327,60.0,227.0,,false
2328,60.0,194.0,,false
2329,60.0,207.0,,false
2330,800.0,5.0,,false
2331,60.0,104.0,,false
2332,60.0,92.0,,false
2333,60.0,84.0,,false
2334,60.0,88.0,,false
2335,60.0,115.0,,false
2336,60.0,93.0,,false
2337,60.0,112.0,,false
2338,60.0,103.0,,false
2339,60.0,105.0,,false
2340,60.0,89.0,,false
2341,100.0,187.0,,false
2342,100.0,247.0,,false
2343,900.0,9.0,,false
2344,1150.0,16.0,,false
2345,1000.0,6.0,,false
2346,1350.0,47.0,,true
2347,500.0,59.0,,true
2348,5000.0,17.0,,true
2349,2200.0,135.0,,true
2350,3500.0,388.0,,true
2351,5000.0,600.0,,true
2352,500.0,158.0,,true
2353,125.0,499.0,,true
2354,40.0,389.0,,true
2355,350.0,154.0,,true
2356,500.0,183.0,,false
2357,500.0,458.0,,false
2358,3300.0,29.0,,false
2359,3300.0,24.0,,false
2360,3300.0,27.0,,false
2361,60.0,182.0,,false
2362,60.0,182.0,,false
2363,60.0,195.0,,false
2364,60.0,248.0,,false
2365,800.0,6.0,,false
2366,60.0,113.0,,false
2367,60.0,83.0,,false
2368,60.0,99.0,,false
2369,60.0,83.0,,false
2370,60.0,82.0,,false
2371,60.0,115.0,,false
2372,100.0,219.0,,false
2373,100.0,199.0,,false
2374,900.0,9.0,,false
2375,1150.0,16.0,,false
2376,1000.0,7.0,,false
2377,1350.0,46.0,,true
2378,500.0,59.0,,true
2379,5000.0,19.0,,true
2380,2200.0,131.0,,true
2381,3500.0,392.0,,true
2382,5000.0,600.0,,true
2383,500.0,153.0,,true
2384,125.0,506.0,,true
2385,40.0,376.0,,true
2386,350.0,162.0,,true
2387,500.0,177.0,,false
2388,500.0,390.0,,false
2389,3300.0,23.0,,false
2390,3300.0,22.0,,false
2391,3300.0,23.0,,false
2392,60.0,192.0,,false
2393,60.0,186.0,,false
2394,60.0,171.0,,false
2395,800.0,6.0,,false
2396,60.0,111.0,,false
2397,60.0,85.0,,false
2398,60.0,107.0,,false
2399,60.0,101.0,,false
2400,60.0,102.0,,false
2401,60.0,119.0,,false
2402,60.0,82.0,,false
2403,100.0,244.0,,false
2404,100.0,187.0,,false
2405,900.0,9.0,,false
2406,1150.0,14.0,,false
2407,1000.0,6.0,,false
2408,1350.0,46.0,,true
2409,500.0,59.0,,true
2410,5000.0,20.0,,true
2411,2200.0,136.0,,true
2412,3500.0,234.0,,true
2413,5000.0,600.0,,true
2414,500.0,160.0,,true
2415,125.0,512.0,,true
2416,40.0,378.0,,true
2417,350.0,163.0,,true
2418,500.0,177.0,,false
2419,500.0,543.0,,false
2420,3300.0,30.0,,false
2421,3300.0,26.0,,false
2422,3300.0,29.0,,false
2423,60.0,153.0,,false
2424,60.0,225.0,,false
2425,60.0,218.0,,false
2426,60.0,215.0,,false
2427,800.0,6.0,,false
2428,60.0,84.0,,false
2429,60.0,87.0,,false
2430,60.0,98.0,,false
2431,60.0,88.0,,false
2432,60.0,104.0,,false
2433,60.0,103.0,,false
2434,60.0,113.0,,false
2435,60.0,90.0,,false
2436,100.0,235.0,,false
2437,100.0,202.0,,false
2438,900.0,9.0,,false
2439,1150.0,15.0,,false
2440,1000.0,8.0,,false
2441,1350.0,47.0,,true
2442,500.0,58.0,,true
2443,5000.0,18.0,,true
2444,2200.0,140.0,,true
2445,3500.0,235.0,,true
2446,5000.0,600.0,,true
2447,500.0,145.0,,true
2448,125.0,504.0,,true
2449,40.0,370.0,,true
2450,350.0,167.0,,true
2451,500.0,200.0,,false
2452,500.0,575.0,,false
2453,3300.0,21.0,,false
2454,3300.0,21.0,,false
2455,3300.0,25.0,,false
2456,60.0,157.0,,false
2457,60.0,197.0,,false
2458,60.0,221.0,,false
2459,800.0,4.0,,false
2460,60.0,100.0,,false
2461,60.0,105.0,,false
2462,60.0,108.0,,false
2463,60.0,83.0,,false
2464,60.0,104.0,,false
2465,60.0,110.0,,false
2466,100.0,230.0,,false
2467,100.0,230.0,,false
2468,900.0,7.0,,false
2469,1150.0,13.0,,false
2470,1000.0,5.0,,false
2471,1350.0,49.0,,true
2472,500.0,60.0,,true
2473,5000.0,20.0,,true
2474,2200.0,135.0,,true
2475,3500.0,285.0,,true
2476,5000.0,600.0,,true
2477,500.0,148.0,,true
2478,125.0,487.0,,true
2479,40.0,369.0,,true
2480,350.0,142.0,,true
2481,500.0,188.0,,false
2482,500.0,595.0,,false
2483,3300.0,24.0,,false
2484,3300.0,29.0,,false
2485,3300.0,21.0,,false
2486,60.0,167.0,,false
2487,60.0,195.0,,false
2488,60.0,170.0,,false
2489,60.0,203.0,,false
2490,800.0,4.0,,false
2491,60.0,103.0,,false
2492,60.0,105.0,,false
2493,60.0,84.0,,false
2494,60.0,89.0,,false
2495,60.0,100.0,,false
2496,60.0,99.0,,false
2497,60.0,91.0,,false
2498,100.0,225.0,,false
2499,100.0,185.0,,false
2500,900.0,10.0,,false
2501,1150.0,15.0,,false
2502,1000.0,7.0,,false
2503,1350.0,46.0,,true
2504,500.0,57.0,,true
2505,5000.0,17.0,,true
2506,2200.0,138.0,,true
2507,3500.0,230.0,,true
2508,5000.0,600.0,,true
2509,500.0,160.0,,true
2510,125.0,475.0,,true
2511,40.0,387.0,,true
2512,350.0,142.0,,true
2513,500.0,198.0,,false
2514,500.0,445.0,,false
2515,3300.0,28.0,,false
2516,3300.0,23.0,,false
2517,3300.0,26.0,,false
2518,60.0,164.0,,false
2519,60.0,200.0,,false
2520,60.0,180.0,,false
2521,800.0,5.0,,false
2522,60.0,116.0,,false
2523,60.0,96.0,,false
2524,60.0,112.0,,false
2525,60.0,90.0,,false
2526,60.0,87.0,,false
2527,60.0,112.0,,false
2528,100.0,250.0,,false
2529,100.0,237.0,,false
2530,900.0,9.0,,false
2531,1150.0,17.0,,false
2532,1000.0,6.0,,false
2533,1350.0,47.0,,true
2534,500.0,58.0,,true
2535,5000.0,18.0,,true
2536,2200.0,134.0,,true
2537,3500.0,276.0,,true
2538,5000.0,600.0,,true
2539,500.0,146.0,,true
2540,125.0,471.0,,true
2541,40.0,415.0,,true
2542,350.0,176.0,,true
2543,500.0,173.0,,false
2544,500.0,586.0,,false
2545,3300.0,22.0,,false
2546,3300.0,26.0,,false
2547,3300.0,26.0,,false
2548,60.0,169.0,,false
2549,60.0,163.0,,false
2550,60.0,201.0,,false
2551,60.0,184.0,,false
2552,800.0,4.0,,false
2553,60.0,104.0,,false
2554,60.0,86.0,,false
2555,60.0,107.0,,false
2556,60.0,108.0,,false
2557,60.0,118.0,,false
2558,60.0,93.0,,false
2559,60.0,83.0,,false
2560,60.0,100.0,,false
2561,60.0,107.0,,false
2562,100.0,241.0,,false
2563,100.0,230.0,,false
2564,900.0,8.0,,false
2565,1150.0,17.0,,false
2566,1000.0,5.0,,false
2567,1350.0,46.0,,true
2568,500.0,57.0,,true
2569,5000.0,18.0,,true
2570,2200.0,133.0,,true
2571,3500.0,219.0,,true
2572,5000.0,600.0,,true
2573,500.0,148.0,,true
2574,125.0,504.0,,true
2575,40.0,384.0,,true
2576,350.0,166.0,,true
2577,500.0,188.0,,false
2578,500.0,483.0,,false
2579,3300.0,23.0,,false
2580,3300.0,23.0,,false
2581,3300.0,28.0,,false
2582,60.0,168.0,,false
2583,60.0,231.0,,false
2584,60.0,154.0,,false
2585,800.0,4.0,,false
2586,60.0,119.0,,false
2587,60.0,98.0,,false
2588,60.0,97.0,,false
2589,60.0,111.0,,false
2590,60.0,114.0,,false
2591,60.0,92.0,,false
2592,100.0,216.0,,false
2593,100.0,204.0,,false
2594,900.0,10.0,,false
2595,1150.0,14.0,,false
2596,1000.0,5.0,,false
2597,1350.0,50.0,,true
2598,500.0,58.0,,true
2599,5000.0,19.0,,true
2600,2200.0,138.0,,true
2601,3500.0,326.0,,true
2602,5000.0,600.0,,true
2603,500.0,153.0,,true
2604,125.0,510.0,,true
2605,40.0,450.0,,true
2606,350.0,155.0,,true
2607,500.0,177.0,,false
2608,500.0,338.0,,false
2609,3300.0,27.0,,false
2610,3300.0,23.0,,false
2611,3300.0,27.0,,false
2612,60.0,209.0,,false
2613,60.0,208.0,,false
2614,60.0,217.0,,false
2615,60.0,210.0,,false
2616,800.0,5.0,,false
2617,60.0,104.0,,false
2618,60.0,83.0,,false
2619,60.0,116.0,,false
2620,60.0,95.0,,false
2621,60.0,97.0,,false
2622,60.0,101.0,,false
2623,60.0,96.0,,false
2624,100.0,201.0,,false
2625,100.0,195.0,,false
2626,900.0,9.0,,false
2627,1150.0,18.0,,false
2628,1000.0,8.0,,false
2629,1350.0,49.0,,true
2630,500.0,58.0,,true
2631,5000.0,17.0,,true
2632,2200.0,131.0,,true
2633,3500.0,361.0,,true
2634,5000.0,600.0,,true
2635,500.0,158.0,,true
2636,125.0,536.0,,true
2637,40.0,374.0,,true
2638,350.0,170.0,,true
2639,500.0,182.0,,false
2640,500.0,414.0,,false
2641,3300.0,22.0,,false
2642,3300.0,24.0,,false
2643,3300.0,24.0,,false
2644,60.0,250.0,,false
2645,60.0,224.0,,false
2646,60.0,212.0,,false
2647,60.0,180.0,,false
2648,800.0,4.0,,false
2649,60.0,120.0,,false
2650,60.0,102.0,,false
2651,60.0,97.0,,false
2652,60.0,90.0,,false
2653,60.0,90.0,,false
2654,60.0,92.0,,false
2655,60.0,82.0,,false
2656,60.0,113.0,,false
2657,100.0,188.0,,false
2658,100.0,194.0,,false
2659,900.0,7.0,,false
2660,1150.0,15.0,,false
2661,1000.0,8.0,,false
2662,1350.0,47.0,,true
2663,500.0,60.0,,true
2664,5000.0,19.0,,true
2665,2200.0,132.0,,true
2666,3500.0,282.0,,true
2667,5000.0,600.0,,true
2668,500.0,143.0,,true
2669,125.0,504.0,,true
2670,40.0,414.0,,true
2671,350.0,161.0,,true
2672,500.0,187.0,,false
2673,500.0,316.0,,false
2674,3300.0,27.0,,false
2675,3300.0,24.0,,false
2676,3300.0,25.0,,false
2677,60.0,241.0,,false
2678,60.0,214.0,,false
2679,60.0,171.0,,false
2680,60.0,212.0,,false
2681,800.0,5.0,,false
2682,60.0,83.0,,false
2683,60.0,119.0,,false
2684,60.0,110.0,,false
2685,60.0,88.0,,false
2686,60.0,116.0,,false
2687,60.0,95.0,,false
2688,100.0,213.0,,false
2689,100.0,194.0,,false
2690,900.0,10.0,,false
2691,1150.0,14.0,,false
2692,1000.0,8.0,,false
2693,1350.0,50.0,,true
2694,500.0,57.0,,true
2695,5000.0,17.0,,true
2696,2200.0,140.0,,true
2697,3500.0,365.0,,true
2698,5000.0,600.0,,true
2699,500.0,155.0,,true
2700,125.0,490.0,,true
2701,40.0,404.0,,true
2702,350.0,168.0,,true
2703,500.0,198.0,,false
2704,500.0,418.0,,false
2705,3300.0,28.0,,false
2706,3300.0,21.0,,false
2707,3300.0,25.0,,false
2708,60.0,220.0,,false
2709,60.0,162.0,,false
2710,60.0,192.0,,false
2711,800.0,4.0,,false
2712,60.0,115.0,,false
2713,60.0,104.0,,false
2714,60.0,104.0,,false
2715,60.0,115.0,,false
2716,60.0,119.0,,false
2717,60.0,98.0,,false
2718,60.0,94.0,,false
2719,60.0,106.0,,false
2720,60.0,81.0,,false
2721,100.0,249.0,,false
2722,100.0,220.0,,false
2723,900.0,8.0,,false
2724,1150.0,18.0,,false
2725,1000.0,8.0,,false
2726,1350.0,47.0,,true
2727,500.0,59.0,,true
2728,5000.0,18.0,,true
2729,2200.0,138.0,,true
2730,3500.0,339.0,,true
2731,5000.0,600.0,,true
2732,500.0,158.0,,true
2733,125.0,472.0,,true
2734,40.0,393.0,,true
2735,350.0,174.0,,true
2736,500.0,189.0,,false
2737,500.0,489.0,,false
2738,3300.0,26.0,,false
2739,3300.0,27.0,,false
2740,3300.0,22.0,,false
2741,60.0,195.0,,false
2742,60.0,211.0,,false
2743,60.0,185.0,,false
2744,800.0,6.0,,false
2745,60.0,87.0,,false
2746,60.0,82.0,,false
2747,60.0,88.0,,false
2748,60.0,117.0,,false
2749,60.0,118.0,,false
2750,60.0,110.0,,false
2751,60.0,88.0,,false
2752,60.0,98.0,,false
2753,100.0,234.0,,false
2754,100.0,194.0,,false
2755,900.0,8.0,,false
2756,1150.0,18.0,,false
2757,1000.0,7.0,,false
2758,1350.0,49.0,,true
2759,500.0,57.0,,true
2760,5000.0,19.0,,true
2761,2200.0,139.0,,true
2762,3500.0,292.0,,true
2763,5000.0,600.0,,true
2764,500.0,147.0,,true
2765,125.0,483.0,,true
2766,40.0,365.0,,true
2767,350.0,158.0,,true
2768,500.0,192.0,,false
2769,500.0,368.0,,false
2770,3300.0,29.0,,false
2771,3300.0,25.0,,false
2772,3300.0,24.0,,false
2773,60.0,188.0,,false
2774,60.0,217.0,,false
2775,60.0,214.0,,false
2776,800.0,5.0,,false
2777,60.0,87.0,,false
2778,60.0,99.0,,false
2779,60.0,103.0,,false
2780,60.0,114.0,,false
2781,60.0,107.0,,false
2782,60.0,92.0,,false
2783,60.0,90.0,,false
2784,60.0,95.0,,false
2785,60.0,109.0,,false
2786,60.0,95.0,,false
2787,100.0,209.0,,false
2788,100.0,242.0,,false
2789,900.0,10.0,,false
2790,1150.0,13.0,,false
2791,1000.0,5.0,,false
2792,1350.0,48.0,,true
2793,500.0,58.0,,true
2794,5000.0,20.0,,true
2795,2200.0,136.0,,true
2796,3500.0,287.0,,true
2797,5000.0,600.0,,true
2798,500.0,150.0,,true
2799,125.0,526.0,,true
2800,40.0,359.0,,true
2801,350.0,145.0,,true
2802,500.0,174.0,,false
2803,500.0,350.0,,false
2804,3300.0,30.0,,false
2805,3300.0,28.0,,false
2806,3300.0,21.0,,false
2807,60.0,197.0,,false
2808,60.0,159.0,,false
2809,60.0,220.0,,false
2810,60.0,216.0,,false
2811,800.0,4.0,,false
2812,60.0,94.0,,false
2813,60.0,96.0,,false
2814,60.0,120.0,,false
2815,60.0,96.0,,false
2816,60.0,104.0,,false
2817,60.0,84.0,,false
2818,60.0,102.0,,false
2819,60.0,82.0,,false
2820,100.0,219.0,,false
2821,100.0,203.0,,false
2822,900.0,8.0,,false
2823,1150.0,18.0,,false
2824,1000.0,6.0,,false
2825,1350.0,48.0,,true
2826,500.0,56.0,,true
2827,5000.0,18.0,,true
2828,2200.0,135.0,,true
2829,3500.0,293.0,,true
2830,5000.0,600.0,,true
2831,500.0,158.0,,true
2832,125.0,515.0,,true
2833,40.0,405.0,,true
2834,350.0,153.0,,true
2835,500.0,200.0,,false
2836,500.0,570.0,,false
2837,3300.0,30.0,,false
2838,3300.0,22.0,,false
2839,3300.0,24.0,,false
2840,60.0,170.0,,false
2841,60.0,175.0,,false
2842,60.0,224.0,,false
2843,60.0,226.0,,false
2844,800.0,4.0,,false
2845,60.0,116.0,,false
2846,60.0,116.0,,false
2847,60.0,114.0,,false
2848,60.0,89.0,,false
2849,60.0,86.0,,false
2850,60.0,108.0,,false
2851,60.0,111.0,,false
2852,100.0,232.0,,false
2853,100.0,195.0,,false
2854,900.0,7.0,,false
2855,1150.0,13.0,,false
2856,1000.0,7.0,,false
2857,1350.0,49.0,,true
2858,500.0,58.0,,true
2859,5000.0,18.0,,true
2860,2200.0,136.0,,true
2861,3500.0,323.0,,true
2862,5000.0,600.0,,true
2863,500.0,160.0,,true
2864,125.0,481.0,,true
2865,40.0,441.0,,true
2866,350.0,166.0,,true
2867,500.0,194.0,,false
2868,500.0,523.0,,false
2869,3300.0,24.0,,false
2870,3300.0,23.0,,false
2871,3300.0,22.0,,false
2872,60.0,177.0,,false
2873,60.0,192.0,,false
2874,60.0,213.0,,false
2875,60.0,243.0,,false
2876,800.0,4.0,,false
2877,60.0,97.0,,false
2878,60.0,120.0,,false
2879,60.0,120.0,,false
2880,60.0,118.0,,false
2881,60.0,93.0,,false
2882,60.0,119.0,,false
2883,60.0,110.0,,false
2884,100.0,187.0,,false
2885,100.0,217.0,,false
2886,900.0,10.0,,false
2887,1150.0,17.0,,false
2888,1000.0,8.0,,false
2889,1350.0,49.0,,true
2890,500.0,57.0,,true
2891,5000.0,18.0,,true
2892,2200.0,140.0,,true
2893,3500.0,349.0,,true
2894,5000.0,600.0,,true
2895,500.0,152.0,,true
2896,125.0,506.0,,true
2897,40.0,355.0,,true
2898,350.0,174.0,,true
2899,500.0,178.0,,false
2900,500.0,386.0,,false
2901,3300.0,23.0,,false
2902,3300.0,28.0,,false
2903,3300.0,29.0,,false
2904,60.0,171.0,,false
2905,60.0,169.0,,false
2906,60.0,196.0,,false
2907,800.0,6.0,,false
2908,60.0,108.0,,false
2909,60.0,88.0,,false
2910,60.0,93.0,,false
2911,60.0,104.0,,false
2912,60.0,119.0,,false
2913,60.0,109.0,,false
2914,100.0,249.0,,false
2915,100.0,201.0,,false
2916,900.0,7.0,,false
2917,1150.0,13.0,,false
2918,1000.0,6.0,,false
2919,1350.0,47.0,,true
2920,500.0,58.0,,true
2921,5000.0,18.0,,true
2922,2200.0,137.0,,true
2923,3500.0,213.0,,true
2924,5000.0,600.0,,true
2925,500.0,147.0,,true
2926,125.0,527.0,,true
2927,40.0,425.0,,true
2928,350.0,166.0,,true
2929,500.0,190.0,,false
2930,500.0,522.0,,false
2931,3300.0,22.0,,false
2932,3300.0,29.0,,false
2933,3300.0,27.0,,false
2934,60.0,173.0,,false
2935,60.0,210.0,,false
2936,60.0,189.0,,false
2937,800.0,6.0,,false
2938,60.0,99.0,,false
2939,60.0,83.0,,false
2940,60.0,87.0,,false
2941,60.0,102.0,,false
2942,60.0,102.0,,false
2943,60.0,82.0,,false
2944,60.0,98.0,,false
2945,60.0,95.0,,false
2946,60.0,87.0,,false
2947,100.0,241.0,,false
2948,100.0,250.0,,false
2949,900.0,8.0,,false
2950,1150.0,17.0,,false
2951,1000.0,5.0,,false
2952,1350.0,49.0,,true
2953,500.0,56.0,,true
2954,5000.0,19.0,,true
2955,2200.0,136.0,,true
2956,3500.0,327.0,,true
2957,5000.0,600.0,,true
2958,500.0,152.0,,true
2959,125.0,508.0,,true
2960,40.0,440.0,,true
2961,350.0,162.0,,true
2962,500.0,200.0,,false
2963,500.0,539.0,,false
2964,3300.0,23.0,,false
2965,3300.0,23.0,,false
2966,3300.0,30.0,,false
2967,60.0,224.0,,false
2968,60.0,197.0,,false
2969,60.0,250.0,,false
2970,800.0,5.0,,false
2971,60.0,85.0,,false
2972,60.0,104.0,,false
2973,60.0,118.0,,false
2974,60.0,119.0,,false
2975,60.0,97.0,,false
2976,60.0,95.0,,false
2977,60.0,118.0,,false
2978,100.0,225.0,,false
2979,100.0,198.0,,false
2980,900.0,8.0,,false
2981,1150.0,16.0,,false
2982,1000.0,7.0,,false
2983,1350.0,46.0,,true
2984,500.0,56.0,,true
2985,5000.0,18.0,,true
2986,2200.0,138.0,,true
2987,3500.0,203.0,,true
2988,5000.0,600.0,,true
2989,500.0,145.0,,true
2990,125.0,529.0,,true
2991,40.0,428.0,,true
2992,350.0,166.0,,true
2993,500.0,188.0,,false
2994,500.0,533.0,,false
2995,3300.0,28.0,,false
2996,3300.0,30.0,,false
2997,3300.0,24.0,,false
2998,60.0,165.0,,false
2999,60.0,245.0,,false
3000,60.0,166.0,,false
3001,60.0,229.0,,false
3002,800.0,5.0,,false
3003,60.0,83.0,,false
3004,60.0,117.0,,false
3005,60.0,107.0,,false
3006,60.0,106.0,,false
3007,60.0,96.0,,false
3008,60.0,91.0,,false
3009,60.0,116.0,,false
3010,60.0,95.0,,false
3011,60.0,84.0,,false
3012,100.0,208.0,,false
3013,100.0,184.0,,false
3014,900.0,7.0,,false
3015,1150.0,13.0,,false
3016,1000.0,8.0,,false
3017,1350.0,48.0,,true
3018,500.0,58.0,,true
3019,5000.0,17.0,,true
3020,2200.0,134.0,,true
3021,3500.0,300.0,,true
3022,5000.0,600.0,,true
3023,500.0,143.0,,true
3024,125.0,528.0,,true
3025,40.0,433.0,,true
3026,350.0,164.0,,true
3027,500.0,175.0,,false
3028,500.0,544.0,,false
3029,3300.0,30.0,,false
3030,3300.0,30.0,,false
3031,3300.0,28.0,,false
3032,60.0,209.0,,false
3033,60.0,246.0,,false
3034,60.0,222.0,,false
3035,800.0,6.0,,false
3036,60.0,117.0,,false
3037,60.0,119.0,,false
3038,60.0,119.0,,false
3039,60.0,118.0,,false
3040,60.0,101.0,,false
3041,60.0,105.0,,false
3042,60.0,100.0,,false
3043,60.0,83.0,,false
3044,60.0,102.0,,false
3045,60.0,119.0,,false
3046,100.0,200.0,,false
3047,100.0,206.0,,false
3048,900.0,7.0,,false
3049,1150.0,18.0,,false
3050,1000.0,6.0,,false
3051,1350.0,48.0,,true
3052,500.0,57.0,,true
3053,5000.0,20.0,,true
3054,2200.0,134.0,,true
3055,3500.0,375.0,,true
3056,5000.0,600.0,,true
3057,500.0,152.0,,true
3058,125.0,469.0,,true
3059,40.0,388.0,,true
3060,350.0,162.0,,true
3061,500.0,199.0,,false
3062,500.0,424.0,,false
3063,3300.0,22.0,,false
3064,3300.0,28.0,,false
3065,3300.0,21.0,,false
3066,60.0,247.0,,false
3067,60.0,180.0,,false
3068,60.0,156.0,,false
3069,60.0,160.0,,false
3070,800.0,5.0,,false
3071,60.0,94.0,,false
3072,60.0,110.0,,false
3073,60.0,91.0,,false
3074,60.0,98.0,,false
3075,60.0,96.0,,false
3076,60.0,113.0,,false
3077,60.0,113.0,,false
3078,60.0,84.0,,false
3079,100.0,195.0,,false
3080,100.0,228.0,,false
3081,900.0,8.0,,false
3082,1150.0,13.0,,false
3083,1000.0,6.0,,false
3084,1350.0,48.0,,true
3085,500.0,58.0,,true
3086,5000.0,18.0,,true
3087,2200.0,131.0,,true
3088,3500.0,205.0,,true
3089,5000.0,600.0,,true
3090,500.0,147.0,,true
3091,125.0,493.0,,true
3092,40.0,448.0,,true
3093,350.0,141.0,,true
3094,500.0,191.0,,false
3095,500.0,507.0,,false
3096,3300.0,24.0,,false
3097,3300.0,28.0,,false
3098,3300.0,29.0,,false
3099,60.0,220.0,,false
3100,60.0,180.0,,false
3101,60.0,170.0,,false
3102,60.0,239.0,,false
3103,800.0,5.0,,false
3104,60.0,113.0,,false
3105,60.0,103.0,,false
3106,60.0,119.0,,false
3107,60.0,117.0,,false
3108,60.0,91.0,,false
3109,60.0,120.0,,false
3110,60.0,92.0,,false
3111,100.0,213.0,,false
3112,100.0,219.0,,false
3113,900.0,9.0,,false
3114,1150.0,16.0,,false
3115,1000.0,6.0,,false
3116,1350.0,49.0,,true
3117,500.0,56.0,,true
3118,5000.0,19.0,,true
3119,2200.0,135.0,,true
3120,3500.0,371.0,,true
3121,5000.0,600.0,,true
3122,500.0,156.0,,true
3123,125.0,458.0,,true
3124,40.0,414.0,,true
3125,350.0,150.0,,true
3126,500.0,200.0,,false
3127,500.0,401.0,,false
3128,3300.0,24.0,,false
3129,3300.0,24.0,,false
3130,3300.0,28.0,,false
3131,60.0,224.0,,false
3132,60.0,179.0,,false
3133,60.0,151.0,,false
3134,800.0,4.0,,false
3135,60.0,95.0,,false
3136,60.0,113.0,,false
3137,60.0,93.0,,false
3138,60.0,101.0,,false
3139,60.0,116.0,,false
3140,60.0,99.0,,false
3141,60.0,95.0,,false
3142,60.0,103.0,,false
3143,60.0,85.0,,false
3144,100.0,189.0,,false
3145,100.0,205.0,,false
3146,900.0,8.0,,false
3147,1150.0,18.0,,false
3148,1000.0,7.0,,false
3149,1350.0,48.0,,true
3150,500.0,56.0,,true
3151,5000.0,17.0,,true
3152,2200.0,135.0,,true
3153,3500.0,263.0,,true
3154,5000.0,600.0,,true
3155,500.0,159.0,,true
3156,125.0,508.0,,true
3157,40.0,427.0,,true
3158,350.0,151.0,,true
3159,500.0,186.0,,false
3160,500.0,593.0,,false
3161,3300.0,29.0,,false
3162,3300.0,30.0,,false
3163,3300.0,25.0,,false
3164,60.0,192.0,,false
3165,60.0,214.0,,false
3166,60.0,208.0,,false
3167,60.0,192.0,,false
3168,800.0,5.0,,false
3169,60.0,114.0,,false
3170,60.0,118.0,,false
3171,60.0,84.0,,false
3172,60.0,119.0,,false
3173,60.0,103.0,,false
3174,60.0,113.0,,false
3175,100.0,223.0,,false
3176,100.0,182.0,,false
3177,900.0,7.0,,false
3178,1150.0,15.0,,false
3179,1000.0,5.0,,false
3180,1350.0,46.0,,true
3181,500.0,58.0,,true
3182,5000.0,20.0,,true
3183,2200.0,136.0,,true
3184,3500.0,266.0,,true
3185,5000.0,600.0,,true
3186,500.0,158.0,,true
3187,125.0,548.0,,true
3188,40.0,458.0,,true
3189,350.0,150.0,,true
3190,500.0,187.0,,false
3191,500.0,569.0,,false
3192,3300.0,27.0,,false
3193,3300.0,25.0,,false
3194,3300.0,22.0,,false
3195,60.0,248.0,,false
3196,60.0,222.0,,false
3197,60.0,153.0,,false
3198,60.0,154.0,,false
3199,800.0,4.0,,false
3200,60.0,89.0,,false
3201,60.0,101.0,,false
3202,60.0,109.0,,false
3203,60.0,112.0,,false
3204,60.0,119.0,,false
3205,60.0,111.0,,false
3206,100.0,209.0,,false
3207,100.0,197.0,,false
3208,900.0,8.0,,false
3209,1150.0,16.0,,false
3210,1000.0,6.0,,false
3211,1350.0,49.0,,true
3212,500.0,60.0,,true
3213,5000.0,20.0,,true
3214,2200.0,134.0,,true
3215,3500.0,308.0,,true
3216,5000.0,600.0,,true
3217,500.0,142.0,,true
3218,125.0,547.0,,true
3219,40.0,440.0,,true
3220,350.0,165.0,,true
3221,500.0,174.0,,false
3222,500.0,314.0,,false
3223,3300.0,28.0,,false
3224,3300.0,23.0,,false
3225,3300.0,21.0,,false
3226,60.0,208.0,,false
3227,60.0,232.0,,false
3228,60.0,186.0,,false
3229,60.0,214.0,,false
3230,800.0,4.0,,false
3231,60.0,108.0,,false
3232,60.0,105.0,,false
3233,60.0,85.0,,false
3234,60.0,91.0,,false
3235,60.0,116.0,,false
3236,60.0,93.0,,false
3237,60.0,110.0,,false
3238,60.0,91.0,,false
3239,100.0,246.0,,false
3240,100.0,240.0,,false
3241,900.0,10.0,,false
3242,1150.0,17.0,,false
3243,1000.0,8.0,,false
