Reference,height,width,stripwidth,preemptable
1,1350.0,49.0,720,true
2,500.0,59.0,,true
3,5000.0,16.0,,true
4,2200.0,136.0,,true
5,3500.0,258.0,,true
6,5000.0,600.0,,true
7,500.0,150.0,,true
8,125.0,547.0,,true
9,40.0,458.0,,true
10,350.0,163.0,,true
11,500.0,198.0,,false
12,500.0,333.0,,false
13,3300.0,22.0,,false
14,3300.0,30.0,,false
15,3300.0,30.0,,false
16,60.0,238.0,,false
17,60.0,185.0,,false
18,60.0,215.0,,false
19,800.0,4.0,,false
20,60.0,88.0,,false
21,60.0,100.0,,false
22,60.0,85.0,,false
23,60.0,99.0,,false
24,60.0,86.0,,false
25,60.0,105.0,,false
26,60.0,88.0,,false
27,60.0,102.0,,false
28,100.0,195.0,,false
29,100.0,214.0,,false
30,900.0,10.0,,false
31,1150.0,17.0,,false
32,1000.0,6.0,,false
33,1350.0,49.0,,true
34,500.0,60.0,,true
35,5000.0,19.0,,true
36,2200.0,138.0,,true
37,3500.0,327.0,,true
38,5000.0,600.0,,true
39,500.0,144.0,,true
40,125.0,468.0,,true
41,40.0,434.0,,true
42,350.0,155.0,,true
43,500.0,193.0,,false
44,500.0,449.0,,false
45,3300.0,29.0,,false
46,3300.0,23.0,,false
47,3300.0,28.0,,false
48,60.0,233.0,,false
49,60.0,246.0,,false
50,60.0,231.0,,false
51,60.0,241.0,,false
52,800.0,4.0,,false
53,60.0,113.0,,false
54,60.0,85.0,,false
55,60.0,89.0,,false
56,60.0,101.0,,false
57,60.0,113.0,,false
58,60.0,112.0,,false
59,60.0,81.0,,false
60,60.0,97.0,,false
61,60.0,110.0,,false
62,60.0,93.0,,false
63,100.0,250.0,,false
64,100.0,225.0,,false
65,900.0,8.0,,false
66,1150.0,16.0,,false
67,1000.0,6.0,,false
68,1350.0,49.0,,true
69,500.0,56.0,,true
70,5000.0,18.0,,true
71,2200.0,134.0,,true
72,3500.0,381.0,,true
73,5000.0,600.0,,true
74,500.0,155.0,,true
75,125.0,503.0,,true
76,40.0,423.0,,true
77,350.0,150.0,,true
78,500.0,180.0,,false
79,500.0,599.0,,false
80,3300.0,30.0,,false
81,3300.0,27.0,,false
82,3300.0,21.0,,false
83,60.0,200.0,,false
84,60.0,158.0,,false
85,60.0,155.0,,false
86,60.0,246.0,,false
87,800.0,4.0,,false
88,60.0,96.0,,false
89,60.0,112.0,,false
90,60.0,90.0,,false
91,60.0,84.0,,false
92,60.0,103.0,,false
93,60.0,120.0,,false
94,100.0,213.0,,false
95,100.0,226.0,,false
96,900.0,7.0,,false
97,1150.0,14.0,,false
98,1000.0,8.0,,false
99,1350.0,46.0,,true
100,500.0,58.0,,true
101,5000.0,20.0,,true
102,2200.0,138.0,,true
103,3500.0,330.0,,true
104,5000.0,600.0,,true
105,500.0,148.0,,true
106,125.0,541.0,,true
107,40.0,351.0,,true
108,350.0,172.0,,true
109,500.0,193.0,,false
110,500.0,370.0,,false
111,3300.0,27.0,,false
112,3300.0,26.0,,false
113,3300.0,22.0,,false
114,60.0,167.0,,false
115,60.0,222.0,,false
116,60.0,195.0,,false
117,800.0,4.0,,false
118,60.0,99.0,,false
119,60.0,81.0,,false
120,60.0,99.0,,false
121,60.0,98.0,,false
122,60.0,105.0,,false
123,60.0,83.0,,false
124,100.0,214.0,,false
125,100.0,231.0,,false
126,900.0,10.0,,false
127,1150.0,18.0,,false
128,1000.0,6.0,,false
129,1350.0,48.0,,true
130,500.0,60.0,,true
131,5000.0,18.0,,true
132,2200.0,138.0,,true
133,3500.0,317.0,,true
134,5000.0,600.0,,true
135,500.0,158.0,,true
136,125.0,515.0,,true
137,40.0,369.0,,true
138,350.0,162.0,,true
139,500.0,183.0,,false
140,500.0,529.0,,false
141,3300.0,25.0,,false
142,3300.0,29.0,,false
143,3300.0,25.0,,false
144,60.0,241.0,,false
145,60.0,203.0,,false
146,60.0,197.0,,false
147,800.0,5.0,,false
148,60.0,105.0,,false
149,60.0,104.0,,false
150,60.0,83.0,,false
151,60.0,113.0,,false
152,60.0,115.0,,false
153,60.0,105.0,,false
154,60.0,110.0,,false
155,60.0,88.0,,false
156,60.0,111.0,,false
157,60.0,87.0,,false
158,100.0,191.0,,false
159,100.0,210.0,,false
160,900.0,7.0,,false
161,1150.0,14.0,,false
162,1000.0,5.0,,false
163,1350.0,49.0,,true
164,500.0,56.0,,true
165,5000.0,16.0,,true
166,2200.0,137.0,,true
167,3500.0,247.0,,true
168,5000.0,600.0,,true
169,500.0,159.0,,true
170,125.0,542.0,,true
171,40.0,439.0,,true
172,350.0,175.0,,true
173,500.0,199.0,,false
174,500.0,586.0,,false
175,3300.0,22.0,,false
176,3300.0,27.0,,false
177,3300.0,30.0,,false
178,60.0,170.0,,false
179,60.0,155.0,,false
180,60.0,176.0,,false
181,800.0,5.0,,false
182,60.0,116.0,,false
183,60.0,117.0,,false
184,60.0,113.0,,false
185,60.0,83.0,,false
186,60.0,97.0,,false
187,60.0,117.0,,false
188,60.0,103.0,,false
189,60.0,94.0,,false
190,60.0,104.0,,false
191,100.0,204.0,,false
192,100.0,250.0,,false
193,900.0,9.0,,false
194,1150.0,18.0,,false
195,1000.0,8.0,,false
196,1350.0,50.0,,true
197,500.0,60.0,,true
198,5000.0,20.0,,true
199,2200.0,135.0,,true
200,3500.0,300.0,,true
201,5000.0,600.0,,true
202,500.0,151.0,,true
203,125.0,526.0,,true
204,40.0,376.0,,true
205,350.0,173.0,,true
206,500.0,197.0,,false
207,500.0,310.0,,false
208,3300.0,27.0,,false
209,3300.0,25.0,,false
210,3300.0,21.0,,false
211,60.0,198.0,,false
212,60.0,152.0,,false
213,60.0,226.0,,false
214,800.0,6.0,,false
215,60.0,86.0,,false
216,60.0,111.0,,false
217,60.0,93.0,,false
218,60.0,86.0,,false
219,60.0,110.0,,false
220,60.0,112.0,,false
221,60.0,115.0,,false
222,60.0,105.0,,false
223,60.0,104.0,,false
224,100.0,195.0,,false
225,100.0,217.0,,false
226,900.0,8.0,,false
227,1150.0,13.0,,false
228,1000.0,6.0,,false
229,1350.0,48.0,,true
230,500.0,58.0,,true
231,5000.0,18.0,,true
232,2200.0,140.0,,true
233,3500.0,214.0,,true
234,5000.0,600.0,,true
235,500.0,159.0,,true
236,125.0,549.0,,true
237,40.0,355.0,,true
238,350.0,143.0,,true
239,500.0,177.0,,false
240,500.0,395.0,,false
241,3300.0,25.0,,false
242,3300.0,27.0,,false
243,3300.0,25.0,,false
244,60.0,227.0,,false
245,60.0,157.0,,false
246,60.0,238.0,,false
247,800.0,5.0,,false
248,60.0,115.0,,false
249,60.0,84.0,,false
250,60.0,85.0,,false
251,60.0,94.0,,false
252,60.0,107.0,,false
253,60.0,91.0,,false
254,60.0,82.0,,false
255,60.0,81.0,,false
256,60.0,83.0,,false
257,60.0,92.0,,false
258,100.0,189.0,,false
259,100.0,223.0,,false
260,900.0,8.0,,false
261,1150.0,14.0,,false
262,1000.0,6.0,,false
263,1350.0,49.0,,true
264,500.0,57.0,,true
265,5000.0,16.0,,true
266,2200.0,137.0,,true
267,3500.0,271.0,,true
268,5000.0,600.0,,true
269,500.0,160.0,,true
270,125.0,518.0,,true
271,40.0,395.0,,true
272,350.0,177.0,,true
273,500.0,187.0,,false
274,500.0,375.0,,false
275,3300.0,29.0,,false
276,3300.0,21.0,,false
277,3300.0,23.0,,false
278,60.0,201.0,,false
279,60.0,214.0,,false
280,60.0,159.0,,false
281,800.0,4.0,,false
282,60.0,103.0,,false
283,60.0,90.0,,false
284,60.0,115.0,,false
285,60.0,104.0,,false
286,60.0,98.0,,false
287,60.0,119.0,,false
288,60.0,119.0,,false
289,60.0,83.0,,false
290,60.0,83.0,,false
291,60.0,101.0,,false
292,100.0,209.0,,false
293,100.0,229.0,,false
294,900.0,9.0,,false
295,1150.0,17.0,,false
296,1000.0,5.0,,false
297,1350.0,47.0,,true
298,500.0,58.0,,true
299,5000.0,16.0,,true
300,2200.0,137.0,,true
301,3500.0,216.0,,true
302,5000.0,600.0,,true
303,500.0,142.0,,true
304,125.0,522.0,,true
305,40.0,432.0,,true
306,350.0,154.0,,true
307,500.0,177.0,,false
308,500.0,352.0,,false
309,3300.0,29.0,,false
310,3300.0,23.0,,false
311,3300.0,29.0,,false
312,60.0,213.0,,false
313,60.0,214.0,,false
314,60.0,246.0,,false
315,800.0,6.0,,false
316,60.0,119.0,,false
317,60.0,89.0,,false
318,60.0,118.0,,false
319,60.0,93.0,,false
320,60.0,85.0,,false
321,60.0,82.0,,false
322,60.0,96.0,,false
323,60.0,109.0,,false
324,60.0,95.0,,false
325,100.0,219.0,,false
326,100.0,250.0,,false
327,900.0,7.0,,false
328,1150.0,15.0,,false
329,1000.0,5.0,,false
330,1350.0,49.0,,true
331,500.0,56.0,,true
332,5000.0,20.0,,true
333,2200.0,137.0,,true
334,3500.0,345.0,,true
335,5000.0,600.0,,true
336,500.0,160.0,,true
337,125.0,483.0,,true
338,40.0,375.0,,true
339,350.0,143.0,,true
340,500.0,185.0,,false
341,500.0,435.0,,false
342,3300.0,21.0,,false
343,3300.0,27.0,,false
344,3300.0,23.0,,false
345,60.0,176.0,,false
346,60.0,183.0,,false
347,60.0,182.0,,false
348,60.0,233.0,,false
349,800.0,4.0,,false
350,60.0,108.0,,false
351,60.0,113.0,,false
352,60.0,112.0,,false
353,60.0,90.0,,false
354,60.0,107.0,,false
355,60.0,93.0,,false
356,60.0,92.0,,false
357,100.0,182.0,,false
358,100.0,224.0,,false
359,900.0,9.0,,false
360,1150.0,15.0,,false
361,1000.0,7.0,,false
362,1350.0,49.0,,true
363,500.0,57.0,,true
364,5000.0,20.0,,true
365,2200.0,139.0,,true
366,3500.0,288.0,,true
367,5000.0,600.0,,true
368,500.0,160.0,,true
369,125.0,516.0,,true
370,40.0,400.0,,true
371,350.0,173.0,,true
372,500.0,191.0,,false
373,500.0,394.0,,false
374,3300.0,26.0,,false
375,3300.0,29.0,,false
376,3300.0,27.0,,false
377,60.0,235.0,,false
378,60.0,175.0,,false
379,60.0,165.0,,false
380,800.0,6.0,,false
381,60.0,115.0,,false
382,60.0,105.0,,false
383,60.0,118.0,,false
384,60.0,104.0,,false
385,60.0,104.0,,false
386,60.0,113.0,,false
387,60.0,104.0,,false
388,100.0,242.0,,false
389,100.0,227.0,,false
390,900.0,10.0,,false
391,1150.0,18.0,,false
392,1000.0,6.0,,false
393,1350.0,49.0,,true
394,500.0,57.0,,true
395,5000.0,17.0,,true
396,2200.0,137.0,,true
397,3500.0,277.0,,true
398,5000.0,600.0,,true
399,500.0,160.0,,true
400,125.0,530.0,,true
401,40.0,395.0,,true
402,350.0,146.0,,true
403,500.0,190.0,,false
404,500.0,375.0,,false
405,3300.0,29.0,,false
406,3300.0,28.0,,false
407,3300.0,21.0,,false
408,60.0,194.0,,false
409,60.0,173.0,,false
410,60.0,201.0,,false
411,800.0,5.0,,false
412,60.0,86.0,,false
413,60.0,85.0,,false
414,60.0,85.0,,false
415,60.0,83.0,,false
416,60.0,105.0,,false
417,60.0,93.0,,false
418,60.0,99.0,,false
419,100.0,188.0,,false
420,100.0,221.0,,false
421,900.0,9.0,,false
422,1150.0,13.0,,false
423,1000.0,7.0,,false
424,1350.0,46.0,,true
425,500.0,56.0,,true
426,5000.0,18.0,,true
427,2200.0,135.0,,true
428,3500.0,210.0,,true
429,5000.0,600.0,,true
430,500.0,155.0,,true
431,125.0,493.0,,true
432,40.0,375.0,,true
433,350.0,155.0,,true
434,500.0,189.0,,false
435,500.0,363.0,,false
436,3300.0,27.0,,false
437,3300.0,23.0,,false
438,3300.0,29.0,,false
439,60.0,193.0,,false
440,60.0,172.0,,false
441,60.0,166.0,,false
442,60.0,151.0,,false
443,800.0,4.0,,false
444,60.0,119.0,,false
445,60.0,109.0,,false
446,60.0,84.0,,false
447,60.0,109.0,,false
448,60.0,110.0,,false
449,60.0,89.0,,false
450,60.0,91.0,,false
451,60.0,92.0,,false
452,100.0,244.0,,false
453,100.0,196.0,,false
454,900.0,9.0,,false
455,1150.0,14.0,,false
456,1000.0,7.0,,false
457,1350.0,50.0,,true
458,500.0,56.0,,true
459,5000.0,20.0,,true
460,2200.0,140.0,,true
461,3500.0,290.0,,true
462,5000.0,600.0,,true
463,500.0,150.0,,true
464,125.0,536.0,,true
465,40.0,359.0,,true
466,350.0,179.0,,true
467,500.0,192.0,,false
468,500.0,537.0,,false
469,3300.0,27.0,,false
470,3300.0,28.0,,false
471,3300.0,29.0,,false
472,60.0,233.0,,false
473,60.0,194.0,,false
474,60.0,160.0,,false
475,60.0,175.0,,false
476,800.0,5.0,,false
477,60.0,101.0,,false
478,60.0,99.0,,false
479,60.0,107.0,,false
480,60.0,85.0,,false
481,60.0,100.0,,false
482,60.0,83.0,,false
483,60.0,93.0,,false
484,60.0,103.0,,false
485,100.0,243.0,,false
486,100.0,200.0,,false
487,900.0,9.0,,false
488,1150.0,17.0,,false
489,1000.0,5.0,,false
490,1350.0,47.0,,true
491,500.0,60.0,,true
492,5000.0,19.0,,true
493,2200.0,131.0,,true
494,3500.0,367.0,,true
495,5000.0,600.0,,true
496,500.0,148.0,,true
497,125.0,476.0,,true
498,40.0,432.0,,true
499,350.0,149.0,,true
500,500.0,178.0,,false
501,500.0,339.0,,false
502,3300.0,25.0,,false
503,3300.0,30.0,,false
504,3300.0,21.0,,false
505,60.0,224.0,,false
506,60.0,201.0,,false
507,60.0,151.0,,false
508,800.0,5.0,,false
509,60.0,102.0,,false
510,60.0,114.0,,false
511,60.0,96.0,,false
512,60.0,120.0,,false
513,60.0,96.0,,false
514,60.0,85.0,,false
515,60.0,111.0,,false
516,60.0,100.0,,false
517,60.0,90.0,,false
518,60.0,114.0,,false
519,100.0,216.0,,false
520,100.0,211.0,,false
521,900.0,10.0,,false
522,1150.0,13.0,,false
523,1000.0,6.0,,false
524,1350.0,50.0,,true
525,500.0,60.0,,true
526,5000.0,16.0,,true
527,2200.0,131.0,,true
528,3500.0,368.0,,true
529,5000.0,600.0,,true
530,500.0,145.0,,true
531,125.0,512.0,,true
532,40.0,392.0,,true
533,350.0,152.0,,true
534,500.0,175.0,,false
535,500.0,574.0,,false
536,3300.0,29.0,,false
537,3300.0,21.0,,false
538,3300.0,25.0,,false
539,60.0,235.0,,false
540,60.0,166.0,,false
541,60.0,176.0,,false
542,60.0,233.0,,false
543,800.0,5.0,,false
544,60.0,99.0,,false
545,60.0,102.0,,false
546,60.0,90.0,,false
547,60.0,102.0,,false
548,60.0,84.0,,false
549,60.0,86.0,,false
550,60.0,84.0,,false
551,60.0,97.0,,false
552,100.0,231.0,,false
553,100.0,250.0,,false
554,900.0,7.0,,false
555,1150.0,18.0,,false
556,1000.0,6.0,,false
557,1350.0,49.0,,true
558,500.0,60.0,,true
559,5000.0,17.0,,true
560,2200.0,139.0,,true
561,3500.0,261.0,,true
562,5000.0,600.0,,true
563,500.0,148.0,,true
564,125.0,547.0,,true
565,40.0,436.0,,true
566,350.0,163.0,,true
567,500.0,200.0,,false
568,500.0,377.0,,false
569,3300.0,21.0,,false
570,3300.0,26.0,,false
571,3300.0,26.0,,false
572,60.0,160.0,,false
573,60.0,156.0,,false
574,60.0,158.0,,false
575,800.0,5.0,,false
576,60.0,95.0,,false
577,60.0,114.0,,false
578,60.0,120.0,,false
579,60.0,85.0,,false
580,60.0,99.0,,false
581,60.0,117.0,,false
582,60.0,85.0,,false
583,60.0,116.0,,false
584,100.0,206.0,,false
585,100.0,196.0,,false
586,900.0,10.0,,false
587,1150.0,18.0,,false
588,1000.0,8.0,,false
589,1350.0,47.0,,true
590,500.0,57.0,,true
591,5000.0,20.0,,true
592,2200.0,138.0,,true
593,3500.0,323.0,,true
594,5000.0,600.0,,true
595,500.0,147.0,,true
596,125.0,459.0,,true
597,40.0,390.0,,true
598,350.0,158.0,,true
599,500.0,193.0,,false
600,500.0,516.0,,false
601,3300.0,29.0,,false
602,3300.0,28.0,,false
603,3300.0,26.0,,false
604,60.0,205.0,,false
605,60.0,219.0,,false
606,60.0,151.0,,false
607,800.0,4.0,,false
608,60.0,86.0,,false
609,60.0,97.0,,false
610,60.0,84.0,,false
611,60.0,100.0,,false
612,60.0,115.0,,false
613,60.0,87.0,,false
614,60.0,94.0,,false
615,60.0,105.0,,false
616,60.0,113.0,,false
617,100.0,210.0,,false
618,100.0,199.0,,false
619,900.0,8.0,,false
620,1150.0,16.0,,false
621,1000.0,5.0,,false
622,1350.0,48.0,,true
623,500.0,58.0,,true
624,5000.0,20.0,,true
625,2200.0,134.0,,true
626,3500.0,327.0,,true
627,5000.0,600.0,,true
628,500.0,151.0,,true
629,125.0,466.0,,true
630,40.0,377.0,,true
631,350.0,165.0,,true
632,500.0,181.0,,false
633,500.0,586.0,,false
634,3300.0,22.0,,false
635,3300.0,27.0,,false
636,3300.0,22.0,,false
637,60.0,230.0,,false
638,60.0,171.0,,false
639,60.0,155.0,,false
640,800.0,4.0,,false
641,60.0,105.0,,false
642,60.0,94.0,,false
643,60.0,100.0,,false
644,60.0,115.0,,false
645,60.0,83.0,,false
646,60.0,85.0,,false
647,60.0,89.0,,false
648,60.0,84.0,,false
649,60.0,85.0,,false
650,60.0,105.0,,false
651,100.0,250.0,,false
652,100.0,230.0,,false
653,900.0,7.0,,false
654,1150.0,14.0,,false
655,1000.0,5.0,,false
656,1350.0,47.0,,true
657,500.0,58.0,,true
658,5000.0,20.0,,true
659,2200.0,138.0,,true
660,3500.0,234.0,,true
661,5000.0,600.0,,true
662,500.0,142.0,,true
663,125.0,518.0,,true
664,40.0,368.0,,true
665,350.0,177.0,,true
666,500.0,187.0,,false
667,500.0,425.0,,false
668,3300.0,29.0,,false
669,3300.0,23.0,,false
670,3300.0,28.0,,false
671,60.0,162.0,,false
672,60.0,206.0,,false
673,60.0,231.0,,false
674,800.0,6.0,,false
675,60.0,109.0,,false
676,60.0,98.0,,false
677,60.0,95.0,,false
678,60.0,98.0,,false
679,60.0,99.0,,false
680,60.0,91.0,,false
681,60.0,92.0,,false
682,60.0,93.0,,false
683,60.0,111.0,,false
684,60.0,106.0,,false
685,100.0,229.0,,false
686,100.0,225.0,,false
687,900.0,9.0,,false
688,1150.0,18.0,,false
689,1000.0,5.0,,false
690,1350.0,46.0,,true
691,500.0,59.0,,true
692,5000.0,19.0,,true
693,2200.0,138.0,,true
694,3500.0,261.0,,true
695,5000.0,600.0,,true
696,500.0,141.0,,true
697,125.0,507.0,,true
698,40.0,446.0,,true
699,350.0,168.0,,true
700,500.0,177.0,,false
701,500.0,560.0,,false
702,3300.0,26.0,,false
703,3300.0,27.0,,false
704,3300.0,24.0,,false
705,60.0,243.0,,false
706,60.0,169.0,,false
707,60.0,171.0,,false
708,60.0,198.0,,false
709,800.0,5.0,,false
710,60.0,87.0,,false
711,60.0,101.0,,false
712,60.0,81.0,,false
713,60.0,116.0,,false
714,60.0,85.0,,false
715,60.0,113.0,,false
716,60.0,87.0,,false
717,60.0,105.0,,false
718,60.0,115.0,,false
719,60.0,93.0,,false
720,100.0,248.0,,false
721,100.0,182.0,,false
722,900.0,9.0,,false
723,1150.0,15.0,,false
724,1000.0,8.0,,false
725,1350.0,48.0,,true
726,500.0,60.0,,true
727,5000.0,16.0,,true
728,2200.0,132.0,,true
729,3500.0,265.0,,true
730,5000.0,600.0,,true
731,500.0,143.0,,true
732,125.0,489.0,,true
733,40.0,392.0,,true
734,350.0,168.0,,true
735,500.0,194.0,,false
736,500.0,315.0,,false
737,3300.0,26.0,,false
738,3300.0,30.0,,false
739,3300.0,27.0,,false
740,60.0,181.0,,false
741,60.0,206.0,,false
742,60.0,199.0,,false
743,60.0,218.0,,false
744,800.0,4.0,,false
745,60.0,117.0,,false
746,60.0,86.0,,false
747,60.0,119.0,,false
748,60.0,100.0,,false
749,60.0,107.0,,false
750,60.0,81.0,,false
751,60.0,103.0,,false
752,60.0,115.0,,false
753,60.0,111.0,,false
754,60.0,119.0,,false
755,100.0,202.0,,false
756,100.0,219.0,,false
757,900.0,9.0,,false
758,1150.0,15.0,,false
759,1000.0,7.0,,false
760,1350.0,49.0,,true
761,500.0,59.0,,true
762,5000.0,17.0,,true
763,2200.0,136.0,,true
764,3500.0,212.0,,true
765,5000.0,600.0,,true
766,500.0,141.0,,true
767,125.0,466.0,,true
768,40.0,388.0,,true
769,350.0,166.0,,true
770,500.0,189.0,,false
771,500.0,571.0,,false
772,3300.0,21.0,,false
773,3300.0,30.0,,false
774,3300.0,25.0,,false
775,60.0,188.0,,false
776,60.0,220.0,,false
777,60.0,236.0,,false
778,60.0,169.0,,false
779,800.0,6.0,,false
780,60.0,87.0,,false
781,60.0,103.0,,false
782,60.0,105.0,,false
783,60.0,99.0,,false
784,60.0,108.0,,false
785,60.0,98.0,,false
786,60.0,117.0,,false
787,60.0,87.0,,false
788,100.0,228.0,,false
789,100.0,219.0,,false
790,900.0,7.0,,false
791,1150.0,16.0,,false
792,1000.0,8.0,,false
793,1350.0,48.0,,true
794,500.0,60.0,,true
795,5000.0,16.0,,true
796,2200.0,137.0,,true
797,3500.0,308.0,,true
798,5000.0,600.0,,true
799,500.0,156.0,,true
800,125.0,451.0,,true
801,40.0,363.0,,true
802,350.0,178.0,,true
803,500.0,174.0,,false
804,500.0,403.0,,false
805,3300.0,24.0,,false
806,3300.0,21.0,,false
807,3300.0,30.0,,false
808,60.0,244.0,,false
809,60.0,239.0,,false
810,60.0,164.0,,false
811,800.0,5.0,,false
812,60.0,120.0,,false
813,60.0,84.0,,false
814,60.0,120.0,,false
815,60.0,86.0,,false
816,60.0,81.0,,false
817,60.0,118.0,,false
818,60.0,82.0,,false
819,60.0,118.0,,false
820,60.0,99.0,,false
821,60.0,108.0,,false
822,100.0,237.0,,false
823,100.0,201.0,,false
824,900.0,10.0,,false
825,1150.0,16.0,,false
826,1000.0,6.0,,false
827,1350.0,46.0,,true
828,500.0,57.0,,true
829,5000.0,16.0,,true
830,2200.0,132.0,,true
831,3500.0,267.0,,true
832,5000.0,600.0,,true
833,500.0,157.0,,true
834,125.0,472.0,,true
835,40.0,397.0,,true
836,350.0,170.0,,true
837,500.0,173.0,,false
838,500.0,519.0,,false
839,3300.0,27.0,,false
840,3300.0,24.0,,false
841,3300.0,28.0,,false
842,60.0,237.0,,false
843,60.0,246.0,,false
844,60.0,190.0,,false
845,800.0,6.0,,false
846,60.0,88.0,,false
847,60.0,83.0,,false
848,60.0,106.0,,false
849,60.0,84.0,,false
850,60.0,111.0,,false
851,60.0,100.0,,false
852,100.0,213.0,,false
853,100.0,197.0,,false
854,900.0,10.0,,false
855,1150.0,16.0,,false
856,1000.0,7.0,,false
857,1350.0,49.0,,true
858,500.0,56.0,,true
859,5000.0,20.0,,true
860,2200.0,131.0,,true
861,3500.0,243.0,,true
862,5000.0,600.0,,true
863,500.0,150.0,,true
864,125.0,467.0,,true
865,40.0,409.0,,true
866,350.0,170.0,,true
867,500.0,179.0,,false
868,500.0,558.0,,false
869,3300.0,22.0,,false
870,3300.0,29.0,,false
871,3300.0,29.0,,false
872,60.0,243.0,,false
873,60.0,159.0,,false
874,60.0,201.0,,false
875,60.0,190.0,,false
876,800.0,4.0,,false
877,60.0,115.0,,false
878,60.0,83.0,,false
879,60.0,93.0,,false
880,60.0,106.0,,false
881,60.0,105.0,,false
882,60.0,93.0,,false
883,60.0,108.0,,false
884,60.0,99.0,,false
885,60.0,116.0,,false
886,60.0,108.0,,false
887,100.0,207.0,,false
888,100.0,223.0,,false
889,900.0,7.0,,false
890,1150.0,13.0,,false
891,1000.0,8.0,,false
892,1350.0,50.0,,true
893,500.0,57.0,,true
894,5000.0,18.0,,true
895,2200.0,137.0,,true
896,3500.0,331.0,,true
897,5000.0,600.0,,true
898,500.0,150.0,,true
899,125.0,503.0,,true
900,40.0,426.0,,true
901,350.0,152.0,,true
902,500.0,190.0,,false
903,500.0,351.0,,false
904,3300.0,29.0,,false
905,3300.0,29.0,,false
906,3300.0,26.0,,false
907,60.0,187.0,,false
908,60.0,218.0,,false
909,60.0,219.0,,false
910,60.0,214.0,,false
911,800.0,5.0,,false
912,60.0,115.0,,false
913,60.0,105.0,,false
914,60.0,94.0,,false
915,60.0,117.0,,false
916,60.0,89.0,,false
917,60.0,109.0,,false
918,100.0,206.0,,false
919,100.0,242.0,,false
920,900.0,9.0,,false
921,1150.0,14.0,,false
922,1000.0,8.0,,false
923,1350.0,47.0,,true
924,500.0,59.0,,true
925,5000.0,19.0,,true
926,2200.0,131.0,,true
927,3500.0,239.0,,true
928,5000.0,600.0,,true
929,500.0,154.0,,true
930,125.0,457.0,,true
931,40.0,422.0,,true
932,350.0,161.0,,true
933,500.0,182.0,,false
934,500.0,452.0,,false
935,3300.0,23.0,,false
936,3300.0,25.0,,false
937,3300.0,25.0,,false
938,60.0,199.0,,false
939,60.0,180.0,,false
940,60.0,175.0,,false
941,60.0,183.0,,false
942,800.0,5.0,,false
943,60.0,89.0,,false
944,60.0,81.0,,false
945,60.0,103.0,,false
946,60.0,111.0,,false
947,60.0,115.0,,false
948,60.0,83.0,,false
949,60.0,113.0,,false
950,100.0,225.0,,false
951,100.0,211.0,,false
952,900.0,10.0,,false
953,1150.0,18.0,,false
954,1000.0,7.0,,false
955,1350.0,48.0,,true
956,500.0,59.0,,true
957,5000.0,18.0,,true
958,2200.0,135.0,,true
959,3500.0,294.0,,true
960,5000.0,600.0,,true
961,500.0,155.0,,true
962,125.0,548.0,,true
963,40.0,397.0,,true
964,350.0,154.0,,true
965,500.0,196.0,,false
966,500.0,592.0,,false
967,3300.0,26.0,,false
968,3300.0,30.0,,false
969,3300.0,27.0,,false
970,60.0,158.0,,false
971,60.0,215.0,,false
972,60.0,224.0,,false
973,800.0,6.0,,false
974,60.0,115.0,,false
975,60.0,118.0,,false
976,60.0,101.0,,false
977,60.0,98.0,,false
978,60.0,116.0,,false
979,60.0,95.0,,false
980,60.0,107.0,,false
981,60.0,82.0,,false
982,60.0,110.0,,false
983,60.0,90.0,,false
984,100.0,247.0,,false
985,100.0,205.0,,false
986,900.0,8.0,,false
987,1150.0,14.0,,false
988,1000.0,7.0,,false
989,1350.0,48.0,,true
990,500.0,58.0,,true
991,5000.0,19.0,,true
992,2200.0,133.0,,true
993,3500.0,229.0,,true
994,5000.0,600.0,,true
995,500.0,146.0,,true
996,125.0,512.0,,true
997,40.0,418.0,,true
998,350.0,161.0,,true
999,500.0,188.0,,false
1000,500.0,479.0,,false
1001,3300.0,22.0,,false
1002,3300.0,22.0,,false
1003,3300.0,28.0,,false
1004,60.0,245.0,,false
1005,60.0,198.0,,false
1006,60.0,198.0,,false
1007,60.0,215.0,,false
1008,800.0,4.0,,false
1009,60.0,87.0,,false
1010,60.0,105.0,,false
1011,60.0,115.0,,false
1012,60.0,107.0,,false
1013,60.0,87.0,,false
1014,60.0,91.0,,false
1015,60.0,82.0,,false
1016,60.0,98.0,,false
1017,60.0,109.0,,false
1018,60.0,82.0,,false
1019,100.0,235.0,,false
1020,100.0,191.0,,false
1021,900.0,7.0,,false
1022,1150.0,13.0,,false
1023,1000.0,5.0,,false
1024,1350.0,46.0,,true
1025,500.0,56.0,,true
1026,5000.0,19.0,,true
1027,2200.0,138.0,,true
1028,3500.0,280.0,,true
1029,5000.0,600.0,,true
1030,500.0,159.0,,true
1031,125.0,527.0,,true
1032,40.0,430.0,,true
1033,350.0,143.0,,true
1034,500.0,196.0,,false
1035,500.0,351.0,,false
1036,3300.0,24.0,,false
1037,3300.0,26.0,,false
1038,3300.0,30.0,,false
1039,60.0,229.0,,false
1040,60.0,156.0,,false
1041,60.0,202.0,,false
1042,800.0,6.0,,false
1043,60.0,81.0,,false
1044,60.0,111.0,,false
1045,60.0,118.0,,false
1046,60.0,99.0,,false
1047,60.0,98.0,,false
1048,60.0,118.0,,false
1049,60.0,85.0,,false
1050,100.0,238.0,,false
1051,100.0,224.0,,false
1052,900.0,10.0,,false
1053,1150.0,13.0,,false
1054,1000.0,6.0,,false
1055,1350.0,46.0,,true
1056,500.0,58.0,,true
1057,5000.0,18.0,,true
1058,2200.0,135.0,,true
1059,3500.0,245.0,,true
1060,5000.0,600.0,,true
1061,500.0,158.0,,true
1062,125.0,514.0,,true
1063,40.0,430.0,,true
1064,350.0,145.0,,true
1065,500.0,181.0,,false
1066,500.0,508.0,,false
1067,3300.0,27.0,,false
1068,3300.0,22.0,,false
1069,3300.0,30.0,,false
1070,60.0,188.0,,false
1071,60.0,168.0,,false
1072,60.0,191.0,,false
1073,800.0,4.0,,false
1074,60.0,104.0,,false
1075,60.0,107.0,,false
1076,60.0,106.0,,false
1077,60.0,109.0,,false
1078,60.0,109.0,,false
1079,60.0,81.0,,false
1080,60.0,88.0,,false
1081,60.0,100.0,,false
1082,60.0,116.0,,false
1083,60.0,90.0,,false
1084,100.0,222.0,,false
1085,100.0,189.0,,false
1086,900.0,9.0,,false
1087,1150.0,18.0,,false
1088,1000.0,7.0,,false
1089,1350.0,50.0,,true
1090,500.0,60.0,,true
1091,5000.0,19.0,,true
1092,2200.0,138.0,,true
1093,3500.0,256.0,,true
1094,5000.0,600.0,,true
1095,500.0,150.0,,true
1096,125.0,522.0,,true
1097,40.0,454.0,,true
1098,350.0,147.0,,true
1099,500.0,186.0,,false
1100,500.0,580.0,,false
1101,3300.0,26.0,,false
1102,3300.0,28.0,,false
1103,3300.0,23.0,,false
1104,60.0,231.0,,false
1105,60.0,216.0,,false
1106,60.0,177.0,,false
1107,60.0,151.0,,false
1108,800.0,5.0,,false
1109,60.0,82.0,,false
1110,60.0,113.0,,false
1111,60.0,81.0,,false
1112,60.0,98.0,,false
1113,60.0,118.0,,false
1114,60.0,116.0,,false
1115,60.0,89.0,,false
1116,60.0,95.0,,false
1117,60.0,94.0,,false
1118,100.0,183.0,,false
1119,100.0,238.0,,false
1120,900.0,10.0,,false
1121,1150.0,18.0,,false
1122,1000.0,6.0,,false
1123,1350.0,46.0,,true
1124,500.0,56.0,,true
1125,5000.0,20.0,,true
1126,2200.0,136.0,,true
1127,3500.0,242.0,,true
1128,5000.0,600.0,,true
1129,500.0,151.0,,true
1130,125.0,523.0,,true
1131,40.0,365.0,,true
1132,350.0,146.0,,true
1133,500.0,173.0,,false
1134,500.0,322.0,,false
1135,3300.0,28.0,,false
1136,3300.0,25.0,,false
1137,3300.0,23.0,,false
1138,60.0,234.0,,false
1139,60.0,179.0,,false
1140,60.0,219.0,,false
1141,800.0,5.0,,false
1142,60.0,120.0,,false
1143,60.0,93.0,,false
1144,60.0,104.0,,false
1145,60.0,112.0,,false
1146,60.0,116.0,,false
1147,60.0,101.0,,false
1148,100.0,212.0,,false
1149,100.0,243.0,,false
1150,900.0,9.0,,false
1151,1150.0,17.0,,false
1152,1000.0,7.0,,false
1153,1350.0,50.0,,true
1154,500.0,56.0,,true
1155,5000.0,19.0,,true
1156,2200.0,134.0,,true
1157,3500.0,226.0,,true
1158,5000.0,600.0,,true
1159,500.0,141.0,,true
1160,125.0,549.0,,true
1161,40.0,398.0,,true
1162,350.0,175.0,,true
1163,500.0,195.0,,false
1164,500.0,319.0,,false
1165,3300.0,26.0,,false
1166,3300.0,27.0,,false
1167,3300.0,21.0,,false
1168,60.0,210.0,,false
1169,60.0,170.0,,false
1170,60.0,216.0,,false
1171,60.0,241.0,,false
1172,800.0,6.0,,false
1173,60.0,81.0,,false
1174,60.0,81.0,,false
1175,60.0,102.0,,false
1176,60.0,102.0,,false
1177,60.0,83.0,,false
1178,60.0,107.0,,false
1179,60.0,84.0,,false
1180,60.0,107.0,,false
1181,100.0,241.0,,false
1182,100.0,196.0,,false
1183,900.0,10.0,,false
1184,1150.0,18.0,,false
1185,1000.0,7.0,,false
1186,1350.0,49.0,,true
1187,500.0,60.0,,true
1188,5000.0,17.0,,true
1189,2200.0,134.0,,true
1190,3500.0,307.0,,true
1191,5000.0,600.0,,true
1192,500.0,148.0,,true
1193,125.0,548.0,,true
1194,40.0,362.0,,true
1195,350.0,150.0,,true
1196,500.0,174.0,,false
1197,500.0,356.0,,false
1198,3300.0,28.0,,false
1199,3300.0,26.0,,false
1200,3300.0,30.0,,false
1201,60.0,249.0,,false
1202,60.0,179.0,,false
1203,60.0,230.0,,false
1204,800.0,6.0,,false
1205,60.0,94.0,,false
1206,60.0,107.0,,false
1207,60.0,115.0,,false
1208,60.0,89.0,,false
1209,60.0,96.0,,false
1210,60.0,109.0,,false
1211,60.0,118.0,,false
1212,60.0,118.0,,false
1213,60.0,120.0,,false
1214,60.0,91.0,,false
1215,100.0,224.0,,false
1216,100.0,222.0,,false
1217,900.0,10.0,,false
1218,1150.0,17.0,,false
1219,1000.0,5.0,,false
1220,1350.0,49.0,,true
1221,500.0,56.0,,true
1222,5000.0,18.0,,true
1223,2200.0,136.0,,true
1224,3500.0,372.0,,true
1225,5000.0,600.0,,true
1226,500.0,160.0,,true
1227,125.0,539.0,,true
1228,40.0,377.0,,true
1229,350.0,144.0,,true
1230,500.0,173.0,,false
1231,500.0,371.0,,false
1232,3300.0,25.0,,false
1233,3300.0,25.0,,false
1234,3300.0,29.0,,false
1235,60.0,244.0,,false
1236,60.0,215.0,,false
1237,60.0,172.0,,false
1238,800.0,6.0,,false
1239,60.0,98.0,,false
1240,60.0,117.0,,false
1241,60.0,88.0,,false
1242,60.0,83.0,,false
1243,60.0,84.0,,false
1244,60.0,101.0,,false
1245,60.0,81.0,,false
1246,60.0,108.0,,false
1247,100.0,221.0,,false
1248,100.0,249.0,,false
1249,900.0,9.0,,false
1250,1150.0,16.0,,false
1251,1000.0,8.0,,false
1252,1350.0,49.0,,true
1253,500.0,60.0,,true
1254,5000.0,19.0,,true
1255,2200.0,135.0,,true
1256,3500.0,349.0,,true
1257,5000.0,600.0,,true
1258,500.0,154.0,,true
1259,125.0,483.0,,true
1260,40.0,407.0,,true
1261,350.0,162.0,,true
1262,500.0,188.0,,false
1263,500.0,497.0,,false
1264,3300.0,25.0,,false
1265,3300.0,29.0,,false
1266,3300.0,30.0,,false
1267,60.0,199.0,,false
1268,60.0,235.0,,false
1269,60.0,165.0,,false
1270,800.0,5.0,,false
1271,60.0,105.0,,false
1272,60.0,105.0,,false
1273,60.0,88.0,,false
1274,60.0,118.0,,false
1275,60.0,105.0,,false
1276,60.0,81.0,,false
1277,60.0,106.0,,false
1278,60.0,85.0,,false
1279,60.0,89.0,,false
1280,100.0,185.0,,false
1281,100.0,193.0,,false
1282,900.0,9.0,,false
1283,1150.0,17.0,,false
1284,1000.0,7.0,,false
1285,1350.0,46.0,,true
1286,500.0,60.0,,true
1287,5000.0,17.0,,true
1288,2200.0,132.0,,true
1289,3500.0,331.0,,true
1290,5000.0,600.0,,true
1291,500.0,151.0,,true
1292,125.0,514.0,,true
1293,40.0,357.0,,true
1294,350.0,171.0,,true
1295,500.0,194.0,,false
1296,500.0,596.0,,false
1297,3300.0,24.0,,false
1298,3300.0,27.0,,false
1299,3300.0,30.0,,false
1300,60.0,191.0,,false
1301,60.0,199.0,,false
1302,60.0,243.0,,false
1303,60.0,250.0,,false
1304,800.0,4.0,,false
1305,60.0,84.0,,false
1306,60.0,103.0,,false
1307,60.0,103.0,,false
1308,60.0,81.0,,false
1309,60.0,104.0,,false
1310,60.0,111.0,,false
1311,100.0,186.0,,false
1312,100.0,219.0,,false
1313,900.0,8.0,,false
1314,1150.0,17.0,,false
1315,1000.0,7.0,,false
1316,1350.0,50.0,,true
1317,500.0,58.0,,true
1318,5000.0,18.0,,true
1319,2200.0,140.0,,true
1320,3500.0,238.0,,true
1321,5000.0,600.0,,true
1322,500.0,157.0,,true
1323,125.0,540.0,,true
1324,40.0,372.0,,true
1325,350.0,166.0,,true
1326,500.0,173.0,,false
1327,500.0,487.0,,false
1328,3300.0,29.0,,false
1329,3300.0,29.0,,false
1330,3300.0,25.0,,false
1331,60.0,248.0,,false
1332,60.0,202.0,,false
1333,60.0,164.0,,false
1334,60.0,209.0,,false
1335,800.0,6.0,,false
1336,60.0,106.0,,false
1337,60.0,114.0,,false
1338,60.0,85.0,,false
1339,60.0,111.0,,false
1340,60.0,97.0,,false
1341,60.0,108.0,,false
1342,100.0,182.0,,false
1343,100.0,193.0,,false
1344,900.0,9.0,,false
1345,1150.0,14.0,,false
1346,1000.0,8.0,,false
1347,1350.0,49.0,,true
1348,500.0,58.0,,true
1349,5000.0,17.0,,true
1350,2200.0,134.0,,true
1351,3500.0,238.0,,true
1352,5000.0,600.0,,true
1353,500.0,152.0,,true
1354,125.0,509.0,,true
1355,40.0,374.0,,true
1356,350.0,173.0,,true
1357,500.0,199.0,,false
1358,500.0,344.0,,false
1359,3300.0,21.0,,false
1360,3300.0,26.0,,false
1361,3300.0,24.0,,false
1362,60.0,250.0,,false
1363,60.0,235.0,,false
1364,60.0,211.0,,false
1365,60.0,243.0,,false
1366,800.0,6.0,,false
1367,60.0,105.0,,false
1368,60.0,98.0,,false
1369,60.0,109.0,,false
1370,60.0,94.0,,false
1371,60.0,104.0,,false
1372,60.0,115.0,,false
1373,60.0,95.0,,false
1374,60.0,85.0,,false
1375,60.0,89.0,,false
1376,100.0,234.0,,false
1377,100.0,214.0,,false
1378,900.0,7.0,,false
1379,1150.0,16.0,,false
1380,1000.0,5.0,,false
1381,1350.0,48.0,,true
1382,500.0,58.0,,true
1383,5000.0,20.0,,true
1384,2200.0,134.0,,true
1385,3500.0,356.0,,true
1386,5000.0,600.0,,true
1387,500.0,150.0,,true
1388,125.0,500.0,,true
1389,40.0,455.0,,true
1390,350.0,176.0,,true
1391,500.0,195.0,,false
1392,500.0,502.0,,false
1393,3300.0,29.0,,false
1394,3300.0,28.0,,false
1395,3300.0,28.0,,false
1396,60.0,188.0,,false
1397,60.0,209.0,,false
1398,60.0,250.0,,false
1399,60.0,173.0,,false
1400,800.0,5.0,,false
1401,60.0,107.0,,false
1402,60.0,118.0,,false
1403,60.0,100.0,,false
1404,60.0,91.0,,false
1405,60.0,84.0,,false
1406,60.0,91.0,,false
1407,60.0,96.0,,false
1408,60.0,96.0,,false
1409,60.0,108.0,,false
1410,100.0,231.0,,false
1411,100.0,181.0,,false
1412,900.0,8.0,,false
1413,1150.0,13.0,,false
1414,1000.0,8.0,,false
1415,1350.0,49.0,,true
1416,500.0,60.0,,true
1417,5000.0,18.0,,true
1418,2200.0,131.0,,true
1419,3500.0,396.0,,true
1420,5000.0,600.0,,true
1421,500.0,155.0,,true
1422,125.0,492.0,,true
1423,40.0,363.0,,true
1424,350.0,144.0,,true
1425,500.0,197.0,,false
1426,500.0,483.0,,false
1427,3300.0,25.0,,false
1428,3300.0,28.0,,false
1429,3300.0,28.0,,false
1430,60.0,234.0,,false
1431,60.0,197.0,,false
1432,60.0,239.0,,false
1433,800.0,5.0,,false
1434,60.0,120.0,,false
1435,60.0,119.0,,false
1436,60.0,111.0,,false
1437,60.0,98.0,,false
1438,60.0,110.0,,false
1439,60.0,91.0,,false
1440,60.0,98.0,,false
1441,60.0,112.0,,false
1442,60.0,114.0,,false
1443,60.0,87.0,,false
1444,100.0,224.0,,false
1445,100.0,238.0,,false
1446,900.0,8.0,,false
1447,1150.0,14.0,,false
1448,1000.0,7.0,,false
1449,1350.0,46.0,,true
1450,500.0,57.0,,true
1451,5000.0,19.0,,true
1452,2200.0,138.0,,true
1453,3500.0,246.0,,true
1454,5000.0,600.0,,true
1455,500.0,146.0,,true
1456,125.0,522.0,,true
1457,40.0,403.0,,true
1458,350.0,151.0,,true
1459,500.0,196.0,,false
1460,500.0,588.0,,false
1461,3300.0,21.0,,false
1462,3300.0,29.0,,false
1463,3300.0,30.0,,false
1464,60.0,227.0,,false
1465,60.0,164.0,,false
1466,60.0,244.0,,false
1467,60.0,200.0,,false
1468,800.0,4.0,,false
1469,60.0,111.0,,false
1470,60.0,112.0,,false
1471,60.0,88.0,,false
1472,60.0,96.0,,false
1473,60.0,111.0,,false
1474,60.0,115.0,,false
1475,60.0,94.0,,false
1476,60.0,102.0,,false
1477,60.0,83.0,,false
1478,100.0,238.0,,false
1479,100.0,221.0,,false
1480,900.0,9.0,,false
1481,1150.0,15.0,,false
1482,1000.0,5.0,,false
1483,1350.0,50.0,,true
1484,500.0,57.0,,true
1485,5000.0,19.0,,true
1486,2200.0,137.0,,true
1487,3500.0,307.0,,true
1488,5000.0,600.0,,true
1489,500.0,155.0,,true
1490,125.0,468.0,,true
1491,40.0,420.0,,true
1492,350.0,162.0,,true
1493,500.0,191.0,,false
1494,500.0,588.0,,false
1495,3300.0,26.0,,false
1496,3300.0,23.0,,false
1497,3300.0,30.0,,false
1498,60.0,218.0,,false
1499,60.0,152.0,,false
1500,60.0,189.0,,false
1501,60.0,222.0,,false
1502,800.0,4.0,,false
1503,60.0,84.0,,false
1504,60.0,85.0,,false
1505,60.0,94.0,,false
1506,60.0,109.0,,false
1507,60.0,118.0,,false
1508,60.0,93.0,,false
1509,60.0,88.0,,false
1510,60.0,91.0,,false
1511,100.0,211.0,,false
1512,100.0,204.0,,false
1513,900.0,9.0,,false
1514,1150.0,13.0,,false
1515,1000.0,8.0,,false
1516,1350.0,46.0,,true
1517,500.0,58.0,,true
1518,5000.0,20.0,,true
1519,2200.0,140.0,,true
1520,3500.0,250.0,,true
1521,5000.0,600.0,,true
1522,500.0,150.0,,true
1523,125.0,501.0,,true
1524,40.0,385.0,,true
1525,350.0,162.0,,true
1526,500.0,198.0,,false
1527,500.0,506.0,,false
1528,3300.0,23.0,,false
1529,3300.0,28.0,,false
1530,3300.0,27.0,,false
1531,60.0,185.0,,false
1532,60.0,238.0,,false
1533,60.0,154.0,,false
1534,800.0,5.0,,false
1535,60.0,104.0,,false
1536,60.0,97.0,,false
1537,60.0,92.0,,false
1538,60.0,120.0,,false
1539,60.0,107.0,,false
1540,60.0,116.0,,false
1541,100.0,222.0,,false
1542,100.0,221.0,,false
1543,900.0,7.0,,false
1544,1150.0,14.0,,false
1545,1000.0,5.0,,false
1546,1350.0,49.0,,true
1547,500.0,59.0,,true
1548,5000.0,18.0,,true
1549,2200.0,140.0,,true
1550,3500.0,357.0,,true
1551,5000.0,600.0,,true
1552,500.0,154.0,,true
1553,125.0,506.0,,true
1554,40.0,366.0,,true
1555,350.0,153.0,,true
1556,500.0,177.0,,false
1557,500.0,464.0,,false
1558,3300.0,29.0,,false
1559,3300.0,22.0,,false
1560,3300.0,26.0,,false
1561,60.0,201.0,,false
1562,60.0,175.0,,false
1563,60.0,212.0,,false
1564,800.0,4.0,,false
1565,60.0,83.0,,false
1566,60.0,83.0,,false
1567,60.0,92.0,,false
1568,60.0,110.0,,false
1569,60.0,81.0,,false
1570,60.0,117.0,,false
1571,60.0,85.0,,false
1572,60.0,93.0,,false
1573,100.0,211.0,,false
1574,100.0,227.0,,false
1575,900.0,10.0,,false
1576,1150.0,14.0,,false
1577,1000.0,7.0,,false
1578,1350.0,46.0,,true
1579,500.0,60.0,,true
1580,5000.0,19.0,,true
1581,2200.0,140.0,,true
1582,3500.0,252.0,,true
1583,5000.0,600.0,,true
1584,500.0,155.0,,true
1585,125.0,460.0,,true
1586,40.0,452.0,,true
1587,350.0,154.0,,true
1588,500.0,197.0,,false
1589,500.0,432.0,,false
1590,3300.0,24.0,,false
1591,3300.0,28.0,,false
1592,3300.0,28.0,,false
1593,60.0,225.0,,false
1594,60.0,230.0,,false
1595,60.0,179.0,,false
1596,60.0,247.0,,false
1597,800.0,4.0,,false
1598,60.0,97.0,,false
1599,60.0,89.0,,false
1600,60.0,93.0,,false
1601,60.0,118.0,,false
1602,60.0,100.0,,false
1603,60.0,99.0,,false
1604,60.0,118.0,,false
1605,60.0,82.0,,false
1606,60.0,89.0,,false
1607,60.0,96.0,,false
1608,100.0,232.0,,false
1609,100.0,212.0,,false
1610,900.0,8.0,,false
1611,1150.0,17.0,,false
1612,1000.0,7.0,,false
1613,1350.0,50.0,,true
1614,500.0,56.0,,true
1615,5000.0,19.0,,true
1616,2200.0,137.0,,true
1617,3500.0,391.0,,true
1618,5000.0,600.0,,true
1619,500.0,160.0,,true
1620,125.0,494.0,,true
1621,40.0,371.0,,true
1622,350.0,154.0,,true
1623,500.0,180.0,,false
1624,500.0,511.0,,false
1625,3300.0,23.0,,false
1626,3300.0,21.0,,false
1627,3300.0,30.0,,false
1628,60.0,199.0,,false
1629,60.0,169.0,,false
1630,60.0,187.0,,false
1631,800.0,5.0,,false
1632,60.0,96.0,,false
1633,60.0,116.0,,false
1634,60.0,81.0,,false
1635,60.0,96.0,,false
1636,60.0,119.0,,false
1637,60.0,107.0,,false
1638,60.0,85.0,,false
1639,100.0,246.0,,false
1640,100.0,194.0,,false
1641,900.0,10.0,,false
1642,1150.0,16.0,,false
1643,1000.0,5.0,,false
1644,1350.0,48.0,,true
1645,500.0,57.0,,true
1646,5000.0,18.0,,true
1647,2200.0,136.0,,true
1648,3500.0,360.0,,true
1649,5000.0,600.0,,true
1650,500.0,155.0,,true
1651,125.0,512.0,,true
1652,40.0,368.0,,true
1653,350.0,177.0,,true
1654,500.0,189.0,,false
1655,500.0,395.0,,false
1656,3300.0,28.0,,false
1657,3300.0,28.0,,false
1658,3300.0,24.0,,false
1659,60.0,180.0,,false
1660,60.0,223.0,,false
1661,60.0,241.0,,false
1662,800.0,4.0,,false
1663,60.0,120.0,,false
1664,60.0,120.0,,false
1665,60.0,84.0,,false
1666,60.0,84.0,,false
1667,60.0,88.0,,false
1668,60.0,111.0,,false
1669,60.0,86.0,,false
1670,60.0,119.0,,false
1671,100.0,233.0,,false
1672,100.0,198.0,,false
1673,900.0,10.0,,false
1674,1150.0,15.0,,false
1675,1000.0,8.0,,false
1676,1350.0,47.0,,true
1677,500.0,60.0,,true
1678,5000.0,18.0,,true
1679,2200.0,140.0,,true
1680,3500.0,217.0,,true
1681,5000.0,600.0,,true
1682,500.0,157.0,,true
1683,125.0,462.0,,true
1684,40.0,391.0,,true
1685,350.0,164.0,,true
1686,500.0,185.0,,false
1687,500.0,590.0,,false
1688,3300.0,21.0,,false
1689,3300.0,25.0,,false
1690,3300.0,26.0,,false
1691,60.0,200.0,,false
1692,60.0,151.0,,false
1693,60.0,156.0,,false
1694,800.0,5.0,,false
1695,60.0,113.0,,false
1696,60.0,89.0,,false
1697,60.0,109.0,,false
1698,60.0,99.0,,false
1699,60.0,91.0,,false
1700,60.0,98.0,,false
1701,60.0,95.0,,false
1702,100.0,197.0,,false
1703,100.0,209.0,,false
1704,900.0,10.0,,false
1705,1150.0,15.0,,false
1706,1000.0,8.0,,false
1707,1350.0,50.0,,true
1708,500.0,58.0,,true
1709,5000.0,18.0,,true
1710,2200.0,134.0,,true
1711,3500.0,379.0,,true
1712,5000.0,600.0,,true
1713,500.0,155.0,,true
1714,125.0,544.0,,true
1715,40.0,429.0,,true
1716,350.0,164.0,,true
1717,500.0,200.0,,false
1718,500.0,356.0,,false
1719,3300.0,27.0,,false
1720,3300.0,23.0,,false
1721,3300.0,28.0,,false
1722,60.0,182.0,,false
1723,60.0,232.0,,false
1724,60.0,164.0,,false
1725,800.0,5.0,,false
1726,60.0,102.0,,false
1727,60.0,114.0,,false
1728,60.0,114.0,,false
1729,60.0,85.0,,false
1730,60.0,115.0,,false
1731,60.0,98.0,,false
1732,60.0,107.0,,false
1733,60.0,93.0,,false
1734,60.0,83.0,,false
1735,60.0,114.0,,false
1736,100.0,240.0,,false
1737,100.0,193.0,,false
1738,900.0,8.0,,false
1739,1150.0,13.0,,false
1740,1000.0,7.0,,false
1741,1350.0,48.0,,true
1742,500.0,58.0,,true
1743,5000.0,19.0,,true
1744,2200.0,131.0,,true
1745,3500.0,350.0,,true
1746,5000.0,600.0,,true
1747,500.0,153.0,,true
1748,125.0,546.0,,true
1749,40.0,368.0,,true
1750,350.0,146.0,,true
1751,500.0,193.0,,false
1752,500.0,439.0,,false
1753,3300.0,21.0,,false
1754,3300.0,30.0,,false
1755,3300.0,25.0,,false
1756,60.0,213.0,,false
1757,60.0,187.0,,false
1758,60.0,170.0,,false
1759,800.0,4.0,,false
1760,60.0,91.0,,false
1761,60.0,112.0,,false
1762,60.0,90.0,,false
1763,60.0,110.0,,false
1764,60.0,83.0,,false
1765,60.0,100.0,,false
1766,60.0,116.0,,false
1767,100.0,194.0,,false
1768,100.0,184.0,,false
1769,900.0,10.0,,false
1770,1150.0,13.0,,false
1771,1000.0,7.0,,false
1772,1350.0,46.0,,true
1773,500.0,60.0,,true
1774,5000.0,20.0,,true
1775,2200.0,137.0,,true
1776,3500.0,383.0,,true
1777,5000.0,600.0,,true
1778,500.0,154.0,,true
1779,125.0,542.0,,true
1780,40.0,411.0,,true
1781,350.0,170.0,,true
1782,500.0,174.0,,false
1783,500.0,502.0,,false
1784,3300.0,25.0,,false
1785,3300.0,26.0,,false
1786,3300.0,22.0,,false
1787,60.0,234.0,,false
1788,60.0,199.0,,false
1789,60.0,244.0,,false
1790,60.0,168.0,,false
1791,800.0,5.0,,false
1792,60.0,100.0,,false
1793,60.0,100.0,,false
1794,60.0,88.0,,false
1795,60.0,120.0,,false
1796,60.0,99.0,,false
1797,60.0,96.0,,false
1798,60.0,103.0,,false
1799,60.0,109.0,,false
1800,60.0,96.0,,false
1801,60.0,82.0,,false
1802,100.0,196.0,,false
1803,100.0,239.0,,false
1804,900.0,9.0,,false
1805,1150.0,16.0,,false
1806,1000.0,8.0,,false
1807,1350.0,47.0,,true
1808,500.0,59.0,,true
1809,5000.0,19.0,,true
1810,2200.0,136.0,,true
1811,3500.0,296.0,,true
1812,5000.0,600.0,,true
1813,500.0,157.0,,true
1814,125.0,548.0,,true
1815,40.0,443.0,,true
1816,350.0,153.0,,true
1817,500.0,173.0,,false
1818,500.0,406.0,,false
1819,3300.0,23.0,,false
1820,3300.0,26.0,,false
1821,3300.0,23.0,,false
1822,60.0,190.0,,false
1823,60.0,196.0,,false
1824,60.0,172.0,,false
1825,800.0,6.0,,false
1826,60.0,111.0,,false
1827,60.0,101.0,,false
1828,60.0,96.0,,false
1829,60.0,84.0,,false
1830,60.0,82.0,,false
1831,60.0,91.0,,false
1832,60.0,104.0,,false
1833,60.0,94.0,,false
1834,100.0,240.0,,false
1835,100.0,193.0,,false
1836,900.0,9.0,,false
1837,1150.0,18.0,,false
1838,1000.0,8.0,,false
1839,1350.0,46.0,,true
1840,500.0,58.0,,true
1841,5000.0,19.0,,true
1842,2200.0,138.0,,true
1843,3500.0,350.0,,true
1844,5000.0,600.0,,true
1845,500.0,142.0,,true
1846,125.0,492.0,,true
1847,40.0,418.0,,true
1848,350.0,173.0,,true
1849,500.0,190.0,,false
1850,500.0,482.0,,false
1851,3300.0,23.0,,false
1852,3300.0,30.0,,false
1853,3300.0,24.0,,false
1854,60.0,155.0,,false
1855,60.0,151.0,,false
1856,60.0,211.0,,false
1857,60.0,166.0,,false
1858,800.0,6.0,,false
1859,60.0,103.0,,false
1860,60.0,119.0,,false
1861,60.0,94.0,,false
1862,60.0,91.0,,false
1863,60.0,90.0,,false
1864,60.0,93.0,,false
1865,60.0,91.0,,false
1866,100.0,242.0,,false
1867,100.0,230.0,,false
1868,900.0,8.0,,false
1869,1150.0,13.0,,false
1870,1000.0,6.0,,false
1871,1350.0,48.0,,true
1872,500.0,59.0,,true
1873,5000.0,19.0,,true
1874,2200.0,140.0,,true
1875,3500.0,314.0,,true
1876,5000.0,600.0,,true
1877,500.0,157.0,,true
1878,125.0,534.0,,true
1879,40.0,355.0,,true
1880,350.0,164.0,,true
1881,500.0,196.0,,false
1882,500.0,385.0,,false
1883,3300.0,29.0,,false
1884,3300.0,21.0,,false
1885,3300.0,29.0,,false
1886,60.0,246.0,,false
1887,60.0,166.0,,false
1888,60.0,166.0,,false
1889,800.0,5.0,,false
1890,60.0,110.0,,false
1891,60.0,89.0,,false
1892,60.0,88.0,,false
1893,60.0,105.0,,false
1894,60.0,100.0,,false
1895,60.0,117.0,,false
1896,60.0,120.0,,false
1897,60.0,93.0,,false
1898,60.0,82.0,,false
1899,100.0,223.0,,false
1900,100.0,215.0,,false
1901,900.0,8.0,,false
1902,1150.0,14.0,,false
1903,1000.0,8.0,,false
1904,1350.0,50.0,,true
1905,500.0,56.0,,true
1906,5000.0,20.0,,true
1907,2200.0,136.0,,true
1908,3500.0,284.0,,true
1909,5000.0,600.0,,true
1910,500.0,143.0,,true
1911,125.0,521.0,,true
1912,40.0,360.0,,true
1913,350.0,145.0,,true
1914,500.0,197.0,,false
1915,500.0,374.0,,false
1916,3300.0,29.0,,false
1917,3300.0,30.0,,false
1918,3300.0,23.0,,false
1919,60.0,225.0,,false
1920,60.0,162.0,,false
1921,60.0,232.0,,false
1922,60.0,216.0,,false
1923,800.0,5.0,,false
1924,60.0,90.0,,false
1925,60.0,103.0,,false
1926,60.0,105.0,,false
1927,60.0,114.0,,false
1928,60.0,84.0,,false
1929,60.0,97.0,,false
1930,60.0,93.0,,false
1931,60.0,109.0,,false
1932,100.0,224.0,,false
1933,100.0,200.0,,false
1934,900.0,9.0,,false
1935,1150.0,16.0,,false
1936,1000.0,7.0,,false
1937,1350.0,46.0,,true
1938,500.0,58.0,,true
1939,5000.0,18.0,,true
1940,2200.0,140.0,,true
1941,3500.0,350.0,,true
1942,5000.0,600.0,,true
1943,500.0,160.0,,true
1944,125.0,463.0,,true
1945,40.0,386.0,,true
1946,350.0,155.0,,true
1947,500.0,177.0,,false
1948,500.0,564.0,,false
1949,3300.0,25.0,,false
1950,3300.0,24.0,,false
1951,3300.0,28.0,,false
1952,60.0,167.0,,false
1953,60.0,163.0,,false
1954,60.0,182.0,,false
1955,800.0,6.0,,false
1956,60.0,114.0,,false
1957,60.0,86.0,,false
1958,60.0,82.0,,false
1959,60.0,98.0,,false
1960,60.0,90.0,,false
1961,60.0,84.0,,false
1962,60.0,91.0,,false
1963,60.0,113.0,,false
1964,100.0,245.0,,false
1965,100.0,215.0,,false
1966,900.0,7.0,,false
1967,1150.0,18.0,,false
1968,1000.0,6.0,,false
1969,1350.0,47.0,,true
1970,500.0,56.0,,true
1971,5000.0,16.0,,true
1972,2200.0,131.0,,true
1973,3500.0,246.0,,true
1974,5000.0,600.0,,true
1975,500.0,159.0,,true
1976,125.0,485.0,,true
1977,40.0,360.0,,true
1978,350.0,151.0,,true
1979,500.0,183.0,,false
1980,500.0,429.0,,false
1981,3300.0,23.0,,false
1982,3300.0,28.0,,false
1983,3300.0,29.0,,false
1984,60.0,198.0,,false
1985,60.0,235.0,,false
1986,60.0,226.0,,false
1987,60.0,166.0,,false
1988,800.0,4.0,,false
1989,60.0,95.0,,false
1990,60.0,94.0,,false
1991,60.0,116.0,,false
1992,60.0,94.0,,false
1993,60.0,116.0,,false
1994,60.0,116.0,,false
1995,60.0,109.0,,false
1996,100.0,243.0,,false
1997,100.0,244.0,,false
1998,900.0,8.0,,false
1999,1150.0,16.0,,false
2000,1000.0,7.0,,false
2001,1350.0,47.0,,true
2002,500.0,58.0,,true
2003,5000.0,20.0,,true
2004,2200.0,131.0,,true
2005,3500.0,243.0,,true
2006,5000.0,600.0,,true
2007,500.0,141.0,,true
2008,125.0,485.0,,true
2009,40.0,459.0,,true
2010,350.0,147.0,,true
2011,500.0,188.0,,false
2012,500.0,424.0,,false
2013,3300.0,25.0,,false
2014,3300.0,27.0,,false
2015,3300.0,24.0,,false
2016,60.0,167.0,,false
2017,60.0,212.0,,false
2018,60.0,203.0,,false
2019,60.0,243.0,,false
2020,800.0,4.0,,false
2021,60.0,115.0,,false
2022,60.0,102.0,,false
2023,60.0,113.0,,false
2024,60.0,106.0,,false
2025,60.0,93.0,,false
2026,60.0,86.0,,false
2027,60.0,103.0,,false
2028,100.0,224.0,,false
2029,100.0,244.0,,false
2030,900.0,7.0,,false
2031,1150.0,17.0,,false
2032,1000.0,5.0,,false
2033,1350.0,50.0,,true
2034,500.0,57.0,,true
2035,5000.0,16.0,,true
2036,2200.0,137.0,,true
2037,3500.0,264.0,,true
2038,5000.0,600.0,,true
2039,500.0,141.0,,true
2040,125.0,496.0,,true
2041,40.0,354.0,,true
2042,350.0,148.0,,true
2043,500.0,199.0,,false
2044,500.0,565.0,,false
2045,3300.0,21.0,,false
2046,3300.0,29.0,,false
2047,3300.0,22.0,,false
2048,60.0,211.0,,false
2049,60.0,196.0,,false
2050,60.0,240.0,,false
2051,800.0,4.0,,false
2052,60.0,92.0,,false
2053,60.0,111.0,,false
2054,60.0,119.0,,false
2055,60.0,96.0,,false
2056,60.0,114.0,,false
2057,60.0,82.0,,false
2058,100.0,206.0,,false
2059,100.0,211.0,,false
2060,900.0,10.0,,false
2061,1150.0,16.0,,false
2062,1000.0,7.0,,false
2063,1350.0,48.0,,true
2064,500.0,56.0,,true
2065,5000.0,20.0,,true
2066,2200.0,138.0,,true
2067,3500.0,232.0,,true
2068,5000.0,600.0,,true
2069,500.0,146.0,,true
2070,125.0,486.0,,true
2071,40.0,379.0,,true
2072,350.0,151.0,,true
2073,500.0,187.0,,false
2074,500.0,399.0,,false
2075,3300.0,25.0,,false
2076,3300.0,25.0,,false
2077,3300.0,26.0,,false
2078,60.0,163.0,,false
2079,60.0,180.0,,false
2080,60.0,195.0,,false
2081,60.0,161.0,,false
2082,800.0,5.0,,false
2083,60.0,118.0,,false
2084,60.0,115.0,,false
2085,60.0,119.0,,false
2086,60.0,105.0,,false
2087,60.0,88.0,,false
2088,60.0,119.0,,false
2089,60.0,84.0,,false
2090,60.0,96.0,,false
2091,100.0,236.0,,false
2092,100.0,187.0,,false
2093,900.0,9.0,,false
2094,1150.0,18.0,,false
2095,1000.0,7.0,,false
2096,1350.0,49.0,,true
2097,500.0,60.0,,true
2098,5000.0,18.0,,true
2099,2200.0,139.0,,true
2100,3500.0,270.0,,true
2101,5000.0,600.0,,true
2102,500.0,155.0,,true
2103,125.0,508.0,,true
2104,40.0,440.0,,true
2105,350.0,141.0,,true
2106,500.0,180.0,,false
2107,500.0,402.0,,false
2108,3300.0,28.0,,false
2109,3300.0,30.0,,false
2110,3300.0,26.0,,false
2111,60.0,240.0,,false
2112,60.0,170.0,,false
2113,60.0,176.0,,false
2114,800.0,4.0,,false
2115,60.0,95.0,,false
2116,60.0,117.0,,false
2117,60.0,81.0,,false
2118,60.0,111.0,,false
2119,60.0,97.0,,false
2120,60.0,88.0,,false
2121,100.0,242.0,,false
2122,100.0,250.0,,false
2123,900.0,10.0,,false
2124,1150.0,18.0,,false
2125,1000.0,6.0,,false
2126,1350.0,46.0,,true
2127,500.0,59.0,,true
2128,5000.0,19.0,,true
2129,2200.0,140.0,,true
2130,3500.0,348.0,,true
2131,5000.0,600.0,,true
2132,500.0,156.0,,true
2133,125.0,520.0,,true
2134,40.0,384.0,,true
2135,350.0,145.0,,true
2136,500.0,185.0,,false
2137,500.0,433.0,,false
2138,3300.0,30.0,,false
2139,3300.0,27.0,,false
2140,3300.0,30.0,,false
2141,60.0,223.0,,false
2142,60.0,189.0,,false
2143,60.0,241.0,,false
2144,800.0,5.0,,false
2145,60.0,94.0,,false
2146,60.0,95.0,,false
2147,60.0,99.0,,false
2148,60.0,110.0,,false
2149,60.0,93.0,,false
2150,60.0,81.0,,false
2151,100.0,220.0,,false
2152,100.0,185.0,,false
2153,900.0,7.0,,false
2154,1150.0,17.0,,false
2155,1000.0,6.0,,false
2156,1350.0,50.0,,true
2157,500.0,56.0,,true
2158,5000.0,16.0,,true
2159,2200.0,133.0,,true
2160,3500.0,387.0,,true
2161,5000.0,600.0,,true
2162,500.0,154.0,,true
2163,125.0,538.0,,true
2164,40.0,443.0,,true
2165,350.0,177.0,,true
2166,500.0,199.0,,false
2167,500.0,534.0,,false
2168,3300.0,22.0,,false
2169,3300.0,29.0,,false
2170,3300.0,27.0,,false
2171,60.0,181.0,,false
2172,60.0,215.0,,false
2173,60.0,200.0,,false
2174,800.0,6.0,,false
2175,60.0,113.0,,false
2176,60.0,100.0,,false
2177,60.0,99.0,,false
2178,60.0,101.0,,false
2179,60.0,103.0,,false
2180,60.0,96.0,,false
2181,60.0,89.0,,false
2182,60.0,107.0,,false
2183,60.0,104.0,,false
2184,100.0,198.0,,false
2185,100.0,193.0,,false
2186,900.0,8.0,,false
2187,1150.0,14.0,,false
2188,1000.0,8.0,,false
2189,1350.0,50.0,,true
2190,500.0,56.0,,true
2191,5000.0,20.0,,true
2192,2200.0,131.0,,true
2193,3500.0,335.0,,true
2194,5000.0,600.0,,true
2195,500.0,145.0,,true
2196,125.0,505.0,,true
2197,40.0,447.0,,true
2198,350.0,161.0,,true
2199,500.0,171.0,,false
2200,500.0,584.0,,false
2201,3300.0,29.0,,false
2202,3300.0,25.0,,false
2203,3300.0,28.0,,false
2204,60.0,198.0,,false
2205,60.0,178.0,,false
2206,60.0,164.0,,false
2207,800.0,6.0,,false
2208,60.0,110.0,,false
2209,60.0,90.0,,false
2210,60.0,86.0,,false
2211,60.0,83.0,,false
2212,60.0,116.0,,false
2213,60.0,110.0,,false
2214,60.0,95.0,,false
2215,60.0,87.0,,false
2216,60.0,94.0,,false
2217,60.0,95.0,,false
2218,100.0,218.0,,false
2219,100.0,249.0,,false
2220,900.0,9.0,,false
2221,1150.0,15.0,,false
2222,1000.0,6.0,,false
2223,1350.0,46.0,,true
2224,500.0,59.0,,true
2225,5000.0,18.0,,true
2226,2200.0,140.0,,true
2227,3500.0,229.0,,true
2228,5000.0,600.0,,true
2229,500.0,146.0,,true
2230,125.0,466.0,,true
2231,40.0,418.0,,true
2232,350.0,149.0,,true
2233,500.0,186.0,,false
2234,500.0,349.0,,false
2235,3300.0,23.0,,false
2236,3300.0,26.0,,false
2237,3300.0,25.0,,false
2238,60.0,195.0,,false
2239,60.0,217.0,,false
2240,60.0,198.0,,false
2241,800.0,4.0,,false
2242,60.0,100.0,,false
2243,60.0,90.0,,false
2244,60.0,98.0,,false
2245,60.0,81.0,,false
2246,60.0,101.0,,false
2247,60.0,106.0,,false
2248,100.0,222.0,,false
2249,100.0,218.0,,false
2250,900.0,10.0,,false
2251,1150.0,15.0,,false
2252,1000.0,5.0,,false
2253,1350.0,48.0,,true
2254,500.0,60.0,,true
2255,5000.0,18.0,,true
2256,2200.0,133.0,,true
2257,3500.0,322.0,,true
2258,5000.0,600.0,,true
2259,500.0,143.0,,true
2260,125.0,540.0,,true
2261,40.0,441.0,,true
2262,350.0,173.0,,true
2263,500.0,178.0,,false
2264,500.0,329.0,,false
2265,3300.0,24.0,,false
2266,3300.0,22.0,,false
2267,3300.0,24.0,,false
2268,60.0,200.0,,false
2269,60.0,235.0,,false
2270,60.0,194.0,,false
2271,60.0,204.0,,false
2272,800.0,4.0,,false
2273,60.0,117.0,,false
2274,60.0,119.0,,false
2275,60.0,81.0,,false
2276,60.0,94.0,,false
2277,60.0,85.0,,false
2278,60.0,119.0,,false
2279,60.0,90.0,,false
2280,60.0,97.0,,false
2281,60.0,114.0,,false
2282,60.0,85.0,,false
2283,100.0,250.0,,false
2284,100.0,236.0,,false
2285,900.0,9.0,,false
2286,1150.0,18.0,,false
2287,1000.0,5.0,,false
2288,1350.0,50.0,,true
2289,500.0,59.0,,true
2290,5000.0,18.0,,true
2291,2200.0,137.0,,true
2292,3500.0,237.0,,true
2293,5000.0,600.0,,true
2294,500.0,145.0,,true
2295,125.0,482.0,,true
2296,40.0,411.0,,true
2297,350.0,141.0,,true
2298,500.0,193.0,,false
2299,500.0,356.0,,false
2300,3300.0,30.0,,false
2301,3300.0,28.0,,false
2302,3300.0,25.0,,false
2303,60.0,196.0,,false
2304,60.0,202.0,,false
2305,60.0,171.0,,false
2306,800.0,5.0,,false
2307,60.0,99.0,,false
2308,60.0,108.0,,false
2309,60.0,82.0,,false
2310,60.0,91.0,,false
2311,60.0,111.0,,false
2312,60.0,111.0,,false
2313,60.0,106.0,,false
2314,60.0,112.0,,false
2315,100.0,234.0,,false
2316,100.0,191.0,,false
2317,900.0,9.0,,false
2318,1150.0,14.0,,false
2319,1000.0,7.0,,false
2320,1350.0,48.0,,true
2321,500.0,57.0,,true
2322,5000.0,20.0,,true
2323,2200.0,135.0,,true
2324,3500.0,270.0,,true
2325,5000.0,600.0,,true
2326,500.0,148.0,,true
2327,125.0,471.0,,true
2328,40.0,456.0,,true
2329,350.0,158.0,,true
2330,500.0,183.0,,false
2331,500.0,465.0,,false
2332,3300.0,26.0,,false
2333,3300.0,30.0,,false
2334,3300.0,26.0,,false
2335,60.0,172.0,,false
2336,60.0,209.0,,false
2337,60.0,181.0,,false
2338,800.0,5.0,,false
2339,60.0,113.0,,false
2340,60.0,117.0,,false
2341,60.0,88.0,,false
2342,60.0,89.0,,false
2343,60.0,111.0,,false
2344,60.0,88.0,,false
2345,60.0,106.0,,false
2346,60.0,110.0,,false
2347,60.0,103.0,,false
2348,60.0,114.0,,false
2349,100.0,228.0,,false
2350,100.0,193.0,,false
2351,900.0,7.0,,false
2352,1150.0,16.0,,false
2353,1000.0,7.0,,false
2354,1350.0,47.0,,true
2355,500.0,58.0,,true
2356,5000.0,20.0,,true
2357,2200.0,135.0,,true
2358,3500.0,343.0,,true
2359,5000.0,600.0,,true
2360,500.0,145.0,,true
2361,125.0,550.0,,true
2362,40.0,382.0,,true
2363,350.0,180.0,,true
2364,500.0,191.0,,false
2365,500.0,465.0,,false
2366,3300.0,25.0,,false
2367,3300.0,28.0,,false
2368,3300.0,26.0,,false
2369,60.0,200.0,,false
2370,60.0,244.0,,false
2371,60.0,197.0,,false
2372,60.0,238.0,,false
2373,800.0,6.0,,false
2374,60.0,106.0,,false
2375,60.0,105.0,,false
2376,60.0,102.0,,false
2377,60.0,113.0,,false
2378,60.0,118.0,,false
2379,60.0,119.0,,false
2380,60.0,85.0,,false
2381,100.0,220.0,,false
2382,100.0,216.0,,false
2383,900.0,10.0,,false
2384,1150.0,14.0,,false
2385,1000.0,6.0,,false
2386,1350.0,49.0,,true
2387,500.0,60.0,,true
2388,5000.0,19.0,,true
2389,2200.0,134.0,,true
2390,3500.0,208.0,,true
2391,5000.0,600.0,,true
2392,500.0,151.0,,true
2393,125.0,478.0,,true
2394,40.0,383.0,,true
2395,350.0,152.0,,true
2396,500.0,199.0,,false
2397,500.0,345.0,,false
2398,3300.0,26.0,,false
2399,3300.0,24.0,,false
2400,3300.0,25.0,,false
2401,60.0,168.0,,false
2402,60.0,243.0,,false
2403,60.0,172.0,,false
2404,800.0,6.0,,false
2405,60.0,118.0,,false
2406,60.0,91.0,,false
2407,60.0,84.0,,false
2408,60.0,89.0,,false
2409,60.0,111.0,,false
2410,60.0,87.0,,false
2411,60.0,81.0,,false
2412,60.0,117.0,,false
2413,60.0,90.0,,false
2414,60.0,111.0,,false
2415,100.0,237.0,,false
2416,100.0,220.0,,false
2417,900.0,10.0,,false
2418,1150.0,13.0,,false
2419,1000.0,6.0,,false
2420,1350.0,46.0,,true
2421,500.0,59.0,,true
2422,5000.0,20.0,,true
2423,2200.0,135.0,,true
2424,3500.0,328.0,,true
2425,5000.0,600.0,,true
2426,500.0,151.0,,true
2427,125.0,543.0,,true
2428,40.0,454.0,,true
2429,350.0,155.0,,true
2430,500.0,184.0,,false
2431,500.0,474.0,,false
2432,3300.0,30.0,,false
2433,3300.0,28.0,,false
2434,3300.0,25.0,,false
2435,60.0,209.0,,false
2436,60.0,182.0,,false
2437,60.0,242.0,,false
2438,800.0,4.0,,false
2439,60.0,118.0,,false
2440,60.0,115.0,,false
2441,60.0,91.0,,false
2442,60.0,120.0,,false
2443,60.0,120.0,,false
2444,60.0,102.0,,false
2445,60.0,96.0,,false
2446,60.0,119.0,,false
2447,60.0,117.0,,false
2448,100.0,201.0,,false
2449,100.0,184.0,,false
2450,900.0,9.0,,false
2451,1150.0,15.0,,false
2452,1000.0,8.0,,false
2453,1350.0,47.0,,true
2454,500.0,58.0,,true
2455,5000.0,17.0,,true
2456,2200.0,137.0,,true
2457,3500.0,254.0,,true
2458,5000.0,600.0,,true
2459,500.0,143.0,,true
2460,125.0,536.0,,true
2461,40.0,435.0,,true
2462,350.0,141.0,,true
2463,500.0,186.0,,false
2464,500.0,353.0,,false
2465,3300.0,30.0,,false
2466,3300.0,29.0,,false
2467,3300.0,24.0,,false
2468,60.0,168.0,,false
2469,60.0,204.0,,false
2470,60.0,189.0,,false
2471,800.0,6.0,,false
2472,60.0,103.0,,false
2473,60.0,97.0,,false
2474,60.0,96.0,,false
2475,60.0,84.0,,false
2476,60.0,93.0,,false
2477,60.0,101.0,,false
2478,100.0,246.0,,false
2479,100.0,242.0,,false
2480,900.0,9.0,,false
2481,1150.0,16.0,,false
2482,1000.0,6.0,,false
2483,1350.0,48.0,,true
2484,500.0,60.0,,true
2485,5000.0,19.0,,true
2486,2200.0,136.0,,true
2487,3500.0,273.0,,true
2488,5000.0,600.0,,true
2489,500.0,146.0,,true
2490,125.0,457.0,,true
2491,40.0,380.0,,true
2492,350.0,156.0,,true
2493,500.0,180.0,,false
2494,500.0,361.0,,false
2495,3300.0,22.0,,false
2496,3300.0,24.0,,false
2497,3300.0,30.0,,false
2498,60.0,229.0,,false
2499,60.0,173.0,,false
2500,60.0,233.0,,false
2501,60.0,222.0,,false
2502,800.0,5.0,,false
2503,60.0,113.0,,false
2504,60.0,81.0,,false
2505,60.0,113.0,,false
2506,60.0,100.0,,false
2507,60.0,88.0,,false
2508,60.0,85.0,,false
2509,60.0,97.0,,false
2510,60.0,100.0,,false
2511,60.0,115.0,,false
2512,100.0,190.0,,false
2513,100.0,199.0,,false
2514,900.0,10.0,,false
2515,1150.0,16.0,,false
2516,1000.0,5.0,,false
2517,1350.0,47.0,,true
2518,500.0,57.0,,true
2519,5000.0,17.0,,true
2520,2200.0,131.0,,true
2521,3500.0,205.0,,true
2522,5000.0,600.0,,true
2523,500.0,148.0,,true
2524,125.0,512.0,,true
2525,40.0,370.0,,true
2526,350.0,142.0,,true
2527,500.0,189.0,,false
2528,500.0,383.0,,false
2529,3300.0,24.0,,false
2530,3300.0,27.0,,false
2531,3300.0,24.0,,false
2532,60.0,244.0,,false
2533,60.0,232.0,,false
2534,60.0,201.0,,false
2535,800.0,4.0,,false
2536,60.0,117.0,,false
2537,60.0,81.0,,false
2538,60.0,95.0,,false
2539,60.0,105.0,,false
2540,60.0,117.0,,false
2541,60.0,114.0,,false
2542,60.0,103.0,,false
2543,60.0,96.0,,false
2544,60.0,107.0,,false
2545,100.0,231.0,,false
2546,100.0,201.0,,false
2547,900.0,9.0,,false
2548,1150.0,14.0,,false
2549,1000.0,5.0,,false
2550,1350.0,47.0,,true
2551,500.0,56.0,,true
2552,5000.0,16.0,,true
2553,2200.0,133.0,,true
2554,3500.0,253.0,,true
2555,5000.0,600.0,,true
2556,500.0,160.0,,true
2557,125.0,548.0,,true
2558,40.0,428.0,,true
2559,350.0,165.0,,true
2560,500.0,191.0,,false
2561,500.0,518.0,,false
2562,3300.0,22.0,,false
2563,3300.0,23.0,,false
2564,3300.0,30.0,,false
2565,60.0,214.0,,false
2566,60.0,201.0,,false
2567,60.0,206.0,,false
2568,800.0,5.0,,false
2569,60.0,98.0,,false
2570,60.0,118.0,,false
2571,60.0,101.0,,false
2572,60.0,111.0,,false
2573,60.0,114.0,,false
2574,60.0,90.0,,false
2575,100.0,242.0,,false
2576,100.0,207.0,,false
2577,900.0,8.0,,false
2578,1150.0,13.0,,false
2579,1000.0,7.0,,false
2580,1350.0,46.0,,true
2581,500.0,56.0,,true
2582,5000.0,19.0,,true
2583,2200.0,138.0,,true
2584,3500.0,264.0,,true
2585,5000.0,600.0,,true
2586,500.0,146.0,,true
2587,125.0,460.0,,true
2588,40.0,449.0,,true
2589,350.0,158.0,,true
2590,500.0,172.0,,false
2591,500.0,444.0,,false
2592,3300.0,27.0,,false
2593,3300.0,21.0,,false
2594,3300.0,21.0,,false
2595,60.0,189.0,,false
2596,60.0,237.0,,false
2597,60.0,192.0,,false
2598,60.0,151.0,,false
2599,800.0,5.0,,false
2600,60.0,114.0,,false
2601,60.0,98.0,,false
2602,60.0,111.0,,false
2603,60.0,97.0,,false
2604,60.0,115.0,,false
2605,60.0,107.0,,false
2606,60.0,90.0,,false
2607,60.0,105.0,,false
2608,60.0,95.0,,false
2609,60.0,115.0,,false
2610,100.0,222.0,,false
2611,100.0,200.0,,false
2612,900.0,10.0,,false
2613,1150.0,15.0,,false
2614,1000.0,5.0,,false
2615,1350.0,46.0,,true
2616,500.0,59.0,,true
2617,5000.0,16.0,,true
2618,2200.0,137.0,,true
2619,3500.0,295.0,,true
2620,5000.0,600.0,,true
2621,500.0,149.0,,true
2622,125.0,465.0,,true
2623,40.0,407.0,,true
2624,350.0,172.0,,true
2625,500.0,192.0,,false
2626,500.0,456.0,,false
2627,3300.0,30.0,,false
2628,3300.0,22.0,,false
2629,3300.0,29.0,,false
2630,60.0,202.0,,false
2631,60.0,184.0,,false
2632,60.0,237.0,,false
2633,800.0,4.0,,false
2634,60.0,111.0,,false
2635,60.0,87.0,,false
2636,60.0,114.0,,false
2637,60.0,103.0,,false
2638,60.0,88.0,,false
2639,60.0,91.0,,false
2640,100.0,219.0,,false
2641,100.0,191.0,,false
2642,900.0,8.0,,false
2643,1150.0,17.0,,false
2644,1000.0,7.0,,false
2645,1350.0,47.0,,true
2646,500.0,60.0,,true
2647,5000.0,16.0,,true
2648,2200.0,140.0,,true
2649,3500.0,279.0,,true
2650,5000.0,600.0,,true
2651,500.0,154.0,,true
2652,125.0,468.0,,true
2653,40.0,418.0,,true
2654,350.0,145.0,,true
2655,500.0,176.0,,false
2656,500.0,419.0,,false
2657,3300.0,29.0,,false
2658,3300.0,27.0,,false
2659,3300.0,30.0,,false
2660,60.0,191.0,,false
2661,60.0,178.0,,false
2662,60.0,198.0,,false
2663,800.0,4.0,,false
2664,60.0,115.0,,false
2665,60.0,98.0,,false
2666,60.0,88.0,,false
2667,60.0,107.0,,false
2668,60.0,116.0,,false
2669,60.0,116.0,,false
2670,60.0,94.0,,false
2671,60.0,113.0,,false
2672,60.0,83.0,,false
2673,100.0,190.0,,false
2674,100.0,189.0,,false
2675,900.0,9.0,,false
2676,1150.0,15.0,,false
2677,1000.0,7.0,,false
2678,1350.0,48.0,,true
2679,500.0,59.0,,true
2680,5000.0,16.0,,true
2681,2200.0,137.0,,true
2682,3500.0,266.0,,true
2683,5000.0,600.0,,true
2684,500.0,152.0,,true
2685,125.0,451.0,,true
2686,40.0,366.0,,true
2687,350.0,177.0,,true
2688,500.0,192.0,,false
2689,500.0,321.0,,false
2690,3300.0,27.0,,false
2691,3300.0,24.0,,false
2692,3300.0,27.0,,false
2693,60.0,232.0,,false
2694,60.0,247.0,,false
2695,60.0,226.0,,false
2696,800.0,5.0,,false
2697,60.0,101.0,,false
2698,60.0,83.0,,false
2699,60.0,118.0,,false
2700,60.0,93.0,,false
2701,60.0,101.0,,false
2702,60.0,104.0,,false
2703,60.0,98.0,,false
2704,60.0,109.0,,false
2705,100.0,188.0,,false
2706,100.0,225.0,,false
2707,900.0,7.0,,false
2708,1150.0,18.0,,false
2709,1000.0,5.0,,false
2710,1350.0,49.0,,true
2711,500.0,60.0,,true
2712,5000.0,17.0,,true
2713,2200.0,135.0,,true
2714,3500.0,298.0,,true
2715,5000.0,600.0,,true
2716,500.0,145.0,,true
2717,125.0,515.0,,true
2718,40.0,418.0,,true
2719,350.0,172.0,,true
2720,500.0,195.0,,false
2721,500.0,565.0,,false
2722,3300.0,22.0,,false
2723,3300.0,27.0,,false
2724,3300.0,21.0,,false
2725,60.0,167.0,,false
2726,60.0,157.0,,false
2727,60.0,165.0,,false
2728,60.0,197.0,,false
2729,800.0,4.0,,false
2730,60.0,95.0,,false
2731,60.0,100.0,,false
2732,60.0,119.0,,false
2733,60.0,81.0,,false
2734,60.0,107.0,,false
2735,60.0,113.0,,false
2736,100.0,199.0,,false
2737,100.0,234.0,,false
2738,900.0,8.0,,false
2739,1150.0,18.0,,false
2740,1000.0,7.0,,false
2741,1350.0,46.0,,true
2742,500.0,56.0,,true
2743,5000.0,19.0,,true
2744,2200.0,134.0,,true
2745,3500.0,323.0,,true
2746,5000.0,600.0,,true
2747,500.0,159.0,,true
2748,125.0,543.0,,true
2749,40.0,458.0,,true
2750,350.0,156.0,,true
2751,500.0,186.0,,false
2752,500.0,548.0,,false
2753,3300.0,23.0,,false
2754,3300.0,27.0,,false
2755,3300.0,24.0,,false
2756,60.0,181.0,,false
2757,60.0,180.0,,false
2758,60.0,188.0,,false
2759,60.0,177.0,,false
2760,800.0,4.0,,false
2761,60.0,112.0,,false
2762,60.0,97.0,,false
2763,60.0,101.0,,false
2764,60.0,104.0,,false
2765,60.0,95.0,,false
2766,60.0,96.0,,false
2767,60.0,88.0,,false
2768,60.0,98.0,,false
2769,60.0,85.0,,false
2770,100.0,236.0,,false
2771,100.0,230.0,,false
2772,900.0,7.0,,false
2773,1150.0,13.0,,false
2774,1000.0,8.0,,false
2775,1350.0,49.0,,true
2776,500.0,59.0,,true
2777,5000.0,16.0,,true
2778,2200.0,134.0,,true
2779,3500.0,305.0,,true
2780,5000.0,600.0,,true
2781,500.0,155.0,,true
2782,125.0,539.0,,true
2783,40.0,355.0,,true
2784,350.0,153.0,,true
2785,500.0,198.0,,false
2786,500.0,337.0,,false
2787,3300.0,21.0,,false
2788,3300.0,27.0,,false
2789,3300.0,30.0,,false
2790,60.0,173.0,,false
2791,60.0,157.0,,false
2792,60.0,206.0,,false
2793,800.0,5.0,,false
2794,60.0,101.0,,false
2795,60.0,117.0,,false
2796,60.0,106.0,,false
2797,60.0,87.0,,false
2798,60.0,100.0,,false
2799,60.0,113.0,,false
2800,60.0,90.0,,false
2801,60.0,93.0,,false
2802,60.0,103.0,,false
2803,100.0,234.0,,false
2804,100.0,249.0,,false
2805,900.0,9.0,,false
2806,1150.0,16.0,,false
2807,1000.0,5.0,,false
2808,1350.0,50.0,,true
2809,500.0,58.0,,true
2810,5000.0,17.0,,true
2811,2200.0,131.0,,true
2812,3500.0,373.0,,true
2813,5000.0,600.0,,true
2814,500.0,150.0,,true
2815,125.0,495.0,,true
2816,40.0,364.0,,true
2817,350.0,147.0,,true
2818,500.0,184.0,,false
2819,500.0,554.0,,false
2820,3300.0,28.0,,false
2821,3300.0,25.0,,false
2822,3300.0,28.0,,false
2823,60.0,193.0,,false
2824,60.0,170.0,,false
2825,60.0,183.0,,false
2826,800.0,4.0,,false
2827,60.0,99.0,,false
2828,60.0,114.0,,false
2829,60.0,114.0,,false
2830,60.0,117.0,,false
2831,60.0,109.0,,false
2832,60.0,114.0,,false
2833,60.0,99.0,,false
2834,60.0,89.0,,false
2835,60.0,97.0,,false
2836,60.0,108.0,,false
2837,100.0,226.0,,false
2838,100.0,196.0,,false
2839,900.0,10.0,,false
2840,1150.0,15.0,,false
2841,1000.0,5.0,,false
2842,1350.0,48.0,,true
2843,500.0,56.0,,true
2844,5000.0,20.0,,true
2845,2200.0,136.0,,true
2846,3500.0,299.0,,true
2847,5000.0,600.0,,true
2848,500.0,152.0,,true
2849,125.0,512.0,,true
2850,40.0,451.0,,true
2851,350.0,159.0,,true
2852,500.0,183.0,,false
2853,500.0,371.0,,false
2854,3300.0,23.0,,false
2855,3300.0,26.0,,false
2856,3300.0,25.0,,false
2857,60.0,189.0,,false
2858,60.0,168.0,,false
2859,60.0,235.0,,false
2860,60.0,249.0,,false
2861,800.0,4.0,,false
2862,60.0,111.0,,false
2863,60.0,114.0,,false
2864,60.0,84.0,,false
2865,60.0,113.0,,false
2866,60.0,95.0,,false
2867,60.0,113.0,,false
2868,60.0,116.0,,false
2869,60.0,92.0,,false
2870,60.0,112.0,,false
2871,60.0,92.0,,false
2872,100.0,196.0,,false
2873,100.0,247.0,,false
2874,900.0,10.0,,false
2875,1150.0,15.0,,false
2876,1000.0,7.0,,false
2877,1350.0,50.0,,true
2878,500.0,60.0,,true
2879,5000.0,20.0,,true
2880,2200.0,136.0,,true
2881,3500.0,324.0,,true
2882,5000.0,600.0,,true
2883,500.0,141.0,,true
2884,125.0,456.0,,true
2885,40.0,376.0,,true
2886,350.0,172.0,,true
2887,500.0,180.0,,false
2888,500.0,347.0,,false
2889,3300.0,22.0,,false
2890,3300.0,23.0,,false
2891,3300.0,24.0,,false
2892,60.0,179.0,,false
2893,60.0,154.0,,false
2894,60.0,217.0,,false
2895,800.0,6.0,,false
2896,60.0,100.0,,false
2897,60.0,84.0,,false
2898,60.0,86.0,,false
2899,60.0,88.0,,false
2900,60.0,93.0,,false
2901,60.0,118.0,,false
2902,60.0,90.0,,false
2903,100.0,246.0,,false
2904,100.0,225.0,,false
2905,900.0,7.0,,false
2906,1150.0,14.0,,false
2907,1000.0,5.0,,false
2908,1350.0,47.0,,true
2909,500.0,60.0,,true
2910,5000.0,18.0,,true
2911,2200.0,133.0,,true
2912,3500.0,312.0,,true
2913,5000.0,600.0,,true
2914,500.0,149.0,,true
2915,125.0,490.0,,true
2916,40.0,408.0,,true
2917,350.0,145.0,,true
2918,500.0,200.0,,false
2919,500.0,451.0,,false
2920,3300.0,30.0,,false
2921,3300.0,22.0,,false
2922,3300.0,29.0,,false
2923,60.0,249.0,,false
2924,60.0,229.0,,false
2925,60.0,168.0,,false
2926,60.0,202.0,,false
2927,800.0,5.0,,false
2928,60.0,88.0,,false
2929,60.0,97.0,,false
2930,60.0,97.0,,false
2931,60.0,84.0,,false
2932,60.0,83.0,,false
2933,60.0,102.0,,false
2934,60.0,99.0,,false
2935,60.0,111.0,,false
2936,100.0,222.0,,false
2937,100.0,202.0,,false
2938,900.0,9.0,,false
2939,1150.0,16.0,,false
2940,1000.0,6.0,,false
2941,1350.0,48.0,,true
2942,500.0,59.0,,true
2943,5000.0,19.0,,true
2944,2200.0,133.0,,true
2945,3500.0,264.0,,true
2946,5000.0,600.0,,true
2947,500.0,153.0,,true
2948,125.0,537.0,,true
2949,40.0,401.0,,true
2950,350.0,179.0,,true
2951,500.0,176.0,,false
2952,500.0,575.0,,false
2953,3300.0,26.0,,false
2954,3300.0,26.0,,false
2955,3300.0,25.0,,false
2956,60.0,174.0,,false
2957,60.0,188.0,,false
2958,60.0,182.0,,false
2959,800.0,6.0,,false
2960,60.0,105.0,,false
2961,60.0,114.0,,false
2962,60.0,98.0,,false
2963,60.0,116.0,,false
2964,60.0,89.0,,false
2965,60.0,105.0,,false
2966,60.0,86.0,,false
2967,60.0,105.0,,false
2968,60.0,98.0,,false
2969,100.0,217.0,,false
2970,100.0,237.0,,false
2971,900.0,7.0,,false
2972,1150.0,17.0,,false
2973,1000.0,7.0,,false
2974,1350.0,46.0,,true
2975,500.0,60.0,,true
2976,5000.0,18.0,,true
2977,2200.0,137.0,,true
2978,3500.0,232.0,,true
2979,5000.0,600.0,,true
2980,500.0,144.0,,true
2981,125.0,549.0,,true
2982,40.0,384.0,,true
2983,350.0,161.0,,true
2984,500.0,173.0,,false
2985,500.0,492.0,,false
2986,3300.0,26.0,,false
2987,3300.0,30.0,,false
2988,3300.0,27.0,,false
2989,60.0,228.0,,false
2990,60.0,197.0,,false
2991,60.0,208.0,,false
2992,60.0,210.0,,false
2993,800.0,6.0,,false
2994,60.0,105.0,,false
2995,60.0,83.0,,false
2996,60.0,113.0,,false
2997,60.0,90.0,,false
2998,60.0,116.0,,false
2999,60.0,88.0,,false
3000,60.0,99.0,,false
3001,100.0,226.0,,false
3002,100.0,220.0,,false
3003,900.0,8.0,,false
3004,1150.0,17.0,,false
3005,1000.0,8.0,,false
3006,1350.0,48.0,,true
3007,500.0,58.0,,true
3008,5000.0,18.0,,true
3009,2200.0,140.0,,true
3010,3500.0,249.0,,true
3011,5000.0,600.0,,true
3012,500.0,146.0,,true
3013,125.0,547.0,,true
3014,40.0,365.0,,true
3015,350.0,144.0,,true
3016,500.0,193.0,,false
3017,500.0,471.0,,false
3018,3300.0,27.0,,false
3019,3300.0,24.0,,false
3020,3300.0,24.0,,false
3021,60.0,169.0,,false
3022,60.0,239.0,,false
3023,60.0,248.0,,false
3024,800.0,6.0,,false
3025,60.0,105.0,,false
3026,60.0,90.0,,false
3027,60.0,114.0,,false
3028,60.0,97.0,,false
3029,60.0,86.0,,false
3030,60.0,110.0,,false
3031,60.0,93.0,,false
3032,60.0,90.0,,false
3033,100.0,205.0,,false
3034,100.0,214.0,,false
3035,900.0,8.0,,false
3036,1150.0,17.0,,false
3037,1000.0,6.0,,false
3038,1350.0,49.0,,true
3039,500.0,60.0,,true
3040,5000.0,17.0,,true
3041,2200.0,138.0,,true
3042,3500.0,243.0,,true
3043,5000.0,600.0,,true
3044,500.0,151.0,,true
3045,125.0,473.0,,true
3046,40.0,381.0,,true
3047,350.0,171.0,,true
3048,500.0,174.0,,false
3049,500.0,336.0,,false
3050,3300.0,22.0,,false
3051,3300.0,29.0,,false
3052,3300.0,26.0,,false
3053,60.0,189.0,,false
3054,60.0,174.0,,false
3055,60.0,215.0,,false
3056,800.0,6.0,,false
3057,60.0,89.0,,false
3058,60.0,91.0,,false
3059,60.0,81.0,,false
3060,60.0,115.0,,false
3061,60.0,99.0,,false
3062,60.0,84.0,,false
3063,100.0,205.0,,false
3064,100.0,242.0,,false
3065,900.0,9.0,,false
3066,1150.0,17.0,,false
3067,1000.0,8.0,,false
3068,1350.0,49.0,,true
3069,500.0,60.0,,true
3070,5000.0,20.0,,true
3071,2200.0,137.0,,true
3072,3500.0,233.0,,true
3073,5000.0,600.0,,true
3074,500.0,154.0,,true
3075,125.0,500.0,,true
3076,40.0,404.0,,true
3077,350.0,147.0,,true
3078,500.0,181.0,,false
3079,500.0,345.0,,false
3080,3300.0,22.0,,false
3081,3300.0,30.0,,false
3082,3300.0,27.0,,false
3083,60.0,212.0,,false
3084,60.0,210.0,,false
3085,60.0,162.0,,false
3086,60.0,213.0,,false
3087,800.0,6.0,,false
3088,60.0,98.0,,false
3089,60.0,101.0,,false
3090,60.0,92.0,,false
3091,60.0,98.0,,false
3092,60.0,108.0,,false
3093,60.0,94.0,,false
3094,60.0,93.0,,false
3095,60.0,93.0,,false
3096,60.0,118.0,,false
3097,100.0,192.0,,false
3098,100.0,231.0,,false
3099,900.0,9.0,,false
3100,1150.0,16.0,,false
3101,1000.0,7.0,,false
3102,1350.0,50.0,,true
3103,500.0,58.0,,true
3104,5000.0,19.0,,true
3105,2200.0,133.0,,true
3106,3500.0,377.0,,true
3107,5000.0,600.0,,true
3108,500.0,159.0,,true
3109,125.0,473.0,,true
3110,40.0,445.0,,true
3111,350.0,171.0,,true
3112,500.0,171.0,,false
3113,500.0,559.0,,false
3114,3300.0,23.0,,false
3115,3300.0,23.0,,false
3116,3300.0,28.0,,false
3117,60.0,214.0,,false
3118,60.0,198.0,,false
3119,60.0,245.0,,false
3120,60.0,178.0,,false
3121,800.0,6.0,,false
3122,60.0,120.0,,false
3123,60.0,113.0,,false
3124,60.0,83.0,,false
3125,60.0,106.0,,false
3126,60.0,103.0,,false
3127,60.0,82.0,,false
3128,100.0,184.0,,false
3129,100.0,233.0,,false
3130,900.0,9.0,,false
3131,1150.0,17.0,,false
3132,1000.0,8.0,,false
3133,1350.0,49.0,,true
3134,500.0,56.0,,true
3135,5000.0,17.0,,true
3136,2200.0,132.0,,true
3137,3500.0,288.0,,true
3138,5000.0,600.0,,true
3139,500.0,158.0,,true
3140,125.0,465.0,,true
3141,40.0,450.0,,true
3142,350.0,170.0,,true
3143,500.0,187.0,,false
3144,500.0,469.0,,false
3145,3300.0,26.0,,false
3146,3300.0,25.0,,false
3147,3300.0,28.0,,false
3148,60.0,223.0,,false
3149,60.0,204.0,,false
3150,60.0,244.0,,false
3151,800.0,5.0,,false
3152,60.0,88.0,,false
3153,60.0,114.0,,false
3154,60.0,108.0,,false
3155,60.0,86.0,,false
3156,60.0,117.0,,false
3157,60.0,100.0,,false
3158,60.0,100.0,,false
3159,60.0,89.0,,false
3160,60.0,119.0,,false
3161,60.0,89.0,,false
3162,100.0,239.0,,false
3163,100.0,210.0,,false
3164,900.0,8.0,,false
3165,1150.0,16.0,,false
3166,1000.0,8.0,,false
3167,1350.0,48.0,,true
3168,500.0,57.0,,true
3169,5000.0,17.0,,true
3170,2200.0,134.0,,true
3171,3500.0,265.0,,true
3172,5000.0,600.0,,true
3173,500.0,151.0,,true
3174,125.0,534.0,,true
3175,40.0,431.0,,true
3176,350.0,171.0,,true
3177,500.0,197.0,,false
3178,500.0,567.0,,false
3179,3300.0,29.0,,false
3180,3300.0,24.0,,false
3181,3300.0,23.0,,false
3182,60.0,241.0,,false
3183,60.0,170.0,,false
3184,60.0,163.0,,false
3185,60.0,223.0,,false
3186,800.0,5.0,,false
3187,60.0,90.0,,false
3188,60.0,99.0,,false
3189,60.0,118.0,,false
3190,60.0,85.0,,false
3191,60.0,119.0,,false
3192,60.0,104.0,,false
3193,60.0,117.0,,false
3194,60.0,96.0,,false
3195,60.0,106.0,,false
3196,100.0,205.0,,false
3197,100.0,207.0,,false
3198,900.0,9.0,,false
3199,1150.0,18.0,,false
3200,1000.0,8.0,,false
3201,1350.0,49.0,,true
3202,500.0,59.0,,true
3203,5000.0,18.0,,true
3204,2200.0,131.0,,true
3205,3500.0,276.0,,true
3206,5000.0,600.0,,true
3207,500.0,154.0,,true
3208,125.0,473.0,,true
3209,40.0,366.0,,true
3210,350.0,176.0,,true
3211,500.0,193.0,,false
3212,500.0,546.0,,false
3213,3300.0,26.0,,false
3214,3300.0,26.0,,false
3215,3300.0,26.0,,false
3216,60.0,239.0,,false
3217,60.0,180.0,,false
3218,60.0,223.0,,false
3219,60.0,216.0,,false
3220,800.0,5.0,,false
3221,60.0,84.0,,false
3222,60.0,120.0,,false
3223,60.0,108.0,,false
3224,60.0,82.0,,false
3225,60.0,105.0,,false
3226,60.0,119.0,,false
3227,60.0,87.0,,false
3228,60.0,89.0,,false
3229,60.0,84.0,,false
3230,100.0,206.0,,false
3231,100.0,233.0,,false
3232,900.0,8.0,,false
3233,1150.0,15.0,,false
3234,1000.0,7.0,,false
3235,1350.0,46.0,,true
3236,500.0,59.0,,true
3237,5000.0,16.0,,true
3238,2200.0,134.0,,true
3239,3500.0,294.0,,true
3240,5000.0,600.0,,true
3241,500.0,146.0,,true
3242,125.0,528.0,,true
3243,40.0,425.0,,true
3244,350.0,160.0,,true
3245,500.0,196.0,,false
3246,500.0,590.0,,false
3247,3300.0,30.0,,false
3248,3300.0,30.0,,false
3249,3300.0,25.0,,false
3250,60.0,243.0,,false
3251,60.0,167.0,,false
3252,60.0,250.0,,false
3253,60.0,236.0,,false
3254,800.0,5.0,,false
3255,60.0,95.0,,false
3256,60.0,113.0,,false
3257,60.0,113.0,,false
3258,60.0,110.0,,false
3259,60.0,87.0,,false
3260,60.0,87.0,,false
3261,60.0,120.0,,false
3262,100.0,207.0,,false
3263,100.0,212.0,,false
3264,900.0,9.0,,false
3265,1150.0,18.0,,false
3266,1000.0,8.0,,false
