Reference,height,width,stripwidth,preemptable
1,1350.0,49.0,720,true
2,500.0,59.0,,true
3,5000.0,19.0,,true
4,2200.0,140.0,,true
5,3500.0,224.0,,true
6,5000.0,600.0,,true
7,500.0,160.0,,true
8,125.0,457.0,,true
9,40.0,403.0,,true
10,350.0,164.0,,true
11,500.0,192.0,,false
12,500.0,573.0,,false
13,3300.0,23.0,,false
14,3300.0,24.0,,false
15,3300.0,22.0,,false
16,60.0,151.0,,false
17,60.0,212.0,,false
18,60.0,167.0,,false
19,800.0,6.0,,false
20,60.0,84.0,,false
21,60.0,91.0,,false
22,60.0,83.0,,false
23,60.0,102.0,,false
24,60.0,88.0,,false
25,60.0,89.0,,false
26,60.0,99.0,,false
27,60.0,112.0,,false
28,60.0,109.0,,false
29,100.0,232.0,,false
30,100.0,188.0,,false
31,900.0,7.0,,false
32,1150.0,14.0,,false
33,1000.0,8.0,,false
34,1350.0,46.0,,true
35,500.0,57.0,,true
36,5000.0,18.0,,true
37,2200.0,139.0,,true
38,3500.0,340.0,,true
39,5000.0,600.0,,true
40,500.0,146.0,,true
41,125.0,550.0,,true
42,40.0,359.0,,true
43,350.0,168.0,,true
44,500.0,189.0,,false
45,500.0,425.0,,false
46,3300.0,24.0,,false
47,3300.0,26.0,,false
48,3300.0,26.0,,false
49,60.0,221.0,,false
50,60.0,153.0,,false
51,60.0,168.0,,false
52,60.0,221.0,,false
53,800.0,4.0,,false
54,60.0,88.0,,false
55,60.0,95.0,,false
56,60.0,107.0,,false
57,60.0,101.0,,false
58,60.0,115.0,,false
59,60.0,97.0,,false
60,60.0,104.0,,false
61,60.0,98.0,,false
62,60.0,89.0,,false
63,60.0,87.0,,false
64,100.0,240.0,,false
65,100.0,233.0,,false
66,900.0,8.0,,false
67,1150.0,15.0,,false
68,1000.0,5.0,,false
69,1350.0,48.0,,true
70,500.0,59.0,,true
71,5000.0,19.0,,true
72,2200.0,139.0,,true
73,3500.0,391.0,,true
74,5000.0,600.0,,true
75,500.0,160.0,,true
76,125.0,458.0,,true
77,40.0,378.0,,true
78,350.0,154.0,,true
79,500.0,178.0,,false
80,500.0,378.0,,false
81,3300.0,28.0,,false
82,3300.0,21.0,,false
83,3300.0,26.0,,false
84,60.0,216.0,,false
85,60.0,243.0,,false
86,60.0,155.0,,false
87,60.0,200.0,,false
88,800.0,4.0,,false
89,60.0,103.0,,false
90,60.0,110.0,,false
91,60.0,104.0,,false
92,60.0,117.0,,false
93,60.0,106.0,,false
94,60.0,91.0,,false
95,60.0,100.0,,false
96,100.0,226.0,,false
97,100.0,248.0,,false
98,900.0,9.0,,false
99,1150.0,18.0,,false
100,1000.0,5.0,,false
101,1350.0,47.0,,true
102,500.0,56.0,,true
103,5000.0,16.0,,true
104,2200.0,137.0,,true
105,3500.0,386.0,,true
106,5000.0,600.0,,true
107,500.0,149.0,,true
108,125.0,512.0,,true
109,40.0,404.0,,true
110,350.0,167.0,,true
111,500.0,193.0,,false
112,500.0,496.0,,false
113,3300.0,22.0,,false
114,3300.0,23.0,,false
115,3300.0,24.0,,false
116,60.0,208.0,,false
117,60.0,231.0,,false
118,60.0,197.0,,false
119,800.0,5.0,,false
120,60.0,83.0,,false
121,60.0,103.0,,false
122,60.0,110.0,,false
123,60.0,87.0,,false
124,60.0,104.0,,false
125,60.0,109.0,,false
126,60.0,84.0,,false
127,60.0,88.0,,false
128,100.0,227.0,,false
129,100.0,214.0,,false
130,900.0,9.0,,false
131,1150.0,13.0,,false
132,1000.0,5.0,,false
133,1350.0,49.0,,true
134,500.0,58.0,,true
135,5000.0,19.0,,true
136,2200.0,133.0,,true
137,3500.0,263.0,,true
138,5000.0,600.0,,true
139,500.0,152.0,,true
140,125.0,504.0,,true
141,40.0,453.0,,true
142,350.0,167.0,,true
143,500.0,174.0,,false
144,500.0,524.0,,false
145,3300.0,28.0,,false
146,3300.0,23.0,,false
147,3300.0,24.0,,false
148,60.0,182.0,,false
149,60.0,234.0,,false
150,60.0,190.0,,false
151,800.0,4.0,,false
152,60.0,87.0,,false
153,60.0,91.0,,false
154,60.0,120.0,,false
155,60.0,115.0,,false
156,60.0,95.0,,false
157,60.0,84.0,,false
158,60.0,100.0,,false
159,60.0,86.0,,false
160,100.0,215.0,,false
161,100.0,209.0,,false
162,900.0,10.0,,false
163,1150.0,15.0,,false
164,1000.0,6.0,,false
165,1350.0,50.0,,true
166,500.0,58.0,,true
167,5000.0,16.0,,true
168,2200.0,135.0,,true
169,3500.0,339.0,,true
170,5000.0,600.0,,true
171,500.0,148.0,,true
172,125.0,472.0,,true
173,40.0,426.0,,true
174,350.0,159.0,,true
175,500.0,192.0,,false
176,500.0,593.0,,false
177,3300.0,26.0,,false
178,3300.0,26.0,,false
179,3300.0,30.0,,false
180,60.0,176.0,,false
181,60.0,236.0,,false
182,60.0,190.0,,false
183,800.0,5.0,,false
184,60.0,115.0,,false
185,60.0,95.0,,false
186,60.0,109.0,,false
187,60.0,107.0,,false
188,60.0,86.0,,false
189,60.0,100.0,,false
190,100.0,224.0,,false
191,100.0,206.0,,false
192,900.0,7.0,,false
193,1150.0,17.0,,false
194,1000.0,5.0,,false
195,1350.0,46.0,,true
196,500.0,59.0,,true
197,5000.0,16.0,,true
198,2200.0,140.0,,true
199,3500.0,330.0,,true
200,5000.0,600.0,,true
201,500.0,155.0,,true
202,125.0,453.0,,true
203,40.0,401.0,,true
204,350.0,153.0,,true
205,500.0,198.0,,false
206,500.0,587.0,,false
207,3300.0,28.0,,false
208,3300.0,22.0,,false
209,3300.0,23.0,,false
210,60.0,240.0,,false
211,60.0,194.0,,false
212,60.0,245.0,,false
213,800.0,4.0,,false
214,60.0,113.0,,false
215,60.0,98.0,,false
216,60.0,99.0,,false
217,60.0,104.0,,false
218,60.0,93.0,,false
219,60.0,112.0,,false
220,100.0,215.0,,false
221,100.0,212.0,,false
222,900.0,8.0,,false
223,1150.0,18.0,,false
224,1000.0,6.0,,false
225,1350.0,48.0,,true
226,500.0,59.0,,true
227,5000.0,20.0,,true
228,2200.0,139.0,,true
229,3500.0,242.0,,true
230,5000.0,600.0,,true
231,500.0,152.0,,true
232,125.0,453.0,,true
233,40.0,388.0,,true
234,350.0,158.0,,true
235,500.0,184.0,,false
236,500.0,324.0,,false
237,3300.0,24.0,,false
238,3300.0,25.0,,false
239,3300.0,21.0,,false
240,60.0,182.0,,false
241,60.0,204.0,,false
242,60.0,213.0,,false
243,60.0,210.0,,false
244,800.0,6.0,,false
245,60.0,91.0,,false
246,60.0,99.0,,false
247,60.0,87.0,,false
248,60.0,94.0,,false
249,60.0,90.0,,false
250,60.0,116.0,,false
251,60.0,108.0,,false
252,100.0,232.0,,false
253,100.0,239.0,,false
254,900.0,9.0,,false
255,1150.0,18.0,,false
256,1000.0,8.0,,false
257,1350.0,48.0,,true
258,500.0,56.0,,true
259,5000.0,19.0,,true
260,2200.0,138.0,,true
261,3500.0,233.0,,true
262,5000.0,600.0,,true
263,500.0,158.0,,true
264,125.0,518.0,,true
265,40.0,413.0,,true
266,350.0,174.0,,true
267,500.0,177.0,,false
268,500.0,374.0,,false
269,3300.0,30.0,,false
270,3300.0,30.0,,false
271,3300.0,30.0,,false
272,60.0,206.0,,false
273,60.0,216.0,,false
274,60.0,181.0,,false
275,800.0,5.0,,false
276,60.0,116.0,,false
277,60.0,102.0,,false
278,60.0,108.0,,false
279,60.0,108.0,,false
280,60.0,108.0,,false
281,60.0,104.0,,false
282,60.0,114.0,,false
283,100.0,189.0,,false
284,100.0,235.0,,false
285,900.0,9.0,,false
286,1150.0,15.0,,false
287,1000.0,5.0,,false
288,1350.0,50.0,,true
289,500.0,59.0,,true
290,5000.0,18.0,,true
291,2200.0,136.0,,true
292,3500.0,317.0,,true
293,5000.0,600.0,,true
294,500.0,152.0,,true
295,125.0,454.0,,true
296,40.0,414.0,,true
297,350.0,178.0,,true
298,500.0,177.0,,false
299,500.0,477.0,,false
300,3300.0,23.0,,false
301,3300.0,24.0,,false
302,3300.0,23.0,,false
303,60.0,196.0,,false
304,60.0,248.0,,false
305,60.0,234.0,,false
306,60.0,201.0,,false
307,800.0,6.0,,false
308,60.0,118.0,,false
309,60.0,96.0,,false
310,60.0,91.0,,false
311,60.0,83.0,,false
312,60.0,119.0,,false
313,60.0,116.0,,false
314,100.0,215.0,,false
315,100.0,249.0,,false
316,900.0,9.0,,false
317,1150.0,13.0,,false
318,1000.0,8.0,,false
319,1350.0,49.0,,true
320,500.0,59.0,,true
321,5000.0,17.0,,true
322,2200.0,135.0,,true
323,3500.0,297.0,,true
324,5000.0,600.0,,true
325,500.0,146.0,,true
326,125.0,526.0,,true
327,40.0,388.0,,true
328,350.0,158.0,,true
329,500.0,182.0,,false
330,500.0,551.0,,false
331,3300.0,25.0,,false
332,3300.0,27.0,,false
333,3300.0,24.0,,false
334,60.0,152.0,,false
335,60.0,185.0,,false
336,60.0,151.0,,false
337,60.0,181.0,,false
338,800.0,6.0,,false
339,60.0,102.0,,false
340,60.0,105.0,,false
341,60.0,113.0,,false
342,60.0,90.0,,false
343,60.0,115.0,,false
344,60.0,117.0,,false
345,60.0,115.0,,false
346,100.0,191.0,,false
347,100.0,222.0,,false
348,900.0,9.0,,false
349,1150.0,18.0,,false
350,1000.0,6.0,,false
351,1350.0,46.0,,true
352,500.0,60.0,,true
353,5000.0,16.0,,true
354,2200.0,138.0,,true
355,3500.0,223.0,,true
356,5000.0,600.0,,true
357,500.0,150.0,,true
358,125.0,516.0,,true
359,40.0,418.0,,true
360,350.0,169.0,,true
361,500.0,188.0,,false
362,500.0,425.0,,false
363,3300.0,30.0,,false
364,3300.0,23.0,,false
365,3300.0,29.0,,false
366,60.0,169.0,,false
367,60.0,223.0,,false
368,60.0,240.0,,false
369,800.0,4.0,,false
370,60.0,115.0,,false
371,60.0,83.0,,false
372,60.0,113.0,,false
373,60.0,88.0,,false
374,60.0,101.0,,false
375,60.0,117.0,,false
376,60.0,108.0,,false
377,60.0,87.0,,false
378,100.0,209.0,,false
379,100.0,249.0,,false
380,900.0,10.0,,false
381,1150.0,16.0,,false
382,1000.0,5.0,,false
383,1350.0,46.0,,true
384,500.0,57.0,,true
385,5000.0,18.0,,true
386,2200.0,133.0,,true
387,3500.0,254.0,,true
388,5000.0,600.0,,true
389,500.0,150.0,,true
390,125.0,479.0,,true
391,40.0,453.0,,true
392,350.0,152.0,,true
393,500.0,196.0,,false
394,500.0,414.0,,false
395,3300.0,27.0,,false
396,3300.0,29.0,,false
397,3300.0,28.0,,false
398,60.0,232.0,,false
399,60.0,185.0,,false
400,60.0,187.0,,false
401,60.0,216.0,,false
402,800.0,6.0,,false
403,60.0,99.0,,false
404,60.0,116.0,,false
405,60.0,117.0,,false
406,60.0,86.0,,false
407,60.0,119.0,,false
408,60.0,103.0,,false
409,60.0,117.0,,false
410,60.0,85.0,,false
411,60.0,120.0,,false
412,60.0,95.0,,false
413,100.0,226.0,,false
414,100.0,197.0,,false
415,900.0,8.0,,false
416,1150.0,17.0,,false
417,1000.0,8.0,,false
418,1350.0,48.0,,true
419,500.0,58.0,,true
420,5000.0,20.0,,true
421,2200.0,132.0,,true
422,3500.0,257.0,,true
423,5000.0,600.0,,true
424,500.0,159.0,,true
425,125.0,451.0,,true
426,40.0,377.0,,true
427,350.0,174.0,,true
428,500.0,179.0,,false
429,500.0,491.0,,false
430,3300.0,25.0,,false
431,3300.0,22.0,,false
432,3300.0,29.0,,false
433,60.0,232.0,,false
434,60.0,213.0,,false
435,60.0,185.0,,false
436,800.0,5.0,,false
437,60.0,90.0,,false
438,60.0,100.0,,false
439,60.0,87.0,,false
440,60.0,93.0,,false
441,60.0,92.0,,false
442,60.0,94.0,,false
443,100.0,230.0,,false
444,100.0,192.0,,false
445,900.0,8.0,,false
446,1150.0,14.0,,false
447,1000.0,7.0,,false
448,1350.0,46.0,,true
449,500.0,57.0,,true
450,5000.0,20.0,,true
451,2200.0,135.0,,true
452,3500.0,207.0,,true
453,5000.0,600.0,,true
454,500.0,145.0,,true
455,125.0,511.0,,true
456,40.0,352.0,,true
457,350.0,147.0,,true
458,500.0,172.0,,false
459,500.0,353.0,,false
460,3300.0,29.0,,false
461,3300.0,21.0,,false
462,3300.0,25.0,,false
463,60.0,235.0,,false
464,60.0,247.0,,false
465,60.0,219.0,,false
466,60.0,176.0,,false
467,800.0,6.0,,false
468,60.0,85.0,,false
469,60.0,99.0,,false
470,60.0,111.0,,false
471,60.0,103.0,,false
472,60.0,111.0,,false
473,60.0,83.0,,false
474,60.0,88.0,,false
475,60.0,85.0,,false
476,60.0,108.0,,false
477,60.0,81.0,,false
478,100.0,215.0,,false
479,100.0,199.0,,false
480,900.0,7.0,,false
481,1150.0,18.0,,false
482,1000.0,6.0,,false
483,1350.0,50.0,,true
484,500.0,60.0,,true
485,5000.0,18.0,,true
486,2200.0,134.0,,true
487,3500.0,374.0,,true
488,5000.0,600.0,,true
489,500.0,143.0,,true
490,125.0,481.0,,true
491,40.0,381.0,,true
492,350.0,178.0,,true
493,500.0,176.0,,false
494,500.0,479.0,,false
495,3300.0,22.0,,false
496,3300.0,29.0,,false
497,3300.0,23.0,,false
498,60.0,181.0,,false
499,60.0,190.0,,false
500,60.0,190.0,,false
501,60.0,247.0,,false
502,800.0,6.0,,false
503,60.0,111.0,,false
504,60.0,115.0,,false
505,60.0,120.0,,false
506,60.0,86.0,,false
507,60.0,85.0,,false
508,60.0,99.0,,false
509,60.0,88.0,,false
510,60.0,112.0,,false
511,60.0,119.0,,false
512,100.0,216.0,,false
513,100.0,239.0,,false
514,900.0,9.0,,false
515,1150.0,14.0,,false
516,1000.0,7.0,,false
517,1350.0,49.0,,true
518,500.0,57.0,,true
519,5000.0,17.0,,true
520,2200.0,134.0,,true
521,3500.0,286.0,,true
522,5000.0,600.0,,true
523,500.0,157.0,,true
524,125.0,497.0,,true
525,40.0,454.0,,true
526,350.0,142.0,,true
527,500.0,195.0,,false
528,500.0,501.0,,false
529,3300.0,27.0,,false
530,3300.0,30.0,,false
531,3300.0,29.0,,false
532,60.0,215.0,,false
533,60.0,206.0,,false
534,60.0,222.0,,false
535,60.0,215.0,,false
536,800.0,5.0,,false
537,60.0,116.0,,false
538,60.0,97.0,,false
539,60.0,110.0,,false
540,60.0,117.0,,false
541,60.0,103.0,,false
542,60.0,120.0,,false
543,60.0,112.0,,false
544,60.0,103.0,,false
545,60.0,115.0,,false
546,100.0,208.0,,false
547,100.0,205.0,,false
548,900.0,9.0,,false
549,1150.0,17.0,,false
550,1000.0,5.0,,false
551,1350.0,46.0,,true
552,500.0,58.0,,true
553,5000.0,17.0,,true
554,2200.0,131.0,,true
555,3500.0,291.0,,true
556,5000.0,600.0,,true
557,500.0,153.0,,true
558,125.0,483.0,,true
559,40.0,373.0,,true
560,350.0,162.0,,true
561,500.0,195.0,,false
562,500.0,572.0,,false
563,3300.0,28.0,,false
564,3300.0,25.0,,false
565,3300.0,27.0,,false
566,60.0,192.0,,false
567,60.0,204.0,,false
568,60.0,178.0,,false
569,800.0,5.0,,false
570,60.0,95.0,,false
571,60.0,111.0,,false
572,60.0,93.0,,false
573,60.0,88.0,,false
574,60.0,120.0,,false
575,60.0,82.0,,false
576,60.0,104.0,,false
577,100.0,223.0,,false
578,100.0,237.0,,false
579,900.0,10.0,,false
580,1150.0,18.0,,false
581,1000.0,8.0,,false
582,1350.0,50.0,,true
583,500.0,60.0,,true
584,5000.0,16.0,,true
585,2200.0,133.0,,true
586,3500.0,272.0,,true
587,5000.0,600.0,,true
588,500.0,146.0,,true
589,125.0,456.0,,true
590,40.0,383.0,,true
591,350.0,144.0,,true
592,500.0,195.0,,false
593,500.0,535.0,,false
594,3300.0,22.0,,false
595,3300.0,24.0,,false
596,3300.0,30.0,,false
597,60.0,223.0,,false
598,60.0,168.0,,false
599,60.0,225.0,,false
600,800.0,6.0,,false
601,60.0,83.0,,false
602,60.0,112.0,,false
603,60.0,100.0,,false
604,60.0,119.0,,false
605,60.0,100.0,,false
606,60.0,106.0,,false
607,60.0,83.0,,false
608,60.0,84.0,,false
609,100.0,200.0,,false
610,100.0,248.0,,false
611,900.0,9.0,,false
612,1150.0,17.0,,false
613,1000.0,5.0,,false
614,1350.0,49.0,,true
615,500.0,57.0,,true
616,5000.0,16.0,,true
617,2200.0,136.0,,true
618,3500.0,393.0,,true
619,5000.0,600.0,,true
620,500.0,152.0,,true
621,125.0,531.0,,true
622,40.0,391.0,,true
623,350.0,179.0,,true
624,500.0,194.0,,false
625,500.0,403.0,,false
626,3300.0,25.0,,false
627,3300.0,26.0,,false
628,3300.0,22.0,,false
629,60.0,223.0,,false
630,60.0,177.0,,false
631,60.0,155.0,,false
632,800.0,5.0,,false
633,60.0,106.0,,false
634,60.0,104.0,,false
635,60.0,91.0,,false
636,60.0,116.0,,false
637,60.0,115.0,,false
638,60.0,84.0,,false
639,60.0,116.0,,false
640,60.0,120.0,,false
641,100.0,230.0,,false
642,100.0,236.0,,false
643,900.0,7.0,,false
644,1150.0,17.0,,false
645,1000.0,5.0,,false
646,1350.0,47.0,,true
647,500.0,59.0,,true
648,5000.0,19.0,,true
649,2200.0,139.0,,true
650,3500.0,387.0,,true
651,5000.0,600.0,,true
652,500.0,152.0,,true
653,125.0,517.0,,true
654,40.0,358.0,,true
655,350.0,146.0,,true
656,500.0,184.0,,false
657,500.0,520.0,,false
658,3300.0,21.0,,false
659,3300.0,23.0,,false
660,3300.0,28.0,,false
661,60.0,210.0,,false
662,60.0,212.0,,false
663,60.0,193.0,,false
664,800.0,4.0,,false
665,60.0,110.0,,false
666,60.0,111.0,,false
667,60.0,92.0,,false
668,60.0,110.0,,false
669,60.0,86.0,,false
670,60.0,81.0,,false
671,60.0,94.0,,false
672,60.0,108.0,,false
673,60.0,103.0,,false
674,100.0,186.0,,false
675,100.0,187.0,,false
676,900.0,8.0,,false
677,1150.0,16.0,,false
678,1000.0,5.0,,false
679,1350.0,46.0,,true
680,500.0,57.0,,true
681,5000.0,17.0,,true
682,2200.0,135.0,,true
683,3500.0,345.0,,true
684,5000.0,600.0,,true
685,500.0,152.0,,true
686,125.0,498.0,,true
687,40.0,458.0,,true
688,350.0,163.0,,true
689,500.0,171.0,,false
690,500.0,306.0,,false
691,3300.0,28.0,,false
692,3300.0,23.0,,false
693,3300.0,29.0,,false
694,60.0,161.0,,false
695,60.0,197.0,,false
696,60.0,215.0,,false
697,60.0,250.0,,false
698,800.0,5.0,,false
699,60.0,103.0,,false
700,60.0,100.0,,false
701,60.0,103.0,,false
702,60.0,96.0,,false
703,60.0,119.0,,false
704,60.0,112.0,,false
705,60.0,100.0,,false
706,60.0,93.0,,false
707,100.0,199.0,,false
708,100.0,237.0,,false
709,900.0,10.0,,false
710,1150.0,13.0,,false
711,1000.0,8.0,,false
712,1350.0,48.0,,true
713,500.0,59.0,,true
714,5000.0,16.0,,true
715,2200.0,133.0,,true
716,3500.0,252.0,,true
717,5000.0,600.0,,true
718,500.0,160.0,,true
719,125.0,451.0,,true
720,40.0,436.0,,true
721,350.0,171.0,,true
722,500.0,171.0,,false
723,500.0,486.0,,false
724,3300.0,29.0,,false
725,3300.0,28.0,,false
726,3300.0,29.0,,false
727,60.0,173.0,,false
728,60.0,194.0,,false
729,60.0,250.0,,false
730,800.0,6.0,,false
731,60.0,83.0,,false
732,60.0,100.0,,false
733,60.0,102.0,,false
734,60.0,87.0,,false
735,60.0,93.0,,false
736,60.0,81.0,,false
737,100.0,209.0,,false
738,100.0,242.0,,false
739,900.0,10.0,,false
740,1150.0,18.0,,false
741,1000.0,7.0,,false
742,1350.0,46.0,,true
743,500.0,60.0,,true
744,5000.0,18.0,,true
745,2200.0,131.0,,true
746,3500.0,239.0,,true
747,5000.0,600.0,,true
748,500.0,150.0,,true
749,125.0,529.0,,true
750,40.0,427.0,,true
751,350.0,143.0,,true
752,500.0,186.0,,false
753,500.0,476.0,,false
754,3300.0,28.0,,false
755,3300.0,21.0,,false
756,3300.0,29.0,,false
757,60.0,234.0,,false
758,60.0,172.0,,false
759,60.0,208.0,,false
760,800.0,6.0,,false
761,60.0,99.0,,false
762,60.0,101.0,,false
763,60.0,111.0,,false
764,60.0,110.0,,false
765,60.0,98.0,,false
766,60.0,86.0,,false
767,60.0,100.0,,false
768,60.0,109.0,,false
769,60.0,86.0,,false
770,60.0,96.0,,false
771,100.0,215.0,,false
772,100.0,217.0,,false
773,900.0,9.0,,false
774,1150.0,13.0,,false
775,1000.0,5.0,,false
776,1350.0,48.0,,true
777,500.0,56.0,,true
778,5000.0,20.0,,true
779,2200.0,140.0,,true
780,3500.0,379.0,,true
781,5000.0,600.0,,true
782,500.0,149.0,,true
783,125.0,529.0,,true
784,40.0,455.0,,true
785,350.0,151.0,,true
786,500.0,172.0,,false
787,500.0,467.0,,false
788,3300.0,21.0,,false
789,3300.0,27.0,,false
790,3300.0,25.0,,false
791,60.0,160.0,,false
792,60.0,182.0,,false
793,60.0,245.0,,false
794,800.0,5.0,,false
795,60.0,88.0,,false
796,60.0,113.0,,false
797,60.0,119.0,,false
798,60.0,108.0,,false
799,60.0,115.0,,false
800,60.0,114.0,,false
801,100.0,194.0,,false
802,100.0,220.0,,false
803,900.0,10.0,,false
804,1150.0,18.0,,false
805,1000.0,6.0,,false
806,1350.0,47.0,,true
807,500.0,59.0,,true
808,5000.0,16.0,,true
809,2200.0,138.0,,true
810,3500.0,291.0,,true
811,5000.0,600.0,,true
812,500.0,158.0,,true
813,125.0,493.0,,true
814,40.0,413.0,,true
815,350.0,156.0,,true
816,500.0,189.0,,false
817,500.0,512.0,,false
818,3300.0,25.0,,false
819,3300.0,22.0,,false
820,3300.0,23.0,,false
821,60.0,164.0,,false
822,60.0,195.0,,false
823,60.0,159.0,,false
824,800.0,5.0,,false
825,60.0,83.0,,false
826,60.0,82.0,,false
827,60.0,109.0,,false
828,60.0,96.0,,false
829,60.0,108.0,,false
830,60.0,108.0,,false
831,60.0,93.0,,false
832,60.0,111.0,,false
833,60.0,112.0,,false
834,60.0,115.0,,false
835,100.0,211.0,,false
836,100.0,249.0,,false
837,900.0,9.0,,false
838,1150.0,15.0,,false
839,1000.0,7.0,,false
840,1350.0,48.0,,true
841,500.0,60.0,,true
842,5000.0,16.0,,true
843,2200.0,139.0,,true
844,3500.0,203.0,,true
845,5000.0,600.0,,true
846,500.0,151.0,,true
847,125.0,525.0,,true
848,40.0,396.0,,true
849,350.0,147.0,,true
850,500.0,188.0,,false
851,500.0,383.0,,false
852,3300.0,30.0,,false
853,3300.0,24.0,,false
854,3300.0,27.0,,false
855,60.0,239.0,,false
856,60.0,182.0,,false
857,60.0,180.0,,false
858,60.0,216.0,,false
859,800.0,5.0,,false
860,60.0,82.0,,false
861,60.0,111.0,,false
862,60.0,103.0,,false
863,60.0,87.0,,false
864,60.0,86.0,,false
865,60.0,82.0,,false
866,60.0,106.0,,false
867,60.0,113.0,,false
868,60.0,119.0,,false
869,60.0,83.0,,false
870,100.0,188.0,,false
871,100.0,230.0,,false
872,900.0,10.0,,false
873,1150.0,17.0,,false
874,1000.0,8.0,,false
875,1350.0,47.0,,true
876,500.0,60.0,,true
877,5000.0,18.0,,true
878,2200.0,131.0,,true
879,3500.0,398.0,,true
880,5000.0,600.0,,true
881,500.0,156.0,,true
882,125.0,546.0,,true
883,40.0,451.0,,true
884,350.0,150.0,,true
885,500.0,182.0,,false
886,500.0,466.0,,false
887,3300.0,30.0,,false
888,3300.0,30.0,,false
889,3300.0,21.0,,false
890,60.0,170.0,,false
891,60.0,234.0,,false
892,60.0,177.0,,false
893,800.0,5.0,,false
894,60.0,99.0,,false
895,60.0,104.0,,false
896,60.0,116.0,,false
897,60.0,115.0,,false
898,60.0,86.0,,false
899,60.0,109.0,,false
900,60.0,112.0,,false
901,60.0,109.0,,false
902,100.0,196.0,,false
903,100.0,203.0,,false
904,900.0,9.0,,false
905,1150.0,13.0,,false
906,1000.0,6.0,,false
907,1350.0,47.0,,true
908,500.0,57.0,,true
909,5000.0,19.0,,true
910,2200.0,133.0,,true
911,3500.0,265.0,,true
912,5000.0,600.0,,true
913,500.0,143.0,,true
914,125.0,470.0,,true
915,40.0,351.0,,true
916,350.0,163.0,,true
917,500.0,182.0,,false
918,500.0,352.0,,false
919,3300.0,24.0,,false
920,3300.0,27.0,,false
921,3300.0,25.0,,false
922,60.0,230.0,,false
923,60.0,155.0,,false
924,60.0,179.0,,false
925,800.0,5.0,,false
926,60.0,117.0,,false
927,60.0,98.0,,false
928,60.0,97.0,,false
929,60.0,88.0,,false
930,60.0,107.0,,false
931,60.0,104.0,,false
932,60.0,120.0,,false
933,60.0,98.0,,false
934,60.0,92.0,,false
935,100.0,187.0,,false
936,100.0,182.0,,false
937,900.0,9.0,,false
938,1150.0,16.0,,false
939,1000.0,5.0,,false
940,1350.0,47.0,,true
941,500.0,59.0,,true
942,5000.0,19.0,,true
943,2200.0,136.0,,true
944,3500.0,217.0,,true
945,5000.0,600.0,,true
946,500.0,155.0,,true
947,125.0,548.0,,true
948,40.0,439.0,,true
949,350.0,155.0,,true
950,500.0,171.0,,false
951,500.0,545.0,,false
952,3300.0,26.0,,false
953,3300.0,27.0,,false
954,3300.0,27.0,,false
955,60.0,241.0,,false
956,60.0,249.0,,false
957,60.0,229.0,,false
958,800.0,6.0,,false
959,60.0,93.0,,false
960,60.0,100.0,,false
961,60.0,107.0,,false
962,60.0,94.0,,false
963,60.0,88.0,,false
964,60.0,101.0,,false
965,100.0,210.0,,false
966,100.0,214.0,,false
967,900.0,7.0,,false
968,1150.0,18.0,,false
969,1000.0,8.0,,false
970,1350.0,50.0,,true
971,500.0,56.0,,true
972,5000.0,18.0,,true
973,2200.0,139.0,,true
974,3500.0,265.0,,true
975,5000.0,600.0,,true
976,500.0,152.0,,true
977,125.0,547.0,,true
978,40.0,432.0,,true
979,350.0,145.0,,true
980,500.0,173.0,,false
981,500.0,323.0,,false
982,3300.0,22.0,,false
983,3300.0,25.0,,false
984,3300.0,29.0,,false
985,60.0,248.0,,false
986,60.0,209.0,,false
987,60.0,218.0,,false
988,60.0,206.0,,false
989,800.0,5.0,,false
990,60.0,105.0,,false
991,60.0,109.0,,false
992,60.0,119.0,,false
993,60.0,118.0,,false
994,60.0,97.0,,false
995,60.0,102.0,,false
996,100.0,213.0,,false
997,100.0,205.0,,false
998,900.0,7.0,,false
999,1150.0,18.0,,false
1000,1000.0,6.0,,false
1001,1350.0,47.0,,true
1002,500.0,56.0,,true
1003,5000.0,18.0,,true
1004,2200.0,137.0,,true
1005,3500.0,361.0,,true
1006,5000.0,600.0,,true
1007,500.0,154.0,,true
1008,125.0,510.0,,true
1009,40.0,414.0,,true
1010,350.0,175.0,,true
1011,500.0,188.0,,false
1012,500.0,492.0,,false
1013,3300.0,28.0,,false
1014,3300.0,26.0,,false
1015,3300.0,28.0,,false
1016,60.0,166.0,,false
1017,60.0,181.0,,false
1018,60.0,161.0,,false
1019,800.0,5.0,,false
1020,60.0,83.0,,false
1021,60.0,117.0,,false
1022,60.0,101.0,,false
1023,60.0,95.0,,false
1024,60.0,98.0,,false
1025,60.0,95.0,,false
1026,60.0,102.0,,false
1027,60.0,114.0,,false
1028,60.0,109.0,,false
1029,100.0,185.0,,false
1030,100.0,247.0,,false
1031,900.0,7.0,,false
1032,1150.0,15.0,,false
1033,1000.0,6.0,,false
1034,1350.0,47.0,,true
1035,500.0,57.0,,true
1036,5000.0,20.0,,true
1037,2200.0,134.0,,true
1038,3500.0,383.0,,true
1039,5000.0,600.0,,true
1040,500.0,147.0,,true
1041,125.0,475.0,,true
1042,40.0,353.0,,true
1043,350.0,158.0,,true
1044,500.0,198.0,,false
1045,500.0,571.0,,false
1046,3300.0,24.0,,false
1047,3300.0,23.0,,false
1048,3300.0,26.0,,false
1049,60.0,177.0,,false
1050,60.0,161.0,,false
1051,60.0,161.0,,false
1052,800.0,4.0,,false
1053,60.0,89.0,,false
1054,60.0,118.0,,false
1055,60.0,119.0,,false
1056,60.0,92.0,,false
1057,60.0,93.0,,false
1058,60.0,120.0,,false
1059,60.0,109.0,,false
1060,60.0,96.0,,false
1061,100.0,197.0,,false
1062,100.0,186.0,,false
1063,900.0,10.0,,false
1064,1150.0,15.0,,false
1065,1000.0,7.0,,false
1066,1350.0,49.0,,true
1067,500.0,60.0,,true
1068,5000.0,18.0,,true
1069,2200.0,132.0,,true
1070,3500.0,262.0,,true
1071,5000.0,600.0,,true
1072,500.0,147.0,,true
1073,125.0,485.0,,true
1074,40.0,418.0,,true
1075,350.0,151.0,,true
1076,500.0,175.0,,false
1077,500.0,434.0,,false
1078,3300.0,28.0,,false
1079,3300.0,29.0,,false
1080,3300.0,25.0,,false
1081,60.0,169.0,,false
1082,60.0,177.0,,false
1083,60.0,210.0,,false
1084,60.0,207.0,,false
1085,800.0,4.0,,false
1086,60.0,104.0,,false
1087,60.0,109.0,,false
1088,60.0,98.0,,false
1089,60.0,99.0,,false
1090,60.0,96.0,,false
1091,60.0,110.0,,false
1092,60.0,95.0,,false
1093,60.0,114.0,,false
1094,60.0,81.0,,false
1095,60.0,103.0,,false
1096,100.0,213.0,,false
1097,100.0,240.0,,false
1098,900.0,8.0,,false
1099,1150.0,18.0,,false
1100,1000.0,5.0,,false
1101,1350.0,46.0,,true
1102,500.0,56.0,,true
1103,5000.0,17.0,,true
1104,2200.0,135.0,,true
1105,3500.0,216.0,,true
1106,5000.0,600.0,,true
1107,500.0,144.0,,true
1108,125.0,504.0,,true
1109,40.0,417.0,,true
1110,350.0,180.0,,true
1111,500.0,176.0,,false
1112,500.0,391.0,,false
1113,3300.0,22.0,,false
1114,3300.0,23.0,,false
1115,3300.0,24.0,,false
1116,60.0,176.0,,false
1117,60.0,246.0,,false
1118,60.0,162.0,,false
1119,60.0,235.0,,false
1120,800.0,6.0,,false
1121,60.0,114.0,,false
1122,60.0,99.0,,false
1123,60.0,107.0,,false
1124,60.0,107.0,,false
1125,60.0,98.0,,false
1126,60.0,113.0,,false
1127,60.0,98.0,,false
1128,60.0,118.0,,false
1129,60.0,84.0,,false
1130,100.0,244.0,,false
1131,100.0,216.0,,false
1132,900.0,9.0,,false
1133,1150.0,16.0,,false
1134,1000.0,8.0,,false
1135,1350.0,47.0,,true
1136,500.0,57.0,,true
1137,5000.0,17.0,,true
1138,2200.0,133.0,,true
1139,3500.0,212.0,,true
1140,5000.0,600.0,,true
1141,500.0,154.0,,true
1142,125.0,468.0,,true
1143,40.0,407.0,,true
1144,350.0,176.0,,true
1145,500.0,200.0,,false
1146,500.0,411.0,,false
1147,3300.0,22.0,,false
1148,3300.0,27.0,,false
1149,3300.0,24.0,,false
1150,60.0,243.0,,false
1151,60.0,247.0,,false
1152,60.0,224.0,,false
1153,60.0,232.0,,false
1154,800.0,4.0,,false
1155,60.0,84.0,,false
1156,60.0,99.0,,false
1157,60.0,109.0,,false
1158,60.0,106.0,,false
1159,60.0,118.0,,false
1160,60.0,116.0,,false
1161,60.0,104.0,,false
1162,60.0,114.0,,false
1163,60.0,94.0,,false
1164,60.0,92.0,,false
1165,100.0,201.0,,false
1166,100.0,213.0,,false
1167,900.0,10.0,,false
1168,1150.0,16.0,,false
1169,1000.0,6.0,,false
1170,1350.0,47.0,,true
1171,500.0,57.0,,true
1172,5000.0,20.0,,true
1173,2200.0,133.0,,true
1174,3500.0,370.0,,true
1175,5000.0,600.0,,true
1176,500.0,149.0,,true
1177,125.0,530.0,,true
1178,40.0,456.0,,true
1179,350.0,165.0,,true
1180,500.0,185.0,,false
1181,500.0,544.0,,false
1182,3300.0,29.0,,false
1183,3300.0,26.0,,false
1184,3300.0,27.0,,false
1185,60.0,211.0,,false
1186,60.0,164.0,,false
1187,60.0,223.0,,false
1188,800.0,5.0,,false
1189,60.0,110.0,,false
1190,60.0,115.0,,false
1191,60.0,96.0,,false
1192,60.0,108.0,,false
1193,60.0,92.0,,false
1194,60.0,102.0,,false
1195,60.0,112.0,,false
1196,60.0,110.0,,false
1197,60.0,99.0,,false
1198,60.0,117.0,,false
1199,100.0,231.0,,false
1200,100.0,219.0,,false
1201,900.0,7.0,,false
1202,1150.0,15.0,,false
1203,1000.0,7.0,,false
1204,1350.0,48.0,,true
1205,500.0,59.0,,true
1206,5000.0,20.0,,true
1207,2200.0,135.0,,true
1208,3500.0,306.0,,true
1209,5000.0,600.0,,true
1210,500.0,158.0,,true
1211,125.0,502.0,,true
1212,40.0,397.0,,true
1213,350.0,157.0,,true
1214,500.0,174.0,,false
1215,500.0,454.0,,false
1216,3300.0,26.0,,false
1217,3300.0,26.0,,false
1218,3300.0,28.0,,false
1219,60.0,184.0,,false
1220,60.0,172.0,,false
1221,60.0,177.0,,false
1222,60.0,199.0,,false
1223,800.0,4.0,,false
1224,60.0,100.0,,false
1225,60.0,111.0,,false
1226,60.0,94.0,,false
1227,60.0,114.0,,false
1228,60.0,96.0,,false
1229,60.0,112.0,,false
1230,100.0,199.0,,false
1231,100.0,204.0,,false
1232,900.0,10.0,,false
1233,1150.0,16.0,,false
1234,1000.0,8.0,,false
1235,1350.0,49.0,,true
1236,500.0,59.0,,true
1237,5000.0,18.0,,true
1238,2200.0,136.0,,true
1239,3500.0,356.0,,true
1240,5000.0,600.0,,true
1241,500.0,142.0,,true
1242,125.0,528.0,,true
1243,40.0,363.0,,true
1244,350.0,143.0,,true
1245,500.0,182.0,,false
1246,500.0,422.0,,false
1247,3300.0,29.0,,false
1248,3300.0,23.0,,false
1249,3300.0,25.0,,false
1250,60.0,198.0,,false
1251,60.0,176.0,,false
1252,60.0,209.0,,false
1253,60.0,198.0,,false
1254,800.0,5.0,,false
1255,60.0,87.0,,false
1256,60.0,114.0,,false
1257,60.0,96.0,,false
1258,60.0,118.0,,false
1259,60.0,110.0,,false
1260,60.0,98.0,,false
1261,60.0,103.0,,false
1262,60.0,85.0,,false
1263,60.0,117.0,,false
1264,100.0,238.0,,false
1265,100.0,247.0,,false
1266,900.0,10.0,,false
1267,1150.0,14.0,,false
1268,1000.0,5.0,,false
1269,1350.0,48.0,,true
1270,500.0,60.0,,true
1271,5000.0,20.0,,true
1272,2200.0,135.0,,true
1273,3500.0,276.0,,true
1274,5000.0,600.0,,true
1275,500.0,154.0,,true
1276,125.0,525.0,,true
1277,40.0,440.0,,true
1278,350.0,160.0,,true
1279,500.0,179.0,,false
1280,500.0,461.0,,false
1281,3300.0,29.0,,false
1282,3300.0,21.0,,false
1283,3300.0,29.0,,false
1284,60.0,158.0,,false
1285,60.0,161.0,,false
1286,60.0,240.0,,false
1287,60.0,210.0,,false
1288,800.0,6.0,,false
1289,60.0,93.0,,false
1290,60.0,84.0,,false
1291,60.0,107.0,,false
1292,60.0,91.0,,false
1293,60.0,83.0,,false
1294,60.0,107.0,,false
1295,60.0,91.0,,false
1296,60.0,112.0,,false
1297,100.0,229.0,,false
1298,100.0,239.0,,false
1299,900.0,7.0,,false
1300,1150.0,14.0,,false
1301,1000.0,8.0,,false
1302,1350.0,48.0,,true
1303,500.0,59.0,,true
1304,5000.0,16.0,,true
1305,2200.0,135.0,,true
1306,3500.0,394.0,,true
1307,5000.0,600.0,,true
1308,500.0,152.0,,true
1309,125.0,494.0,,true
1310,40.0,395.0,,true
1311,350.0,160.0,,true
1312,500.0,200.0,,false
1313,500.0,594.0,,false
1314,3300.0,26.0,,false
1315,3300.0,30.0,,false
1316,3300.0,25.0,,false
1317,60.0,217.0,,false
1318,60.0,199.0,,false
1319,60.0,185.0,,false
1320,60.0,227.0,,false
1321,800.0,4.0,,false
1322,60.0,107.0,,false
1323,60.0,106.0,,false
1324,60.0,117.0,,false
1325,60.0,81.0,,false
1326,60.0,93.0,,false
1327,60.0,118.0,,false
1328,60.0,81.0,,false
1329,60.0,101.0,,false
1330,60.0,96.0,,false
1331,60.0,94.0,,false
1332,100.0,197.0,,false
1333,100.0,226.0,,false
1334,900.0,10.0,,false
1335,1150.0,15.0,,false
1336,1000.0,8.0,,false
1337,1350.0,47.0,,true
1338,500.0,58.0,,true
1339,5000.0,16.0,,true
1340,2200.0,139.0,,true
1341,3500.0,262.0,,true
1342,5000.0,600.0,,true
1343,500.0,141.0,,true
1344,125.0,457.0,,true
1345,40.0,357.0,,true
1346,350.0,178.0,,true
1347,500.0,182.0,,false
1348,500.0,586.0,,false
1349,3300.0,23.0,,false
1350,3300.0,29.0,,false
1351,3300.0,24.0,,false
1352,60.0,229.0,,false
1353,60.0,162.0,,false
1354,60.0,177.0,,false
1355,800.0,4.0,,false
1356,60.0,120.0,,false
1357,60.0,98.0,,false
1358,60.0,112.0,,false
1359,60.0,91.0,,false
1360,60.0,120.0,,false
1361,60.0,95.0,,false
1362,100.0,193.0,,false
1363,100.0,194.0,,false
1364,900.0,9.0,,false
1365,1150.0,17.0,,false
1366,1000.0,5.0,,false
1367,1350.0,49.0,,true
1368,500.0,57.0,,true
1369,5000.0,20.0,,true
1370,2200.0,139.0,,true
1371,3500.0,263.0,,true
1372,5000.0,600.0,,true
1373,500.0,146.0,,true
1374,125.0,471.0,,true
1375,40.0,403.0,,true
1376,350.0,161.0,,true
1377,500.0,183.0,,false
1378,500.0,567.0,,false
1379,3300.0,30.0,,false
1380,3300.0,23.0,,false
1381,3300.0,27.0,,false
1382,60.0,225.0,,false
1383,60.0,196.0,,false
1384,60.0,217.0,,false
1385,800.0,6.0,,false
1386,60.0,115.0,,false
1387,60.0,98.0,,false
1388,60.0,111.0,,false
1389,60.0,89.0,,false
1390,60.0,91.0,,false
1391,60.0,108.0,,false
1392,60.0,90.0,,false
1393,60.0,96.0,,false
1394,60.0,99.0,,false
1395,100.0,189.0,,false
1396,100.0,203.0,,false
1397,900.0,10.0,,false
1398,1150.0,13.0,,false
1399,1000.0,6.0,,false
1400,1350.0,49.0,,true
1401,500.0,57.0,,true
1402,5000.0,17.0,,true
1403,2200.0,137.0,,true
1404,3500.0,316.0,,true
1405,5000.0,600.0,,true
1406,500.0,156.0,,true
1407,125.0,472.0,,true
1408,40.0,401.0,,true
1409,350.0,174.0,,true
1410,500.0,190.0,,false
1411,500.0,576.0,,false
1412,3300.0,29.0,,false
1413,3300.0,26.0,,false
1414,3300.0,22.0,,false
1415,60.0,182.0,,false
1416,60.0,236.0,,false
1417,60.0,198.0,,false
1418,60.0,227.0,,false
1419,800.0,4.0,,false
1420,60.0,111.0,,false
1421,60.0,102.0,,false
1422,60.0,97.0,,false
1423,60.0,81.0,,false
1424,60.0,90.0,,false
1425,60.0,119.0,,false
1426,60.0,90.0,,false
1427,60.0,94.0,,false
1428,60.0,99.0,,false
1429,60.0,93.0,,false
1430,100.0,226.0,,false
1431,100.0,200.0,,false
1432,900.0,8.0,,false
1433,1150.0,14.0,,false
1434,1000.0,7.0,,false
1435,1350.0,49.0,,true
1436,500.0,58.0,,true
1437,5000.0,19.0,,true
1438,2200.0,137.0,,true
1439,3500.0,341.0,,true
1440,5000.0,600.0,,true
1441,500.0,151.0,,true
1442,125.0,467.0,,true
1443,40.0,388.0,,true
1444,350.0,164.0,,true
1445,500.0,183.0,,false
1446,500.0,475.0,,false
1447,3300.0,21.0,,false
1448,3300.0,23.0,,false
1449,3300.0,24.0,,false
1450,60.0,157.0,,false
1451,60.0,201.0,,false
1452,60.0,241.0,,false
1453,60.0,157.0,,false
1454,800.0,5.0,,false
1455,60.0,114.0,,false
1456,60.0,115.0,,false
1457,60.0,90.0,,false
1458,60.0,97.0,,false
1459,60.0,85.0,,false
1460,60.0,90.0,,false
1461,60.0,92.0,,false
1462,100.0,213.0,,false
1463,100.0,224.0,,false
1464,900.0,7.0,,false
1465,1150.0,14.0,,false
1466,1000.0,8.0,,false
1467,1350.0,47.0,,true
1468,500.0,56.0,,true
1469,5000.0,17.0,,true
1470,2200.0,133.0,,true
1471,3500.0,353.0,,true
1472,5000.0,600.0,,true
1473,500.0,151.0,,true
1474,125.0,505.0,,true
1475,40.0,390.0,,true
1476,350.0,155.0,,true
1477,500.0,199.0,,false
1478,500.0,394.0,,false
1479,3300.0,28.0,,false
1480,3300.0,24.0,,false
1481,3300.0,21.0,,false
1482,60.0,221.0,,false
1483,60.0,193.0,,false
1484,60.0,249.0,,false
1485,800.0,6.0,,false
1486,60.0,83.0,,false
1487,60.0,84.0,,false
1488,60.0,93.0,,false
1489,60.0,85.0,,false
1490,60.0,95.0,,false
1491,60.0,114.0,,false
1492,60.0,94.0,,false
1493,60.0,85.0,,false
1494,100.0,240.0,,false
1495,100.0,211.0,,false
1496,900.0,10.0,,false
1497,1150.0,16.0,,false
1498,1000.0,6.0,,false
1499,1350.0,49.0,,true
1500,500.0,59.0,,true
1501,5000.0,16.0,,true
1502,2200.0,134.0,,true
1503,3500.0,210.0,,true
1504,5000.0,600.0,,true
1505,500.0,150.0,,true
1506,125.0,492.0,,true
1507,40.0,433.0,,true
1508,350.0,177.0,,true
1509,500.0,197.0,,false
1510,500.0,467.0,,false
1511,3300.0,24.0,,false
1512,3300.0,23.0,,false
1513,3300.0,29.0,,false
1514,60.0,208.0,,false
1515,60.0,215.0,,false
1516,60.0,249.0,,false
1517,800.0,6.0,,false
1518,60.0,116.0,,false
1519,60.0,88.0,,false
1520,60.0,101.0,,false
1521,60.0,105.0,,false
1522,60.0,116.0,,false
1523,60.0,95.0,,false
1524,100.0,215.0,,false
1525,100.0,209.0,,false
1526,900.0,8.0,,false
1527,1150.0,17.0,,false
1528,1000.0,7.0,,false
1529,1350.0,48.0,,true
1530,500.0,56.0,,true
1531,5000.0,17.0,,true
1532,2200.0,137.0,,true
1533,3500.0,370.0,,true
1534,5000.0,600.0,,true
1535,500.0,150.0,,true
1536,125.0,540.0,,true
1537,40.0,446.0,,true
1538,350.0,163.0,,true
1539,500.0,190.0,,false
1540,500.0,394.0,,false
1541,3300.0,23.0,,false
1542,3300.0,23.0,,false
1543,3300.0,22.0,,false
1544,60.0,192.0,,false
1545,60.0,241.0,,false
1546,60.0,215.0,,false
1547,60.0,241.0,,false
1548,800.0,6.0,,false
1549,60.0,106.0,,false
1550,60.0,118.0,,false
1551,60.0,116.0,,false
1552,60.0,81.0,,false
1553,60.0,120.0,,false
1554,60.0,107.0,,false
1555,100.0,242.0,,false
1556,100.0,188.0,,false
1557,900.0,10.0,,false
1558,1150.0,14.0,,false
1559,1000.0,6.0,,false
1560,1350.0,46.0,,true
1561,500.0,58.0,,true
1562,5000.0,18.0,,true
1563,2200.0,140.0,,true
1564,3500.0,375.0,,true
1565,5000.0,600.0,,true
1566,500.0,153.0,,true
1567,125.0,454.0,,true
1568,40.0,352.0,,true
1569,350.0,141.0,,true
1570,500.0,199.0,,false
1571,500.0,346.0,,false
1572,3300.0,26.0,,false
1573,3300.0,24.0,,false
1574,3300.0,30.0,,false
1575,60.0,191.0,,false
1576,60.0,229.0,,false
1577,60.0,193.0,,false
1578,60.0,205.0,,false
1579,800.0,4.0,,false
1580,60.0,85.0,,false
1581,60.0,81.0,,false
1582,60.0,117.0,,false
1583,60.0,91.0,,false
1584,60.0,92.0,,false
1585,60.0,83.0,,false
1586,60.0,93.0,,false
1587,60.0,111.0,,false
1588,100.0,232.0,,false
1589,100.0,229.0,,false
1590,900.0,7.0,,false
1591,1150.0,15.0,,false
1592,1000.0,8.0,,false
1593,1350.0,50.0,,true
1594,500.0,57.0,,true
1595,5000.0,20.0,,true
1596,2200.0,139.0,,true
1597,3500.0,247.0,,true
1598,5000.0,600.0,,true
1599,500.0,150.0,,true
1600,125.0,549.0,,true
1601,40.0,359.0,,true
1602,350.0,144.0,,true
1603,500.0,178.0,,false
1604,500.0,457.0,,false
1605,3300.0,27.0,,false
1606,3300.0,25.0,,false
1607,3300.0,29.0,,false
1608,60.0,231.0,,false
1609,60.0,249.0,,false
1610,60.0,159.0,,false
1611,800.0,4.0,,false
1612,60.0,86.0,,false
1613,60.0,112.0,,false
1614,60.0,113.0,,false
1615,60.0,83.0,,false
1616,60.0,107.0,,false
1617,60.0,96.0,,false
1618,60.0,103.0,,false
1619,60.0,83.0,,false
1620,100.0,202.0,,false
1621,100.0,193.0,,false
1622,900.0,8.0,,false
1623,1150.0,17.0,,false
1624,1000.0,6.0,,false
1625,1350.0,50.0,,true
1626,500.0,59.0,,true
1627,5000.0,19.0,,true
1628,2200.0,140.0,,true
1629,3500.0,300.0,,true
1630,5000.0,600.0,,true
1631,500.0,143.0,,true
1632,125.0,517.0,,true
1633,40.0,401.0,,true
1634,350.0,148.0,,true
1635,500.0,193.0,,false
1636,500.0,532.0,,false
1637,3300.0,22.0,,false
1638,3300.0,30.0,,false
1639,3300.0,25.0,,false
1640,60.0,174.0,,false
1641,60.0,236.0,,false
1642,60.0,194.0,,false
1643,800.0,4.0,,false
1644,60.0,102.0,,false
1645,60.0,119.0,,false
1646,60.0,84.0,,false
1647,60.0,115.0,,false
1648,60.0,110.0,,false
1649,60.0,113.0,,false
1650,60.0,85.0,,false
1651,100.0,243.0,,false
1652,100.0,205.0,,false
1653,900.0,7.0,,false
1654,1150.0,15.0,,false
1655,1000.0,5.0,,false
1656,1350.0,47.0,,true
1657,500.0,56.0,,true
1658,5000.0,19.0,,true
1659,2200.0,131.0,,true
1660,3500.0,392.0,,true
1661,5000.0,600.0,,true
1662,500.0,147.0,,true
1663,125.0,530.0,,true
1664,40.0,357.0,,true
1665,350.0,146.0,,true
1666,500.0,177.0,,false
1667,500.0,302.0,,false
1668,3300.0,29.0,,false
1669,3300.0,24.0,,false
1670,3300.0,22.0,,false
1671,60.0,188.0,,false
1672,60.0,153.0,,false
1673,60.0,201.0,,false
1674,800.0,4.0,,false
1675,60.0,83.0,,false
1676,60.0,100.0,,false
1677,60.0,103.0,,false
1678,60.0,114.0,,false
1679,60.0,97.0,,false
1680,60.0,100.0,,false
1681,60.0,83.0,,false
1682,60.0,95.0,,false
1683,60.0,105.0,,false
1684,100.0,209.0,,false
1685,100.0,185.0,,false
1686,900.0,8.0,,false
1687,1150.0,15.0,,false
1688,1000.0,5.0,,false
1689,1350.0,50.0,,true
1690,500.0,56.0,,true
1691,5000.0,20.0,,true
1692,2200.0,139.0,,true
1693,3500.0,375.0,,true
1694,5000.0,600.0,,true
1695,500.0,144.0,,true
1696,125.0,529.0,,true
1697,40.0,375.0,,true
1698,350.0,148.0,,true
1699,500.0,176.0,,false
1700,500.0,596.0,,false
1701,3300.0,29.0,,false
1702,3300.0,30.0,,false
1703,3300.0,27.0,,false
1704,60.0,201.0,,false
1705,60.0,217.0,,false
1706,60.0,199.0,,false
1707,800.0,4.0,,false
1708,60.0,112.0,,false
1709,60.0,109.0,,false
1710,60.0,111.0,,false
1711,60.0,93.0,,false
1712,60.0,105.0,,false
1713,60.0,92.0,,false
1714,100.0,212.0,,false
1715,100.0,209.0,,false
1716,900.0,10.0,,false
1717,1150.0,17.0,,false
1718,1000.0,5.0,,false
1719,1350.0,48.0,,true
1720,500.0,56.0,,true
1721,5000.0,18.0,,true
1722,2200.0,138.0,,true
1723,3500.0,352.0,,true
1724,5000.0,600.0,,true
1725,500.0,155.0,,true
1726,125.0,525.0,,true
1727,40.0,392.0,,true
1728,350.0,151.0,,true
1729,500.0,197.0,,false
1730,500.0,588.0,,false
1731,3300.0,23.0,,false
1732,3300.0,24.0,,false
1733,3300.0,24.0,,false
1734,60.0,167.0,,false
1735,60.0,178.0,,false
1736,60.0,185.0,,false
1737,60.0,155.0,,false
1738,800.0,6.0,,false
1739,60.0,115.0,,false
1740,60.0,114.0,,false
1741,60.0,88.0,,false
1742,60.0,118.0,,false
1743,60.0,104.0,,false
1744,60.0,106.0,,false
1745,100.0,193.0,,false
1746,100.0,211.0,,false
1747,900.0,7.0,,false
1748,1150.0,18.0,,false
1749,1000.0,8.0,,false
1750,1350.0,47.0,,true
1751,500.0,56.0,,true
1752,5000.0,18.0,,true
1753,2200.0,134.0,,true
1754,3500.0,210.0,,true
1755,5000.0,600.0,,true
1756,500.0,151.0,,true
1757,125.0,472.0,,true
1758,40.0,376.0,,true
1759,350.0,173.0,,true
1760,500.0,194.0,,false
1761,500.0,537.0,,false
1762,3300.0,23.0,,false
1763,3300.0,25.0,,false
1764,3300.0,26.0,,false
1765,60.0,236.0,,false
1766,60.0,185.0,,false
1767,60.0,234.0,,false
1768,60.0,206.0,,false
1769,800.0,4.0,,false
1770,60.0,93.0,,false
1771,60.0,120.0,,false
1772,60.0,92.0,,false
1773,60.0,116.0,,false
1774,60.0,88.0,,false
1775,60.0,105.0,,false
1776,60.0,81.0,,false
1777,60.0,83.0,,false
1778,60.0,109.0,,false
1779,100.0,231.0,,false
1780,100.0,209.0,,false
1781,900.0,8.0,,false
1782,1150.0,15.0,,false
1783,1000.0,7.0,,false
1784,1350.0,49.0,,true
1785,500.0,56.0,,true
1786,5000.0,16.0,,true
1787,2200.0,132.0,,true
1788,3500.0,350.0,,true
1789,5000.0,600.0,,true
1790,500.0,156.0,,true
1791,125.0,527.0,,true
1792,40.0,416.0,,true
1793,350.0,175.0,,true
1794,500.0,191.0,,false
1795,500.0,506.0,,false
1796,3300.0,21.0,,false
1797,3300.0,22.0,,false
1798,3300.0,28.0,,false
1799,60.0,186.0,,false
1800,60.0,231.0,,false
1801,60.0,249.0,,false
1802,60.0,216.0,,false
1803,800.0,6.0,,false
1804,60.0,88.0,,false
1805,60.0,87.0,,false
1806,60.0,88.0,,false
1807,60.0,116.0,,false
1808,60.0,117.0,,false
1809,60.0,110.0,,false
1810,60.0,91.0,,false
1811,60.0,90.0,,false
1812,60.0,111.0,,false
1813,60.0,97.0,,false
1814,100.0,228.0,,false
1815,100.0,205.0,,false
1816,900.0,7.0,,false
1817,1150.0,18.0,,false
1818,1000.0,5.0,,false
1819,1350.0,48.0,,true
1820,500.0,58.0,,true
1821,5000.0,17.0,,true
1822,2200.0,131.0,,true
1823,3500.0,305.0,,true
1824,5000.0,600.0,,true
1825,500.0,142.0,,true
1826,125.0,527.0,,true
1827,40.0,370.0,,true
1828,350.0,169.0,,true
1829,500.0,189.0,,false
1830,500.0,405.0,,false
1831,3300.0,29.0,,false
1832,3300.0,30.0,,false
1833,3300.0,25.0,,false
1834,60.0,213.0,,false
1835,60.0,202.0,,false
1836,60.0,153.0,,false
1837,60.0,219.0,,false
1838,800.0,6.0,,false
1839,60.0,115.0,,false
1840,60.0,98.0,,false
1841,60.0,114.0,,false
1842,60.0,102.0,,false
1843,60.0,111.0,,false
1844,60.0,85.0,,false
1845,60.0,91.0,,false
1846,60.0,104.0,,false
1847,60.0,94.0,,false
1848,60.0,119.0,,false
1849,100.0,225.0,,false
1850,100.0,230.0,,false
1851,900.0,8.0,,false
1852,1150.0,15.0,,false
1853,1000.0,7.0,,false
1854,1350.0,50.0,,true
1855,500.0,60.0,,true
1856,5000.0,20.0,,true
1857,2200.0,134.0,,true
1858,3500.0,343.0,,true
1859,5000.0,600.0,,true
1860,500.0,148.0,,true
1861,125.0,477.0,,true
1862,40.0,368.0,,true
1863,350.0,164.0,,true
1864,500.0,189.0,,false
1865,500.0,514.0,,false
1866,3300.0,25.0,,false
1867,3300.0,21.0,,false
1868,3300.0,30.0,,false
1869,60.0,200.0,,false
1870,60.0,248.0,,false
1871,60.0,221.0,,false
1872,60.0,166.0,,false
1873,800.0,6.0,,false
1874,60.0,84.0,,false
1875,60.0,112.0,,false
1876,60.0,91.0,,false
1877,60.0,95.0,,false
1878,60.0,120.0,,false
1879,60.0,97.0,,false
1880,60.0,90.0,,false
1881,60.0,108.0,,false
1882,100.0,217.0,,false
1883,100.0,204.0,,false
1884,900.0,7.0,,false
1885,1150.0,15.0,,false
1886,1000.0,6.0,,false
1887,1350.0,50.0,,true
1888,500.0,58.0,,true
1889,5000.0,16.0,,true
1890,2200.0,136.0,,true
1891,3500.0,347.0,,true
1892,5000.0,600.0,,true
1893,500.0,151.0,,true
1894,125.0,511.0,,true
1895,40.0,448.0,,true
1896,350.0,151.0,,true
1897,500.0,174.0,,false
1898,500.0,347.0,,false
1899,3300.0,28.0,,false
1900,3300.0,25.0,,false
1901,3300.0,30.0,,false
1902,60.0,228.0,,false
1903,60.0,211.0,,false
1904,60.0,197.0,,false
1905,60.0,198.0,,false
1906,800.0,5.0,,false
1907,60.0,120.0,,false
1908,60.0,87.0,,false
1909,60.0,100.0,,false
1910,60.0,117.0,,false
1911,60.0,91.0,,false
1912,60.0,101.0,,false
1913,100.0,242.0,,false
1914,100.0,222.0,,false
1915,900.0,10.0,,false
1916,1150.0,13.0,,false
1917,1000.0,7.0,,false
1918,1350.0,46.0,,true
1919,500.0,58.0,,true
1920,5000.0,20.0,,true
1921,2200.0,131.0,,true
1922,3500.0,364.0,,true
1923,5000.0,600.0,,true
1924,500.0,148.0,,true
1925,125.0,542.0,,true
1926,40.0,444.0,,true
1927,350.0,157.0,,true
1928,500.0,193.0,,false
1929,500.0,346.0,,false
1930,3300.0,23.0,,false
1931,3300.0,26.0,,false
1932,3300.0,22.0,,false
1933,60.0,250.0,,false
1934,60.0,204.0,,false
1935,60.0,187.0,,false
1936,60.0,173.0,,false
1937,800.0,6.0,,false
1938,60.0,96.0,,false
1939,60.0,113.0,,false
1940,60.0,117.0,,false
1941,60.0,81.0,,false
1942,60.0,86.0,,false
1943,60.0,115.0,,false
1944,60.0,116.0,,false
1945,60.0,91.0,,false
1946,100.0,223.0,,false
1947,100.0,237.0,,false
1948,900.0,10.0,,false
1949,1150.0,18.0,,false
1950,1000.0,8.0,,false
1951,1350.0,50.0,,true
1952,500.0,56.0,,true
1953,5000.0,16.0,,true
1954,2200.0,135.0,,true
1955,3500.0,395.0,,true
1956,5000.0,600.0,,true
1957,500.0,149.0,,true
1958,125.0,545.0,,true
1959,40.0,353.0,,true
1960,350.0,173.0,,true
1961,500.0,181.0,,false
1962,500.0,327.0,,false
1963,3300.0,22.0,,false
1964,3300.0,22.0,,false
1965,3300.0,21.0,,false
1966,60.0,237.0,,false
1967,60.0,201.0,,false
1968,60.0,240.0,,false
1969,60.0,240.0,,false
1970,800.0,6.0,,false
1971,60.0,96.0,,false
1972,60.0,81.0,,false
1973,60.0,119.0,,false
1974,60.0,105.0,,false
1975,60.0,107.0,,false
1976,60.0,108.0,,false
1977,60.0,109.0,,false
1978,60.0,88.0,,false
1979,60.0,99.0,,false
1980,100.0,238.0,,false
1981,100.0,187.0,,false
1982,900.0,9.0,,false
1983,1150.0,15.0,,false
1984,1000.0,7.0,,false
1985,1350.0,47.0,,true
1986,500.0,60.0,,true
1987,5000.0,16.0,,true
1988,2200.0,136.0,,true
1989,3500.0,233.0,,true
1990,5000.0,600.0,,true
1991,500.0,143.0,,true
1992,125.0,470.0,,true
1993,40.0,390.0,,true
1994,350.0,142.0,,true
1995,500.0,189.0,,false
1996,500.0,513.0,,false
1997,3300.0,27.0,,false
1998,3300.0,26.0,,false
1999,3300.0,23.0,,false
2000,60.0,229.0,,false
2001,60.0,248.0,,false
2002,60.0,225.0,,false
2003,60.0,202.0,,false
2004,800.0,4.0,,false
2005,60.0,82.0,,false
2006,60.0,96.0,,false
2007,60.0,119.0,,false
2008,60.0,117.0,,false
2009,60.0,82.0,,false
2010,60.0,114.0,,false
2011,60.0,116.0,,false
2012,60.0,81.0,,false
2013,60.0,102.0,,false
2014,60.0,92.0,,false
2015,100.0,183.0,,false
2016,100.0,211.0,,false
2017,900.0,7.0,,false
2018,1150.0,13.0,,false
2019,1000.0,6.0,,false
2020,1350.0,50.0,,true
2021,500.0,58.0,,true
2022,5000.0,16.0,,true
2023,2200.0,139.0,,true
2024,3500.0,383.0,,true
2025,5000.0,600.0,,true
2026,500.0,156.0,,true
2027,125.0,492.0,,true
2028,40.0,418.0,,true
2029,350.0,146.0,,true
2030,500.0,188.0,,false
2031,500.0,496.0,,false
2032,3300.0,21.0,,false
2033,3300.0,25.0,,false
2034,3300.0,24.0,,false
2035,60.0,230.0,,false
2036,60.0,177.0,,false
2037,60.0,172.0,,false
2038,60.0,241.0,,false
2039,800.0,4.0,,false
2040,60.0,105.0,,false
2041,60.0,85.0,,false
2042,60.0,107.0,,false
2043,60.0,116.0,,false
2044,60.0,103.0,,false
2045,60.0,107.0,,false
2046,60.0,84.0,,false
2047,100.0,223.0,,false
2048,100.0,236.0,,false
2049,900.0,7.0,,false
2050,1150.0,18.0,,false
2051,1000.0,7.0,,false
2052,1350.0,50.0,,true
2053,500.0,58.0,,true
2054,5000.0,16.0,,true
2055,2200.0,135.0,,true
2056,3500.0,317.0,,true
2057,5000.0,600.0,,true
2058,500.0,145.0,,true
2059,125.0,484.0,,true
2060,40.0,442.0,,true
2061,350.0,162.0,,true
2062,500.0,183.0,,false
2063,500.0,402.0,,false
2064,3300.0,23.0,,false
2065,3300.0,22.0,,false
2066,3300.0,25.0,,false
2067,60.0,164.0,,false
2068,60.0,151.0,,false
2069,60.0,222.0,,false
2070,800.0,4.0,,false
2071,60.0,106.0,,false
2072,60.0,99.0,,false
2073,60.0,97.0,,false
2074,60.0,106.0,,false
2075,60.0,114.0,,false
2076,60.0,82.0,,false
2077,60.0,119.0,,false
2078,60.0,85.0,,false
2079,60.0,103.0,,false
2080,60.0,98.0,,false
2081,100.0,183.0,,false
2082,100.0,247.0,,false
2083,900.0,7.0,,false
2084,1150.0,15.0,,false
2085,1000.0,5.0,,false
2086,1350.0,46.0,,true
2087,500.0,60.0,,true
2088,5000.0,19.0,,true
2089,2200.0,135.0,,true
2090,3500.0,319.0,,true
2091,5000.0,600.0,,true
2092,500.0,158.0,,true
2093,125.0,550.0,,true
2094,40.0,410.0,,true
2095,350.0,175.0,,true
2096,500.0,185.0,,false
2097,500.0,349.0,,false
2098,3300.0,25.0,,false
2099,3300.0,21.0,,false
2100,3300.0,29.0,,false
2101,60.0,209.0,,false
2102,60.0,169.0,,false
2103,60.0,199.0,,false
2104,60.0,210.0,,false
2105,800.0,6.0,,false
2106,60.0,92.0,,false
2107,60.0,95.0,,false
2108,60.0,119.0,,false
2109,60.0,101.0,,false
2110,60.0,94.0,,false
2111,60.0,119.0,,false
2112,60.0,90.0,,false
2113,100.0,230.0,,false
2114,100.0,213.0,,false
2115,900.0,10.0,,false
2116,1150.0,14.0,,false
2117,1000.0,6.0,,false
2118,1350.0,49.0,,true
2119,500.0,59.0,,true
2120,5000.0,16.0,,true
2121,2200.0,134.0,,true
2122,3500.0,285.0,,true
2123,5000.0,600.0,,true
2124,500.0,141.0,,true
2125,125.0,536.0,,true
2126,40.0,391.0,,true
2127,350.0,173.0,,true
2128,500.0,194.0,,false
2129,500.0,457.0,,false
2130,3300.0,25.0,,false
2131,3300.0,22.0,,false
2132,3300.0,27.0,,false
2133,60.0,195.0,,false
2134,60.0,165.0,,false
2135,60.0,202.0,,false
2136,60.0,179.0,,false
2137,800.0,6.0,,false
2138,60.0,99.0,,false
2139,60.0,113.0,,false
2140,60.0,111.0,,false
2141,60.0,81.0,,false
2142,60.0,107.0,,false
2143,60.0,91.0,,false
2144,60.0,109.0,,false
2145,60.0,104.0,,false
2146,60.0,120.0,,false
2147,60.0,96.0,,false
2148,100.0,182.0,,false
2149,100.0,250.0,,false
2150,900.0,10.0,,false
2151,1150.0,14.0,,false
2152,1000.0,7.0,,false
2153,1350.0,49.0,,true
2154,500.0,58.0,,true
2155,5000.0,17.0,,true
2156,2200.0,134.0,,true
2157,3500.0,276.0,,true
2158,5000.0,600.0,,true
2159,500.0,141.0,,true
2160,125.0,465.0,,true
2161,40.0,395.0,,true
2162,350.0,151.0,,true
2163,500.0,180.0,,false
2164,500.0,350.0,,false
2165,3300.0,23.0,,false
2166,3300.0,26.0,,false
2167,3300.0,27.0,,false
2168,60.0,226.0,,false
2169,60.0,161.0,,false
2170,60.0,207.0,,false
2171,800.0,5.0,,false
2172,60.0,97.0,,false
2173,60.0,86.0,,false
2174,60.0,88.0,,false
2175,60.0,95.0,,false
2176,60.0,101.0,,false
2177,60.0,115.0,,false
2178,60.0,115.0,,false
2179,60.0,111.0,,false
2180,100.0,192.0,,false
2181,100.0,195.0,,false
2182,900.0,8.0,,false
2183,1150.0,15.0,,false
2184,1000.0,8.0,,false
2185,1350.0,46.0,,true
2186,500.0,58.0,,true
2187,5000.0,17.0,,true
2188,2200.0,132.0,,true
2189,3500.0,240.0,,true
2190,5000.0,600.0,,true
2191,500.0,148.0,,true
2192,125.0,537.0,,true
2193,40.0,390.0,,true
2194,350.0,149.0,,true
2195,500.0,197.0,,false
2196,500.0,539.0,,false
2197,3300.0,29.0,,false
2198,3300.0,28.0,,false
2199,3300.0,30.0,,false
2200,60.0,211.0,,false
2201,60.0,219.0,,false
2202,60.0,194.0,,false
2203,800.0,5.0,,false
2204,60.0,102.0,,false
2205,60.0,106.0,,false
2206,60.0,104.0,,false
2207,60.0,83.0,,false
2208,60.0,88.0,,false
2209,60.0,118.0,,false
2210,60.0,115.0,,false
2211,60.0,90.0,,false
2212,100.0,248.0,,false
2213,100.0,200.0,,false
2214,900.0,8.0,,false
2215,1150.0,17.0,,false
2216,1000.0,5.0,,false
2217,1350.0,47.0,,true
2218,500.0,56.0,,true
2219,5000.0,16.0,,true
2220,2200.0,131.0,,true
2221,3500.0,236.0,,true
2222,5000.0,600.0,,true
2223,500.0,145.0,,true
2224,125.0,533.0,,true
2225,40.0,452.0,,true
2226,350.0,153.0,,true
2227,500.0,187.0,,false
2228,500.0,541.0,,false
2229,3300.0,21.0,,false
2230,3300.0,22.0,,false
2231,3300.0,24.0,,false
2232,60.0,227.0,,false
2233,60.0,243.0,,false
2234,60.0,171.0,,false
2235,60.0,240.0,,false
2236,800.0,4.0,,false
2237,60.0,114.0,,false
2238,60.0,103.0,,false
2239,60.0,84.0,,false
2240,60.0,81.0,,false
2241,60.0,99.0,,false
2242,60.0,84.0,,false
2243,60.0,96.0,,false
2244,60.0,85.0,,false
2245,60.0,97.0,,false
2246,100.0,181.0,,false
2247,100.0,214.0,,false
2248,900.0,8.0,,false
2249,1150.0,18.0,,false
2250,1000.0,8.0,,false
2251,1350.0,47.0,,true
2252,500.0,57.0,,true
2253,5000.0,16.0,,true
2254,2200.0,134.0,,true
2255,3500.0,395.0,,true
2256,5000.0,600.0,,true
2257,500.0,154.0,,true
2258,125.0,490.0,,true
2259,40.0,396.0,,true
2260,350.0,168.0,,true
2261,500.0,196.0,,false
2262,500.0,342.0,,false
2263,3300.0,29.0,,false
2264,3300.0,24.0,,false
2265,3300.0,27.0,,false
2266,60.0,187.0,,false
2267,60.0,224.0,,false
2268,60.0,229.0,,false
2269,60.0,153.0,,false
2270,800.0,5.0,,false
2271,60.0,116.0,,false
2272,60.0,81.0,,false
2273,60.0,109.0,,false
2274,60.0,104.0,,false
2275,60.0,97.0,,false
2276,60.0,120.0,,false
2277,60.0,90.0,,false
2278,60.0,114.0,,false
2279,60.0,89.0,,false
2280,100.0,222.0,,false
2281,100.0,223.0,,false
2282,900.0,7.0,,false
2283,1150.0,16.0,,false
2284,1000.0,8.0,,false
2285,1350.0,48.0,,true
2286,500.0,57.0,,true
2287,5000.0,17.0,,true
2288,2200.0,133.0,,true
2289,3500.0,308.0,,true
2290,5000.0,600.0,,true
2291,500.0,147.0,,true
2292,125.0,468.0,,true
2293,40.0,389.0,,true
2294,350.0,170.0,,true
2295,500.0,198.0,,false
2296,500.0,322.0,,false
2297,3300.0,23.0,,false
2298,3300.0,23.0,,false
2299,3300.0,24.0,,false
2300,60.0,240.0,,false
2301,60.0,230.0,,false
2302,60.0,249.0,,false
2303,800.0,5.0,,false
2304,60.0,120.0,,false
2305,60.0,113.0,,false
2306,60.0,93.0,,false
2307,60.0,92.0,,false
2308,60.0,91.0,,false
2309,60.0,114.0,,false
2310,60.0,83.0,,false
2311,60.0,83.0,,false
2312,60.0,90.0,,false
2313,60.0,106.0,,false
2314,100.0,225.0,,false
2315,100.0,232.0,,false
2316,900.0,8.0,,false
2317,1150.0,16.0,,false
2318,1000.0,7.0,,false
2319,1350.0,50.0,,true
2320,500.0,60.0,,true
2321,5000.0,19.0,,true
2322,2200.0,137.0,,true
2323,3500.0,264.0,,true
2324,5000.0,600.0,,true
2325,500.0,160.0,,true
2326,125.0,502.0,,true
2327,40.0,429.0,,true
2328,350.0,176.0,,true
2329,500.0,200.0,,false
2330,500.0,502.0,,false
2331,3300.0,25.0,,false
2332,3300.0,21.0,,false
2333,3300.0,22.0,,false
2334,60.0,225.0,,false
2335,60.0,243.0,,false
2336,60.0,194.0,,false
2337,800.0,4.0,,false
2338,60.0,95.0,,false
2339,60.0,84.0,,false
2340,60.0,93.0,,false
2341,60.0,101.0,,false
2342,60.0,100.0,,false
2343,60.0,85.0,,false
2344,100.0,194.0,,false
2345,100.0,189.0,,false
2346,900.0,10.0,,false
2347,1150.0,15.0,,false
2348,1000.0,8.0,,false
2349,1350.0,47.0,,true
2350,500.0,59.0,,true
2351,5000.0,17.0,,true
2352,2200.0,136.0,,true
2353,3500.0,305.0,,true
2354,5000.0,600.0,,true
2355,500.0,147.0,,true
2356,125.0,480.0,,true
2357,40.0,414.0,,true
2358,350.0,166.0,,true
2359,500.0,172.0,,false
2360,500.0,590.0,,false
2361,3300.0,29.0,,false
2362,3300.0,23.0,,false
2363,3300.0,27.0,,false
2364,60.0,220.0,,false
2365,60.0,230.0,,false
2366,60.0,170.0,,false
2367,60.0,165.0,,false
2368,800.0,4.0,,false
2369,60.0,100.0,,false
2370,60.0,108.0,,false
2371,60.0,85.0,,false
2372,60.0,102.0,,false
2373,60.0,106.0,,false
2374,60.0,91.0,,false
2375,60.0,90.0,,false
2376,60.0,84.0,,false
2377,100.0,212.0,,false
2378,100.0,205.0,,false
2379,900.0,7.0,,false
2380,1150.0,18.0,,false
2381,1000.0,7.0,,false
2382,1350.0,50.0,,true
2383,500.0,57.0,,true
2384,5000.0,16.0,,true
2385,2200.0,132.0,,true
2386,3500.0,389.0,,true
2387,5000.0,600.0,,true
2388,500.0,149.0,,true
2389,125.0,458.0,,true
2390,40.0,404.0,,true
2391,350.0,163.0,,true
2392,500.0,195.0,,false
2393,500.0,565.0,,false
2394,3300.0,25.0,,false
2395,3300.0,26.0,,false
2396,3300.0,28.0,,false
2397,60.0,226.0,,false
2398,60.0,212.0,,false
2399,60.0,205.0,,false
2400,60.0,249.0,,false
2401,800.0,4.0,,false
2402,60.0,93.0,,false
2403,60.0,92.0,,false
2404,60.0,113.0,,false
2405,60.0,112.0,,false
2406,60.0,84.0,,false
2407,60.0,102.0,,false
2408,60.0,102.0,,false
2409,60.0,85.0,,false
2410,60.0,90.0,,false
2411,60.0,117.0,,false
2412,100.0,212.0,,false
2413,100.0,209.0,,false
2414,900.0,7.0,,false
2415,1150.0,16.0,,false
2416,1000.0,8.0,,false
2417,1350.0,47.0,,true
2418,500.0,57.0,,true
2419,5000.0,18.0,,true
2420,2200.0,137.0,,true
2421,3500.0,254.0,,true
2422,5000.0,600.0,,true
2423,500.0,152.0,,true
2424,125.0,459.0,,true
2425,40.0,386.0,,true
2426,350.0,171.0,,true
2427,500.0,179.0,,false
2428,500.0,556.0,,false
2429,3300.0,27.0,,false
2430,3300.0,29.0,,false
2431,3300.0,21.0,,false
2432,60.0,229.0,,false
2433,60.0,212.0,,false
2434,60.0,201.0,,false
2435,800.0,5.0,,false
2436,60.0,88.0,,false
2437,60.0,120.0,,false
2438,60.0,96.0,,false
2439,60.0,113.0,,false
2440,60.0,96.0,,false
2441,60.0,81.0,,false
2442,60.0,103.0,,false
2443,60.0,105.0,,false
2444,100.0,245.0,,false
2445,100.0,223.0,,false
2446,900.0,9.0,,false
2447,1150.0,18.0,,false
2448,1000.0,6.0,,false
2449,1350.0,46.0,,true
2450,500.0,60.0,,true
2451,5000.0,16.0,,true
2452,2200.0,140.0,,true
2453,3500.0,363.0,,true
2454,5000.0,600.0,,true
2455,500.0,148.0,,true
2456,125.0,544.0,,true
2457,40.0,433.0,,true
2458,350.0,168.0,,true
2459,500.0,199.0,,false
2460,500.0,352.0,,false
2461,3300.0,26.0,,false
2462,3300.0,22.0,,false
2463,3300.0,21.0,,false
2464,60.0,185.0,,false
2465,60.0,175.0,,false
2466,60.0,208.0,,false
2467,60.0,233.0,,false
2468,800.0,6.0,,false
2469,60.0,110.0,,false
2470,60.0,105.0,,false
2471,60.0,90.0,,false
2472,60.0,106.0,,false
2473,60.0,86.0,,false
2474,60.0,109.0,,false
2475,60.0,96.0,,false
2476,60.0,118.0,,false
2477,60.0,89.0,,false
2478,100.0,247.0,,false
2479,100.0,192.0,,false
2480,900.0,10.0,,false
2481,1150.0,13.0,,false
2482,1000.0,6.0,,false
2483,1350.0,48.0,,true
2484,500.0,58.0,,true
2485,5000.0,17.0,,true
2486,2200.0,131.0,,true
2487,3500.0,328.0,,true
2488,5000.0,600.0,,true
2489,500.0,152.0,,true
2490,125.0,539.0,,true
2491,40.0,455.0,,true
2492,350.0,162.0,,true
2493,500.0,192.0,,false
2494,500.0,437.0,,false
2495,3300.0,25.0,,false
2496,3300.0,30.0,,false
2497,3300.0,30.0,,false
2498,60.0,224.0,,false
2499,60.0,162.0,,false
2500,60.0,203.0,,false
2501,800.0,4.0,,false
2502,60.0,113.0,,false
2503,60.0,96.0,,false
2504,60.0,89.0,,false
2505,60.0,114.0,,false
2506,60.0,111.0,,false
2507,60.0,94.0,,false
2508,60.0,118.0,,false
2509,60.0,113.0,,false
2510,60.0,120.0,,false
2511,100.0,182.0,,false
2512,100.0,250.0,,false
2513,900.0,7.0,,false
2514,1150.0,16.0,,false
2515,1000.0,8.0,,false
2516,1350.0,49.0,,true
2517,500.0,60.0,,true
2518,5000.0,19.0,,true
2519,2200.0,136.0,,true
2520,3500.0,370.0,,true
2521,5000.0,600.0,,true
2522,500.0,160.0,,true
2523,125.0,544.0,,true
2524,40.0,352.0,,true
2525,350.0,165.0,,true
2526,500.0,186.0,,false
2527,500.0,540.0,,false
2528,3300.0,27.0,,false
2529,3300.0,23.0,,false
2530,3300.0,29.0,,false
2531,60.0,246.0,,false
2532,60.0,213.0,,false
2533,60.0,168.0,,false
2534,60.0,162.0,,false
2535,800.0,4.0,,false
2536,60.0,117.0,,false
2537,60.0,83.0,,false
2538,60.0,84.0,,false
2539,60.0,84.0,,false
2540,60.0,84.0,,false
2541,60.0,83.0,,false
2542,60.0,114.0,,false
2543,60.0,112.0,,false
2544,100.0,198.0,,false
2545,100.0,209.0,,false
2546,900.0,8.0,,false
2547,1150.0,15.0,,false
2548,1000.0,5.0,,false
2549,1350.0,50.0,,true
2550,500.0,59.0,,true
2551,5000.0,16.0,,true
2552,2200.0,131.0,,true
2553,3500.0,255.0,,true
2554,5000.0,600.0,,true
2555,500.0,154.0,,true
2556,125.0,479.0,,true
2557,40.0,373.0,,true
2558,350.0,153.0,,true
2559,500.0,191.0,,false
2560,500.0,484.0,,false
2561,3300.0,22.0,,false
2562,3300.0,25.0,,false
2563,3300.0,23.0,,false
2564,60.0,218.0,,false
2565,60.0,248.0,,false
2566,60.0,175.0,,false
2567,60.0,214.0,,false
2568,800.0,5.0,,false
2569,60.0,113.0,,false
2570,60.0,102.0,,false
2571,60.0,82.0,,false
2572,60.0,83.0,,false
2573,60.0,99.0,,false
2574,60.0,91.0,,false
2575,100.0,215.0,,false
2576,100.0,239.0,,false
2577,900.0,8.0,,false
2578,1150.0,17.0,,false
2579,1000.0,5.0,,false
2580,1350.0,46.0,,true
2581,500.0,60.0,,true
2582,5000.0,18.0,,true
2583,2200.0,138.0,,true
2584,3500.0,296.0,,true
2585,5000.0,600.0,,true
2586,500.0,143.0,,true
2587,125.0,481.0,,true
2588,40.0,400.0,,true
2589,350.0,145.0,,true
2590,500.0,193.0,,false
2591,500.0,320.0,,false
2592,3300.0,26.0,,false
2593,3300.0,24.0,,false
2594,3300.0,23.0,,false
2595,60.0,194.0,,false
2596,60.0,249.0,,false
2597,60.0,197.0,,false
2598,800.0,6.0,,false
2599,60.0,86.0,,false
2600,60.0,116.0,,false
2601,60.0,105.0,,false
2602,60.0,84.0,,false
2603,60.0,119.0,,false
2604,60.0,105.0,,false
2605,60.0,107.0,,false
2606,60.0,120.0,,false
2607,60.0,113.0,,false
2608,60.0,104.0,,false
2609,100.0,212.0,,false
2610,100.0,214.0,,false
2611,900.0,10.0,,false
2612,1150.0,18.0,,false
2613,1000.0,5.0,,false
2614,1350.0,49.0,,true
2615,500.0,57.0,,true
2616,5000.0,18.0,,true
2617,2200.0,136.0,,true
2618,3500.0,330.0,,true
2619,5000.0,600.0,,true
2620,500.0,147.0,,true
2621,125.0,464.0,,true
2622,40.0,438.0,,true
2623,350.0,166.0,,true
2624,500.0,182.0,,false
2625,500.0,416.0,,false
2626,3300.0,24.0,,false
2627,3300.0,28.0,,false
2628,3300.0,24.0,,false
2629,60.0,221.0,,false
2630,60.0,212.0,,false
2631,60.0,244.0,,false
2632,800.0,6.0,,false
2633,60.0,112.0,,false
2634,60.0,85.0,,false
2635,60.0,108.0,,false
2636,60.0,108.0,,false
2637,60.0,110.0,,false
2638,60.0,95.0,,false
2639,100.0,216.0,,false
2640,100.0,200.0,,false
2641,900.0,9.0,,false
2642,1150.0,17.0,,false
2643,1000.0,5.0,,false
2644,1350.0,46.0,,true
2645,500.0,60.0,,true
2646,5000.0,20.0,,true
2647,2200.0,140.0,,true
2648,3500.0,241.0,,true
2649,5000.0,600.0,,true
2650,500.0,157.0,,true
2651,125.0,490.0,,true
2652,40.0,360.0,,true
2653,350.0,151.0,,true
2654,500.0,173.0,,false
2655,500.0,398.0,,false
2656,3300.0,25.0,,false
2657,3300.0,24.0,,false
2658,3300.0,24.0,,false
2659,60.0,208.0,,false
2660,60.0,177.0,,false
2661,60.0,239.0,,false
2662,60.0,236.0,,false
2663,800.0,4.0,,false
2664,60.0,83.0,,false
2665,60.0,109.0,,false
2666,60.0,82.0,,false
2667,60.0,96.0,,false
2668,60.0,97.0,,false
2669,60.0,81.0,,false
2670,60.0,117.0,,false
2671,60.0,92.0,,false
2672,100.0,188.0,,false
2673,100.0,232.0,,false
2674,900.0,9.0,,false
2675,1150.0,15.0,,false
2676,1000.0,5.0,,false
2677,1350.0,48.0,,true
2678,500.0,59.0,,true
2679,5000.0,17.0,,true
2680,2200.0,138.0,,true
2681,3500.0,373.0,,true
2682,5000.0,600.0,,true
2683,500.0,151.0,,true
2684,125.0,486.0,,true
2685,40.0,442.0,,true
2686,350.0,180.0,,true
2687,500.0,191.0,,false
2688,500.0,467.0,,false
2689,3300.0,23.0,,false
2690,3300.0,25.0,,false
2691,3300.0,29.0,,false
2692,60.0,214.0,,false
2693,60.0,176.0,,false
2694,60.0,236.0,,false
2695,800.0,5.0,,false
2696,60.0,111.0,,false
2697,60.0,105.0,,false
2698,60.0,96.0,,false
2699,60.0,120.0,,false
2700,60.0,107.0,,false
2701,60.0,111.0,,false
2702,60.0,93.0,,false
2703,60.0,84.0,,false
2704,100.0,216.0,,false
2705,100.0,211.0,,false
2706,900.0,9.0,,false
2707,1150.0,17.0,,false
2708,1000.0,6.0,,false
2709,1350.0,48.0,,true
2710,500.0,56.0,,true
2711,5000.0,16.0,,true
2712,2200.0,137.0,,true
2713,3500.0,329.0,,true
2714,5000.0,600.0,,true
2715,500.0,156.0,,true
2716,125.0,540.0,,true
2717,40.0,400.0,,true
2718,350.0,143.0,,true
2719,500.0,197.0,,false
2720,500.0,404.0,,false
2721,3300.0,27.0,,false
2722,3300.0,22.0,,false
2723,3300.0,23.0,,false
2724,60.0,224.0,,false
2725,60.0,240.0,,false
2726,60.0,211.0,,false
2727,60.0,219.0,,false
2728,800.0,6.0,,false
2729,60.0,91.0,,false
2730,60.0,100.0,,false
2731,60.0,94.0,,false
2732,60.0,83.0,,false
2733,60.0,111.0,,false
2734,60.0,114.0,,false
2735,100.0,220.0,,false
2736,100.0,213.0,,false
2737,900.0,7.0,,false
2738,1150.0,15.0,,false
2739,1000.0,5.0,,false
2740,1350.0,50.0,,true
2741,500.0,58.0,,true
2742,5000.0,19.0,,true
2743,2200.0,131.0,,true
2744,3500.0,340.0,,true
2745,5000.0,600.0,,true
2746,500.0,157.0,,true
2747,125.0,535.0,,true
2748,40.0,363.0,,true
2749,350.0,166.0,,true
2750,500.0,185.0,,false
2751,500.0,352.0,,false
2752,3300.0,30.0,,false
2753,3300.0,25.0,,false
2754,3300.0,23.0,,false
2755,60.0,169.0,,false
2756,60.0,165.0,,false
2757,60.0,200.0,,false
2758,60.0,163.0,,false
2759,800.0,4.0,,false
2760,60.0,113.0,,false
2761,60.0,101.0,,false
2762,60.0,115.0,,false
2763,60.0,103.0,,false
2764,60.0,118.0,,false
2765,60.0,110.0,,false
2766,100.0,247.0,,false
2767,100.0,214.0,,false
2768,900.0,10.0,,false
2769,1150.0,13.0,,false
2770,1000.0,7.0,,false
2771,1350.0,47.0,,true
2772,500.0,59.0,,true
2773,5000.0,19.0,,true
2774,2200.0,132.0,,true
2775,3500.0,211.0,,true
2776,5000.0,600.0,,true
2777,500.0,145.0,,true
2778,125.0,458.0,,true
2779,40.0,389.0,,true
2780,350.0,153.0,,true
2781,500.0,177.0,,false
2782,500.0,462.0,,false
2783,3300.0,30.0,,false
2784,3300.0,22.0,,false
2785,3300.0,23.0,,false
2786,60.0,163.0,,false
2787,60.0,191.0,,false
2788,60.0,214.0,,false
2789,60.0,237.0,,false
2790,800.0,5.0,,false
2791,60.0,119.0,,false
2792,60.0,103.0,,false
2793,60.0,88.0,,false
2794,60.0,99.0,,false
2795,60.0,84.0,,false
2796,60.0,94.0,,false
2797,60.0,110.0,,false
2798,60.0,102.0,,false
2799,60.0,85.0,,false
2800,60.0,85.0,,false
2801,100.0,230.0,,false
2802,100.0,224.0,,false
2803,900.0,10.0,,false
2804,1150.0,16.0,,false
2805,1000.0,8.0,,false
2806,1350.0,50.0,,true
2807,500.0,57.0,,true
2808,5000.0,17.0,,true
2809,2200.0,135.0,,true
2810,3500.0,296.0,,true
2811,5000.0,600.0,,true
2812,500.0,148.0,,true
2813,125.0,487.0,,true
2814,40.0,432.0,,true
2815,350.0,165.0,,true
2816,500.0,179.0,,false
2817,500.0,576.0,,false
2818,3300.0,23.0,,false
2819,3300.0,21.0,,false
2820,3300.0,28.0,,false
2821,60.0,219.0,,false
2822,60.0,187.0,,false
2823,60.0,190.0,,false
2824,800.0,4.0,,false
2825,60.0,91.0,,false
2826,60.0,108.0,,false
2827,60.0,87.0,,false
2828,60.0,112.0,,false
2829,60.0,102.0,,false
2830,60.0,118.0,,false
2831,60.0,120.0,,false
2832,60.0,103.0,,false
2833,60.0,103.0,,false
2834,100.0,192.0,,false
2835,100.0,181.0,,false
2836,900.0,8.0,,false
2837,1150.0,17.0,,false
2838,1000.0,7.0,,false
2839,1350.0,49.0,,true
2840,500.0,59.0,,true
2841,5000.0,20.0,,true
2842,2200.0,136.0,,true
2843,3500.0,224.0,,true
2844,5000.0,600.0,,true
2845,500.0,160.0,,true
2846,125.0,548.0,,true
2847,40.0,386.0,,true
2848,350.0,175.0,,true
2849,500.0,188.0,,false
2850,500.0,492.0,,false
2851,3300.0,21.0,,false
2852,3300.0,24.0,,false
2853,3300.0,22.0,,false
2854,60.0,243.0,,false
2855,60.0,175.0,,false
2856,60.0,196.0,,false
2857,800.0,6.0,,false
2858,60.0,84.0,,false
2859,60.0,113.0,,false
2860,60.0,84.0,,false
2861,60.0,102.0,,false
2862,60.0,109.0,,false
2863,60.0,100.0,,false
2864,60.0,91.0,,false
2865,60.0,99.0,,false
2866,60.0,110.0,,false
2867,60.0,100.0,,false
2868,100.0,243.0,,false
2869,100.0,234.0,,false
2870,900.0,7.0,,false
2871,1150.0,13.0,,false
2872,1000.0,5.0,,false
2873,1350.0,48.0,,true
2874,500.0,58.0,,true
2875,5000.0,16.0,,true
2876,2200.0,131.0,,true
2877,3500.0,350.0,,true
2878,5000.0,600.0,,true
2879,500.0,155.0,,true
2880,125.0,547.0,,true
2881,40.0,412.0,,true
2882,350.0,153.0,,true
2883,500.0,191.0,,false
2884,500.0,468.0,,false
2885,3300.0,22.0,,false
2886,3300.0,22.0,,false
2887,3300.0,21.0,,false
2888,60.0,178.0,,false
2889,60.0,212.0,,false
2890,60.0,153.0,,false
2891,60.0,240.0,,false
2892,800.0,5.0,,false
2893,60.0,83.0,,false
2894,60.0,116.0,,false
2895,60.0,111.0,,false
2896,60.0,110.0,,false
2897,60.0,102.0,,false
2898,60.0,85.0,,false
2899,60.0,101.0,,false
2900,60.0,97.0,,false
2901,60.0,102.0,,false
2902,60.0,112.0,,false
2903,100.0,222.0,,false
2904,100.0,197.0,,false
2905,900.0,8.0,,false
2906,1150.0,17.0,,false
2907,1000.0,8.0,,false
2908,1350.0,49.0,,true
2909,500.0,57.0,,true
2910,5000.0,19.0,,true
2911,2200.0,133.0,,true
2912,3500.0,377.0,,true
2913,5000.0,600.0,,true
2914,500.0,146.0,,true
2915,125.0,472.0,,true
2916,40.0,384.0,,true
2917,350.0,166.0,,true
2918,500.0,185.0,,false
2919,500.0,467.0,,false
2920,3300.0,25.0,,false
2921,3300.0,26.0,,false
2922,3300.0,25.0,,false
2923,60.0,247.0,,false
2924,60.0,165.0,,false
2925,60.0,206.0,,false
2926,800.0,5.0,,false
2927,60.0,81.0,,false
2928,60.0,85.0,,false
2929,60.0,84.0,,false
2930,60.0,106.0,,false
2931,60.0,106.0,,false
2932,60.0,90.0,,false
2933,60.0,85.0,,false
2934,60.0,104.0,,false
2935,60.0,117.0,,false
2936,60.0,87.0,,false
2937,100.0,208.0,,false
2938,100.0,217.0,,false
2939,900.0,10.0,,false
2940,1150.0,14.0,,false
2941,1000.0,5.0,,false
2942,1350.0,50.0,,true
2943,500.0,56.0,,true
2944,5000.0,17.0,,true
2945,2200.0,132.0,,true
2946,3500.0,349.0,,true
2947,5000.0,600.0,,true
2948,500.0,151.0,,true
2949,125.0,469.0,,true
2950,40.0,392.0,,true
2951,350.0,164.0,,true
2952,500.0,183.0,,false
2953,500.0,396.0,,false
2954,3300.0,30.0,,false
2955,3300.0,27.0,,false
2956,3300.0,24.0,,false
2957,60.0,215.0,,false
2958,60.0,160.0,,false
2959,60.0,244.0,,false
2960,60.0,244.0,,false
2961,800.0,6.0,,false
2962,60.0,106.0,,false
2963,60.0,90.0,,false
2964,60.0,81.0,,false
2965,60.0,88.0,,false
2966,60.0,84.0,,false
2967,60.0,104.0,,false
2968,100.0,232.0,,false
2969,100.0,244.0,,false
2970,900.0,10.0,,false
2971,1150.0,14.0,,false
2972,1000.0,7.0,,false
2973,1350.0,46.0,,true
2974,500.0,56.0,,true
2975,5000.0,18.0,,true
2976,2200.0,134.0,,true
2977,3500.0,246.0,,true
2978,5000.0,600.0,,true
2979,500.0,156.0,,true
2980,125.0,500.0,,true
2981,40.0,430.0,,true
2982,350.0,156.0,,true
2983,500.0,193.0,,false
2984,500.0,593.0,,false
2985,3300.0,28.0,,false
2986,3300.0,29.0,,false
2987,3300.0,29.0,,false
2988,60.0,194.0,,false
2989,60.0,176.0,,false
2990,60.0,243.0,,false
2991,60.0,189.0,,false
2992,800.0,5.0,,false
2993,60.0,113.0,,false
2994,60.0,119.0,,false
2995,60.0,120.0,,false
2996,60.0,84.0,,false
2997,60.0,114.0,,false
2998,60.0,118.0,,false
2999,60.0,112.0,,false
3000,100.0,228.0,,false
3001,100.0,211.0,,false
3002,900.0,9.0,,false
3003,1150.0,14.0,,false
3004,1000.0,8.0,,false
3005,1350.0,49.0,,true
3006,500.0,56.0,,true
3007,5000.0,18.0,,true
3008,2200.0,137.0,,true
3009,3500.0,364.0,,true
3010,5000.0,600.0,,true
3011,500.0,141.0,,true
3012,125.0,540.0,,true
3013,40.0,450.0,,true
3014,350.0,141.0,,true
3015,500.0,198.0,,false
3016,500.0,322.0,,false
3017,3300.0,27.0,,false
3018,3300.0,24.0,,false
3019,3300.0,22.0,,false
3020,60.0,188.0,,false
3021,60.0,233.0,,false
3022,60.0,202.0,,false
3023,60.0,207.0,,false
3024,800.0,4.0,,false
3025,60.0,88.0,,false
3026,60.0,109.0,,false
3027,60.0,107.0,,false
3028,60.0,113.0,,false
3029,60.0,109.0,,false
3030,60.0,95.0,,false
3031,60.0,85.0,,false
3032,100.0,232.0,,false
3033,100.0,209.0,,false
3034,900.0,7.0,,false
3035,1150.0,17.0,,false
3036,1000.0,5.0,,false
3037,1350.0,46.0,,true
3038,500.0,58.0,,true
3039,5000.0,20.0,,true
3040,2200.0,138.0,,true
3041,3500.0,388.0,,true
3042,5000.0,600.0,,true
3043,500.0,144.0,,true
3044,125.0,508.0,,true
3045,40.0,375.0,,true
3046,350.0,160.0,,true
3047,500.0,177.0,,false
3048,500.0,494.0,,false
3049,3300.0,28.0,,false
3050,3300.0,23.0,,false
3051,3300.0,23.0,,false
3052,60.0,214.0,,false
3053,60.0,166.0,,false
3054,60.0,165.0,,false
3055,800.0,5.0,,false
3056,60.0,103.0,,false
3057,60.0,106.0,,false
3058,60.0,93.0,,false
3059,60.0,100.0,,false
3060,60.0,84.0,,false
3061,60.0,105.0,,false
3062,60.0,83.0,,false
3063,100.0,228.0,,false
3064,100.0,185.0,,false
3065,900.0,10.0,,false
3066,1150.0,14.0,,false
3067,1000.0,6.0,,false
3068,1350.0,48.0,,true
3069,500.0,59.0,,true
3070,5000.0,20.0,,true
3071,2200.0,132.0,,true
3072,3500.0,392.0,,true
3073,5000.0,600.0,,true
3074,500.0,154.0,,true
3075,125.0,477.0,,true
3076,40.0,397.0,,true
3077,350.0,150.0,,true
3078,500.0,188.0,,false
3079,500.0,485.0,,false
3080,3300.0,21.0,,false
3081,3300.0,27.0,,false
3082,3300.0,25.0,,false
3083,60.0,153.0,,false
3084,60.0,220.0,,false
3085,60.0,179.0,,false
3086,60.0,221.0,,false
3087,800.0,6.0,,false
3088,60.0,100.0,,false
3089,60.0,110.0,,false
3090,60.0,112.0,,false
3091,60.0,96.0,,false
3092,60.0,95.0,,false
3093,60.0,105.0,,false
3094,60.0,109.0,,false
3095,60.0,97.0,,false
3096,60.0,101.0,,false
3097,100.0,233.0,,false
3098,100.0,219.0,,false
3099,900.0,10.0,,false
3100,1150.0,16.0,,false
3101,1000.0,6.0,,false
3102,1350.0,49.0,,true
3103,500.0,56.0,,true
3104,5000.0,18.0,,true
3105,2200.0,131.0,,true
3106,3500.0,351.0,,true
3107,5000.0,600.0,,true
3108,500.0,157.0,,true
3109,125.0,473.0,,true
3110,40.0,352.0,,true
3111,350.0,157.0,,true
3112,500.0,178.0,,false
3113,500.0,384.0,,false
3114,3300.0,21.0,,false
3115,3300.0,22.0,,false
3116,3300.0,25.0,,false
3117,60.0,171.0,,false
3118,60.0,229.0,,false
3119,60.0,235.0,,false
3120,800.0,5.0,,false
3121,60.0,116.0,,false
3122,60.0,117.0,,false
3123,60.0,108.0,,false
3124,60.0,95.0,,false
3125,60.0,115.0,,false
3126,60.0,102.0,,false
3127,60.0,108.0,,false
3128,60.0,98.0,,false
3129,100.0,241.0,,false
3130,100.0,230.0,,false
3131,900.0,9.0,,false
3132,1150.0,17.0,,false
3133,1000.0,5.0,,false
3134,1350.0,49.0,,true
3135,500.0,59.0,,true
3136,5000.0,18.0,,true
3137,2200.0,137.0,,true
3138,3500.0,203.0,,true
3139,5000.0,600.0,,true
3140,500.0,149.0,,true
3141,125.0,495.0,,true
3142,40.0,431.0,,true
3143,350.0,148.0,,true
3144,500.0,176.0,,false
3145,500.0,576.0,,false
3146,3300.0,24.0,,false
3147,3300.0,28.0,,false
3148,3300.0,29.0,,false
3149,60.0,175.0,,false
3150,60.0,176.0,,false
3151,60.0,203.0,,false
3152,800.0,5.0,,false
3153,60.0,97.0,,false
3154,60.0,87.0,,false
3155,60.0,115.0,,false
3156,60.0,116.0,,false
3157,60.0,114.0,,false
3158,60.0,92.0,,false
3159,60.0,101.0,,false
3160,60.0,98.0,,false
3161,100.0,219.0,,false
3162,100.0,200.0,,false
3163,900.0,10.0,,false
3164,1150.0,17.0,,false
3165,1000.0,5.0,,false
3166,1350.0,48.0,,true
3167,500.0,57.0,,true
3168,5000.0,16.0,,true
3169,2200.0,135.0,,true
3170,3500.0,372.0,,true
3171,5000.0,600.0,,true
3172,500.0,156.0,,true
3173,125.0,476.0,,true
3174,40.0,423.0,,true
3175,350.0,175.0,,true
3176,500.0,184.0,,false
3177,500.0,402.0,,false
3178,3300.0,21.0,,false
3179,3300.0,30.0,,false
3180,3300.0,26.0,,false
3181,60.0,243.0,,false
3182,60.0,191.0,,false
3183,60.0,216.0,,false
3184,800.0,6.0,,false
3185,60.0,114.0,,false
3186,60.0,103.0,,false
3187,60.0,108.0,,false
3188,60.0,107.0,,false
3189,60.0,105.0,,false
3190,60.0,105.0,,false
3191,60.0,107.0,,false
3192,60.0,111.0,,false
3193,100.0,215.0,,false
3194,100.0,183.0,,false
3195,900.0,10.0,,false
3196,1150.0,16.0,,false
3197,1000.0,8.0,,false
3198,1350.0,49.0,,true
3199,500.0,56.0,,true
3200,5000.0,19.0,,true
3201,2200.0,140.0,,true
3202,3500.0,246.0,,true
3203,5000.0,600.0,,true
3204,500.0,141.0,,true
3205,125.0,535.0,,true
3206,40.0,371.0,,true
3207,350.0,161.0,,true
3208,500.0,198.0,,false
3209,500.0,496.0,,false
3210,3300.0,25.0,,false
3211,3300.0,28.0,,false
3212,3300.0,24.0,,false
3213,60.0,193.0,,false
3214,60.0,225.0,,false
3215,60.0,188.0,,false
3216,800.0,6.0,,false
3217,60.0,105.0,,false
3218,60.0,103.0,,false
3219,60.0,106.0,,false
3220,60.0,116.0,,false
3221,60.0,113.0,,false
3222,60.0,93.0,,false
3223,100.0,249.0,,false
3224,100.0,213.0,,false
3225,900.0,7.0,,false
3226,1150.0,17.0,,false
3227,1000.0,5.0,,false
3228,1350.0,46.0,,true
3229,500.0,57.0,,true
3230,5000.0,18.0,,true
3231,2200.0,140.0,,true
3232,3500.0,385.0,,true
3233,5000.0,600.0,,true
3234,500.0,157.0,,true
3235,125.0,493.0,,true
3236,40.0,372.0,,true
3237,350.0,171.0,,true
3238,500.0,190.0,,false
3239,500.0,539.0,,false
3240,3300.0,22.0,,false
3241,3300.0,30.0,,false
3242,3300.0,29.0,,false
3243,60.0,165.0,,false
3244,60.0,216.0,,false
3245,60.0,209.0,,false
3246,800.0,6.0,,false
3247,60.0,86.0,,false
3248,60.0,111.0,,false
3249,60.0,91.0,,false
3250,60.0,92.0,,false
3251,60.0,85.0,,false
3252,60.0,89.0,,false
3253,60.0,112.0,,false
3254,60.0,107.0,,false
3255,60.0,114.0,,false
3256,60.0,90.0,,false
3257,100.0,242.0,,false
3258,100.0,184.0,,false
3259,900.0,8.0,,false
3260,1150.0,15.0,,false
3261,1000.0,8.0,,false
