Reference,height,width,stripwidth,preemptable
1,1350.0,49.0,720,true
2,500.0,57.0,,true
3,5000.0,20.0,,true
4,2200.0,136.0,,true
5,3500.0,351.0,,true
6,5000.0,600.0,,true
7,500.0,153.0,,true
8,125.0,506.0,,true
9,40.0,459.0,,true
10,350.0,145.0,,true
11,500.0,186.0,,false
12,500.0,361.0,,false
13,3300.0,24.0,,false
14,3300.0,30.0,,false
15,3300.0,27.0,,false
16,60.0,224.0,,false
17,60.0,174.0,,false
18,60.0,170.0,,false
19,60.0,180.0,,false
20,800.0,6.0,,false
21,60.0,86.0,,false
22,60.0,88.0,,false
23,60.0,108.0,,false
24,60.0,99.0,,false
25,60.0,83.0,,false
26,60.0,96.0,,false
27,60.0,119.0,,false
28,100.0,249.0,,false
29,100.0,248.0,,false
30,900.0,10.0,,false
31,1150.0,14.0,,false
32,1000.0,7.0,,false
33,1350.0,50.0,,true
34,500.0,59.0,,true
35,5000.0,20.0,,true
36,2200.0,134.0,,true
37,3500.0,385.0,,true
38,5000.0,600.0,,true
39,500.0,150.0,,true
40,125.0,510.0,,true
41,40.0,437.0,,true
42,350.0,151.0,,true
43,500.0,172.0,,false
44,500.0,357.0,,false
45,3300.0,29.0,,false
46,3300.0,26.0,,false
47,3300.0,25.0,,false
48,60.0,240.0,,false
49,60.0,196.0,,false
50,60.0,194.0,,false
51,800.0,5.0,,false
52,60.0,104.0,,false
53,60.0,83.0,,false
54,60.0,85.0,,false
55,60.0,116.0,,false
56,60.0,101.0,,false
57,60.0,106.0,,false
58,60.0,107.0,,false
59,60.0,105.0,,false
60,100.0,233.0,,false
61,100.0,201.0,,false
62,900.0,8.0,,false
63,1150.0,13.0,,false
64,1000.0,6.0,,false
65,1350.0,47.0,,true
66,500.0,59.0,,true
67,5000.0,18.0,,true
68,2200.0,140.0,,true
69,3500.0,370.0,,true
70,5000.0,600.0,,true
71,500.0,151.0,,true
72,125.0,452.0,,true
73,40.0,436.0,,true
74,350.0,150.0,,true
75,500.0,172.0,,false
76,500.0,337.0,,false
77,3300.0,28.0,,false
78,3300.0,26.0,,false
79,3300.0,30.0,,false
80,60.0,171.0,,false
81,60.0,164.0,,false
82,60.0,224.0,,false
83,800.0,6.0,,false
84,60.0,90.0,,false
85,60.0,108.0,,false
86,60.0,113.0,,false
87,60.0,110.0,,false
88,60.0,102.0,,false
89,60.0,88.0,,false
90,60.0,85.0,,false
91,60.0,88.0,,false
92,100.0,239.0,,false
93,100.0,181.0,,false
94,900.0,9.0,,false
95,1150.0,18.0,,false
96,1000.0,7.0,,false
97,1350.0,47.0,,true
98,500.0,59.0,,true
99,5000.0,18.0,,true
100,2200.0,137.0,,true
101,3500.0,317.0,,true
102,5000.0,600.0,,true
103,500.0,146.0,,true
104,125.0,474.0,,true
105,40.0,358.0,,true
106,350.0,146.0,,true
107,500.0,180.0,,false
108,500.0,479.0,,false
109,3300.0,28.0,,false
110,3300.0,29.0,,false
111,3300.0,23.0,,false
112,60.0,217.0,,false
113,60.0,230.0,,false
114,60.0,199.0,,false
115,60.0,158.0,,false
116,800.0,5.0,,false
117,60.0,102.0,,false
118,60.0,92.0,,false
119,60.0,115.0,,false
120,60.0,104.0,,false
121,60.0,97.0,,false
122,60.0,108.0,,false
123,60.0,89.0,,false
124,60.0,100.0,,false
125,60.0,106.0,,false
126,100.0,211.0,,false
127,100.0,195.0,,false
128,900.0,10.0,,false
129,1150.0,14.0,,false
130,1000.0,8.0,,false
131,1350.0,50.0,,true
132,500.0,57.0,,true
133,5000.0,18.0,,true
134,2200.0,138.0,,true
135,3500.0,296.0,,true
136,5000.0,600.0,,true
137,500.0,144.0,,true
138,125.0,485.0,,true
139,40.0,366.0,,true
140,350.0,143.0,,true
141,500.0,176.0,,false
142,500.0,546.0,,false
143,3300.0,22.0,,false
144,3300.0,21.0,,false
145,3300.0,21.0,,false
146,60.0,229.0,,false
147,60.0,179.0,,false
148,60.0,206.0,,false
149,60.0,214.0,,false
150,800.0,4.0,,false
151,60.0,93.0,,false
152,60.0,97.0,,false
153,60.0,89.0,,false
154,60.0,115.0,,false
155,60.0,95.0,,false
156,60.0,119.0,,false
157,60.0,113.0,,false
158,100.0,202.0,,false
159,100.0,244.0,,false
160,900.0,8.0,,false
161,1150.0,18.0,,false
162,1000.0,7.0,,false
163,1350.0,49.0,,true
164,500.0,57.0,,true
165,5000.0,16.0,,true
166,2200.0,140.0,,true
167,3500.0,219.0,,true
168,5000.0,600.0,,true
169,500.0,141.0,,true
170,125.0,542.0,,true
171,40.0,453.0,,true
172,350.0,160.0,,true
173,500.0,194.0,,false
174,500.0,562.0,,false
175,3300.0,22.0,,false
176,3300.0,24.0,,false
177,3300.0,29.0,,false
178,60.0,233.0,,false
179,60.0,151.0,,false
180,60.0,205.0,,false
181,800.0,4.0,,false
182,60.0,86.0,,false
183,60.0,104.0,,false
184,60.0,120.0,,false
185,60.0,108.0,,false
186,60.0,104.0,,false
187,60.0,115.0,,false
188,60.0,111.0,,false
189,100.0,189.0,,false
190,100.0,204.0,,false
191,900.0,8.0,,false
192,1150.0,17.0,,false
193,1000.0,6.0,,false
194,1350.0,47.0,,true
195,500.0,58.0,,true
196,5000.0,16.0,,true
197,2200.0,135.0,,true
198,3500.0,363.0,,true
199,5000.0,600.0,,true
200,500.0,144.0,,true
201,125.0,462.0,,true
202,40.0,353.0,,true
203,350.0,169.0,,true
204,500.0,198.0,,false
205,500.0,584.0,,false
206,3300.0,30.0,,false
207,3300.0,21.0,,false
208,3300.0,28.0,,false
209,60.0,203.0,,false
210,60.0,214.0,,false
211,60.0,230.0,,false
212,800.0,4.0,,false
213,60.0,105.0,,false
214,60.0,109.0,,false
215,60.0,116.0,,false
216,60.0,87.0,,false
217,60.0,85.0,,false
218,60.0,113.0,,false
219,60.0,82.0,,false
220,60.0,109.0,,false
221,60.0,108.0,,false
222,100.0,218.0,,false
223,100.0,182.0,,false
224,900.0,9.0,,false
225,1150.0,15.0,,false
226,1000.0,6.0,,false
227,1350.0,50.0,,true
228,500.0,58.0,,true
229,5000.0,20.0,,true
230,2200.0,140.0,,true
231,3500.0,217.0,,true
232,5000.0,600.0,,true
233,500.0,156.0,,true
234,125.0,508.0,,true
235,40.0,424.0,,true
236,350.0,157.0,,true
237,500.0,187.0,,false
238,500.0,420.0,,false
239,3300.0,26.0,,false
240,3300.0,30.0,,false
241,3300.0,27.0,,false
242,60.0,232.0,,false
243,60.0,158.0,,false
244,60.0,237.0,,false
245,800.0,5.0,,false
246,60.0,106.0,,false
247,60.0,82.0,,false
248,60.0,97.0,,false
249,60.0,92.0,,false
250,60.0,88.0,,false
251,60.0,109.0,,false
252,60.0,118.0,,false
253,60.0,94.0,,false
254,60.0,100.0,,false
255,60.0,82.0,,false
256,100.0,189.0,,false
257,100.0,188.0,,false
258,900.0,7.0,,false
259,1150.0,18.0,,false
260,1000.0,7.0,,false
261,1350.0,46.0,,true
262,500.0,56.0,,true
263,5000.0,19.0,,true
264,2200.0,137.0,,true
265,3500.0,351.0,,true
266,5000.0,600.0,,true
267,500.0,150.0,,true
268,125.0,497.0,,true
269,40.0,388.0,,true
270,350.0,154.0,,true
271,500.0,188.0,,false
272,500.0,468.0,,false
273,3300.0,21.0,,false
274,3300.0,22.0,,false
275,3300.0,26.0,,false
276,60.0,176.0,,false
277,60.0,171.0,,false
278,60.0,240.0,,false
279,800.0,5.0,,false
280,60.0,112.0,,false
281,60.0,83.0,,false
282,60.0,104.0,,false
283,60.0,99.0,,false
284,60.0,84.0,,false
285,60.0,89.0,,false
286,100.0,221.0,,false
287,100.0,195.0,,false
288,900.0,8.0,,false
289,1150.0,13.0,,false
290,1000.0,8.0,,false
291,1350.0,47.0,,true
292,500.0,56.0,,true
293,5000.0,17.0,,true
294,2200.0,133.0,,true
295,3500.0,218.0,,true
296,5000.0,600.0,,true
297,500.0,141.0,,true
298,125.0,509.0,,true
299,40.0,454.0,,true
300,350.0,178.0,,true
301,500.0,196.0,,false
302,500.0,570.0,,false
303,3300.0,29.0,,false
304,3300.0,25.0,,false
305,3300.0,22.0,,false
306,60.0,236.0,,false
307,60.0,166.0,,false
308,60.0,205.0,,false
309,60.0,180.0,,false
310,800.0,5.0,,false
311,60.0,98.0,,false
312,60.0,83.0,,false
313,60.0,93.0,,false
314,60.0,111.0,,false
315,60.0,93.0,,false
316,60.0,89.0,,false
317,60.0,98.0,,false
318,60.0,83.0,,false
319,60.0,103.0,,false
320,100.0,243.0,,false
321,100.0,198.0,,false
322,900.0,10.0,,false
323,1150.0,13.0,,false
324,1000.0,8.0,,false
325,1350.0,46.0,,true
326,500.0,60.0,,true
327,5000.0,18.0,,true
328,2200.0,134.0,,true
329,3500.0,298.0,,true
330,5000.0,600.0,,true
331,500.0,147.0,,true
332,125.0,508.0,,true
333,40.0,430.0,,true
334,350.0,179.0,,true
335,500.0,200.0,,false
336,500.0,563.0,,false
337,3300.0,21.0,,false
338,3300.0,30.0,,false
339,3300.0,28.0,,false
340,60.0,227.0,,false
341,60.0,175.0,,false
342,60.0,156.0,,false
343,60.0,156.0,,false
344,800.0,4.0,,false
345,60.0,86.0,,false
346,60.0,117.0,,false
347,60.0,90.0,,false
348,60.0,112.0,,false
349,60.0,81.0,,false
350,60.0,83.0,,false
351,100.0,193.0,,false
352,100.0,231.0,,false
353,900.0,9.0,,false
354,1150.0,15.0,,false
355,1000.0,8.0,,false
356,1350.0,47.0,,true
357,500.0,58.0,,true
358,5000.0,18.0,,true
359,2200.0,138.0,,true
360,3500.0,246.0,,true
361,5000.0,600.0,,true
362,500.0,154.0,,true
363,125.0,452.0,,true
364,40.0,365.0,,true
365,350.0,170.0,,true
366,500.0,176.0,,false
367,500.0,408.0,,false
368,3300.0,23.0,,false
369,3300.0,27.0,,false
370,3300.0,27.0,,false
371,60.0,174.0,,false
372,60.0,206.0,,false
373,60.0,209.0,,false
374,60.0,208.0,,false
375,800.0,4.0,,false
376,60.0,115.0,,false
377,60.0,107.0,,false
378,60.0,119.0,,false
379,60.0,98.0,,false
380,60.0,83.0,,false
381,60.0,105.0,,false
382,60.0,84.0,,false
383,100.0,198.0,,false
384,100.0,185.0,,false
385,900.0,7.0,,false
386,1150.0,18.0,,false
387,1000.0,5.0,,false
388,1350.0,46.0,,true
389,500.0,58.0,,true
390,5000.0,19.0,,true
391,2200.0,140.0,,true
392,3500.0,364.0,,true
393,5000.0,600.0,,true
394,500.0,152.0,,true
395,125.0,523.0,,true
396,40.0,401.0,,true
397,350.0,156.0,,true
398,500.0,187.0,,false
399,500.0,398.0,,false
400,3300.0,25.0,,false
401,3300.0,21.0,,false
402,3300.0,24.0,,false
403,60.0,183.0,,false
404,60.0,198.0,,false
405,60.0,169.0,,false
406,60.0,198.0,,false
407,800.0,4.0,,false
408,60.0,97.0,,false
409,60.0,102.0,,false
410,60.0,100.0,,false
411,60.0,112.0,,false
412,60.0,120.0,,false
413,60.0,115.0,,false
414,60.0,102.0,,false
415,60.0,86.0,,false
416,60.0,99.0,,false
417,60.0,107.0,,false
418,100.0,198.0,,false
419,100.0,197.0,,false
420,900.0,10.0,,false
421,1150.0,14.0,,false
422,1000.0,7.0,,false
423,1350.0,47.0,,true
424,500.0,57.0,,true
425,5000.0,19.0,,true
426,2200.0,136.0,,true
427,3500.0,281.0,,true
428,5000.0,600.0,,true
429,500.0,147.0,,true
430,125.0,498.0,,true
431,40.0,384.0,,true
432,350.0,167.0,,true
433,500.0,180.0,,false
434,500.0,459.0,,false
435,3300.0,24.0,,false
436,3300.0,28.0,,false
437,3300.0,26.0,,false
438,60.0,208.0,,false
439,60.0,235.0,,false
440,60.0,185.0,,false
441,800.0,6.0,,false
442,60.0,110.0,,false
443,60.0,88.0,,false
444,60.0,85.0,,false
445,60.0,100.0,,false
446,60.0,104.0,,false
447,60.0,116.0,,false
448,60.0,118.0,,false
449,60.0,94.0,,false
450,100.0,238.0,,false
451,100.0,190.0,,false
452,900.0,7.0,,false
453,1150.0,14.0,,false
454,1000.0,6.0,,false
455,1350.0,46.0,,true
456,500.0,57.0,,true
457,5000.0,19.0,,true
458,2200.0,133.0,,true
459,3500.0,214.0,,true
460,5000.0,600.0,,true
461,500.0,159.0,,true
462,125.0,473.0,,true
463,40.0,440.0,,true
464,350.0,146.0,,true
465,500.0,171.0,,false
466,500.0,474.0,,false
467,3300.0,28.0,,false
468,3300.0,24.0,,false
469,3300.0,28.0,,false
470,60.0,187.0,,false
471,60.0,221.0,,false
472,60.0,151.0,,false
473,800.0,6.0,,false
474,60.0,90.0,,false
475,60.0,82.0,,false
476,60.0,98.0,,false
477,60.0,111.0,,false
478,60.0,111.0,,false
479,60.0,119.0,,false
480,60.0,83.0,,false
481,100.0,193.0,,false
482,100.0,238.0,,false
483,900.0,8.0,,false
484,1150.0,17.0,,false
485,1000.0,8.0,,false
486,1350.0,47.0,,true
487,500.0,59.0,,true
488,5000.0,16.0,,true
489,2200.0,137.0,,true
490,3500.0,385.0,,true
491,5000.0,600.0,,true
492,500.0,157.0,,true
493,125.0,545.0,,true
494,40.0,398.0,,true
495,350.0,164.0,,true
496,500.0,182.0,,false
497,500.0,564.0,,false
498,3300.0,28.0,,false
499,3300.0,21.0,,false
500,3300.0,27.0,,false
501,60.0,247.0,,false
502,60.0,151.0,,false
503,60.0,174.0,,false
504,60.0,219.0,,false
505,800.0,4.0,,false
506,60.0,92.0,,false
507,60.0,102.0,,false
508,60.0,93.0,,false
509,60.0,111.0,,false
510,60.0,86.0,,false
511,60.0,87.0,,false
512,100.0,248.0,,false
513,100.0,217.0,,false
514,900.0,7.0,,false
515,1150.0,17.0,,false
516,1000.0,5.0,,false
517,1350.0,50.0,,true
518,500.0,57.0,,true
519,5000.0,16.0,,true
520,2200.0,138.0,,true
521,3500.0,285.0,,true
522,5000.0,600.0,,true
523,500.0,154.0,,true
524,125.0,508.0,,true
525,40.0,354.0,,true
526,350.0,160.0,,true
527,500.0,187.0,,false
528,500.0,405.0,,false
529,3300.0,29.0,,false
530,3300.0,27.0,,false
531,3300.0,23.0,,false
532,60.0,180.0,,false
533,60.0,191.0,,false
534,60.0,155.0,,false
535,800.0,6.0,,false
536,60.0,81.0,,false
537,60.0,98.0,,false
538,60.0,97.0,,false
539,60.0,102.0,,false
540,60.0,81.0,,false
541,60.0,82.0,,false
542,60.0,91.0,,false
543,60.0,120.0,,false
544,60.0,96.0,,false
545,100.0,220.0,,false
546,100.0,221.0,,false
547,900.0,10.0,,false
548,1150.0,17.0,,false
549,1000.0,5.0,,false
550,1350.0,47.0,,true
551,500.0,58.0,,true
552,5000.0,20.0,,true
553,2200.0,133.0,,true
554,3500.0,392.0,,true
555,5000.0,600.0,,true
556,500.0,160.0,,true
557,125.0,505.0,,true
558,40.0,366.0,,true
559,350.0,177.0,,true
560,500.0,197.0,,false
561,500.0,487.0,,false
562,3300.0,28.0,,false
563,3300.0,27.0,,false
564,3300.0,29.0,,false
565,60.0,217.0,,false
566,60.0,171.0,,false
567,60.0,169.0,,false
568,60.0,248.0,,false
569,800.0,5.0,,false
570,60.0,89.0,,false
571,60.0,87.0,,false
572,60.0,92.0,,false
573,60.0,106.0,,false
574,60.0,102.0,,false
575,60.0,101.0,,false
576,60.0,105.0,,false
577,60.0,116.0,,false
578,60.0,82.0,,false
579,100.0,248.0,,false
580,100.0,182.0,,false
581,900.0,9.0,,false
582,1150.0,17.0,,false
583,1000.0,7.0,,false
584,1350.0,47.0,,true
585,500.0,57.0,,true
586,5000.0,16.0,,true
587,2200.0,135.0,,true
588,3500.0,307.0,,true
589,5000.0,600.0,,true
590,500.0,154.0,,true
591,125.0,506.0,,true
592,40.0,439.0,,true
593,350.0,174.0,,true
594,500.0,186.0,,false
595,500.0,548.0,,false
596,3300.0,25.0,,false
597,3300.0,22.0,,false
598,3300.0,24.0,,false
599,60.0,160.0,,false
600,60.0,192.0,,false
601,60.0,222.0,,false
602,60.0,153.0,,false
603,800.0,5.0,,false
604,60.0,92.0,,false
605,60.0,97.0,,false
606,60.0,120.0,,false
607,60.0,86.0,,false
608,60.0,116.0,,false
609,60.0,109.0,,false
610,60.0,87.0,,false
611,60.0,90.0,,false
612,100.0,240.0,,false
613,100.0,215.0,,false
614,900.0,7.0,,false
615,1150.0,17.0,,false
616,1000.0,5.0,,false
617,1350.0,48.0,,true
618,500.0,60.0,,true
619,5000.0,17.0,,true
620,2200.0,140.0,,true
621,3500.0,347.0,,true
622,5000.0,600.0,,true
623,500.0,147.0,,true
624,125.0,477.0,,true
625,40.0,434.0,,true
626,350.0,172.0,,true
627,500.0,192.0,,false
628,500.0,573.0,,false
629,3300.0,25.0,,false
630,3300.0,29.0,,false
631,3300.0,29.0,,false
632,60.0,241.0,,false
633,60.0,179.0,,false
634,60.0,171.0,,false
635,800.0,5.0,,false
636,60.0,100.0,,false
637,60.0,115.0,,false
638,60.0,90.0,,false
639,60.0,82.0,,false
640,60.0,85.0,,false
641,60.0,103.0,,false
642,60.0,114.0,,false
643,60.0,119.0,,false
644,60.0,89.0,,false
645,60.0,113.0,,false
646,100.0,240.0,,false
647,100.0,231.0,,false
648,900.0,7.0,,false
649,1150.0,15.0,,false
650,1000.0,8.0,,false
651,1350.0,49.0,,true
652,500.0,58.0,,true
653,5000.0,18.0,,true
654,2200.0,139.0,,true
655,3500.0,226.0,,true
656,5000.0,600.0,,true
657,500.0,151.0,,true
658,125.0,489.0,,true
659,40.0,425.0,,true
660,350.0,144.0,,true
661,500.0,185.0,,false
662,500.0,522.0,,false
663,3300.0,21.0,,false
664,3300.0,30.0,,false
665,3300.0,25.0,,false
666,60.0,194.0,,false
667,60.0,211.0,,false
668,60.0,152.0,,false
669,800.0,6.0,,false
670,60.0,112.0,,false
671,60.0,115.0,,false
672,60.0,99.0,,false
673,60.0,110.0,,false
674,60.0,89.0,,false
675,60.0,114.0,,false
676,60.0,89.0,,false
677,60.0,101.0,,false
678,100.0,200.0,,false
679,100.0,182.0,,false
680,900.0,9.0,,false
681,1150.0,13.0,,false
682,1000.0,8.0,,false
683,1350.0,48.0,,true
684,500.0,60.0,,true
685,5000.0,16.0,,true
686,2200.0,134.0,,true
687,3500.0,379.0,,true
688,5000.0,600.0,,true
689,500.0,158.0,,true
690,125.0,526.0,,true
691,40.0,358.0,,true
692,350.0,179.0,,true
693,500.0,195.0,,false
694,500.0,365.0,,false
695,3300.0,23.0,,false
696,3300.0,21.0,,false
697,3300.0,29.0,,false
698,60.0,171.0,,false
699,60.0,222.0,,false
700,60.0,246.0,,false
701,60.0,221.0,,false
702,800.0,5.0,,false
703,60.0,81.0,,false
704,60.0,108.0,,false
705,60.0,91.0,,false
706,60.0,119.0,,false
707,60.0,103.0,,false
708,60.0,98.0,,false
709,60.0,115.0,,false
710,60.0,90.0,,false
711,100.0,212.0,,false
712,100.0,212.0,,false
713,900.0,8.0,,false
714,1150.0,18.0,,false
715,1000.0,8.0,,false
716,1350.0,49.0,,true
717,500.0,58.0,,true
718,5000.0,19.0,,true
719,2200.0,132.0,,true
720,3500.0,316.0,,true
721,5000.0,600.0,,true
722,500.0,150.0,,true
723,125.0,524.0,,true
724,40.0,358.0,,true
725,350.0,169.0,,true
726,500.0,198.0,,false
727,500.0,578.0,,false
728,3300.0,21.0,,false
729,3300.0,28.0,,false
730,3300.0,28.0,,false
731,60.0,170.0,,false
732,60.0,232.0,,false
733,60.0,162.0,,false
734,60.0,193.0,,false
735,800.0,5.0,,false
736,60.0,119.0,,false
737,60.0,110.0,,false
738,60.0,101.0,,false
739,60.0,103.0,,false
740,60.0,92.0,,false
741,60.0,117.0,,false
742,60.0,104.0,,false
743,100.0,237.0,,false
744,100.0,223.0,,false
745,900.0,9.0,,false
746,1150.0,13.0,,false
747,1000.0,6.0,,false
748,1350.0,48.0,,true
749,500.0,57.0,,true
750,5000.0,19.0,,true
751,2200.0,138.0,,true
752,3500.0,300.0,,true
753,5000.0,600.0,,true
754,500.0,150.0,,true
755,125.0,488.0,,true
756,40.0,395.0,,true
757,350.0,143.0,,true
758,500.0,186.0,,false
759,500.0,343.0,,false
760,3300.0,23.0,,false
761,3300.0,24.0,,false
762,3300.0,24.0,,false
763,60.0,151.0,,false
764,60.0,198.0,,false
765,60.0,174.0,,false
766,60.0,234.0,,false
767,800.0,6.0,,false
768,60.0,82.0,,false
769,60.0,110.0,,false
770,60.0,107.0,,false
771,60.0,103.0,,false
772,60.0,91.0,,false
773,60.0,93.0,,false
774,60.0,105.0,,false
775,100.0,243.0,,false
776,100.0,207.0,,false
777,900.0,7.0,,false
778,1150.0,13.0,,false
779,1000.0,5.0,,false
780,1350.0,49.0,,true
781,500.0,56.0,,true
782,5000.0,20.0,,true
783,2200.0,131.0,,true
784,3500.0,224.0,,true
785,5000.0,600.0,,true
786,500.0,146.0,,true
787,125.0,488.0,,true
788,40.0,394.0,,true
789,350.0,167.0,,true
790,500.0,192.0,,false
791,500.0,411.0,,false
792,3300.0,23.0,,false
793,3300.0,21.0,,false
794,3300.0,26.0,,false
795,60.0,215.0,,false
796,60.0,238.0,,false
797,60.0,236.0,,false
798,800.0,5.0,,false
799,60.0,86.0,,false
800,60.0,87.0,,false
801,60.0,89.0,,false
802,60.0,120.0,,false
803,60.0,85.0,,false
804,60.0,108.0,,false
805,60.0,90.0,,false
806,100.0,196.0,,false
807,100.0,241.0,,false
808,900.0,8.0,,false
809,1150.0,16.0,,false
810,1000.0,8.0,,false
811,1350.0,50.0,,true
812,500.0,56.0,,true
813,5000.0,18.0,,true
814,2200.0,133.0,,true
815,3500.0,223.0,,true
816,5000.0,600.0,,true
817,500.0,147.0,,true
818,125.0,532.0,,true
819,40.0,455.0,,true
820,350.0,156.0,,true
821,500.0,179.0,,false
822,500.0,304.0,,false
823,3300.0,21.0,,false
824,3300.0,30.0,,false
825,3300.0,29.0,,false
826,60.0,235.0,,false
827,60.0,182.0,,false
828,60.0,193.0,,false
829,60.0,191.0,,false
830,800.0,4.0,,false
831,60.0,108.0,,false
832,60.0,93.0,,false
833,60.0,106.0,,false
834,60.0,93.0,,false
835,60.0,120.0,,false
836,60.0,120.0,,false
837,60.0,99.0,,false
838,60.0,103.0,,false
839,60.0,106.0,,false
840,60.0,109.0,,false
841,100.0,226.0,,false
842,100.0,219.0,,false
843,900.0,8.0,,false
844,1150.0,17.0,,false
845,1000.0,8.0,,false
846,1350.0,47.0,,true
847,500.0,57.0,,true
848,5000.0,20.0,,true
849,2200.0,139.0,,true
850,3500.0,374.0,,true
851,5000.0,600.0,,true
852,500.0,157.0,,true
853,125.0,537.0,,true
854,40.0,391.0,,true
855,350.0,180.0,,true
856,500.0,175.0,,false
857,500.0,361.0,,false
858,3300.0,26.0,,false
859,3300.0,24.0,,false
860,3300.0,27.0,,false
861,60.0,208.0,,false
862,60.0,213.0,,false
863,60.0,205.0,,false
864,800.0,4.0,,false
865,60.0,106.0,,false
866,60.0,111.0,,false
867,60.0,120.0,,false
868,60.0,110.0,,false
869,60.0,101.0,,false
870,60.0,85.0,,false
871,60.0,111.0,,false
872,60.0,82.0,,false
873,60.0,94.0,,false
874,100.0,240.0,,false
875,100.0,182.0,,false
876,900.0,9.0,,false
877,1150.0,13.0,,false
878,1000.0,7.0,,false
879,1350.0,50.0,,true
880,500.0,57.0,,true
881,5000.0,19.0,,true
882,2200.0,134.0,,true
883,3500.0,244.0,,true
884,5000.0,600.0,,true
885,500.0,144.0,,true
886,125.0,465.0,,true
887,40.0,425.0,,true
888,350.0,157.0,,true
889,500.0,182.0,,false
890,500.0,330.0,,false
891,3300.0,24.0,,false
892,3300.0,29.0,,false
893,3300.0,26.0,,false
894,60.0,218.0,,false
895,60.0,213.0,,false
896,60.0,246.0,,false
897,60.0,157.0,,false
898,800.0,5.0,,false
899,60.0,110.0,,false
900,60.0,94.0,,false
901,60.0,118.0,,false
902,60.0,102.0,,false
903,60.0,110.0,,false
904,60.0,120.0,,false
905,60.0,81.0,,false
906,60.0,100.0,,false
907,100.0,232.0,,false
908,100.0,220.0,,false
909,900.0,10.0,,false
910,1150.0,17.0,,false
911,1000.0,5.0,,false
912,1350.0,46.0,,true
913,500.0,59.0,,true
914,5000.0,20.0,,true
915,2200.0,137.0,,true
916,3500.0,353.0,,true
917,5000.0,600.0,,true
918,500.0,148.0,,true
919,125.0,505.0,,true
920,40.0,442.0,,true
921,350.0,176.0,,true
922,500.0,179.0,,false
923,500.0,344.0,,false
924,3300.0,21.0,,false
925,3300.0,23.0,,false
926,3300.0,22.0,,false
927,60.0,215.0,,false
928,60.0,220.0,,false
929,60.0,239.0,,false
930,800.0,4.0,,false
931,60.0,83.0,,false
932,60.0,115.0,,false
933,60.0,119.0,,false
934,60.0,85.0,,false
935,60.0,81.0,,false
936,60.0,102.0,,false
937,60.0,88.0,,false
938,100.0,214.0,,false
939,100.0,245.0,,false
940,900.0,10.0,,false
941,1150.0,14.0,,false
942,1000.0,7.0,,false
943,1350.0,49.0,,true
944,500.0,58.0,,true
945,5000.0,19.0,,true
946,2200.0,132.0,,true
947,3500.0,285.0,,true
948,5000.0,600.0,,true
949,500.0,144.0,,true
950,125.0,453.0,,true
951,40.0,358.0,,true
952,350.0,165.0,,true
953,500.0,190.0,,false
954,500.0,596.0,,false
955,3300.0,26.0,,false
956,3300.0,23.0,,false
957,3300.0,21.0,,false
958,60.0,209.0,,false
959,60.0,231.0,,false
960,60.0,208.0,,false
961,60.0,250.0,,false
962,800.0,6.0,,false
963,60.0,91.0,,false
964,60.0,112.0,,false
965,60.0,109.0,,false
966,60.0,99.0,,false
967,60.0,97.0,,false
968,60.0,90.0,,false
969,60.0,120.0,,false
970,100.0,247.0,,false
971,100.0,212.0,,false
972,900.0,9.0,,false
973,1150.0,15.0,,false
974,1000.0,8.0,,false
975,1350.0,49.0,,true
976,500.0,57.0,,true
977,5000.0,19.0,,true
978,2200.0,139.0,,true
979,3500.0,237.0,,true
980,5000.0,600.0,,true
981,500.0,150.0,,true
982,125.0,472.0,,true
983,40.0,369.0,,true
984,350.0,171.0,,true
985,500.0,192.0,,false
986,500.0,447.0,,false
987,3300.0,29.0,,false
988,3300.0,28.0,,false
989,3300.0,29.0,,false
990,60.0,229.0,,false
991,60.0,226.0,,false
992,60.0,160.0,,false
993,800.0,6.0,,false
994,60.0,103.0,,false
995,60.0,83.0,,false
996,60.0,85.0,,false
997,60.0,96.0,,false
998,60.0,87.0,,false
999,60.0,90.0,,false
1000,60.0,87.0,,false
1001,60.0,108.0,,false
1002,100.0,199.0,,false
1003,100.0,184.0,,false
1004,900.0,7.0,,false
1005,1150.0,18.0,,false
1006,1000.0,7.0,,false
1007,1350.0,49.0,,true
1008,500.0,57.0,,true
1009,5000.0,19.0,,true
1010,2200.0,139.0,,true
1011,3500.0,341.0,,true
1012,5000.0,600.0,,true
1013,500.0,150.0,,true
1014,125.0,461.0,,true
1015,40.0,433.0,,true
1016,350.0,166.0,,true
1017,500.0,178.0,,false
1018,500.0,430.0,,false
1019,3300.0,24.0,,false
1020,3300.0,26.0,,false
1021,3300.0,26.0,,false
1022,60.0,195.0,,false
1023,60.0,194.0,,false
1024,60.0,243.0,,false
1025,800.0,5.0,,false
1026,60.0,115.0,,false
1027,60.0,88.0,,false
1028,60.0,109.0,,false
1029,60.0,84.0,,false
1030,60.0,120.0,,false
1031,60.0,116.0,,false
1032,60.0,98.0,,false
1033,60.0,90.0,,false
1034,100.0,230.0,,false
1035,100.0,219.0,,false
1036,900.0,8.0,,false
1037,1150.0,18.0,,false
1038,1000.0,5.0,,false
1039,1350.0,49.0,,true
1040,500.0,58.0,,true
1041,5000.0,20.0,,true
1042,2200.0,140.0,,true
1043,3500.0,389.0,,true
1044,5000.0,600.0,,true
1045,500.0,151.0,,true
1046,125.0,484.0,,true
1047,40.0,413.0,,true
1048,350.0,169.0,,true
1049,500.0,175.0,,false
1050,500.0,362.0,,false
1051,3300.0,21.0,,false
1052,3300.0,24.0,,false
1053,3300.0,28.0,,false
1054,60.0,154.0,,false
1055,60.0,204.0,,false
1056,60.0,181.0,,false
1057,60.0,213.0,,false
1058,800.0,6.0,,false
1059,60.0,81.0,,false
1060,60.0,120.0,,false
1061,60.0,82.0,,false
1062,60.0,111.0,,false
1063,60.0,109.0,,false
1064,60.0,109.0,,false
1065,60.0,94.0,,false
1066,60.0,89.0,,false
1067,60.0,115.0,,false
1068,100.0,239.0,,false
1069,100.0,232.0,,false
1070,900.0,8.0,,false
1071,1150.0,18.0,,false
1072,1000.0,6.0,,false
1073,1350.0,49.0,,true
1074,500.0,59.0,,true
1075,5000.0,16.0,,true
1076,2200.0,133.0,,true
1077,3500.0,361.0,,true
1078,5000.0,600.0,,true
1079,500.0,159.0,,true
1080,125.0,530.0,,true
1081,40.0,416.0,,true
1082,350.0,164.0,,true
1083,500.0,198.0,,false
1084,500.0,525.0,,false
1085,3300.0,26.0,,false
1086,3300.0,28.0,,false
1087,3300.0,22.0,,false
1088,60.0,240.0,,false
1089,60.0,176.0,,false
1090,60.0,175.0,,false
1091,800.0,6.0,,false
1092,60.0,110.0,,false
1093,60.0,106.0,,false
1094,60.0,99.0,,false
1095,60.0,85.0,,false
1096,60.0,81.0,,false
1097,60.0,114.0,,false
1098,60.0,85.0,,false
1099,100.0,221.0,,false
1100,100.0,248.0,,false
1101,900.0,9.0,,false
1102,1150.0,13.0,,false
1103,1000.0,7.0,,false
1104,1350.0,49.0,,true
1105,500.0,56.0,,true
1106,5000.0,20.0,,true
1107,2200.0,140.0,,true
1108,3500.0,254.0,,true
1109,5000.0,600.0,,true
1110,500.0,141.0,,true
1111,125.0,544.0,,true
1112,40.0,381.0,,true
1113,350.0,142.0,,true
1114,500.0,172.0,,false
1115,500.0,573.0,,false
1116,3300.0,21.0,,false
1117,3300.0,26.0,,false
1118,3300.0,24.0,,false
1119,60.0,179.0,,false
1120,60.0,168.0,,false
1121,60.0,170.0,,false
1122,800.0,6.0,,false
1123,60.0,119.0,,false
1124,60.0,112.0,,false
1125,60.0,90.0,,false
1126,60.0,91.0,,false
1127,60.0,106.0,,false
1128,60.0,81.0,,false
1129,60.0,103.0,,false
1130,100.0,198.0,,false
1131,100.0,242.0,,false
1132,900.0,9.0,,false
1133,1150.0,18.0,,false
1134,1000.0,5.0,,false
1135,1350.0,47.0,,true
1136,500.0,59.0,,true
1137,5000.0,17.0,,true
1138,2200.0,131.0,,true
1139,3500.0,389.0,,true
1140,5000.0,600.0,,true
1141,500.0,156.0,,true
1142,125.0,487.0,,true
1143,40.0,388.0,,true
1144,350.0,159.0,,true
1145,500.0,176.0,,false
1146,500.0,556.0,,false
1147,3300.0,23.0,,false
1148,3300.0,28.0,,false
1149,3300.0,30.0,,false
1150,60.0,247.0,,false
1151,60.0,175.0,,false
1152,60.0,205.0,,false
1153,800.0,4.0,,false
1154,60.0,119.0,,false
1155,60.0,90.0,,false
1156,60.0,87.0,,false
1157,60.0,98.0,,false
1158,60.0,100.0,,false
1159,60.0,114.0,,false
1160,100.0,203.0,,false
1161,100.0,242.0,,false
1162,900.0,10.0,,false
1163,1150.0,16.0,,false
1164,1000.0,6.0,,false
1165,1350.0,50.0,,true
1166,500.0,59.0,,true
1167,5000.0,19.0,,true
1168,2200.0,134.0,,true
1169,3500.0,255.0,,true
1170,5000.0,600.0,,true
1171,500.0,152.0,,true
1172,125.0,495.0,,true
1173,40.0,385.0,,true
1174,350.0,144.0,,true
1175,500.0,187.0,,false
1176,500.0,572.0,,false
1177,3300.0,22.0,,false
1178,3300.0,21.0,,false
1179,3300.0,28.0,,false
1180,60.0,168.0,,false
1181,60.0,242.0,,false
1182,60.0,200.0,,false
1183,800.0,4.0,,false
1184,60.0,96.0,,false
1185,60.0,111.0,,false
1186,60.0,107.0,,false
1187,60.0,98.0,,false
1188,60.0,102.0,,false
1189,60.0,104.0,,false
1190,60.0,103.0,,false
1191,60.0,104.0,,false
1192,100.0,183.0,,false
1193,100.0,212.0,,false
1194,900.0,7.0,,false
1195,1150.0,15.0,,false
1196,1000.0,5.0,,false
1197,1350.0,50.0,,true
1198,500.0,60.0,,true
1199,5000.0,17.0,,true
1200,2200.0,140.0,,true
1201,3500.0,268.0,,true
1202,5000.0,600.0,,true
1203,500.0,142.0,,true
1204,125.0,509.0,,true
1205,40.0,359.0,,true
1206,350.0,153.0,,true
1207,500.0,183.0,,false
1208,500.0,508.0,,false
1209,3300.0,23.0,,false
1210,3300.0,22.0,,false
1211,3300.0,27.0,,false
1212,60.0,208.0,,false
1213,60.0,222.0,,false
1214,60.0,225.0,,false
1215,800.0,5.0,,false
1216,60.0,100.0,,false
1217,60.0,94.0,,false
1218,60.0,116.0,,false
1219,60.0,87.0,,false
1220,60.0,120.0,,false
1221,60.0,86.0,,false
1222,60.0,97.0,,false
1223,100.0,244.0,,false
1224,100.0,232.0,,false
1225,900.0,8.0,,false
1226,1150.0,17.0,,false
1227,1000.0,5.0,,false
1228,1350.0,46.0,,true
1229,500.0,57.0,,true
1230,5000.0,17.0,,true
1231,2200.0,132.0,,true
1232,3500.0,263.0,,true
1233,5000.0,600.0,,true
1234,500.0,151.0,,true
1235,125.0,504.0,,true
1236,40.0,369.0,,true
1237,350.0,141.0,,true
1238,500.0,181.0,,false
1239,500.0,520.0,,false
1240,3300.0,27.0,,false
1241,3300.0,28.0,,false
1242,3300.0,28.0,,false
1243,60.0,222.0,,false
1244,60.0,190.0,,false
1245,60.0,201.0,,false
1246,60.0,161.0,,false
1247,800.0,6.0,,false
1248,60.0,118.0,,false
1249,60.0,116.0,,false
1250,60.0,95.0,,false
1251,60.0,103.0,,false
1252,60.0,103.0,,false
1253,60.0,118.0,,false
1254,60.0,112.0,,false
1255,60.0,112.0,,false
1256,100.0,225.0,,false
1257,100.0,234.0,,false
1258,900.0,10.0,,false
1259,1150.0,18.0,,false
1260,1000.0,5.0,,false
1261,1350.0,49.0,,true
1262,500.0,59.0,,true
1263,5000.0,20.0,,true
1264,2200.0,132.0,,true
1265,3500.0,344.0,,true
1266,5000.0,600.0,,true
1267,500.0,150.0,,true
1268,125.0,477.0,,true
1269,40.0,438.0,,true
1270,350.0,146.0,,true
1271,500.0,198.0,,false
1272,500.0,511.0,,false
1273,3300.0,30.0,,false
1274,3300.0,29.0,,false
1275,3300.0,23.0,,false
1276,60.0,157.0,,false
1277,60.0,169.0,,false
1278,60.0,156.0,,false
1279,800.0,4.0,,false
1280,60.0,83.0,,false
1281,60.0,91.0,,false
1282,60.0,103.0,,false
1283,60.0,116.0,,false
1284,60.0,114.0,,false
1285,60.0,118.0,,false
1286,60.0,107.0,,false
1287,60.0,92.0,,false
1288,100.0,185.0,,false
1289,100.0,218.0,,false
1290,900.0,9.0,,false
1291,1150.0,14.0,,false
1292,1000.0,7.0,,false
1293,1350.0,47.0,,true
1294,500.0,59.0,,true
1295,5000.0,20.0,,true
1296,2200.0,135.0,,true
1297,3500.0,205.0,,true
1298,5000.0,600.0,,true
1299,500.0,150.0,,true
1300,125.0,527.0,,true
1301,40.0,364.0,,true
1302,350.0,169.0,,true
1303,500.0,181.0,,false
1304,500.0,362.0,,false
1305,3300.0,28.0,,false
1306,3300.0,24.0,,false
1307,3300.0,24.0,,false
1308,60.0,244.0,,false
1309,60.0,167.0,,false
1310,60.0,157.0,,false
1311,60.0,223.0,,false
1312,800.0,5.0,,false
1313,60.0,84.0,,false
1314,60.0,86.0,,false
1315,60.0,117.0,,false
1316,60.0,116.0,,false
1317,60.0,113.0,,false
1318,60.0,114.0,,false
1319,60.0,104.0,,false
1320,100.0,195.0,,false
1321,100.0,245.0,,false
1322,900.0,10.0,,false
1323,1150.0,18.0,,false
1324,1000.0,7.0,,false
1325,1350.0,46.0,,true
1326,500.0,60.0,,true
1327,5000.0,20.0,,true
1328,2200.0,131.0,,true
1329,3500.0,397.0,,true
1330,5000.0,600.0,,true
1331,500.0,151.0,,true
1332,125.0,471.0,,true
1333,40.0,389.0,,true
1334,350.0,158.0,,true
1335,500.0,178.0,,false
1336,500.0,329.0,,false
1337,3300.0,25.0,,false
1338,3300.0,29.0,,false
1339,3300.0,30.0,,false
1340,60.0,197.0,,false
1341,60.0,222.0,,false
1342,60.0,211.0,,false
1343,800.0,6.0,,false
1344,60.0,118.0,,false
1345,60.0,105.0,,false
1346,60.0,94.0,,false
1347,60.0,106.0,,false
1348,60.0,86.0,,false
1349,60.0,84.0,,false
1350,60.0,104.0,,false
1351,100.0,193.0,,false
1352,100.0,243.0,,false
1353,900.0,10.0,,false
1354,1150.0,18.0,,false
1355,1000.0,8.0,,false
1356,1350.0,50.0,,true
1357,500.0,58.0,,true
1358,5000.0,17.0,,true
1359,2200.0,132.0,,true
1360,3500.0,326.0,,true
1361,5000.0,600.0,,true
1362,500.0,152.0,,true
1363,125.0,452.0,,true
1364,40.0,413.0,,true
1365,350.0,160.0,,true
1366,500.0,188.0,,false
1367,500.0,330.0,,false
1368,3300.0,25.0,,false
1369,3300.0,25.0,,false
1370,3300.0,30.0,,false
1371,60.0,182.0,,false
1372,60.0,208.0,,false
1373,60.0,230.0,,false
1374,800.0,4.0,,false
1375,60.0,108.0,,false
1376,60.0,83.0,,false
1377,60.0,105.0,,false
1378,60.0,85.0,,false
1379,60.0,102.0,,false
1380,60.0,83.0,,false
1381,100.0,208.0,,false
1382,100.0,231.0,,false
1383,900.0,8.0,,false
1384,1150.0,18.0,,false
1385,1000.0,5.0,,false
1386,1350.0,47.0,,true
1387,500.0,60.0,,true
1388,5000.0,16.0,,true
1389,2200.0,139.0,,true
1390,3500.0,202.0,,true
1391,5000.0,600.0,,true
1392,500.0,141.0,,true
1393,125.0,490.0,,true
1394,40.0,390.0,,true
1395,350.0,171.0,,true
1396,500.0,188.0,,false
1397,500.0,529.0,,false
1398,3300.0,22.0,,false
1399,3300.0,28.0,,false
1400,3300.0,28.0,,false
1401,60.0,169.0,,false
1402,60.0,236.0,,false
1403,60.0,197.0,,false
1404,800.0,6.0,,false
1405,60.0,94.0,,false
1406,60.0,106.0,,false
1407,60.0,110.0,,false
1408,60.0,85.0,,false
1409,60.0,109.0,,false
1410,60.0,99.0,,false
1411,100.0,245.0,,false
1412,100.0,203.0,,false
1413,900.0,10.0,,false
1414,1150.0,13.0,,false
1415,1000.0,7.0,,false
1416,1350.0,50.0,,true
1417,500.0,58.0,,true
1418,5000.0,16.0,,true
1419,2200.0,139.0,,true
1420,3500.0,373.0,,true
1421,5000.0,600.0,,true
1422,500.0,150.0,,true
1423,125.0,465.0,,true
1424,40.0,390.0,,true
1425,350.0,153.0,,true
1426,500.0,184.0,,false
1427,500.0,539.0,,false
1428,3300.0,27.0,,false
1429,3300.0,23.0,,false
1430,3300.0,24.0,,false
1431,60.0,226.0,,false
1432,60.0,186.0,,false
1433,60.0,183.0,,false
1434,60.0,189.0,,false
1435,800.0,4.0,,false
1436,60.0,103.0,,false
1437,60.0,94.0,,false
1438,60.0,104.0,,false
1439,60.0,88.0,,false
1440,60.0,98.0,,false
1441,60.0,85.0,,false
1442,60.0,113.0,,false
1443,100.0,223.0,,false
1444,100.0,245.0,,false
1445,900.0,8.0,,false
1446,1150.0,18.0,,false
1447,1000.0,8.0,,false
1448,1350.0,49.0,,true
1449,500.0,57.0,,true
1450,5000.0,19.0,,true
1451,2200.0,135.0,,true
1452,3500.0,398.0,,true
1453,5000.0,600.0,,true
1454,500.0,158.0,,true
1455,125.0,469.0,,true
1456,40.0,416.0,,true
1457,350.0,155.0,,true
1458,500.0,181.0,,false
1459,500.0,591.0,,false
1460,3300.0,24.0,,false
1461,3300.0,27.0,,false
1462,3300.0,24.0,,false
1463,60.0,232.0,,false
1464,60.0,191.0,,false
1465,60.0,220.0,,false
1466,800.0,4.0,,false
1467,60.0,110.0,,false
1468,60.0,110.0,,false
1469,60.0,103.0,,false
1470,60.0,87.0,,false
1471,60.0,96.0,,false
1472,60.0,100.0,,false
1473,60.0,95.0,,false
1474,60.0,118.0,,false
1475,100.0,190.0,,false
1476,100.0,243.0,,false
1477,900.0,7.0,,false
1478,1150.0,14.0,,false
1479,1000.0,8.0,,false
1480,1350.0,49.0,,true
1481,500.0,57.0,,true
1482,5000.0,19.0,,true
1483,2200.0,139.0,,true
1484,3500.0,277.0,,true
1485,5000.0,600.0,,true
1486,500.0,150.0,,true
1487,125.0,463.0,,true
1488,40.0,456.0,,true
1489,350.0,160.0,,true
1490,500.0,188.0,,false
1491,500.0,328.0,,false
1492,3300.0,24.0,,false
1493,3300.0,24.0,,false
1494,3300.0,29.0,,false
1495,60.0,227.0,,false
1496,60.0,181.0,,false
1497,60.0,166.0,,false
1498,60.0,239.0,,false
1499,800.0,4.0,,false
1500,60.0,107.0,,false
1501,60.0,83.0,,false
1502,60.0,84.0,,false
1503,60.0,93.0,,false
1504,60.0,106.0,,false
1505,60.0,102.0,,false
1506,60.0,120.0,,false
1507,60.0,118.0,,false
1508,60.0,87.0,,false
1509,100.0,199.0,,false
1510,100.0,228.0,,false
1511,900.0,8.0,,false
1512,1150.0,17.0,,false
1513,1000.0,8.0,,false
1514,1350.0,46.0,,true
1515,500.0,57.0,,true
1516,5000.0,16.0,,true
1517,2200.0,136.0,,true
1518,3500.0,209.0,,true
1519,5000.0,600.0,,true
1520,500.0,154.0,,true
1521,125.0,502.0,,true
1522,40.0,374.0,,true
1523,350.0,175.0,,true
1524,500.0,193.0,,false
1525,500.0,573.0,,false
1526,3300.0,23.0,,false
1527,3300.0,22.0,,false
1528,3300.0,30.0,,false
1529,60.0,227.0,,false
1530,60.0,244.0,,false
1531,60.0,180.0,,false
1532,60.0,238.0,,false
1533,800.0,5.0,,false
1534,60.0,116.0,,false
1535,60.0,109.0,,false
1536,60.0,86.0,,false
1537,60.0,102.0,,false
1538,60.0,112.0,,false
1539,60.0,82.0,,false
1540,60.0,101.0,,false
1541,60.0,104.0,,false
1542,60.0,89.0,,false
1543,60.0,114.0,,false
1544,100.0,212.0,,false
1545,100.0,233.0,,false
1546,900.0,10.0,,false
1547,1150.0,15.0,,false
1548,1000.0,5.0,,false
1549,1350.0,46.0,,true
1550,500.0,60.0,,true
1551,5000.0,16.0,,true
1552,2200.0,139.0,,true
1553,3500.0,305.0,,true
1554,5000.0,600.0,,true
1555,500.0,158.0,,true
1556,125.0,455.0,,true
1557,40.0,406.0,,true
1558,350.0,170.0,,true
1559,500.0,195.0,,false
1560,500.0,310.0,,false
1561,3300.0,29.0,,false
1562,3300.0,28.0,,false
1563,3300.0,22.0,,false
1564,60.0,195.0,,false
1565,60.0,188.0,,false
1566,60.0,177.0,,false
1567,800.0,6.0,,false
1568,60.0,117.0,,false
1569,60.0,84.0,,false
1570,60.0,81.0,,false
1571,60.0,88.0,,false
1572,60.0,82.0,,false
1573,60.0,100.0,,false
1574,100.0,199.0,,false
1575,100.0,196.0,,false
1576,900.0,8.0,,false
1577,1150.0,17.0,,false
1578,1000.0,7.0,,false
1579,1350.0,46.0,,true
1580,500.0,56.0,,true
1581,5000.0,20.0,,true
1582,2200.0,135.0,,true
1583,3500.0,242.0,,true
1584,5000.0,600.0,,true
1585,500.0,146.0,,true
1586,125.0,514.0,,true
1587,40.0,449.0,,true
1588,350.0,143.0,,true
1589,500.0,172.0,,false
1590,500.0,568.0,,false
1591,3300.0,23.0,,false
1592,3300.0,24.0,,false
1593,3300.0,22.0,,false
1594,60.0,236.0,,false
1595,60.0,205.0,,false
1596,60.0,161.0,,false
1597,60.0,210.0,,false
1598,800.0,6.0,,false
1599,60.0,95.0,,false
1600,60.0,89.0,,false
1601,60.0,100.0,,false
1602,60.0,83.0,,false
1603,60.0,119.0,,false
1604,60.0,113.0,,false
1605,60.0,119.0,,false
1606,60.0,118.0,,false
1607,60.0,104.0,,false
1608,60.0,106.0,,false
1609,100.0,190.0,,false
1610,100.0,244.0,,false
1611,900.0,8.0,,false
1612,1150.0,18.0,,false
1613,1000.0,6.0,,false
1614,1350.0,46.0,,true
1615,500.0,57.0,,true
1616,5000.0,20.0,,true
1617,2200.0,140.0,,true
1618,3500.0,223.0,,true
1619,5000.0,600.0,,true
1620,500.0,159.0,,true
1621,125.0,453.0,,true
1622,40.0,353.0,,true
1623,350.0,173.0,,true
1624,500.0,199.0,,false
1625,500.0,407.0,,false
1626,3300.0,29.0,,false
1627,3300.0,25.0,,false
1628,3300.0,24.0,,false
1629,60.0,158.0,,false
1630,60.0,157.0,,false
1631,60.0,190.0,,false
1632,60.0,203.0,,false
1633,800.0,5.0,,false
1634,60.0,111.0,,false
1635,60.0,115.0,,false
1636,60.0,116.0,,false
1637,60.0,106.0,,false
1638,60.0,88.0,,false
1639,60.0,107.0,,false
1640,100.0,214.0,,false
1641,100.0,244.0,,false
1642,900.0,7.0,,false
1643,1150.0,16.0,,false
1644,1000.0,6.0,,false
1645,1350.0,49.0,,true
1646,500.0,56.0,,true
1647,5000.0,19.0,,true
1648,2200.0,136.0,,true
1649,3500.0,217.0,,true
1650,5000.0,600.0,,true
1651,500.0,160.0,,true
1652,125.0,534.0,,true
1653,40.0,425.0,,true
1654,350.0,160.0,,true
1655,500.0,175.0,,false
1656,500.0,443.0,,false
1657,3300.0,27.0,,false
1658,3300.0,28.0,,false
1659,3300.0,28.0,,false
1660,60.0,194.0,,false
1661,60.0,167.0,,false
1662,60.0,247.0,,false
1663,60.0,167.0,,false
1664,800.0,6.0,,false
1665,60.0,90.0,,false
1666,60.0,105.0,,false
1667,60.0,95.0,,false
1668,60.0,97.0,,false
1669,60.0,109.0,,false
1670,60.0,88.0,,false
1671,60.0,116.0,,false
1672,60.0,88.0,,false
1673,60.0,90.0,,false
1674,60.0,94.0,,false
1675,100.0,230.0,,false
1676,100.0,187.0,,false
1677,900.0,9.0,,false
1678,1150.0,14.0,,false
1679,1000.0,5.0,,false
1680,1350.0,48.0,,true
1681,500.0,59.0,,true
1682,5000.0,19.0,,true
1683,2200.0,139.0,,true
1684,3500.0,263.0,,true
1685,5000.0,600.0,,true
1686,500.0,154.0,,true
1687,125.0,469.0,,true
1688,40.0,419.0,,true
1689,350.0,163.0,,true
1690,500.0,186.0,,false
1691,500.0,513.0,,false
1692,3300.0,25.0,,false
1693,3300.0,24.0,,false
1694,3300.0,27.0,,false
1695,60.0,229.0,,false
1696,60.0,200.0,,false
1697,60.0,152.0,,false
1698,60.0,175.0,,false
1699,800.0,5.0,,false
1700,60.0,106.0,,false
1701,60.0,94.0,,false
1702,60.0,98.0,,false
1703,60.0,87.0,,false
1704,60.0,95.0,,false
1705,60.0,91.0,,false
1706,60.0,108.0,,false
1707,60.0,81.0,,false
1708,60.0,114.0,,false
1709,100.0,228.0,,false
1710,100.0,185.0,,false
1711,900.0,8.0,,false
1712,1150.0,18.0,,false
1713,1000.0,5.0,,false
1714,1350.0,48.0,,true
1715,500.0,59.0,,true
1716,5000.0,20.0,,true
1717,2200.0,131.0,,true
1718,3500.0,309.0,,true
1719,5000.0,600.0,,true
1720,500.0,148.0,,true
1721,125.0,478.0,,true
1722,40.0,397.0,,true
1723,350.0,147.0,,true
1724,500.0,173.0,,false
1725,500.0,569.0,,false
1726,3300.0,25.0,,false
1727,3300.0,27.0,,false
1728,3300.0,28.0,,false
1729,60.0,208.0,,false
1730,60.0,228.0,,false
1731,60.0,152.0,,false
1732,800.0,5.0,,false
1733,60.0,88.0,,false
1734,60.0,117.0,,false
1735,60.0,81.0,,false
1736,60.0,117.0,,false
1737,60.0,108.0,,false
1738,60.0,94.0,,false
1739,60.0,87.0,,false
1740,60.0,119.0,,false
1741,100.0,241.0,,false
1742,100.0,241.0,,false
1743,900.0,8.0,,false
1744,1150.0,16.0,,false
1745,1000.0,8.0,,false
1746,1350.0,50.0,,true
1747,500.0,56.0,,true
1748,5000.0,19.0,,true
1749,2200.0,137.0,,true
1750,3500.0,346.0,,true
1751,5000.0,600.0,,true
1752,500.0,142.0,,true
1753,125.0,517.0,,true
1754,40.0,383.0,,true
1755,350.0,165.0,,true
1756,500.0,186.0,,false
1757,500.0,379.0,,false
1758,3300.0,24.0,,false
1759,3300.0,29.0,,false
1760,3300.0,28.0,,false
1761,60.0,221.0,,false
1762,60.0,154.0,,false
1763,60.0,231.0,,false
1764,800.0,6.0,,false
1765,60.0,95.0,,false
1766,60.0,119.0,,false
1767,60.0,102.0,,false
1768,60.0,98.0,,false
1769,60.0,89.0,,false
1770,60.0,103.0,,false
1771,60.0,120.0,,false
1772,100.0,250.0,,false
1773,100.0,234.0,,false
1774,900.0,9.0,,false
1775,1150.0,14.0,,false
1776,1000.0,8.0,,false
1777,1350.0,46.0,,true
1778,500.0,60.0,,true
1779,5000.0,19.0,,true
1780,2200.0,139.0,,true
1781,3500.0,377.0,,true
1782,5000.0,600.0,,true
1783,500.0,158.0,,true
1784,125.0,548.0,,true
1785,40.0,355.0,,true
1786,350.0,179.0,,true
1787,500.0,195.0,,false
1788,500.0,440.0,,false
1789,3300.0,23.0,,false
1790,3300.0,24.0,,false
1791,3300.0,24.0,,false
1792,60.0,218.0,,false
1793,60.0,231.0,,false
1794,60.0,189.0,,false
1795,60.0,179.0,,false
1796,800.0,4.0,,false
1797,60.0,97.0,,false
1798,60.0,111.0,,false
1799,60.0,84.0,,false
1800,60.0,97.0,,false
1801,60.0,118.0,,false
1802,60.0,100.0,,false
1803,60.0,95.0,,false
1804,60.0,81.0,,false
1805,100.0,188.0,,false
1806,100.0,189.0,,false
1807,900.0,10.0,,false
1808,1150.0,14.0,,false
1809,1000.0,5.0,,false
1810,1350.0,47.0,,true
1811,500.0,56.0,,true
1812,5000.0,20.0,,true
1813,2200.0,136.0,,true
1814,3500.0,344.0,,true
1815,5000.0,600.0,,true
1816,500.0,159.0,,true
1817,125.0,534.0,,true
1818,40.0,426.0,,true
1819,350.0,170.0,,true
1820,500.0,187.0,,false
1821,500.0,575.0,,false
1822,3300.0,26.0,,false
1823,3300.0,27.0,,false
1824,3300.0,25.0,,false
1825,60.0,203.0,,false
1826,60.0,214.0,,false
1827,60.0,164.0,,false
1828,800.0,5.0,,false
1829,60.0,102.0,,false
1830,60.0,85.0,,false
1831,60.0,96.0,,false
1832,60.0,108.0,,false
1833,60.0,106.0,,false
1834,60.0,101.0,,false
1835,60.0,103.0,,false
1836,60.0,92.0,,false
1837,60.0,116.0,,false
1838,60.0,118.0,,false
1839,100.0,229.0,,false
1840,100.0,221.0,,false
1841,900.0,7.0,,false
1842,1150.0,14.0,,false
1843,1000.0,7.0,,false
1844,1350.0,50.0,,true
1845,500.0,60.0,,true
1846,5000.0,18.0,,true
1847,2200.0,136.0,,true
1848,3500.0,388.0,,true
1849,5000.0,600.0,,true
1850,500.0,159.0,,true
1851,125.0,503.0,,true
1852,40.0,391.0,,true
1853,350.0,176.0,,true
1854,500.0,189.0,,false
1855,500.0,418.0,,false
1856,3300.0,24.0,,false
1857,3300.0,24.0,,false
1858,3300.0,22.0,,false
1859,60.0,221.0,,false
1860,60.0,173.0,,false
1861,60.0,250.0,,false
1862,60.0,165.0,,false
1863,800.0,6.0,,false
1864,60.0,91.0,,false
1865,60.0,93.0,,false
1866,60.0,101.0,,false
1867,60.0,107.0,,false
1868,60.0,102.0,,false
1869,60.0,117.0,,false
1870,100.0,196.0,,false
1871,100.0,185.0,,false
1872,900.0,10.0,,false
1873,1150.0,14.0,,false
1874,1000.0,6.0,,false
1875,1350.0,48.0,,true
1876,500.0,58.0,,true
1877,5000.0,19.0,,true
1878,2200.0,139.0,,true
1879,3500.0,369.0,,true
1880,5000.0,600.0,,true
1881,500.0,143.0,,true
1882,125.0,532.0,,true
1883,40.0,402.0,,true
1884,350.0,142.0,,true
1885,500.0,173.0,,false
1886,500.0,585.0,,false
1887,3300.0,24.0,,false
1888,3300.0,22.0,,false
1889,3300.0,25.0,,false
1890,60.0,240.0,,false
1891,60.0,246.0,,false
1892,60.0,240.0,,false
1893,800.0,6.0,,false
1894,60.0,119.0,,false
1895,60.0,94.0,,false
1896,60.0,86.0,,false
1897,60.0,109.0,,false
1898,60.0,108.0,,false
1899,60.0,115.0,,false
1900,60.0,109.0,,false
1901,100.0,216.0,,false
1902,100.0,205.0,,false
1903,900.0,9.0,,false
1904,1150.0,14.0,,false
1905,1000.0,7.0,,false
1906,1350.0,47.0,,true
1907,500.0,57.0,,true
1908,5000.0,16.0,,true
1909,2200.0,134.0,,true
1910,3500.0,362.0,,true
1911,5000.0,600.0,,true
1912,500.0,159.0,,true
1913,125.0,523.0,,true
1914,40.0,355.0,,true
1915,350.0,162.0,,true
1916,500.0,177.0,,false
1917,500.0,332.0,,false
1918,3300.0,27.0,,false
1919,3300.0,24.0,,false
1920,3300.0,21.0,,false
1921,60.0,163.0,,false
1922,60.0,207.0,,false
1923,60.0,165.0,,false
1924,800.0,4.0,,false
1925,60.0,101.0,,false
1926,60.0,90.0,,false
1927,60.0,117.0,,false
1928,60.0,84.0,,false
1929,60.0,92.0,,false
1930,60.0,102.0,,false
1931,100.0,228.0,,false
1932,100.0,226.0,,false
1933,900.0,10.0,,false
1934,1150.0,13.0,,false
1935,1000.0,5.0,,false
1936,1350.0,48.0,,true
1937,500.0,60.0,,true
1938,5000.0,20.0,,true
1939,2200.0,132.0,,true
1940,3500.0,371.0,,true
1941,5000.0,600.0,,true
1942,500.0,153.0,,true
1943,125.0,516.0,,true
1944,40.0,392.0,,true
1945,350.0,145.0,,true
1946,500.0,197.0,,false
1947,500.0,509.0,,false
1948,3300.0,22.0,,false
1949,3300.0,21.0,,false
1950,3300.0,28.0,,false
1951,60.0,214.0,,false
1952,60.0,249.0,,false
1953,60.0,249.0,,false
1954,800.0,5.0,,false
1955,60.0,113.0,,false
1956,60.0,99.0,,false
1957,60.0,117.0,,false
1958,60.0,109.0,,false
1959,60.0,81.0,,false
1960,60.0,119.0,,false
1961,60.0,97.0,,false
1962,60.0,82.0,,false
1963,60.0,112.0,,false
1964,60.0,90.0,,false
1965,100.0,213.0,,false
1966,100.0,185.0,,false
1967,900.0,10.0,,false
1968,1150.0,17.0,,false
1969,1000.0,5.0,,false
1970,1350.0,48.0,,true
1971,500.0,56.0,,true
1972,5000.0,16.0,,true
1973,2200.0,135.0,,true
1974,3500.0,236.0,,true
1975,5000.0,600.0,,true
1976,500.0,157.0,,true
1977,125.0,545.0,,true
1978,40.0,457.0,,true
1979,350.0,177.0,,true
1980,500.0,187.0,,false
1981,500.0,510.0,,false
1982,3300.0,27.0,,false
1983,3300.0,22.0,,false
1984,3300.0,26.0,,false
1985,60.0,239.0,,false
1986,60.0,168.0,,false
1987,60.0,202.0,,false
1988,800.0,6.0,,false
1989,60.0,92.0,,false
1990,60.0,106.0,,false
1991,60.0,91.0,,false
1992,60.0,116.0,,false
1993,60.0,106.0,,false
1994,60.0,101.0,,false
1995,100.0,217.0,,false
1996,100.0,234.0,,false
1997,900.0,7.0,,false
1998,1150.0,15.0,,false
1999,1000.0,5.0,,false
2000,1350.0,48.0,,true
2001,500.0,57.0,,true
2002,5000.0,17.0,,true
2003,2200.0,136.0,,true
2004,3500.0,284.0,,true
2005,5000.0,600.0,,true
2006,500.0,149.0,,true
2007,125.0,476.0,,true
2008,40.0,440.0,,true
2009,350.0,168.0,,true
2010,500.0,196.0,,false
2011,500.0,416.0,,false
2012,3300.0,25.0,,false
2013,3300.0,22.0,,false
2014,3300.0,28.0,,false
2015,60.0,231.0,,false
2016,60.0,185.0,,false
2017,60.0,174.0,,false
2018,800.0,6.0,,false
2019,60.0,107.0,,false
2020,60.0,114.0,,false
2021,60.0,106.0,,false
2022,60.0,88.0,,false
2023,60.0,92.0,,false
2024,60.0,118.0,,false
2025,60.0,120.0,,false
2026,60.0,103.0,,false
2027,100.0,243.0,,false
2028,100.0,212.0,,false
2029,900.0,7.0,,false
2030,1150.0,17.0,,false
2031,1000.0,6.0,,false
2032,1350.0,46.0,,true
2033,500.0,59.0,,true
2034,5000.0,16.0,,true
2035,2200.0,135.0,,true
2036,3500.0,208.0,,true
2037,5000.0,600.0,,true
2038,500.0,141.0,,true
2039,125.0,545.0,,true
2040,40.0,401.0,,true
2041,350.0,156.0,,true
2042,500.0,182.0,,false
2043,500.0,587.0,,false
2044,3300.0,23.0,,false
2045,3300.0,21.0,,false
2046,3300.0,25.0,,false
2047,60.0,232.0,,false
2048,60.0,219.0,,false
2049,60.0,214.0,,false
2050,800.0,6.0,,false
2051,60.0,103.0,,false
2052,60.0,120.0,,false
2053,60.0,87.0,,false
2054,60.0,101.0,,false
2055,60.0,92.0,,false
2056,60.0,104.0,,false
2057,100.0,214.0,,false
2058,100.0,229.0,,false
2059,900.0,10.0,,false
2060,1150.0,18.0,,false
2061,1000.0,7.0,,false
2062,1350.0,49.0,,true
2063,500.0,56.0,,true
2064,5000.0,16.0,,true
2065,2200.0,136.0,,true
2066,3500.0,325.0,,true
2067,5000.0,600.0,,true
2068,500.0,155.0,,true
2069,125.0,501.0,,true
2070,40.0,421.0,,true
2071,350.0,147.0,,true
2072,500.0,200.0,,false
2073,500.0,392.0,,false
2074,3300.0,27.0,,false
2075,3300.0,23.0,,false
2076,3300.0,28.0,,false
2077,60.0,180.0,,false
2078,60.0,210.0,,false
2079,60.0,203.0,,false
2080,800.0,6.0,,false
2081,60.0,95.0,,false
2082,60.0,111.0,,false
2083,60.0,119.0,,false
2084,60.0,93.0,,false
2085,60.0,104.0,,false
2086,60.0,84.0,,false
2087,60.0,111.0,,false
2088,60.0,114.0,,false
2089,60.0,93.0,,false
2090,60.0,95.0,,false
2091,100.0,186.0,,false
2092,100.0,246.0,,false
2093,900.0,7.0,,false
2094,1150.0,17.0,,false
2095,1000.0,8.0,,false
2096,1350.0,48.0,,true
2097,500.0,57.0,,true
2098,5000.0,17.0,,true
2099,2200.0,134.0,,true
2100,3500.0,302.0,,true
2101,5000.0,600.0,,true
2102,500.0,159.0,,true
2103,125.0,510.0,,true
2104,40.0,459.0,,true
2105,350.0,171.0,,true
2106,500.0,173.0,,false
2107,500.0,433.0,,false
2108,3300.0,22.0,,false
2109,3300.0,27.0,,false
2110,3300.0,30.0,,false
2111,60.0,201.0,,false
2112,60.0,186.0,,false
2113,60.0,214.0,,false
2114,800.0,6.0,,false
2115,60.0,110.0,,false
2116,60.0,117.0,,false
2117,60.0,97.0,,false
2118,60.0,88.0,,false
2119,60.0,110.0,,false
2120,60.0,84.0,,false
2121,60.0,110.0,,false
2122,100.0,245.0,,false
2123,100.0,237.0,,false
2124,900.0,9.0,,false
2125,1150.0,15.0,,false
2126,1000.0,7.0,,false
2127,1350.0,50.0,,true
2128,500.0,56.0,,true
2129,5000.0,16.0,,true
2130,2200.0,135.0,,true
2131,3500.0,350.0,,true
2132,5000.0,600.0,,true
2133,500.0,150.0,,true
2134,125.0,515.0,,true
2135,40.0,404.0,,true
2136,350.0,154.0,,true
2137,500.0,192.0,,false
2138,500.0,547.0,,false
2139,3300.0,26.0,,false
2140,3300.0,27.0,,false
2141,3300.0,23.0,,false
2142,60.0,216.0,,false
2143,60.0,187.0,,false
2144,60.0,164.0,,false
2145,800.0,6.0,,false
2146,60.0,91.0,,false
2147,60.0,97.0,,false
2148,60.0,87.0,,false
2149,60.0,91.0,,false
2150,60.0,82.0,,false
2151,60.0,95.0,,false
2152,60.0,111.0,,false
2153,60.0,89.0,,false
2154,60.0,94.0,,false
2155,60.0,89.0,,false
2156,100.0,192.0,,false
2157,100.0,205.0,,false
2158,900.0,7.0,,false
2159,1150.0,15.0,,false
2160,1000.0,7.0,,false
2161,1350.0,47.0,,true
2162,500.0,59.0,,true
2163,5000.0,16.0,,true
2164,2200.0,136.0,,true
2165,3500.0,217.0,,true
2166,5000.0,600.0,,true
2167,500.0,145.0,,true
2168,125.0,518.0,,true
2169,40.0,425.0,,true
2170,350.0,162.0,,true
2171,500.0,187.0,,false
2172,500.0,383.0,,false
2173,3300.0,29.0,,false
2174,3300.0,25.0,,false
2175,3300.0,25.0,,false
2176,60.0,173.0,,false
2177,60.0,186.0,,false
2178,60.0,177.0,,false
2179,60.0,242.0,,false
2180,800.0,6.0,,false
2181,60.0,88.0,,false
2182,60.0,84.0,,false
2183,60.0,111.0,,false
2184,60.0,99.0,,false
2185,60.0,97.0,,false
2186,60.0,115.0,,false
2187,60.0,85.0,,false
2188,100.0,249.0,,false
2189,100.0,246.0,,false
2190,900.0,7.0,,false
2191,1150.0,14.0,,false
2192,1000.0,6.0,,false
2193,1350.0,48.0,,true
2194,500.0,60.0,,true
2195,5000.0,19.0,,true
2196,2200.0,133.0,,true
2197,3500.0,310.0,,true
2198,5000.0,600.0,,true
2199,500.0,157.0,,true
2200,125.0,483.0,,true
2201,40.0,454.0,,true
2202,350.0,177.0,,true
2203,500.0,199.0,,false
2204,500.0,525.0,,false
2205,3300.0,29.0,,false
2206,3300.0,24.0,,false
2207,3300.0,23.0,,false
2208,60.0,163.0,,false
2209,60.0,174.0,,false
2210,60.0,185.0,,false
2211,800.0,6.0,,false
2212,60.0,111.0,,false
2213,60.0,110.0,,false
2214,60.0,82.0,,false
2215,60.0,81.0,,false
2216,60.0,92.0,,false
2217,60.0,111.0,,false
2218,100.0,192.0,,false
2219,100.0,227.0,,false
2220,900.0,10.0,,false
2221,1150.0,15.0,,false
2222,1000.0,7.0,,false
2223,1350.0,49.0,,true
2224,500.0,56.0,,true
2225,5000.0,18.0,,true
2226,2200.0,132.0,,true
2227,3500.0,271.0,,true
2228,5000.0,600.0,,true
2229,500.0,142.0,,true
2230,125.0,543.0,,true
2231,40.0,420.0,,true
2232,350.0,152.0,,true
2233,500.0,192.0,,false
2234,500.0,403.0,,false
2235,3300.0,29.0,,false
2236,3300.0,22.0,,false
2237,3300.0,25.0,,false
2238,60.0,213.0,,false
2239,60.0,163.0,,false
2240,60.0,244.0,,false
2241,800.0,6.0,,false
2242,60.0,86.0,,false
2243,60.0,102.0,,false
2244,60.0,113.0,,false
2245,60.0,116.0,,false
2246,60.0,120.0,,false
2247,60.0,87.0,,false
2248,100.0,211.0,,false
2249,100.0,229.0,,false
2250,900.0,8.0,,false
2251,1150.0,13.0,,false
2252,1000.0,7.0,,false
2253,1350.0,49.0,,true
2254,500.0,56.0,,true
2255,5000.0,18.0,,true
2256,2200.0,138.0,,true
2257,3500.0,371.0,,true
2258,5000.0,600.0,,true
2259,500.0,159.0,,true
2260,125.0,512.0,,true
2261,40.0,355.0,,true
2262,350.0,159.0,,true
2263,500.0,185.0,,false
2264,500.0,443.0,,false
2265,3300.0,26.0,,false
2266,3300.0,27.0,,false
2267,3300.0,29.0,,false
2268,60.0,244.0,,false
2269,60.0,247.0,,false
2270,60.0,163.0,,false
2271,60.0,192.0,,false
2272,800.0,4.0,,false
2273,60.0,103.0,,false
2274,60.0,83.0,,false
2275,60.0,106.0,,false
2276,60.0,83.0,,false
2277,60.0,81.0,,false
2278,60.0,97.0,,false
2279,60.0,105.0,,false
2280,60.0,94.0,,false
2281,60.0,86.0,,false
2282,60.0,100.0,,false
2283,100.0,197.0,,false
2284,100.0,237.0,,false
2285,900.0,8.0,,false
2286,1150.0,15.0,,false
2287,1000.0,6.0,,false
2288,1350.0,47.0,,true
2289,500.0,56.0,,true
2290,5000.0,18.0,,true
2291,2200.0,131.0,,true
2292,3500.0,259.0,,true
2293,5000.0,600.0,,true
2294,500.0,152.0,,true
2295,125.0,469.0,,true
2296,40.0,431.0,,true
2297,350.0,150.0,,true
2298,500.0,182.0,,false
2299,500.0,580.0,,false
2300,3300.0,25.0,,false
2301,3300.0,21.0,,false
2302,3300.0,29.0,,false
2303,60.0,151.0,,false
2304,60.0,187.0,,false
2305,60.0,247.0,,false
2306,800.0,6.0,,false
2307,60.0,83.0,,false
2308,60.0,112.0,,false
2309,60.0,111.0,,false
2310,60.0,115.0,,false
2311,60.0,103.0,,false
2312,60.0,100.0,,false
2313,100.0,239.0,,false
2314,100.0,207.0,,false
2315,900.0,10.0,,false
2316,1150.0,17.0,,false
2317,1000.0,7.0,,false
2318,1350.0,49.0,,true
2319,500.0,58.0,,true
2320,5000.0,19.0,,true
2321,2200.0,133.0,,true
2322,3500.0,355.0,,true
2323,5000.0,600.0,,true
2324,500.0,149.0,,true
2325,125.0,531.0,,true
2326,40.0,373.0,,true
2327,350.0,166.0,,true
2328,500.0,175.0,,false
2329,500.0,493.0,,false
2330,3300.0,22.0,,false
2331,3300.0,21.0,,false
2332,3300.0,25.0,,false
2333,60.0,161.0,,false
2334,60.0,246.0,,false
2335,60.0,155.0,,false
2336,60.0,233.0,,false
2337,800.0,6.0,,false
2338,60.0,85.0,,false
2339,60.0,113.0,,false
2340,60.0,89.0,,false
2341,60.0,88.0,,false
2342,60.0,113.0,,false
2343,60.0,114.0,,false
2344,60.0,105.0,,false
2345,60.0,110.0,,false
2346,100.0,231.0,,false
2347,100.0,235.0,,false
2348,900.0,10.0,,false
2349,1150.0,18.0,,false
2350,1000.0,7.0,,false
2351,1350.0,48.0,,true
2352,500.0,57.0,,true
2353,5000.0,17.0,,true
2354,2200.0,132.0,,true
2355,3500.0,342.0,,true
2356,5000.0,600.0,,true
2357,500.0,142.0,,true
2358,125.0,516.0,,true
2359,40.0,415.0,,true
2360,350.0,147.0,,true
2361,500.0,187.0,,false
2362,500.0,545.0,,false
2363,3300.0,27.0,,false
2364,3300.0,25.0,,false
2365,3300.0,22.0,,false
2366,60.0,249.0,,false
2367,60.0,229.0,,false
2368,60.0,210.0,,false
2369,800.0,6.0,,false
2370,60.0,81.0,,false
2371,60.0,119.0,,false
2372,60.0,82.0,,false
2373,60.0,111.0,,false
2374,60.0,88.0,,false
2375,60.0,120.0,,false
2376,60.0,94.0,,false
2377,100.0,241.0,,false
2378,100.0,188.0,,false
2379,900.0,8.0,,false
2380,1150.0,14.0,,false
2381,1000.0,5.0,,false
2382,1350.0,47.0,,true
2383,500.0,58.0,,true
2384,5000.0,19.0,,true
2385,2200.0,140.0,,true
2386,3500.0,228.0,,true
2387,5000.0,600.0,,true
2388,500.0,156.0,,true
2389,125.0,458.0,,true
2390,40.0,378.0,,true
2391,350.0,149.0,,true
2392,500.0,198.0,,false
2393,500.0,383.0,,false
2394,3300.0,28.0,,false
2395,3300.0,21.0,,false
2396,3300.0,26.0,,false
2397,60.0,224.0,,false
2398,60.0,232.0,,false
2399,60.0,166.0,,false
2400,60.0,204.0,,false
2401,800.0,6.0,,false
2402,60.0,102.0,,false
2403,60.0,87.0,,false
2404,60.0,97.0,,false
2405,60.0,109.0,,false
2406,60.0,98.0,,false
2407,60.0,97.0,,false
2408,100.0,187.0,,false
2409,100.0,229.0,,false
2410,900.0,9.0,,false
2411,1150.0,16.0,,false
2412,1000.0,6.0,,false
2413,1350.0,49.0,,true
2414,500.0,60.0,,true
2415,5000.0,19.0,,true
2416,2200.0,139.0,,true
2417,3500.0,306.0,,true
2418,5000.0,600.0,,true
2419,500.0,152.0,,true
2420,125.0,454.0,,true
2421,40.0,434.0,,true
2422,350.0,172.0,,true
2423,500.0,198.0,,false
2424,500.0,537.0,,false
2425,3300.0,23.0,,false
2426,3300.0,27.0,,false
2427,3300.0,30.0,,false
2428,60.0,197.0,,false
2429,60.0,181.0,,false
2430,60.0,216.0,,false
2431,800.0,6.0,,false
2432,60.0,104.0,,false
2433,60.0,97.0,,false
2434,60.0,119.0,,false
2435,60.0,93.0,,false
2436,60.0,99.0,,false
2437,60.0,92.0,,false
2438,60.0,81.0,,false
2439,60.0,116.0,,false
2440,60.0,108.0,,false
2441,60.0,113.0,,false
2442,100.0,231.0,,false
2443,100.0,231.0,,false
2444,900.0,7.0,,false
2445,1150.0,17.0,,false
2446,1000.0,8.0,,false
2447,1350.0,50.0,,true
2448,500.0,56.0,,true
2449,5000.0,19.0,,true
2450,2200.0,138.0,,true
2451,3500.0,396.0,,true
2452,5000.0,600.0,,true
2453,500.0,146.0,,true
2454,125.0,497.0,,true
2455,40.0,423.0,,true
2456,350.0,163.0,,true
2457,500.0,190.0,,false
2458,500.0,520.0,,false
2459,3300.0,26.0,,false
2460,3300.0,28.0,,false
2461,3300.0,26.0,,false
2462,60.0,164.0,,false
2463,60.0,160.0,,false
2464,60.0,213.0,,false
2465,60.0,240.0,,false
2466,800.0,5.0,,false
2467,60.0,102.0,,false
2468,60.0,84.0,,false
2469,60.0,83.0,,false
2470,60.0,115.0,,false
2471,60.0,100.0,,false
2472,60.0,95.0,,false
2473,60.0,81.0,,false
2474,60.0,98.0,,false
2475,60.0,106.0,,false
2476,60.0,87.0,,false
2477,100.0,217.0,,false
2478,100.0,241.0,,false
2479,900.0,7.0,,false
2480,1150.0,18.0,,false
2481,1000.0,8.0,,false
2482,1350.0,47.0,,true
2483,500.0,56.0,,true
2484,5000.0,18.0,,true
2485,2200.0,135.0,,true
2486,3500.0,311.0,,true
2487,5000.0,600.0,,true
2488,500.0,157.0,,true
2489,125.0,471.0,,true
2490,40.0,373.0,,true
2491,350.0,166.0,,true
2492,500.0,174.0,,false
2493,500.0,376.0,,false
2494,3300.0,30.0,,false
2495,3300.0,23.0,,false
2496,3300.0,27.0,,false
2497,60.0,172.0,,false
2498,60.0,153.0,,false
2499,60.0,168.0,,false
2500,60.0,161.0,,false
2501,800.0,6.0,,false
2502,60.0,114.0,,false
2503,60.0,117.0,,false
2504,60.0,105.0,,false
2505,60.0,95.0,,false
2506,60.0,94.0,,false
2507,60.0,98.0,,false
2508,60.0,89.0,,false
2509,100.0,229.0,,false
2510,100.0,249.0,,false
2511,900.0,10.0,,false
2512,1150.0,18.0,,false
2513,1000.0,5.0,,false
2514,1350.0,50.0,,true
2515,500.0,56.0,,true
2516,5000.0,17.0,,true
2517,2200.0,140.0,,true
2518,3500.0,313.0,,true
2519,5000.0,600.0,,true
2520,500.0,151.0,,true
2521,125.0,545.0,,true
2522,40.0,391.0,,true
2523,350.0,178.0,,true
2524,500.0,198.0,,false
2525,500.0,578.0,,false
2526,3300.0,26.0,,false
2527,3300.0,26.0,,false
2528,3300.0,27.0,,false
2529,60.0,190.0,,false
2530,60.0,185.0,,false
2531,60.0,182.0,,false
2532,60.0,215.0,,false
2533,800.0,5.0,,false
2534,60.0,84.0,,false
2535,60.0,93.0,,false
2536,60.0,96.0,,false
2537,60.0,113.0,,false
2538,60.0,103.0,,false
2539,60.0,83.0,,false
2540,60.0,115.0,,false
2541,60.0,110.0,,false
2542,60.0,88.0,,false
2543,100.0,197.0,,false
2544,100.0,205.0,,false
2545,900.0,8.0,,false
2546,1150.0,16.0,,false
2547,1000.0,6.0,,false
2548,1350.0,47.0,,true
2549,500.0,58.0,,true
2550,5000.0,17.0,,true
2551,2200.0,133.0,,true
2552,3500.0,263.0,,true
2553,5000.0,600.0,,true
2554,500.0,143.0,,true
2555,125.0,463.0,,true
2556,40.0,419.0,,true
2557,350.0,154.0,,true
2558,500.0,192.0,,false
2559,500.0,463.0,,false
2560,3300.0,28.0,,false
2561,3300.0,25.0,,false
2562,3300.0,21.0,,false
2563,60.0,193.0,,false
2564,60.0,177.0,,false
2565,60.0,180.0,,false
2566,800.0,4.0,,false
2567,60.0,104.0,,false
2568,60.0,95.0,,false
2569,60.0,111.0,,false
2570,60.0,104.0,,false
2571,60.0,82.0,,false
2572,60.0,119.0,,false
2573,60.0,88.0,,false
2574,100.0,247.0,,false
2575,100.0,233.0,,false
2576,900.0,10.0,,false
2577,1150.0,13.0,,false
2578,1000.0,6.0,,false
2579,1350.0,50.0,,true
2580,500.0,58.0,,true
2581,5000.0,20.0,,true
2582,2200.0,140.0,,true
2583,3500.0,234.0,,true
2584,5000.0,600.0,,true
2585,500.0,155.0,,true
2586,125.0,532.0,,true
2587,40.0,412.0,,true
2588,350.0,143.0,,true
2589,500.0,181.0,,false
2590,500.0,438.0,,false
2591,3300.0,30.0,,false
2592,3300.0,25.0,,false
2593,3300.0,24.0,,false
2594,60.0,151.0,,false
2595,60.0,217.0,,false
2596,60.0,220.0,,false
2597,800.0,4.0,,false
2598,60.0,107.0,,false
2599,60.0,86.0,,false
2600,60.0,81.0,,false
2601,60.0,98.0,,false
2602,60.0,81.0,,false
2603,60.0,105.0,,false
2604,60.0,95.0,,false
2605,60.0,84.0,,false
2606,60.0,89.0,,false
2607,100.0,218.0,,false
2608,100.0,247.0,,false
2609,900.0,7.0,,false
2610,1150.0,18.0,,false
2611,1000.0,5.0,,false
2612,1350.0,46.0,,true
2613,500.0,60.0,,true
2614,5000.0,18.0,,true
2615,2200.0,136.0,,true
2616,3500.0,365.0,,true
2617,5000.0,600.0,,true
2618,500.0,157.0,,true
2619,125.0,544.0,,true
2620,40.0,364.0,,true
2621,350.0,168.0,,true
2622,500.0,180.0,,false
2623,500.0,519.0,,false
2624,3300.0,26.0,,false
2625,3300.0,27.0,,false
2626,3300.0,29.0,,false
2627,60.0,190.0,,false
2628,60.0,178.0,,false
2629,60.0,230.0,,false
2630,60.0,196.0,,false
2631,800.0,6.0,,false
2632,60.0,81.0,,false
2633,60.0,90.0,,false
2634,60.0,96.0,,false
2635,60.0,118.0,,false
2636,60.0,108.0,,false
2637,60.0,94.0,,false
2638,100.0,234.0,,false
2639,100.0,198.0,,false
2640,900.0,9.0,,false
2641,1150.0,14.0,,false
2642,1000.0,8.0,,false
2643,1350.0,46.0,,true
2644,500.0,57.0,,true
2645,5000.0,16.0,,true
2646,2200.0,135.0,,true
2647,3500.0,337.0,,true
2648,5000.0,600.0,,true
2649,500.0,141.0,,true
2650,125.0,458.0,,true
2651,40.0,376.0,,true
2652,350.0,155.0,,true
2653,500.0,187.0,,false
2654,500.0,600.0,,false
2655,3300.0,26.0,,false
2656,3300.0,27.0,,false
2657,3300.0,24.0,,false
2658,60.0,248.0,,false
2659,60.0,206.0,,false
2660,60.0,202.0,,false
2661,800.0,4.0,,false
2662,60.0,119.0,,false
2663,60.0,117.0,,false
2664,60.0,99.0,,false
2665,60.0,120.0,,false
2666,60.0,97.0,,false
2667,60.0,93.0,,false
2668,60.0,110.0,,false
2669,100.0,208.0,,false
2670,100.0,249.0,,false
2671,900.0,7.0,,false
2672,1150.0,13.0,,false
2673,1000.0,5.0,,false
2674,1350.0,48.0,,true
2675,500.0,57.0,,true
2676,5000.0,17.0,,true
2677,2200.0,132.0,,true
2678,3500.0,300.0,,true
2679,5000.0,600.0,,true
2680,500.0,141.0,,true
2681,125.0,508.0,,true
2682,40.0,378.0,,true
2683,350.0,156.0,,true
2684,500.0,178.0,,false
2685,500.0,329.0,,false
2686,3300.0,28.0,,false
2687,3300.0,24.0,,false
2688,3300.0,30.0,,false
2689,60.0,173.0,,false
2690,60.0,169.0,,false
2691,60.0,168.0,,false
2692,60.0,205.0,,false
2693,800.0,4.0,,false
2694,60.0,114.0,,false
2695,60.0,86.0,,false
2696,60.0,90.0,,false
2697,60.0,108.0,,false
2698,60.0,105.0,,false
2699,60.0,116.0,,false
2700,60.0,116.0,,false
2701,100.0,246.0,,false
2702,100.0,200.0,,false
2703,900.0,10.0,,false
2704,1150.0,17.0,,false
2705,1000.0,7.0,,false
2706,1350.0,48.0,,true
2707,500.0,59.0,,true
2708,5000.0,20.0,,true
2709,2200.0,135.0,,true
2710,3500.0,263.0,,true
2711,5000.0,600.0,,true
2712,500.0,145.0,,true
2713,125.0,462.0,,true
2714,40.0,440.0,,true
2715,350.0,167.0,,true
2716,500.0,186.0,,false
2717,500.0,485.0,,false
2718,3300.0,22.0,,false
2719,3300.0,21.0,,false
2720,3300.0,23.0,,false
2721,60.0,200.0,,false
2722,60.0,232.0,,false
2723,60.0,177.0,,false
2724,800.0,4.0,,false
2725,60.0,99.0,,false
2726,60.0,95.0,,false
2727,60.0,95.0,,false
2728,60.0,106.0,,false
2729,60.0,92.0,,false
2730,60.0,93.0,,false
2731,60.0,85.0,,false
2732,60.0,101.0,,false
2733,60.0,113.0,,false
2734,100.0,236.0,,false
2735,100.0,238.0,,false
2736,900.0,7.0,,false
2737,1150.0,18.0,,false
2738,1000.0,8.0,,false
2739,1350.0,49.0,,true
2740,500.0,59.0,,true
2741,5000.0,20.0,,true
2742,2200.0,134.0,,true
2743,3500.0,228.0,,true
2744,5000.0,600.0,,true
2745,500.0,148.0,,true
2746,125.0,471.0,,true
2747,40.0,446.0,,true
2748,350.0,146.0,,true
2749,500.0,198.0,,false
2750,500.0,591.0,,false
2751,3300.0,24.0,,false
2752,3300.0,30.0,,false
2753,3300.0,28.0,,false
2754,60.0,203.0,,false
2755,60.0,182.0,,false
2756,60.0,163.0,,false
2757,60.0,187.0,,false
2758,800.0,5.0,,false
2759,60.0,116.0,,false
2760,60.0,87.0,,false
2761,60.0,102.0,,false
2762,60.0,117.0,,false
2763,60.0,112.0,,false
2764,60.0,118.0,,false
2765,60.0,81.0,,false
2766,60.0,92.0,,false
2767,60.0,90.0,,false
2768,60.0,86.0,,false
2769,100.0,233.0,,false
2770,100.0,189.0,,false
2771,900.0,7.0,,false
2772,1150.0,18.0,,false
2773,1000.0,8.0,,false
2774,1350.0,50.0,,true
2775,500.0,60.0,,true
2776,5000.0,19.0,,true
2777,2200.0,135.0,,true
2778,3500.0,377.0,,true
2779,5000.0,600.0,,true
2780,500.0,150.0,,true
2781,125.0,541.0,,true
2782,40.0,366.0,,true
2783,350.0,162.0,,true
2784,500.0,198.0,,false
2785,500.0,442.0,,false
2786,3300.0,29.0,,false
2787,3300.0,26.0,,false
2788,3300.0,25.0,,false
2789,60.0,158.0,,false
2790,60.0,241.0,,false
2791,60.0,158.0,,false
2792,800.0,4.0,,false
2793,60.0,100.0,,false
2794,60.0,117.0,,false
2795,60.0,104.0,,false
2796,60.0,84.0,,false
2797,60.0,96.0,,false
2798,60.0,104.0,,false
2799,60.0,81.0,,false
2800,60.0,84.0,,false
2801,60.0,107.0,,false
2802,60.0,93.0,,false
2803,100.0,201.0,,false
2804,100.0,240.0,,false
2805,900.0,7.0,,false
2806,1150.0,18.0,,false
2807,1000.0,7.0,,false
2808,1350.0,46.0,,true
2809,500.0,59.0,,true
2810,5000.0,16.0,,true
2811,2200.0,135.0,,true
2812,3500.0,211.0,,true
2813,5000.0,600.0,,true
2814,500.0,150.0,,true
2815,125.0,457.0,,true
2816,40.0,407.0,,true
2817,350.0,144.0,,true
2818,500.0,196.0,,false
2819,500.0,538.0,,false
2820,3300.0,25.0,,false
2821,3300.0,26.0,,false
2822,3300.0,30.0,,false
2823,60.0,211.0,,false
2824,60.0,217.0,,false
2825,60.0,202.0,,false
2826,60.0,163.0,,false
2827,800.0,4.0,,false
2828,60.0,110.0,,false
2829,60.0,97.0,,false
2830,60.0,86.0,,false
2831,60.0,94.0,,false
2832,60.0,95.0,,false
2833,60.0,95.0,,false
2834,100.0,250.0,,false
2835,100.0,193.0,,false
2836,900.0,9.0,,false
2837,1150.0,16.0,,false
2838,1000.0,8.0,,false
2839,1350.0,47.0,,true
2840,500.0,56.0,,true
2841,5000.0,20.0,,true
2842,2200.0,138.0,,true
2843,3500.0,241.0,,true
2844,5000.0,600.0,,true
2845,500.0,153.0,,true
2846,125.0,519.0,,true
2847,40.0,390.0,,true
2848,350.0,142.0,,true
2849,500.0,171.0,,false
2850,500.0,542.0,,false
2851,3300.0,25.0,,false
2852,3300.0,29.0,,false
2853,3300.0,24.0,,false
2854,60.0,202.0,,false
2855,60.0,218.0,,false
2856,60.0,215.0,,false
2857,800.0,5.0,,false
2858,60.0,112.0,,false
2859,60.0,106.0,,false
2860,60.0,100.0,,false
2861,60.0,83.0,,false
2862,60.0,114.0,,false
2863,60.0,98.0,,false
2864,60.0,115.0,,false
2865,100.0,220.0,,false
2866,100.0,216.0,,false
2867,900.0,9.0,,false
2868,1150.0,18.0,,false
2869,1000.0,8.0,,false
2870,1350.0,46.0,,true
2871,500.0,58.0,,true
2872,5000.0,17.0,,true
2873,2200.0,139.0,,true
2874,3500.0,347.0,,true
2875,5000.0,600.0,,true
2876,500.0,153.0,,true
2877,125.0,520.0,,true
2878,40.0,365.0,,true
2879,350.0,160.0,,true
2880,500.0,185.0,,false
2881,500.0,581.0,,false
2882,3300.0,24.0,,false
2883,3300.0,22.0,,false
2884,3300.0,24.0,,false
2885,60.0,240.0,,false
2886,60.0,166.0,,false
2887,60.0,238.0,,false
2888,800.0,5.0,,false
2889,60.0,99.0,,false
2890,60.0,81.0,,false
2891,60.0,105.0,,false
2892,60.0,84.0,,false
2893,60.0,113.0,,false
2894,60.0,107.0,,false
2895,60.0,97.0,,false
2896,60.0,101.0,,false
2897,60.0,108.0,,false
2898,60.0,98.0,,false
2899,100.0,223.0,,false
2900,100.0,185.0,,false
2901,900.0,10.0,,false
2902,1150.0,15.0,,false
2903,1000.0,7.0,,false
2904,1350.0,48.0,,true
2905,500.0,60.0,,true
2906,5000.0,18.0,,true
2907,2200.0,136.0,,true
2908,3500.0,367.0,,true
2909,5000.0,600.0,,true
2910,500.0,143.0,,true
2911,125.0,510.0,,true
2912,40.0,376.0,,true
2913,350.0,179.0,,true
2914,500.0,189.0,,false
2915,500.0,456.0,,false
2916,3300.0,28.0,,false
2917,3300.0,24.0,,false
2918,3300.0,25.0,,false
2919,60.0,226.0,,false
2920,60.0,169.0,,false
2921,60.0,207.0,,false
2922,60.0,179.0,,false
2923,800.0,4.0,,false
2924,60.0,94.0,,false
2925,60.0,92.0,,false
2926,60.0,86.0,,false
2927,60.0,90.0,,false
2928,60.0,101.0,,false
2929,60.0,117.0,,false
2930,60.0,105.0,,false
2931,60.0,106.0,,false
2932,60.0,113.0,,false
2933,100.0,186.0,,false
2934,100.0,215.0,,false
2935,900.0,7.0,,false
2936,1150.0,18.0,,false
2937,1000.0,7.0,,false
2938,1350.0,49.0,,true
2939,500.0,60.0,,true
2940,5000.0,16.0,,true
2941,2200.0,139.0,,true
2942,3500.0,343.0,,true
2943,5000.0,600.0,,true
2944,500.0,151.0,,true
2945,125.0,510.0,,true
2946,40.0,388.0,,true
2947,350.0,160.0,,true
2948,500.0,185.0,,false
2949,500.0,484.0,,false
2950,3300.0,28.0,,false
2951,3300.0,30.0,,false
2952,3300.0,21.0,,false
2953,60.0,202.0,,false
2954,60.0,216.0,,false
2955,60.0,249.0,,false
2956,800.0,5.0,,false
2957,60.0,84.0,,false
2958,60.0,120.0,,false
2959,60.0,107.0,,false
2960,60.0,102.0,,false
2961,60.0,113.0,,false
2962,60.0,101.0,,false
2963,60.0,109.0,,false
2964,60.0,117.0,,false
2965,100.0,223.0,,false
2966,100.0,224.0,,false
2967,900.0,8.0,,false
2968,1150.0,17.0,,false
2969,1000.0,6.0,,false
2970,1350.0,49.0,,true
2971,500.0,58.0,,true
2972,5000.0,20.0,,true
2973,2200.0,140.0,,true
2974,3500.0,380.0,,true
2975,5000.0,600.0,,true
2976,500.0,153.0,,true
2977,125.0,495.0,,true
2978,40.0,434.0,,true
2979,350.0,177.0,,true
2980,500.0,185.0,,false
2981,500.0,535.0,,false
2982,3300.0,24.0,,false
2983,3300.0,25.0,,false
2984,3300.0,23.0,,false
2985,60.0,218.0,,false
2986,60.0,210.0,,false
2987,60.0,216.0,,false
2988,60.0,195.0,,false
2989,800.0,4.0,,false
2990,60.0,99.0,,false
2991,60.0,93.0,,false
2992,60.0,117.0,,false
2993,60.0,91.0,,false
2994,60.0,104.0,,false
2995,60.0,109.0,,false
2996,60.0,84.0,,false
2997,60.0,113.0,,false
2998,60.0,112.0,,false
2999,60.0,107.0,,false
3000,100.0,221.0,,false
3001,100.0,230.0,,false
3002,900.0,8.0,,false
3003,1150.0,15.0,,false
3004,1000.0,7.0,,false
3005,1350.0,47.0,,true
3006,500.0,56.0,,true
3007,5000.0,19.0,,true
3008,2200.0,137.0,,true
3009,3500.0,328.0,,true
3010,5000.0,600.0,,true
3011,500.0,147.0,,true
3012,125.0,507.0,,true
3013,40.0,407.0,,true
3014,350.0,141.0,,true
3015,500.0,182.0,,false
3016,500.0,483.0,,false
3017,3300.0,22.0,,false
3018,3300.0,29.0,,false
3019,3300.0,24.0,,false
3020,60.0,168.0,,false
3021,60.0,215.0,,false
3022,60.0,234.0,,false
3023,800.0,6.0,,false
3024,60.0,111.0,,false
3025,60.0,114.0,,false
3026,60.0,88.0,,false
3027,60.0,120.0,,false
3028,60.0,90.0,,false
3029,60.0,99.0,,false
3030,60.0,120.0,,false
3031,60.0,107.0,,false
3032,60.0,112.0,,false
3033,60.0,119.0,,false
3034,100.0,192.0,,false
3035,100.0,184.0,,false
3036,900.0,10.0,,false
3037,1150.0,15.0,,false
3038,1000.0,7.0,,false
3039,1350.0,48.0,,true
3040,500.0,56.0,,true
3041,5000.0,17.0,,true
3042,2200.0,133.0,,true
3043,3500.0,265.0,,true
3044,5000.0,600.0,,true
3045,500.0,153.0,,true
3046,125.0,485.0,,true
3047,40.0,419.0,,true
3048,350.0,171.0,,true
3049,500.0,200.0,,false
3050,500.0,584.0,,false
3051,3300.0,24.0,,false
3052,3300.0,25.0,,false
3053,3300.0,27.0,,false
3054,60.0,218.0,,false
3055,60.0,198.0,,false
3056,60.0,231.0,,false
3057,60.0,201.0,,false
3058,800.0,5.0,,false
3059,60.0,117.0,,false
3060,60.0,105.0,,false
3061,60.0,94.0,,false
3062,60.0,87.0,,false
3063,60.0,107.0,,false
3064,60.0,82.0,,false
3065,60.0,82.0,,false
3066,100.0,218.0,,false
3067,100.0,181.0,,false
3068,900.0,7.0,,false
3069,1150.0,16.0,,false
3070,1000.0,5.0,,false
3071,1350.0,47.0,,true
3072,500.0,60.0,,true
3073,5000.0,20.0,,true
3074,2200.0,136.0,,true
3075,3500.0,290.0,,true
3076,5000.0,600.0,,true
3077,500.0,153.0,,true
3078,125.0,543.0,,true
3079,40.0,403.0,,true
3080,350.0,141.0,,true
3081,500.0,174.0,,false
3082,500.0,546.0,,false
3083,3300.0,25.0,,false
3084,3300.0,21.0,,false
3085,3300.0,30.0,,false
3086,60.0,187.0,,false
3087,60.0,174.0,,false
3088,60.0,165.0,,false
3089,800.0,6.0,,false
3090,60.0,108.0,,false
3091,60.0,87.0,,false
3092,60.0,95.0,,false
3093,60.0,112.0,,false
3094,60.0,119.0,,false
3095,60.0,109.0,,false
3096,60.0,100.0,,false
3097,100.0,222.0,,false
3098,100.0,208.0,,false
3099,900.0,10.0,,false
3100,1150.0,13.0,,false
3101,1000.0,7.0,,false
3102,1350.0,46.0,,true
3103,500.0,59.0,,true
3104,5000.0,20.0,,true
3105,2200.0,132.0,,true
3106,3500.0,339.0,,true
3107,5000.0,600.0,,true
3108,500.0,145.0,,true
3109,125.0,514.0,,true
3110,40.0,396.0,,true
3111,350.0,178.0,,true
3112,500.0,180.0,,false
3113,500.0,494.0,,false
3114,3300.0,27.0,,false
3115,3300.0,24.0,,false
3116,3300.0,30.0,,false
3117,60.0,184.0,,false
3118,60.0,242.0,,false
3119,60.0,203.0,,false
3120,60.0,217.0,,false
3121,800.0,6.0,,false
3122,60.0,100.0,,false
3123,60.0,113.0,,false
3124,60.0,102.0,,false
3125,60.0,98.0,,false
3126,60.0,112.0,,false
3127,60.0,88.0,,false
3128,100.0,197.0,,false
3129,100.0,226.0,,false
3130,900.0,9.0,,false
3131,1150.0,16.0,,false
3132,1000.0,8.0,,false
3133,1350.0,48.0,,true
3134,500.0,59.0,,true
3135,5000.0,19.0,,true
3136,2200.0,139.0,,true
3137,3500.0,254.0,,true
3138,5000.0,600.0,,true
3139,500.0,146.0,,true
3140,125.0,495.0,,true
3141,40.0,400.0,,true
3142,350.0,158.0,,true
3143,500.0,200.0,,false
3144,500.0,580.0,,false
3145,3300.0,21.0,,false
3146,3300.0,22.0,,false
3147,3300.0,24.0,,false
3148,60.0,236.0,,false
3149,60.0,177.0,,false
3150,60.0,183.0,,false
3151,800.0,4.0,,false
3152,60.0,98.0,,false
3153,60.0,114.0,,false
3154,60.0,117.0,,false
3155,60.0,107.0,,false
3156,60.0,88.0,,false
3157,60.0,82.0,,false
3158,60.0,96.0,,false
3159,100.0,209.0,,false
3160,100.0,230.0,,false
3161,900.0,10.0,,false
3162,1150.0,13.0,,false
3163,1000.0,6.0,,false
3164,1350.0,47.0,,true
3165,500.0,59.0,,true
3166,5000.0,20.0,,true
3167,2200.0,133.0,,true
3168,3500.0,247.0,,true
3169,5000.0,600.0,,true
3170,500.0,153.0,,true
3171,125.0,487.0,,true
3172,40.0,448.0,,true
3173,350.0,150.0,,true
3174,500.0,191.0,,false
3175,500.0,337.0,,false
3176,3300.0,29.0,,false
3177,3300.0,29.0,,false
3178,3300.0,25.0,,false
3179,60.0,195.0,,false
3180,60.0,178.0,,false
3181,60.0,208.0,,false
3182,60.0,206.0,,false
3183,800.0,5.0,,false
3184,60.0,118.0,,false
3185,60.0,106.0,,false
3186,60.0,97.0,,false
3187,60.0,100.0,,false
3188,60.0,86.0,,false
3189,60.0,100.0,,false
3190,100.0,243.0,,false
3191,100.0,216.0,,false
3192,900.0,7.0,,false
3193,1150.0,18.0,,false
3194,1000.0,7.0,,false
3195,1350.0,46.0,,true
3196,500.0,60.0,,true
3197,5000.0,16.0,,true
3198,2200.0,134.0,,true
3199,3500.0,341.0,,true
3200,5000.0,600.0,,true
3201,500.0,147.0,,true
3202,125.0,491.0,,true
3203,40.0,441.0,,true
3204,350.0,160.0,,true
3205,500.0,179.0,,false
3206,500.0,553.0,,false
3207,3300.0,23.0,,false
3208,3300.0,25.0,,false
3209,3300.0,27.0,,false
3210,60.0,183.0,,false
3211,60.0,188.0,,false
3212,60.0,167.0,,false
3213,60.0,158.0,,false
3214,800.0,6.0,,false
3215,60.0,120.0,,false
3216,60.0,117.0,,false
3217,60.0,82.0,,false
3218,60.0,88.0,,false
3219,60.0,116.0,,false
3220,60.0,107.0,,false
3221,100.0,244.0,,false
3222,100.0,207.0,,false
3223,900.0,10.0,,false
3224,1150.0,14.0,,false
3225,1000.0,8.0,,false
