Reference,height,width,stripwidth,preemptable
1,1350.0,46.0,720,true
2,500.0,60.0,,true
3,5000.0,16.0,,true
4,2200.0,138.0,,true
5,3500.0,269.0,,true
6,5000.0,600.0,,true
7,500.0,143.0,,true
8,125.0,482.0,,true
9,40.0,383.0,,true
10,350.0,178.0,,true
11,500.0,185.0,,false
12,500.0,378.0,,false
13,3300.0,29.0,,false
14,3300.0,30.0,,false
15,3300.0,22.0,,false
16,60.0,243.0,,false
17,60.0,234.0,,false
18,60.0,237.0,,false
19,60.0,152.0,,false
20,800.0,4.0,,false
21,60.0,94.0,,false
22,60.0,113.0,,false
23,60.0,90.0,,false
24,60.0,119.0,,false
25,60.0,91.0,,false
26,60.0,106.0,,false
27,60.0,113.0,,false
28,60.0,116.0,,false
29,60.0,90.0,,false
30,100.0,204.0,,false
31,100.0,197.0,,false
32,900.0,8.0,,false
33,1150.0,18.0,,false
34,1000.0,6.0,,false
35,1350.0,48.0,,true
36,500.0,59.0,,true
37,5000.0,17.0,,true
38,2200.0,131.0,,true
39,3500.0,318.0,,true
40,5000.0,600.0,,true
41,500.0,160.0,,true
42,125.0,530.0,,true
43,40.0,425.0,,true
44,350.0,176.0,,true
45,500.0,171.0,,false
46,500.0,407.0,,false
47,3300.0,23.0,,false
48,3300.0,27.0,,false
49,3300.0,29.0,,false
50,60.0,204.0,,false
51,60.0,226.0,,false
52,60.0,236.0,,false
53,60.0,199.0,,false
54,800.0,6.0,,false
55,60.0,106.0,,false
56,60.0,112.0,,false
57,60.0,100.0,,false
58,60.0,113.0,,false
59,60.0,91.0,,false
60,60.0,108.0,,false
61,60.0,103.0,,false
62,60.0,102.0,,false
63,60.0,114.0,,false
64,60.0,110.0,,false
65,100.0,227.0,,false
66,100.0,209.0,,false
67,900.0,7.0,,false
68,1150.0,16.0,,false
69,1000.0,8.0,,false
70,1350.0,48.0,,true
71,500.0,59.0,,true
72,5000.0,19.0,,true
73,2200.0,133.0,,true
74,3500.0,235.0,,true
75,5000.0,600.0,,true
76,500.0,149.0,,true
77,125.0,462.0,,true
78,40.0,441.0,,true
79,350.0,143.0,,true
80,500.0,178.0,,false
81,500.0,361.0,,false
82,3300.0,24.0,,false
83,3300.0,30.0,,false
84,3300.0,29.0,,false
85,60.0,164.0,,false
86,60.0,165.0,,false
87,60.0,192.0,,false
88,60.0,233.0,,false
89,800.0,6.0,,false
90,60.0,111.0,,false
91,60.0,89.0,,false
92,60.0,110.0,,false
93,60.0,118.0,,false
94,60.0,83.0,,false
95,60.0,103.0,,false
96,60.0,102.0,,false
97,60.0,83.0,,false
98,60.0,119.0,,false
99,60.0,97.0,,false
100,100.0,181.0,,false
101,100.0,186.0,,false
102,900.0,7.0,,false
103,1150.0,16.0,,false
104,1000.0,7.0,,false
105,1350.0,50.0,,true
106,500.0,60.0,,true
107,5000.0,16.0,,true
108,2200.0,135.0,,true
109,3500.0,210.0,,true
110,5000.0,600.0,,true
111,500.0,156.0,,true
112,125.0,478.0,,true
113,40.0,422.0,,true
114,350.0,171.0,,true
115,500.0,186.0,,false
116,500.0,565.0,,false
117,3300.0,21.0,,false
118,3300.0,27.0,,false
119,3300.0,25.0,,false
120,60.0,167.0,,false
121,60.0,212.0,,false
122,60.0,215.0,,false
123,800.0,4.0,,false
124,60.0,113.0,,false
125,60.0,89.0,,false
126,60.0,94.0,,false
127,60.0,113.0,,false
128,60.0,94.0,,false
129,60.0,92.0,,false
130,60.0,120.0,,false
131,60.0,88.0,,false
132,100.0,223.0,,false
133,100.0,231.0,,false
134,900.0,7.0,,false
135,1150.0,17.0,,false
136,1000.0,8.0,,false
137,1350.0,48.0,,true
138,500.0,56.0,,true
139,5000.0,20.0,,true
140,2200.0,137.0,,true
141,3500.0,348.0,,true
142,5000.0,600.0,,true
143,500.0,146.0,,true
144,125.0,495.0,,true
145,40.0,387.0,,true
146,350.0,165.0,,true
147,500.0,197.0,,false
148,500.0,329.0,,false
149,3300.0,21.0,,false
150,3300.0,26.0,,false
151,3300.0,27.0,,false
152,60.0,227.0,,false
153,60.0,173.0,,false
154,60.0,230.0,,false
155,60.0,192.0,,false
156,800.0,6.0,,false
157,60.0,96.0,,false
158,60.0,93.0,,false
159,60.0,105.0,,false
160,60.0,117.0,,false
161,60.0,117.0,,false
162,60.0,85.0,,false
163,60.0,100.0,,false
164,60.0,119.0,,false
165,100.0,184.0,,false
166,100.0,182.0,,false
167,900.0,10.0,,false
168,1150.0,15.0,,false
169,1000.0,6.0,,false
170,1350.0,48.0,,true
171,500.0,57.0,,true
172,5000.0,19.0,,true
173,2200.0,139.0,,true
174,3500.0,385.0,,true
175,5000.0,600.0,,true
176,500.0,142.0,,true
177,125.0,509.0,,true
178,40.0,401.0,,true
179,350.0,151.0,,true
180,500.0,176.0,,false
181,500.0,448.0,,false
182,3300.0,22.0,,false
183,3300.0,21.0,,false
184,3300.0,26.0,,false
185,60.0,157.0,,false
186,60.0,203.0,,false
187,60.0,170.0,,false
188,800.0,5.0,,false
189,60.0,103.0,,false
190,60.0,81.0,,false
191,60.0,95.0,,false
192,60.0,82.0,,false
193,60.0,108.0,,false
194,60.0,97.0,,false
195,60.0,81.0,,false
196,60.0,90.0,,false
197,60.0,85.0,,false
198,100.0,225.0,,false
199,100.0,205.0,,false
200,900.0,7.0,,false
201,1150.0,18.0,,false
202,1000.0,8.0,,false
203,1350.0,50.0,,true
204,500.0,60.0,,true
205,5000.0,19.0,,true
206,2200.0,138.0,,true
207,3500.0,320.0,,true
208,5000.0,600.0,,true
209,500.0,141.0,,true
210,125.0,538.0,,true
211,40.0,399.0,,true
212,350.0,168.0,,true
213,500.0,187.0,,false
214,500.0,580.0,,false
215,3300.0,28.0,,false
216,3300.0,27.0,,false
217,3300.0,25.0,,false
218,60.0,191.0,,false
219,60.0,217.0,,false
220,60.0,248.0,,false
221,800.0,6.0,,false
222,60.0,109.0,,false
223,60.0,94.0,,false
224,60.0,111.0,,false
225,60.0,115.0,,false
226,60.0,102.0,,false
227,60.0,90.0,,false
228,60.0,116.0,,false
229,100.0,232.0,,false
230,100.0,203.0,,false
231,900.0,8.0,,false
232,1150.0,14.0,,false
233,1000.0,6.0,,false
234,1350.0,46.0,,true
235,500.0,56.0,,true
236,5000.0,17.0,,true
237,2200.0,132.0,,true
238,3500.0,248.0,,true
239,5000.0,600.0,,true
240,500.0,141.0,,true
241,125.0,452.0,,true
242,40.0,437.0,,true
243,350.0,160.0,,true
244,500.0,187.0,,false
245,500.0,309.0,,false
246,3300.0,21.0,,false
247,3300.0,28.0,,false
248,3300.0,24.0,,false
249,60.0,241.0,,false
250,60.0,227.0,,false
251,60.0,228.0,,false
252,60.0,173.0,,false
253,800.0,5.0,,false
254,60.0,93.0,,false
255,60.0,93.0,,false
256,60.0,118.0,,false
257,60.0,110.0,,false
258,60.0,90.0,,false
259,60.0,108.0,,false
260,60.0,85.0,,false
261,60.0,95.0,,false
262,60.0,98.0,,false
263,100.0,224.0,,false
264,100.0,202.0,,false
265,900.0,8.0,,false
266,1150.0,17.0,,false
267,1000.0,5.0,,false
268,1350.0,49.0,,true
269,500.0,58.0,,true
270,5000.0,18.0,,true
271,2200.0,136.0,,true
272,3500.0,321.0,,true
273,5000.0,600.0,,true
274,500.0,155.0,,true
275,125.0,550.0,,true
276,40.0,389.0,,true
277,350.0,168.0,,true
278,500.0,182.0,,false
279,500.0,511.0,,false
280,3300.0,21.0,,false
281,3300.0,29.0,,false
282,3300.0,26.0,,false
283,60.0,232.0,,false
284,60.0,231.0,,false
285,60.0,197.0,,false
286,800.0,5.0,,false
287,60.0,104.0,,false
288,60.0,82.0,,false
289,60.0,92.0,,false
290,60.0,85.0,,false
291,60.0,120.0,,false
292,60.0,110.0,,false
293,60.0,85.0,,false
294,100.0,245.0,,false
295,100.0,188.0,,false
296,900.0,9.0,,false
297,1150.0,15.0,,false
298,1000.0,7.0,,false
299,1350.0,47.0,,true
300,500.0,56.0,,true
301,5000.0,17.0,,true
302,2200.0,140.0,,true
303,3500.0,353.0,,true
304,5000.0,600.0,,true
305,500.0,144.0,,true
306,125.0,478.0,,true
307,40.0,355.0,,true
308,350.0,164.0,,true
309,500.0,188.0,,false
310,500.0,450.0,,false
311,3300.0,30.0,,false
312,3300.0,28.0,,false
313,3300.0,26.0,,false
314,60.0,162.0,,false
315,60.0,227.0,,false
316,60.0,249.0,,false
317,60.0,209.0,,false
318,800.0,4.0,,false
319,60.0,111.0,,false
320,60.0,95.0,,false
321,60.0,99.0,,false
322,60.0,113.0,,false
323,60.0,96.0,,false
324,60.0,86.0,,false
325,60.0,103.0,,false
326,60.0,92.0,,false
327,60.0,112.0,,false
328,60.0,104.0,,false
329,100.0,187.0,,false
330,100.0,185.0,,false
331,900.0,9.0,,false
332,1150.0,14.0,,false
333,1000.0,8.0,,false
334,1350.0,49.0,,true
335,500.0,58.0,,true
336,5000.0,17.0,,true
337,2200.0,131.0,,true
338,3500.0,253.0,,true
339,5000.0,600.0,,true
340,500.0,147.0,,true
341,125.0,517.0,,true
342,40.0,456.0,,true
343,350.0,176.0,,true
344,500.0,200.0,,false
345,500.0,406.0,,false
346,3300.0,21.0,,false
347,3300.0,24.0,,false
348,3300.0,28.0,,false
349,60.0,207.0,,false
350,60.0,207.0,,false
351,60.0,213.0,,false
352,60.0,233.0,,false
353,800.0,6.0,,false
354,60.0,104.0,,false
355,60.0,97.0,,false
356,60.0,96.0,,false
357,60.0,83.0,,false
358,60.0,97.0,,false
359,60.0,96.0,,false
360,100.0,244.0,,false
361,100.0,196.0,,false
362,900.0,8.0,,false
363,1150.0,18.0,,false
364,1000.0,7.0,,false
365,1350.0,49.0,,true
366,500.0,56.0,,true
367,5000.0,17.0,,true
368,2200.0,139.0,,true
369,3500.0,209.0,,true
370,5000.0,600.0,,true
371,500.0,153.0,,true
372,125.0,523.0,,true
373,40.0,383.0,,true
374,350.0,178.0,,true
375,500.0,189.0,,false
376,500.0,521.0,,false
377,3300.0,25.0,,false
378,3300.0,22.0,,false
379,3300.0,23.0,,false
380,60.0,219.0,,false
381,60.0,161.0,,false
382,60.0,192.0,,false
383,800.0,6.0,,false
384,60.0,113.0,,false
385,60.0,107.0,,false
386,60.0,92.0,,false
387,60.0,93.0,,false
388,60.0,112.0,,false
389,60.0,109.0,,false
390,60.0,111.0,,false
391,60.0,99.0,,false
392,100.0,228.0,,false
393,100.0,183.0,,false
394,900.0,9.0,,false
395,1150.0,18.0,,false
396,1000.0,7.0,,false
397,1350.0,46.0,,true
398,500.0,60.0,,true
399,5000.0,20.0,,true
400,2200.0,137.0,,true
401,3500.0,395.0,,true
402,5000.0,600.0,,true
403,500.0,149.0,,true
404,125.0,549.0,,true
405,40.0,400.0,,true
406,350.0,172.0,,true
407,500.0,183.0,,false
408,500.0,550.0,,false
409,3300.0,26.0,,false
410,3300.0,28.0,,false
411,3300.0,27.0,,false
412,60.0,243.0,,false
413,60.0,214.0,,false
414,60.0,243.0,,false
415,800.0,5.0,,false
416,60.0,85.0,,false
417,60.0,90.0,,false
418,60.0,120.0,,false
419,60.0,101.0,,false
420,60.0,104.0,,false
421,60.0,96.0,,false
422,60.0,109.0,,false
423,60.0,112.0,,false
424,100.0,215.0,,false
425,100.0,206.0,,false
426,900.0,9.0,,false
427,1150.0,18.0,,false
428,1000.0,7.0,,false
429,1350.0,48.0,,true
430,500.0,59.0,,true
431,5000.0,16.0,,true
432,2200.0,138.0,,true
433,3500.0,350.0,,true
434,5000.0,600.0,,true
435,500.0,142.0,,true
436,125.0,458.0,,true
437,40.0,371.0,,true
438,350.0,150.0,,true
439,500.0,184.0,,false
440,500.0,347.0,,false
441,3300.0,30.0,,false
442,3300.0,30.0,,false
443,3300.0,28.0,,false
444,60.0,241.0,,false
445,60.0,178.0,,false
446,60.0,235.0,,false
447,60.0,180.0,,false
448,800.0,4.0,,false
449,60.0,84.0,,false
450,60.0,96.0,,false
451,60.0,107.0,,false
452,60.0,108.0,,false
453,60.0,103.0,,false
454,60.0,114.0,,false
455,60.0,100.0,,false
456,60.0,102.0,,false
457,60.0,81.0,,false
458,100.0,243.0,,false
459,100.0,195.0,,false
460,900.0,8.0,,false
461,1150.0,16.0,,false
462,1000.0,8.0,,false
463,1350.0,46.0,,true
464,500.0,56.0,,true
465,5000.0,16.0,,true
466,2200.0,139.0,,true
467,3500.0,335.0,,true
468,5000.0,600.0,,true
469,500.0,157.0,,true
470,125.0,536.0,,true
471,40.0,389.0,,true
472,350.0,150.0,,true
473,500.0,173.0,,false
474,500.0,402.0,,false
475,3300.0,22.0,,false
476,3300.0,22.0,,false
477,3300.0,27.0,,false
478,60.0,200.0,,false
479,60.0,200.0,,false
480,60.0,230.0,,false
481,800.0,6.0,,false
482,60.0,110.0,,false
483,60.0,85.0,,false
484,60.0,105.0,,false
485,60.0,119.0,,false
486,60.0,84.0,,false
487,60.0,119.0,,false
488,60.0,112.0,,false
489,100.0,194.0,,false
490,100.0,227.0,,false
491,900.0,10.0,,false
492,1150.0,18.0,,false
493,1000.0,8.0,,false
494,1350.0,48.0,,true
495,500.0,57.0,,true
496,5000.0,16.0,,true
497,2200.0,135.0,,true
498,3500.0,282.0,,true
499,5000.0,600.0,,true
500,500.0,156.0,,true
501,125.0,546.0,,true
502,40.0,407.0,,true
503,350.0,166.0,,true
504,500.0,195.0,,false
505,500.0,593.0,,false
506,3300.0,27.0,,false
507,3300.0,28.0,,false
508,3300.0,25.0,,false
509,60.0,171.0,,false
510,60.0,206.0,,false
511,60.0,206.0,,false
512,800.0,6.0,,false
513,60.0,116.0,,false
514,60.0,98.0,,false
515,60.0,119.0,,false
516,60.0,90.0,,false
517,60.0,118.0,,false
518,60.0,87.0,,false
519,60.0,81.0,,false
520,100.0,219.0,,false
521,100.0,237.0,,false
522,900.0,9.0,,false
523,1150.0,18.0,,false
524,1000.0,6.0,,false
525,1350.0,48.0,,true
526,500.0,60.0,,true
527,5000.0,16.0,,true
528,2200.0,140.0,,true
529,3500.0,347.0,,true
530,5000.0,600.0,,true
531,500.0,152.0,,true
532,125.0,530.0,,true
533,40.0,353.0,,true
534,350.0,145.0,,true
535,500.0,173.0,,false
536,500.0,429.0,,false
537,3300.0,30.0,,false
538,3300.0,22.0,,false
539,3300.0,30.0,,false
540,60.0,247.0,,false
541,60.0,155.0,,false
542,60.0,189.0,,false
543,60.0,193.0,,false
544,800.0,5.0,,false
545,60.0,99.0,,false
546,60.0,99.0,,false
547,60.0,106.0,,false
548,60.0,86.0,,false
549,60.0,99.0,,false
550,60.0,102.0,,false
551,60.0,111.0,,false
552,100.0,192.0,,false
553,100.0,185.0,,false
554,900.0,7.0,,false
555,1150.0,17.0,,false
556,1000.0,7.0,,false
557,1350.0,49.0,,true
558,500.0,59.0,,true
559,5000.0,16.0,,true
560,2200.0,139.0,,true
561,3500.0,220.0,,true
562,5000.0,600.0,,true
563,500.0,149.0,,true
564,125.0,474.0,,true
565,40.0,353.0,,true
566,350.0,148.0,,true
567,500.0,198.0,,false
568,500.0,370.0,,false
569,3300.0,27.0,,false
570,3300.0,24.0,,false
571,3300.0,24.0,,false
572,60.0,192.0,,false
573,60.0,161.0,,false
574,60.0,203.0,,false
575,800.0,5.0,,false
576,60.0,87.0,,false
577,60.0,98.0,,false
578,60.0,104.0,,false
579,60.0,116.0,,false
580,60.0,85.0,,false
581,60.0,90.0,,false
582,60.0,96.0,,false
583,60.0,99.0,,false
584,60.0,105.0,,false
585,100.0,214.0,,false
586,100.0,187.0,,false
587,900.0,10.0,,false
588,1150.0,17.0,,false
589,1000.0,8.0,,false
590,1350.0,50.0,,true
591,500.0,59.0,,true
592,5000.0,16.0,,true
593,2200.0,131.0,,true
594,3500.0,371.0,,true
595,5000.0,600.0,,true
596,500.0,160.0,,true
597,125.0,517.0,,true
598,40.0,399.0,,true
599,350.0,160.0,,true
600,500.0,179.0,,false
601,500.0,315.0,,false
602,3300.0,21.0,,false
603,3300.0,28.0,,false
604,3300.0,29.0,,false
605,60.0,245.0,,false
606,60.0,158.0,,false
607,60.0,221.0,,false
608,60.0,168.0,,false
609,800.0,5.0,,false
610,60.0,101.0,,false
611,60.0,97.0,,false
612,60.0,96.0,,false
613,60.0,109.0,,false
614,60.0,115.0,,false
615,60.0,113.0,,false
616,60.0,120.0,,false
617,60.0,103.0,,false
618,60.0,99.0,,false
619,60.0,93.0,,false
620,100.0,204.0,,false
621,100.0,195.0,,false
622,900.0,10.0,,false
623,1150.0,15.0,,false
624,1000.0,5.0,,false
625,1350.0,50.0,,true
626,500.0,60.0,,true
627,5000.0,19.0,,true
628,2200.0,136.0,,true
629,3500.0,273.0,,true
630,5000.0,600.0,,true
631,500.0,143.0,,true
632,125.0,466.0,,true
633,40.0,382.0,,true
634,350.0,143.0,,true
635,500.0,190.0,,false
636,500.0,530.0,,false
637,3300.0,23.0,,false
638,3300.0,28.0,,false
639,3300.0,25.0,,false
640,60.0,249.0,,false
641,60.0,243.0,,false
642,60.0,180.0,,false
643,60.0,181.0,,false
644,800.0,6.0,,false
645,60.0,97.0,,false
646,60.0,88.0,,false
647,60.0,83.0,,false
648,60.0,84.0,,false
649,60.0,99.0,,false
650,60.0,90.0,,false
651,60.0,119.0,,false
652,60.0,112.0,,false
653,100.0,225.0,,false
654,100.0,245.0,,false
655,900.0,7.0,,false
656,1150.0,15.0,,false
657,1000.0,6.0,,false
658,1350.0,49.0,,true
659,500.0,59.0,,true
660,5000.0,18.0,,true
661,2200.0,138.0,,true
662,3500.0,282.0,,true
663,5000.0,600.0,,true
664,500.0,154.0,,true
665,125.0,529.0,,true
666,40.0,423.0,,true
667,350.0,175.0,,true
668,500.0,184.0,,false
669,500.0,367.0,,false
670,3300.0,26.0,,false
671,3300.0,27.0,,false
672,3300.0,28.0,,false
673,60.0,233.0,,false
674,60.0,193.0,,false
675,60.0,239.0,,false
676,800.0,4.0,,false
677,60.0,107.0,,false
678,60.0,81.0,,false
679,60.0,117.0,,false
680,60.0,83.0,,false
681,60.0,87.0,,false
682,60.0,115.0,,false
683,100.0,206.0,,false
684,100.0,236.0,,false
685,900.0,9.0,,false
686,1150.0,17.0,,false
687,1000.0,6.0,,false
688,1350.0,47.0,,true
689,500.0,56.0,,true
690,5000.0,18.0,,true
691,2200.0,138.0,,true
692,3500.0,340.0,,true
693,5000.0,600.0,,true
694,500.0,144.0,,true
695,125.0,543.0,,true
696,40.0,371.0,,true
697,350.0,157.0,,true
698,500.0,179.0,,false
699,500.0,470.0,,false
700,3300.0,29.0,,false
701,3300.0,29.0,,false
702,3300.0,22.0,,false
703,60.0,227.0,,false
704,60.0,225.0,,false
705,60.0,188.0,,false
706,60.0,151.0,,false
707,800.0,5.0,,false
708,60.0,119.0,,false
709,60.0,89.0,,false
710,60.0,90.0,,false
711,60.0,104.0,,false
712,60.0,115.0,,false
713,60.0,113.0,,false
714,100.0,184.0,,false
715,100.0,207.0,,false
716,900.0,7.0,,false
717,1150.0,16.0,,false
718,1000.0,5.0,,false
719,1350.0,46.0,,true
720,500.0,56.0,,true
721,5000.0,20.0,,true
722,2200.0,136.0,,true
723,3500.0,291.0,,true
724,5000.0,600.0,,true
725,500.0,145.0,,true
726,125.0,467.0,,true
727,40.0,373.0,,true
728,350.0,146.0,,true
729,500.0,175.0,,false
730,500.0,409.0,,false
731,3300.0,26.0,,false
732,3300.0,21.0,,false
733,3300.0,26.0,,false
734,60.0,214.0,,false
735,60.0,194.0,,false
736,60.0,221.0,,false
737,800.0,4.0,,false
738,60.0,88.0,,false
739,60.0,81.0,,false
740,60.0,105.0,,false
741,60.0,119.0,,false
742,60.0,98.0,,false
743,60.0,113.0,,false
744,60.0,119.0,,false
745,60.0,110.0,,false
746,100.0,208.0,,false
747,100.0,190.0,,false
748,900.0,7.0,,false
749,1150.0,15.0,,false
750,1000.0,8.0,,false
751,1350.0,46.0,,true
752,500.0,58.0,,true
753,5000.0,19.0,,true
754,2200.0,133.0,,true
755,3500.0,343.0,,true
756,5000.0,600.0,,true
757,500.0,160.0,,true
758,125.0,485.0,,true
759,40.0,425.0,,true
760,350.0,141.0,,true
761,500.0,171.0,,false
762,500.0,339.0,,false
763,3300.0,26.0,,false
764,3300.0,26.0,,false
765,3300.0,27.0,,false
766,60.0,250.0,,false
767,60.0,172.0,,false
768,60.0,158.0,,false
769,800.0,5.0,,false
770,60.0,86.0,,false
771,60.0,100.0,,false
772,60.0,93.0,,false
773,60.0,82.0,,false
774,60.0,101.0,,false
775,60.0,107.0,,false
776,60.0,92.0,,false
777,60.0,117.0,,false
778,60.0,83.0,,false
779,60.0,117.0,,false
780,100.0,215.0,,false
781,100.0,231.0,,false
782,900.0,9.0,,false
783,1150.0,14.0,,false
784,1000.0,6.0,,false
785,1350.0,47.0,,true
786,500.0,56.0,,true
787,5000.0,20.0,,true
788,2200.0,132.0,,true
789,3500.0,205.0,,true
790,5000.0,600.0,,true
791,500.0,156.0,,true
792,125.0,510.0,,true
793,40.0,378.0,,true
794,350.0,148.0,,true
795,500.0,176.0,,false
796,500.0,431.0,,false
797,3300.0,28.0,,false
798,3300.0,30.0,,false
799,3300.0,23.0,,false
800,60.0,236.0,,false
801,60.0,244.0,,false
802,60.0,211.0,,false
803,60.0,194.0,,false
804,800.0,4.0,,false
805,60.0,90.0,,false
806,60.0,82.0,,false
807,60.0,97.0,,false
808,60.0,83.0,,false
809,60.0,84.0,,false
810,60.0,96.0,,false
811,60.0,98.0,,false
812,100.0,189.0,,false
813,100.0,203.0,,false
814,900.0,7.0,,false
815,1150.0,13.0,,false
816,1000.0,6.0,,false
817,1350.0,50.0,,true
818,500.0,58.0,,true
819,5000.0,18.0,,true
820,2200.0,131.0,,true
821,3500.0,389.0,,true
822,5000.0,600.0,,true
823,500.0,157.0,,true
824,125.0,528.0,,true
825,40.0,383.0,,true
826,350.0,163.0,,true
827,500.0,183.0,,false
828,500.0,324.0,,false
829,3300.0,21.0,,false
830,3300.0,24.0,,false
831,3300.0,22.0,,false
832,60.0,195.0,,false
833,60.0,155.0,,false
834,60.0,201.0,,false
835,60.0,248.0,,false
836,800.0,6.0,,false
837,60.0,87.0,,false
838,60.0,101.0,,false
839,60.0,120.0,,false
840,60.0,96.0,,false
841,60.0,89.0,,false
842,60.0,118.0,,false
843,60.0,120.0,,false
844,60.0,117.0,,false
845,60.0,84.0,,false
846,60.0,107.0,,false
847,100.0,200.0,,false
848,100.0,237.0,,false
849,900.0,10.0,,false
850,1150.0,15.0,,false
851,1000.0,6.0,,false
852,1350.0,49.0,,true
853,500.0,60.0,,true
854,5000.0,20.0,,true
855,2200.0,135.0,,true
856,3500.0,258.0,,true
857,5000.0,600.0,,true
858,500.0,142.0,,true
859,125.0,548.0,,true
860,40.0,426.0,,true
861,350.0,177.0,,true
862,500.0,181.0,,false
863,500.0,331.0,,false
864,3300.0,21.0,,false
865,3300.0,25.0,,false
866,3300.0,30.0,,false
867,60.0,200.0,,false
868,60.0,192.0,,false
869,60.0,222.0,,false
870,800.0,4.0,,false
871,60.0,113.0,,false
872,60.0,100.0,,false
873,60.0,81.0,,false
874,60.0,90.0,,false
875,60.0,91.0,,false
876,60.0,90.0,,false
877,60.0,92.0,,false
878,60.0,113.0,,false
879,60.0,96.0,,false
880,100.0,201.0,,false
881,100.0,219.0,,false
882,900.0,7.0,,false
883,1150.0,17.0,,false
884,1000.0,6.0,,false
885,1350.0,47.0,,true
886,500.0,60.0,,true
887,5000.0,18.0,,true
888,2200.0,135.0,,true
889,3500.0,319.0,,true
890,5000.0,600.0,,true
891,500.0,158.0,,true
892,125.0,468.0,,true
893,40.0,452.0,,true
894,350.0,146.0,,true
895,500.0,189.0,,false
896,500.0,337.0,,false
897,3300.0,22.0,,false
898,3300.0,24.0,,false
899,3300.0,26.0,,false
900,60.0,234.0,,false
901,60.0,217.0,,false
902,60.0,205.0,,false
903,60.0,241.0,,false
904,800.0,4.0,,false
905,60.0,85.0,,false
906,60.0,105.0,,false
907,60.0,99.0,,false
908,60.0,83.0,,false
909,60.0,116.0,,false
910,60.0,81.0,,false
911,100.0,215.0,,false
912,100.0,217.0,,false
913,900.0,8.0,,false
914,1150.0,13.0,,false
915,1000.0,8.0,,false
916,1350.0,46.0,,true
917,500.0,57.0,,true
918,5000.0,17.0,,true
919,2200.0,132.0,,true
920,3500.0,223.0,,true
921,5000.0,600.0,,true
922,500.0,149.0,,true
923,125.0,454.0,,true
924,40.0,381.0,,true
925,350.0,161.0,,true
926,500.0,195.0,,false
927,500.0,458.0,,false
928,3300.0,23.0,,false
929,3300.0,28.0,,false
930,3300.0,29.0,,false
931,60.0,243.0,,false
932,60.0,250.0,,false
933,60.0,224.0,,false
934,800.0,4.0,,false
935,60.0,99.0,,false
936,60.0,115.0,,false
937,60.0,117.0,,false
938,60.0,108.0,,false
939,60.0,90.0,,false
940,60.0,102.0,,false
941,60.0,86.0,,false
942,60.0,116.0,,false
943,60.0,111.0,,false
944,100.0,231.0,,false
945,100.0,239.0,,false
946,900.0,7.0,,false
947,1150.0,17.0,,false
948,1000.0,7.0,,false
949,1350.0,47.0,,true
950,500.0,59.0,,true
951,5000.0,18.0,,true
952,2200.0,136.0,,true
953,3500.0,216.0,,true
954,5000.0,600.0,,true
955,500.0,146.0,,true
956,125.0,511.0,,true
957,40.0,407.0,,true
958,350.0,150.0,,true
959,500.0,179.0,,false
960,500.0,380.0,,false
961,3300.0,23.0,,false
962,3300.0,30.0,,false
963,3300.0,26.0,,false
964,60.0,166.0,,false
965,60.0,219.0,,false
966,60.0,157.0,,false
967,800.0,6.0,,false
968,60.0,98.0,,false
969,60.0,88.0,,false
970,60.0,92.0,,false
971,60.0,105.0,,false
972,60.0,119.0,,false
973,60.0,108.0,,false
974,60.0,102.0,,false
975,60.0,87.0,,false
976,60.0,91.0,,false
977,100.0,229.0,,false
978,100.0,183.0,,false
979,900.0,8.0,,false
980,1150.0,15.0,,false
981,1000.0,8.0,,false
982,1350.0,50.0,,true
983,500.0,56.0,,true
984,5000.0,19.0,,true
985,2200.0,134.0,,true
986,3500.0,308.0,,true
987,5000.0,600.0,,true
988,500.0,154.0,,true
989,125.0,480.0,,true
990,40.0,358.0,,true
991,350.0,178.0,,true
992,500.0,189.0,,false
993,500.0,443.0,,false
994,3300.0,25.0,,false
995,3300.0,28.0,,false
996,3300.0,21.0,,false
997,60.0,168.0,,false
998,60.0,220.0,,false
999,60.0,198.0,,false
1000,60.0,232.0,,false
1001,800.0,6.0,,false
1002,60.0,105.0,,false
1003,60.0,85.0,,false
1004,60.0,120.0,,false
1005,60.0,88.0,,false
1006,60.0,112.0,,false
1007,60.0,112.0,,false
1008,60.0,115.0,,false
1009,60.0,115.0,,false
1010,60.0,115.0,,false
1011,100.0,184.0,,false
1012,100.0,181.0,,false
1013,900.0,10.0,,false
1014,1150.0,17.0,,false
1015,1000.0,7.0,,false
1016,1350.0,47.0,,true
1017,500.0,57.0,,true
1018,5000.0,19.0,,true
1019,2200.0,140.0,,true
1020,3500.0,299.0,,true
1021,5000.0,600.0,,true
1022,500.0,142.0,,true
1023,125.0,492.0,,true
1024,40.0,431.0,,true
1025,350.0,167.0,,true
1026,500.0,194.0,,false
1027,500.0,520.0,,false
1028,3300.0,21.0,,false
1029,3300.0,27.0,,false
1030,3300.0,23.0,,false
1031,60.0,230.0,,false
1032,60.0,219.0,,false
1033,60.0,181.0,,false
1034,800.0,4.0,,false
1035,60.0,107.0,,false
1036,60.0,109.0,,false
1037,60.0,97.0,,false
1038,60.0,106.0,,false
1039,60.0,86.0,,false
1040,60.0,96.0,,false
1041,60.0,108.0,,false
1042,60.0,91.0,,false
1043,100.0,250.0,,false
1044,100.0,229.0,,false
1045,900.0,10.0,,false
1046,1150.0,14.0,,false
1047,1000.0,6.0,,false
1048,1350.0,50.0,,true
1049,500.0,59.0,,true
1050,5000.0,16.0,,true
1051,2200.0,139.0,,true
1052,3500.0,260.0,,true
1053,5000.0,600.0,,true
1054,500.0,150.0,,true
1055,125.0,521.0,,true
1056,40.0,390.0,,true
1057,350.0,163.0,,true
1058,500.0,179.0,,false
1059,500.0,346.0,,false
1060,3300.0,26.0,,false
1061,3300.0,28.0,,false
1062,3300.0,27.0,,false
1063,60.0,249.0,,false
1064,60.0,230.0,,false
1065,60.0,240.0,,false
1066,60.0,179.0,,false
1067,800.0,5.0,,false
1068,60.0,101.0,,false
1069,60.0,117.0,,false
1070,60.0,88.0,,false
1071,60.0,84.0,,false
1072,60.0,115.0,,false
1073,60.0,84.0,,false
1074,60.0,120.0,,false
1075,100.0,187.0,,false
1076,100.0,195.0,,false
1077,900.0,7.0,,false
1078,1150.0,14.0,,false
1079,1000.0,6.0,,false
1080,1350.0,49.0,,true
1081,500.0,59.0,,true
1082,5000.0,20.0,,true
1083,2200.0,139.0,,true
1084,3500.0,217.0,,true
1085,5000.0,600.0,,true
1086,500.0,151.0,,true
1087,125.0,493.0,,true
1088,40.0,434.0,,true
1089,350.0,165.0,,true
1090,500.0,199.0,,false
1091,500.0,450.0,,false
1092,3300.0,25.0,,false
1093,3300.0,30.0,,false
1094,3300.0,22.0,,false
1095,60.0,197.0,,false
1096,60.0,233.0,,false
1097,60.0,198.0,,false
1098,60.0,180.0,,false
1099,800.0,6.0,,false
1100,60.0,105.0,,false
1101,60.0,97.0,,false
1102,60.0,93.0,,false
1103,60.0,118.0,,false
1104,60.0,104.0,,false
1105,60.0,105.0,,false
1106,100.0,186.0,,false
1107,100.0,181.0,,false
1108,900.0,9.0,,false
1109,1150.0,14.0,,false
1110,1000.0,8.0,,false
1111,1350.0,46.0,,true
1112,500.0,57.0,,true
1113,5000.0,16.0,,true
1114,2200.0,132.0,,true
1115,3500.0,205.0,,true
1116,5000.0,600.0,,true
1117,500.0,158.0,,true
1118,125.0,464.0,,true
1119,40.0,390.0,,true
1120,350.0,171.0,,true
1121,500.0,188.0,,false
1122,500.0,347.0,,false
1123,3300.0,24.0,,false
1124,3300.0,23.0,,false
1125,3300.0,26.0,,false
1126,60.0,227.0,,false
1127,60.0,159.0,,false
1128,60.0,189.0,,false
1129,60.0,199.0,,false
1130,800.0,6.0,,false
1131,60.0,108.0,,false
1132,60.0,104.0,,false
1133,60.0,88.0,,false
1134,60.0,118.0,,false
1135,60.0,87.0,,false
1136,60.0,101.0,,false
1137,100.0,212.0,,false
1138,100.0,225.0,,false
1139,900.0,9.0,,false
1140,1150.0,16.0,,false
1141,1000.0,6.0,,false
1142,1350.0,46.0,,true
1143,500.0,57.0,,true
1144,5000.0,16.0,,true
1145,2200.0,131.0,,true
1146,3500.0,333.0,,true
1147,5000.0,600.0,,true
1148,500.0,143.0,,true
1149,125.0,468.0,,true
1150,40.0,456.0,,true
1151,350.0,157.0,,true
1152,500.0,185.0,,false
1153,500.0,585.0,,false
1154,3300.0,27.0,,false
1155,3300.0,25.0,,false
1156,3300.0,21.0,,false
1157,60.0,237.0,,false
1158,60.0,222.0,,false
1159,60.0,179.0,,false
1160,60.0,183.0,,false
1161,800.0,5.0,,false
1162,60.0,103.0,,false
1163,60.0,100.0,,false
1164,60.0,102.0,,false
1165,60.0,83.0,,false
1166,60.0,82.0,,false
1167,60.0,83.0,,false
1168,60.0,99.0,,false
1169,100.0,215.0,,false
1170,100.0,197.0,,false
1171,900.0,8.0,,false
1172,1150.0,15.0,,false
1173,1000.0,8.0,,false
1174,1350.0,50.0,,true
1175,500.0,59.0,,true
1176,5000.0,16.0,,true
1177,2200.0,138.0,,true
1178,3500.0,293.0,,true
1179,5000.0,600.0,,true
1180,500.0,146.0,,true
1181,125.0,527.0,,true
1182,40.0,438.0,,true
1183,350.0,164.0,,true
1184,500.0,200.0,,false
1185,500.0,307.0,,false
1186,3300.0,22.0,,false
1187,3300.0,29.0,,false
1188,3300.0,21.0,,false
1189,60.0,193.0,,false
1190,60.0,210.0,,false
1191,60.0,240.0,,false
1192,60.0,239.0,,false
1193,800.0,4.0,,false
1194,60.0,87.0,,false
1195,60.0,96.0,,false
1196,60.0,120.0,,false
1197,60.0,111.0,,false
1198,60.0,91.0,,false
1199,60.0,90.0,,false
1200,60.0,90.0,,false
1201,60.0,90.0,,false
1202,100.0,188.0,,false
1203,100.0,211.0,,false
1204,900.0,10.0,,false
1205,1150.0,18.0,,false
1206,1000.0,7.0,,false
1207,1350.0,49.0,,true
1208,500.0,56.0,,true
1209,5000.0,20.0,,true
1210,2200.0,138.0,,true
1211,3500.0,225.0,,true
1212,5000.0,600.0,,true
1213,500.0,148.0,,true
1214,125.0,496.0,,true
1215,40.0,371.0,,true
1216,350.0,168.0,,true
1217,500.0,172.0,,false
1218,500.0,494.0,,false
1219,3300.0,27.0,,false
1220,3300.0,25.0,,false
1221,3300.0,24.0,,false
1222,60.0,197.0,,false
1223,60.0,224.0,,false
1224,60.0,225.0,,false
1225,60.0,163.0,,false
1226,800.0,6.0,,false
1227,60.0,89.0,,false
1228,60.0,116.0,,false
1229,60.0,99.0,,false
1230,60.0,117.0,,false
1231,60.0,118.0,,false
1232,60.0,102.0,,false
1233,60.0,88.0,,false
1234,100.0,231.0,,false
1235,100.0,194.0,,false
1236,900.0,7.0,,false
1237,1150.0,15.0,,false
1238,1000.0,6.0,,false
1239,1350.0,50.0,,true
1240,500.0,59.0,,true
1241,5000.0,20.0,,true
1242,2200.0,139.0,,true
1243,3500.0,205.0,,true
1244,5000.0,600.0,,true
1245,500.0,144.0,,true
1246,125.0,537.0,,true
1247,40.0,379.0,,true
1248,350.0,166.0,,true
1249,500.0,198.0,,false
1250,500.0,564.0,,false
1251,3300.0,28.0,,false
1252,3300.0,25.0,,false
1253,3300.0,25.0,,false
1254,60.0,211.0,,false
1255,60.0,242.0,,false
1256,60.0,250.0,,false
1257,60.0,243.0,,false
1258,800.0,4.0,,false
1259,60.0,90.0,,false
1260,60.0,99.0,,false
1261,60.0,110.0,,false
1262,60.0,84.0,,false
1263,60.0,104.0,,false
1264,60.0,118.0,,false
1265,60.0,87.0,,false
1266,60.0,112.0,,false
1267,100.0,183.0,,false
1268,100.0,215.0,,false
1269,900.0,9.0,,false
1270,1150.0,13.0,,false
1271,1000.0,6.0,,false
1272,1350.0,46.0,,true
1273,500.0,60.0,,true
1274,5000.0,16.0,,true
1275,2200.0,135.0,,true
1276,3500.0,235.0,,true
1277,5000.0,600.0,,true
1278,500.0,148.0,,true
1279,125.0,489.0,,true
1280,40.0,419.0,,true
1281,350.0,175.0,,true
1282,500.0,172.0,,false
1283,500.0,556.0,,false
1284,3300.0,22.0,,false
1285,3300.0,26.0,,false
1286,3300.0,25.0,,false
1287,60.0,151.0,,false
1288,60.0,170.0,,false
1289,60.0,209.0,,false
1290,60.0,211.0,,false
1291,800.0,6.0,,false
1292,60.0,105.0,,false
1293,60.0,101.0,,false
1294,60.0,119.0,,false
1295,60.0,86.0,,false
1296,60.0,89.0,,false
1297,60.0,114.0,,false
1298,60.0,87.0,,false
1299,60.0,100.0,,false
1300,60.0,89.0,,false
1301,100.0,212.0,,false
1302,100.0,225.0,,false
1303,900.0,8.0,,false
1304,1150.0,13.0,,false
1305,1000.0,8.0,,false
1306,1350.0,49.0,,true
1307,500.0,57.0,,true
1308,5000.0,16.0,,true
1309,2200.0,138.0,,true
1310,3500.0,260.0,,true
1311,5000.0,600.0,,true
1312,500.0,145.0,,true
1313,125.0,535.0,,true
1314,40.0,459.0,,true
1315,350.0,171.0,,true
1316,500.0,200.0,,false
1317,500.0,460.0,,false
1318,3300.0,28.0,,false
1319,3300.0,24.0,,false
1320,3300.0,23.0,,false
1321,60.0,231.0,,false
1322,60.0,233.0,,false
1323,60.0,169.0,,false
1324,60.0,156.0,,false
1325,800.0,5.0,,false
1326,60.0,113.0,,false
1327,60.0,120.0,,false
1328,60.0,105.0,,false
1329,60.0,120.0,,false
1330,60.0,95.0,,false
1331,60.0,91.0,,false
1332,60.0,90.0,,false
1333,100.0,229.0,,false
1334,100.0,198.0,,false
1335,900.0,10.0,,false
1336,1150.0,18.0,,false
1337,1000.0,8.0,,false
1338,1350.0,48.0,,true
1339,500.0,58.0,,true
1340,5000.0,17.0,,true
1341,2200.0,139.0,,true
1342,3500.0,264.0,,true
1343,5000.0,600.0,,true
1344,500.0,152.0,,true
1345,125.0,486.0,,true
1346,40.0,414.0,,true
1347,350.0,145.0,,true
1348,500.0,173.0,,false
1349,500.0,516.0,,false
1350,3300.0,29.0,,false
1351,3300.0,28.0,,false
1352,3300.0,26.0,,false
1353,60.0,222.0,,false
1354,60.0,223.0,,false
1355,60.0,160.0,,false
1356,60.0,238.0,,false
1357,800.0,5.0,,false
1358,60.0,116.0,,false
1359,60.0,86.0,,false
1360,60.0,89.0,,false
1361,60.0,112.0,,false
1362,60.0,103.0,,false
1363,60.0,85.0,,false
1364,60.0,86.0,,false
1365,60.0,111.0,,false
1366,100.0,215.0,,false
1367,100.0,192.0,,false
1368,900.0,7.0,,false
1369,1150.0,16.0,,false
1370,1000.0,7.0,,false
1371,1350.0,48.0,,true
1372,500.0,60.0,,true
1373,5000.0,18.0,,true
1374,2200.0,136.0,,true
1375,3500.0,348.0,,true
1376,5000.0,600.0,,true
1377,500.0,158.0,,true
1378,125.0,512.0,,true
1379,40.0,448.0,,true
1380,350.0,166.0,,true
1381,500.0,199.0,,false
1382,500.0,362.0,,false
1383,3300.0,22.0,,false
1384,3300.0,24.0,,false
1385,3300.0,24.0,,false
1386,60.0,155.0,,false
1387,60.0,247.0,,false
1388,60.0,233.0,,false
1389,60.0,249.0,,false
1390,800.0,6.0,,false
1391,60.0,83.0,,false
1392,60.0,97.0,,false
1393,60.0,107.0,,false
1394,60.0,83.0,,false
1395,60.0,111.0,,false
1396,60.0,120.0,,false
1397,60.0,106.0,,false
1398,60.0,117.0,,false
1399,60.0,109.0,,false
1400,60.0,102.0,,false
1401,100.0,197.0,,false
1402,100.0,212.0,,false
1403,900.0,8.0,,false
1404,1150.0,16.0,,false
1405,1000.0,8.0,,false
1406,1350.0,48.0,,true
1407,500.0,56.0,,true
1408,5000.0,17.0,,true
1409,2200.0,136.0,,true
1410,3500.0,276.0,,true
1411,5000.0,600.0,,true
1412,500.0,148.0,,true
1413,125.0,484.0,,true
1414,40.0,380.0,,true
1415,350.0,165.0,,true
1416,500.0,199.0,,false
1417,500.0,323.0,,false
1418,3300.0,24.0,,false
1419,3300.0,22.0,,false
1420,3300.0,26.0,,false
1421,60.0,237.0,,false
1422,60.0,186.0,,false
1423,60.0,152.0,,false
1424,60.0,221.0,,false
1425,800.0,4.0,,false
1426,60.0,110.0,,false
1427,60.0,119.0,,false
1428,60.0,115.0,,false
1429,60.0,98.0,,false
1430,60.0,116.0,,false
1431,60.0,81.0,,false
1432,60.0,92.0,,false
1433,100.0,216.0,,false
1434,100.0,193.0,,false
1435,900.0,7.0,,false
1436,1150.0,18.0,,false
1437,1000.0,6.0,,false
1438,1350.0,48.0,,true
1439,500.0,57.0,,true
1440,5000.0,17.0,,true
1441,2200.0,133.0,,true
1442,3500.0,237.0,,true
1443,5000.0,600.0,,true
1444,500.0,153.0,,true
1445,125.0,550.0,,true
1446,40.0,357.0,,true
1447,350.0,142.0,,true
1448,500.0,174.0,,false
1449,500.0,484.0,,false
1450,3300.0,23.0,,false
1451,3300.0,27.0,,false
1452,3300.0,26.0,,false
1453,60.0,194.0,,false
1454,60.0,235.0,,false
1455,60.0,186.0,,false
1456,60.0,204.0,,false
1457,800.0,6.0,,false
1458,60.0,87.0,,false
1459,60.0,117.0,,false
1460,60.0,95.0,,false
1461,60.0,118.0,,false
1462,60.0,110.0,,false
1463,60.0,83.0,,false
1464,60.0,86.0,,false
1465,60.0,87.0,,false
1466,60.0,118.0,,false
1467,60.0,90.0,,false
1468,100.0,244.0,,false
1469,100.0,197.0,,false
1470,900.0,10.0,,false
1471,1150.0,18.0,,false
1472,1000.0,8.0,,false
1473,1350.0,50.0,,true
1474,500.0,60.0,,true
1475,5000.0,16.0,,true
1476,2200.0,139.0,,true
1477,3500.0,280.0,,true
1478,5000.0,600.0,,true
1479,500.0,146.0,,true
1480,125.0,520.0,,true
1481,40.0,432.0,,true
1482,350.0,144.0,,true
1483,500.0,171.0,,false
1484,500.0,376.0,,false
1485,3300.0,25.0,,false
1486,3300.0,22.0,,false
1487,3300.0,28.0,,false
1488,60.0,225.0,,false
1489,60.0,221.0,,false
1490,60.0,152.0,,false
1491,60.0,181.0,,false
1492,800.0,5.0,,false
1493,60.0,94.0,,false
1494,60.0,87.0,,false
1495,60.0,108.0,,false
1496,60.0,89.0,,false
1497,60.0,95.0,,false
1498,60.0,109.0,,false
1499,60.0,83.0,,false
1500,60.0,95.0,,false
1501,60.0,86.0,,false
1502,100.0,225.0,,false
1503,100.0,193.0,,false
1504,900.0,10.0,,false
1505,1150.0,16.0,,false
1506,1000.0,6.0,,false
1507,1350.0,46.0,,true
1508,500.0,60.0,,true
1509,5000.0,20.0,,true
1510,2200.0,134.0,,true
1511,3500.0,311.0,,true
1512,5000.0,600.0,,true
1513,500.0,151.0,,true
1514,125.0,463.0,,true
1515,40.0,405.0,,true
1516,350.0,151.0,,true
1517,500.0,182.0,,false
1518,500.0,404.0,,false
1519,3300.0,24.0,,false
1520,3300.0,25.0,,false
1521,3300.0,28.0,,false
1522,60.0,170.0,,false
1523,60.0,182.0,,false
1524,60.0,210.0,,false
1525,800.0,6.0,,false
1526,60.0,105.0,,false
1527,60.0,87.0,,false
1528,60.0,120.0,,false
1529,60.0,104.0,,false
1530,60.0,94.0,,false
1531,60.0,115.0,,false
1532,100.0,221.0,,false
1533,100.0,196.0,,false
1534,900.0,8.0,,false
1535,1150.0,15.0,,false
1536,1000.0,5.0,,false
1537,1350.0,46.0,,true
1538,500.0,58.0,,true
1539,5000.0,17.0,,true
1540,2200.0,137.0,,true
1541,3500.0,247.0,,true
1542,5000.0,600.0,,true
1543,500.0,145.0,,true
1544,125.0,452.0,,true
1545,40.0,394.0,,true
1546,350.0,180.0,,true
1547,500.0,173.0,,false
1548,500.0,578.0,,false
1549,3300.0,22.0,,false
1550,3300.0,23.0,,false
1551,3300.0,21.0,,false
1552,60.0,152.0,,false
1553,60.0,225.0,,false
1554,60.0,221.0,,false
1555,800.0,6.0,,false
1556,60.0,98.0,,false
1557,60.0,115.0,,false
1558,60.0,119.0,,false
1559,60.0,105.0,,false
1560,60.0,111.0,,false
1561,60.0,115.0,,false
1562,60.0,87.0,,false
1563,60.0,112.0,,false
1564,60.0,111.0,,false
1565,100.0,191.0,,false
1566,100.0,206.0,,false
1567,900.0,8.0,,false
1568,1150.0,13.0,,false
1569,1000.0,5.0,,false
1570,1350.0,49.0,,true
1571,500.0,57.0,,true
1572,5000.0,17.0,,true
1573,2200.0,132.0,,true
1574,3500.0,344.0,,true
1575,5000.0,600.0,,true
1576,500.0,160.0,,true
1577,125.0,524.0,,true
1578,40.0,403.0,,true
1579,350.0,163.0,,true
1580,500.0,200.0,,false
1581,500.0,447.0,,false
1582,3300.0,25.0,,false
1583,3300.0,29.0,,false
1584,3300.0,25.0,,false
1585,60.0,180.0,,false
1586,60.0,216.0,,false
1587,60.0,228.0,,false
1588,60.0,226.0,,false
1589,800.0,6.0,,false
1590,60.0,111.0,,false
1591,60.0,119.0,,false
1592,60.0,105.0,,false
1593,60.0,107.0,,false
1594,60.0,91.0,,false
1595,60.0,112.0,,false
1596,60.0,101.0,,false
1597,60.0,118.0,,false
1598,100.0,243.0,,false
1599,100.0,191.0,,false
1600,900.0,10.0,,false
1601,1150.0,17.0,,false
1602,1000.0,6.0,,false
1603,1350.0,50.0,,true
1604,500.0,58.0,,true
1605,5000.0,17.0,,true
1606,2200.0,139.0,,true
1607,3500.0,245.0,,true
1608,5000.0,600.0,,true
1609,500.0,157.0,,true
1610,125.0,470.0,,true
1611,40.0,457.0,,true
1612,350.0,165.0,,true
1613,500.0,177.0,,false
1614,500.0,403.0,,false
1615,3300.0,29.0,,false
1616,3300.0,25.0,,false
1617,3300.0,29.0,,false
1618,60.0,191.0,,false
1619,60.0,220.0,,false
1620,60.0,242.0,,false
1621,800.0,4.0,,false
1622,60.0,118.0,,false
1623,60.0,89.0,,false
1624,60.0,92.0,,false
1625,60.0,92.0,,false
1626,60.0,94.0,,false
1627,60.0,92.0,,false
1628,100.0,190.0,,false
1629,100.0,243.0,,false
1630,900.0,8.0,,false
1631,1150.0,13.0,,false
1632,1000.0,7.0,,false
1633,1350.0,50.0,,true
1634,500.0,56.0,,true
1635,5000.0,17.0,,true
1636,2200.0,136.0,,true
1637,3500.0,343.0,,true
1638,5000.0,600.0,,true
1639,500.0,159.0,,true
1640,125.0,545.0,,true
1641,40.0,375.0,,true
1642,350.0,175.0,,true
1643,500.0,189.0,,false
1644,500.0,574.0,,false
1645,3300.0,25.0,,false
1646,3300.0,23.0,,false
1647,3300.0,28.0,,false
1648,60.0,165.0,,false
1649,60.0,171.0,,false
1650,60.0,240.0,,false
1651,60.0,188.0,,false
1652,800.0,6.0,,false
1653,60.0,94.0,,false
1654,60.0,111.0,,false
1655,60.0,106.0,,false
1656,60.0,84.0,,false
1657,60.0,109.0,,false
1658,60.0,86.0,,false
1659,60.0,109.0,,false
1660,60.0,120.0,,false
1661,100.0,210.0,,false
1662,100.0,196.0,,false
1663,900.0,9.0,,false
1664,1150.0,17.0,,false
1665,1000.0,6.0,,false
1666,1350.0,47.0,,true
1667,500.0,56.0,,true
1668,5000.0,19.0,,true
1669,2200.0,134.0,,true
1670,3500.0,218.0,,true
1671,5000.0,600.0,,true
1672,500.0,141.0,,true
1673,125.0,537.0,,true
1674,40.0,367.0,,true
1675,350.0,153.0,,true
1676,500.0,189.0,,false
1677,500.0,487.0,,false
1678,3300.0,26.0,,false
1679,3300.0,21.0,,false
1680,3300.0,23.0,,false
1681,60.0,232.0,,false
1682,60.0,168.0,,false
1683,60.0,204.0,,false
1684,60.0,228.0,,false
1685,800.0,6.0,,false
1686,60.0,90.0,,false
1687,60.0,116.0,,false
1688,60.0,81.0,,false
1689,60.0,117.0,,false
1690,60.0,103.0,,false
1691,60.0,115.0,,false
1692,60.0,91.0,,false
1693,60.0,114.0,,false
1694,60.0,110.0,,false
1695,100.0,243.0,,false
1696,100.0,213.0,,false
1697,900.0,8.0,,false
1698,1150.0,17.0,,false
1699,1000.0,7.0,,false
1700,1350.0,46.0,,true
1701,500.0,59.0,,true
1702,5000.0,20.0,,true
1703,2200.0,131.0,,true
1704,3500.0,247.0,,true
1705,5000.0,600.0,,true
1706,500.0,157.0,,true
1707,125.0,499.0,,true
1708,40.0,445.0,,true
1709,350.0,166.0,,true
1710,500.0,173.0,,false
1711,500.0,393.0,,false
1712,3300.0,21.0,,false
1713,3300.0,29.0,,false
1714,3300.0,21.0,,false
1715,60.0,230.0,,false
1716,60.0,205.0,,false
1717,60.0,240.0,,false
1718,60.0,183.0,,false
1719,800.0,4.0,,false
1720,60.0,86.0,,false
1721,60.0,93.0,,false
1722,60.0,113.0,,false
1723,60.0,91.0,,false
1724,60.0,95.0,,false
1725,60.0,93.0,,false
1726,60.0,91.0,,false
1727,60.0,99.0,,false
1728,60.0,120.0,,false
1729,60.0,105.0,,false
1730,100.0,215.0,,false
1731,100.0,186.0,,false
1732,900.0,10.0,,false
1733,1150.0,18.0,,false
1734,1000.0,7.0,,false
1735,1350.0,49.0,,true
1736,500.0,59.0,,true
1737,5000.0,16.0,,true
1738,2200.0,133.0,,true
1739,3500.0,353.0,,true
1740,5000.0,600.0,,true
1741,500.0,143.0,,true
1742,125.0,539.0,,true
1743,40.0,428.0,,true
1744,350.0,161.0,,true
1745,500.0,183.0,,false
1746,500.0,343.0,,false
1747,3300.0,28.0,,false
1748,3300.0,24.0,,false
1749,3300.0,23.0,,false
1750,60.0,210.0,,false
1751,60.0,193.0,,false
1752,60.0,157.0,,false
1753,800.0,4.0,,false
1754,60.0,117.0,,false
1755,60.0,112.0,,false
1756,60.0,97.0,,false
1757,60.0,103.0,,false
1758,60.0,88.0,,false
1759,60.0,101.0,,false
1760,60.0,84.0,,false
1761,60.0,108.0,,false
1762,100.0,208.0,,false
1763,100.0,200.0,,false
1764,900.0,9.0,,false
1765,1150.0,13.0,,false
1766,1000.0,6.0,,false
1767,1350.0,50.0,,true
1768,500.0,59.0,,true
1769,5000.0,17.0,,true
1770,2200.0,132.0,,true
1771,3500.0,363.0,,true
1772,5000.0,600.0,,true
1773,500.0,148.0,,true
1774,125.0,535.0,,true
1775,40.0,365.0,,true
1776,350.0,162.0,,true
1777,500.0,192.0,,false
1778,500.0,589.0,,false
1779,3300.0,21.0,,false
1780,3300.0,29.0,,false
1781,3300.0,27.0,,false
1782,60.0,221.0,,false
1783,60.0,232.0,,false
1784,60.0,244.0,,false
1785,60.0,189.0,,false
1786,800.0,4.0,,false
1787,60.0,85.0,,false
1788,60.0,111.0,,false
1789,60.0,117.0,,false
1790,60.0,105.0,,false
1791,60.0,91.0,,false
1792,60.0,94.0,,false
1793,60.0,96.0,,false
1794,60.0,101.0,,false
1795,60.0,95.0,,false
1796,60.0,106.0,,false
1797,100.0,211.0,,false
1798,100.0,213.0,,false
1799,900.0,10.0,,false
1800,1150.0,17.0,,false
1801,1000.0,5.0,,false
1802,1350.0,50.0,,true
1803,500.0,56.0,,true
1804,5000.0,20.0,,true
1805,2200.0,134.0,,true
1806,3500.0,328.0,,true
1807,5000.0,600.0,,true
1808,500.0,145.0,,true
1809,125.0,473.0,,true
1810,40.0,395.0,,true
1811,350.0,164.0,,true
1812,500.0,171.0,,false
1813,500.0,462.0,,false
1814,3300.0,21.0,,false
1815,3300.0,29.0,,false
1816,3300.0,29.0,,false
1817,60.0,250.0,,false
1818,60.0,235.0,,false
1819,60.0,184.0,,false
1820,800.0,4.0,,false
1821,60.0,113.0,,false
1822,60.0,87.0,,false
1823,60.0,87.0,,false
1824,60.0,84.0,,false
1825,60.0,108.0,,false
1826,60.0,113.0,,false
1827,100.0,240.0,,false
1828,100.0,224.0,,false
1829,900.0,10.0,,false
1830,1150.0,17.0,,false
1831,1000.0,7.0,,false
1832,1350.0,48.0,,true
1833,500.0,59.0,,true
1834,5000.0,20.0,,true
1835,2200.0,132.0,,true
1836,3500.0,240.0,,true
1837,5000.0,600.0,,true
1838,500.0,145.0,,true
1839,125.0,457.0,,true
1840,40.0,453.0,,true
1841,350.0,145.0,,true
1842,500.0,188.0,,false
1843,500.0,469.0,,false
1844,3300.0,22.0,,false
1845,3300.0,23.0,,false
1846,3300.0,29.0,,false
1847,60.0,179.0,,false
1848,60.0,239.0,,false
1849,60.0,201.0,,false
1850,60.0,220.0,,false
1851,800.0,6.0,,false
1852,60.0,116.0,,false
1853,60.0,96.0,,false
1854,60.0,107.0,,false
1855,60.0,91.0,,false
1856,60.0,97.0,,false
1857,60.0,86.0,,false
1858,60.0,97.0,,false
1859,60.0,83.0,,false
1860,60.0,98.0,,false
1861,100.0,199.0,,false
1862,100.0,241.0,,false
1863,900.0,10.0,,false
1864,1150.0,13.0,,false
1865,1000.0,7.0,,false
1866,1350.0,49.0,,true
1867,500.0,59.0,,true
1868,5000.0,18.0,,true
1869,2200.0,133.0,,true
1870,3500.0,348.0,,true
1871,5000.0,600.0,,true
1872,500.0,147.0,,true
1873,125.0,482.0,,true
1874,40.0,397.0,,true
1875,350.0,173.0,,true
1876,500.0,187.0,,false
1877,500.0,472.0,,false
1878,3300.0,27.0,,false
1879,3300.0,25.0,,false
1880,3300.0,22.0,,false
1881,60.0,182.0,,false
1882,60.0,197.0,,false
1883,60.0,224.0,,false
1884,800.0,6.0,,false
1885,60.0,117.0,,false
1886,60.0,93.0,,false
1887,60.0,85.0,,false
1888,60.0,101.0,,false
1889,60.0,93.0,,false
1890,60.0,82.0,,false
1891,60.0,93.0,,false
1892,100.0,209.0,,false
1893,100.0,209.0,,false
1894,900.0,7.0,,false
1895,1150.0,17.0,,false
1896,1000.0,8.0,,false
1897,1350.0,48.0,,true
1898,500.0,58.0,,true
1899,5000.0,20.0,,true
1900,2200.0,131.0,,true
1901,3500.0,346.0,,true
1902,5000.0,600.0,,true
1903,500.0,145.0,,true
1904,125.0,523.0,,true
1905,40.0,414.0,,true
1906,350.0,174.0,,true
1907,500.0,189.0,,false
1908,500.0,530.0,,false
1909,3300.0,30.0,,false
1910,3300.0,25.0,,false
1911,3300.0,24.0,,false
1912,60.0,177.0,,false
1913,60.0,172.0,,false
1914,60.0,226.0,,false
1915,800.0,6.0,,false
1916,60.0,94.0,,false
1917,60.0,93.0,,false
1918,60.0,102.0,,false
1919,60.0,99.0,,false
1920,60.0,111.0,,false
1921,60.0,91.0,,false
1922,60.0,117.0,,false
1923,100.0,241.0,,false
1924,100.0,248.0,,false
1925,900.0,10.0,,false
1926,1150.0,17.0,,false
1927,1000.0,6.0,,false
1928,1350.0,47.0,,true
1929,500.0,60.0,,true
1930,5000.0,19.0,,true
1931,2200.0,136.0,,true
1932,3500.0,204.0,,true
1933,5000.0,600.0,,true
1934,500.0,144.0,,true
1935,125.0,466.0,,true
1936,40.0,370.0,,true
1937,350.0,177.0,,true
1938,500.0,180.0,,false
1939,500.0,477.0,,false
1940,3300.0,27.0,,false
1941,3300.0,26.0,,false
1942,3300.0,27.0,,false
1943,60.0,245.0,,false
1944,60.0,164.0,,false
1945,60.0,245.0,,false
1946,60.0,217.0,,false
1947,800.0,5.0,,false
1948,60.0,96.0,,false
1949,60.0,84.0,,false
1950,60.0,101.0,,false
1951,60.0,118.0,,false
1952,60.0,89.0,,false
1953,60.0,114.0,,false
1954,100.0,245.0,,false
1955,100.0,239.0,,false
1956,900.0,9.0,,false
1957,1150.0,16.0,,false
1958,1000.0,6.0,,false
1959,1350.0,46.0,,true
1960,500.0,56.0,,true
1961,5000.0,19.0,,true
1962,2200.0,135.0,,true
1963,3500.0,280.0,,true
1964,5000.0,600.0,,true
1965,500.0,146.0,,true
1966,125.0,515.0,,true
1967,40.0,444.0,,true
1968,350.0,166.0,,true
1969,500.0,183.0,,false
1970,500.0,314.0,,false
1971,3300.0,26.0,,false
1972,3300.0,25.0,,false
1973,3300.0,26.0,,false
1974,60.0,236.0,,false
1975,60.0,231.0,,false
1976,60.0,224.0,,false
1977,800.0,5.0,,false
1978,60.0,108.0,,false
1979,60.0,119.0,,false
1980,60.0,109.0,,false
1981,60.0,108.0,,false
1982,60.0,85.0,,false
1983,60.0,113.0,,false
1984,100.0,218.0,,false
1985,100.0,191.0,,false
1986,900.0,10.0,,false
1987,1150.0,13.0,,false
1988,1000.0,7.0,,false
1989,1350.0,48.0,,true
1990,500.0,56.0,,true
1991,5000.0,19.0,,true
1992,2200.0,136.0,,true
1993,3500.0,296.0,,true
1994,5000.0,600.0,,true
1995,500.0,147.0,,true
1996,125.0,471.0,,true
1997,40.0,431.0,,true
1998,350.0,148.0,,true
1999,500.0,191.0,,false
2000,500.0,427.0,,false
2001,3300.0,25.0,,false
2002,3300.0,21.0,,false
2003,3300.0,30.0,,false
2004,60.0,224.0,,false
2005,60.0,244.0,,false
2006,60.0,170.0,,false
2007,800.0,5.0,,false
2008,60.0,109.0,,false
2009,60.0,108.0,,false
2010,60.0,105.0,,false
2011,60.0,100.0,,false
2012,60.0,103.0,,false
2013,60.0,98.0,,false
2014,60.0,109.0,,false
2015,60.0,118.0,,false
2016,100.0,210.0,,false
2017,100.0,234.0,,false
2018,900.0,8.0,,false
2019,1150.0,14.0,,false
2020,1000.0,7.0,,false
2021,1350.0,48.0,,true
2022,500.0,58.0,,true
2023,5000.0,16.0,,true
2024,2200.0,137.0,,true
2025,3500.0,223.0,,true
2026,5000.0,600.0,,true
2027,500.0,151.0,,true
2028,125.0,531.0,,true
2029,40.0,433.0,,true
2030,350.0,173.0,,true
2031,500.0,176.0,,false
2032,500.0,523.0,,false
2033,3300.0,24.0,,false
2034,3300.0,24.0,,false
2035,3300.0,23.0,,false
2036,60.0,192.0,,false
2037,60.0,174.0,,false
2038,60.0,222.0,,false
2039,800.0,5.0,,false
2040,60.0,109.0,,false
2041,60.0,109.0,,false
2042,60.0,96.0,,false
2043,60.0,118.0,,false
2044,60.0,111.0,,false
2045,60.0,104.0,,false
2046,60.0,113.0,,false
2047,100.0,245.0,,false
2048,100.0,223.0,,false
2049,900.0,7.0,,false
2050,1150.0,16.0,,false
2051,1000.0,7.0,,false
2052,1350.0,50.0,,true
2053,500.0,57.0,,true
2054,5000.0,19.0,,true
2055,2200.0,132.0,,true
2056,3500.0,306.0,,true
2057,5000.0,600.0,,true
2058,500.0,160.0,,true
2059,125.0,509.0,,true
2060,40.0,404.0,,true
2061,350.0,169.0,,true
2062,500.0,198.0,,false
2063,500.0,333.0,,false
2064,3300.0,27.0,,false
2065,3300.0,25.0,,false
2066,3300.0,30.0,,false
2067,60.0,190.0,,false
2068,60.0,179.0,,false
2069,60.0,231.0,,false
2070,800.0,5.0,,false
2071,60.0,110.0,,false
2072,60.0,87.0,,false
2073,60.0,97.0,,false
2074,60.0,81.0,,false
2075,60.0,91.0,,false
2076,60.0,91.0,,false
2077,100.0,240.0,,false
2078,100.0,243.0,,false
2079,900.0,10.0,,false
2080,1150.0,15.0,,false
2081,1000.0,5.0,,false
2082,1350.0,48.0,,true
2083,500.0,57.0,,true
2084,5000.0,16.0,,true
2085,2200.0,140.0,,true
2086,3500.0,210.0,,true
2087,5000.0,600.0,,true
2088,500.0,156.0,,true
2089,125.0,460.0,,true
2090,40.0,452.0,,true
2091,350.0,154.0,,true
2092,500.0,177.0,,false
2093,500.0,319.0,,false
2094,3300.0,24.0,,false
2095,3300.0,27.0,,false
2096,3300.0,22.0,,false
2097,60.0,170.0,,false
2098,60.0,249.0,,false
2099,60.0,168.0,,false
2100,800.0,5.0,,false
2101,60.0,111.0,,false
2102,60.0,81.0,,false
2103,60.0,98.0,,false
2104,60.0,84.0,,false
2105,60.0,114.0,,false
2106,60.0,108.0,,false
2107,60.0,84.0,,false
2108,60.0,100.0,,false
2109,60.0,108.0,,false
2110,60.0,84.0,,false
2111,100.0,199.0,,false
2112,100.0,230.0,,false
2113,900.0,7.0,,false
2114,1150.0,14.0,,false
2115,1000.0,7.0,,false
2116,1350.0,48.0,,true
2117,500.0,59.0,,true
2118,5000.0,19.0,,true
2119,2200.0,134.0,,true
2120,3500.0,234.0,,true
2121,5000.0,600.0,,true
2122,500.0,157.0,,true
2123,125.0,547.0,,true
2124,40.0,397.0,,true
2125,350.0,157.0,,true
2126,500.0,183.0,,false
2127,500.0,537.0,,false
2128,3300.0,21.0,,false
2129,3300.0,27.0,,false
2130,3300.0,30.0,,false
2131,60.0,158.0,,false
2132,60.0,227.0,,false
2133,60.0,247.0,,false
2134,800.0,4.0,,false
2135,60.0,100.0,,false
2136,60.0,86.0,,false
2137,60.0,108.0,,false
2138,60.0,90.0,,false
2139,60.0,103.0,,false
2140,60.0,91.0,,false
2141,60.0,91.0,,false
2142,60.0,93.0,,false
2143,60.0,112.0,,false
2144,60.0,116.0,,false
2145,100.0,187.0,,false
2146,100.0,226.0,,false
2147,900.0,10.0,,false
2148,1150.0,15.0,,false
2149,1000.0,7.0,,false
2150,1350.0,49.0,,true
2151,500.0,56.0,,true
2152,5000.0,16.0,,true
2153,2200.0,139.0,,true
2154,3500.0,201.0,,true
2155,5000.0,600.0,,true
2156,500.0,151.0,,true
2157,125.0,499.0,,true
2158,40.0,362.0,,true
2159,350.0,176.0,,true
2160,500.0,171.0,,false
2161,500.0,363.0,,false
2162,3300.0,30.0,,false
2163,3300.0,29.0,,false
2164,3300.0,29.0,,false
2165,60.0,195.0,,false
2166,60.0,248.0,,false
2167,60.0,220.0,,false
2168,800.0,6.0,,false
2169,60.0,101.0,,false
2170,60.0,112.0,,false
2171,60.0,108.0,,false
2172,60.0,97.0,,false
2173,60.0,87.0,,false
2174,60.0,90.0,,false
2175,100.0,248.0,,false
2176,100.0,209.0,,false
2177,900.0,8.0,,false
2178,1150.0,17.0,,false
2179,1000.0,6.0,,false
2180,1350.0,49.0,,true
2181,500.0,57.0,,true
2182,5000.0,18.0,,true
2183,2200.0,131.0,,true
2184,3500.0,381.0,,true
2185,5000.0,600.0,,true
2186,500.0,158.0,,true
2187,125.0,529.0,,true
2188,40.0,394.0,,true
2189,350.0,167.0,,true
2190,500.0,178.0,,false
2191,500.0,564.0,,false
2192,3300.0,22.0,,false
2193,3300.0,26.0,,false
2194,3300.0,25.0,,false
2195,60.0,191.0,,false
2196,60.0,169.0,,false
2197,60.0,229.0,,false
2198,60.0,183.0,,false
2199,800.0,6.0,,false
2200,60.0,96.0,,false
2201,60.0,82.0,,false
2202,60.0,111.0,,false
2203,60.0,105.0,,false
2204,60.0,101.0,,false
2205,60.0,119.0,,false
2206,60.0,84.0,,false
2207,60.0,96.0,,false
2208,100.0,188.0,,false
2209,100.0,204.0,,false
2210,900.0,7.0,,false
2211,1150.0,17.0,,false
2212,1000.0,6.0,,false
2213,1350.0,46.0,,true
2214,500.0,58.0,,true
2215,5000.0,19.0,,true
2216,2200.0,136.0,,true
2217,3500.0,339.0,,true
2218,5000.0,600.0,,true
2219,500.0,144.0,,true
2220,125.0,550.0,,true
2221,40.0,429.0,,true
2222,350.0,143.0,,true
2223,500.0,193.0,,false
2224,500.0,401.0,,false
2225,3300.0,25.0,,false
2226,3300.0,27.0,,false
2227,3300.0,28.0,,false
2228,60.0,205.0,,false
2229,60.0,223.0,,false
2230,60.0,201.0,,false
2231,800.0,4.0,,false
2232,60.0,109.0,,false
2233,60.0,100.0,,false
2234,60.0,83.0,,false
2235,60.0,119.0,,false
2236,60.0,90.0,,false
2237,60.0,82.0,,false
2238,60.0,117.0,,false
2239,60.0,105.0,,false
2240,100.0,229.0,,false
2241,100.0,181.0,,false
2242,900.0,8.0,,false
2243,1150.0,14.0,,false
2244,1000.0,5.0,,false
2245,1350.0,48.0,,true
2246,500.0,60.0,,true
2247,5000.0,18.0,,true
2248,2200.0,138.0,,true
2249,3500.0,237.0,,true
2250,5000.0,600.0,,true
2251,500.0,150.0,,true
2252,125.0,503.0,,true
2253,40.0,456.0,,true
2254,350.0,176.0,,true
2255,500.0,192.0,,false
2256,500.0,381.0,,false
2257,3300.0,28.0,,false
2258,3300.0,28.0,,false
2259,3300.0,22.0,,false
2260,60.0,244.0,,false
2261,60.0,159.0,,false
2262,60.0,249.0,,false
2263,800.0,5.0,,false
2264,60.0,119.0,,false
2265,60.0,90.0,,false
2266,60.0,98.0,,false
2267,60.0,96.0,,false
2268,60.0,108.0,,false
2269,60.0,83.0,,false
2270,100.0,245.0,,false
2271,100.0,232.0,,false
2272,900.0,7.0,,false
2273,1150.0,13.0,,false
2274,1000.0,5.0,,false
2275,1350.0,49.0,,true
2276,500.0,59.0,,true
2277,5000.0,19.0,,true
2278,2200.0,132.0,,true
2279,3500.0,253.0,,true
2280,5000.0,600.0,,true
2281,500.0,160.0,,true
2282,125.0,503.0,,true
2283,40.0,356.0,,true
2284,350.0,174.0,,true
2285,500.0,195.0,,false
2286,500.0,401.0,,false
2287,3300.0,29.0,,false
2288,3300.0,29.0,,false
2289,3300.0,26.0,,false
2290,60.0,238.0,,false
2291,60.0,246.0,,false
2292,60.0,152.0,,false
2293,60.0,220.0,,false
2294,800.0,4.0,,false
2295,60.0,92.0,,false
2296,60.0,85.0,,false
2297,60.0,85.0,,false
2298,60.0,81.0,,false
2299,60.0,93.0,,false
2300,60.0,98.0,,false
2301,60.0,96.0,,false
2302,60.0,98.0,,false
2303,100.0,199.0,,false
2304,100.0,216.0,,false
2305,900.0,10.0,,false
2306,1150.0,16.0,,false
2307,1000.0,5.0,,false
2308,1350.0,47.0,,true
2309,500.0,59.0,,true
2310,5000.0,20.0,,true
2311,2200.0,134.0,,true
2312,3500.0,259.0,,true
2313,5000.0,600.0,,true
2314,500.0,160.0,,true
2315,125.0,537.0,,true
2316,40.0,425.0,,true
2317,350.0,175.0,,true
2318,500.0,185.0,,false
2319,500.0,544.0,,false
2320,3300.0,21.0,,false
2321,3300.0,22.0,,false
2322,3300.0,29.0,,false
2323,60.0,186.0,,false
2324,60.0,173.0,,false
2325,60.0,186.0,,false
2326,60.0,185.0,,false
2327,800.0,5.0,,false
2328,60.0,115.0,,false
2329,60.0,109.0,,false
2330,60.0,100.0,,false
2331,60.0,90.0,,false
2332,60.0,104.0,,false
2333,60.0,81.0,,false
2334,100.0,192.0,,false
2335,100.0,217.0,,false
2336,900.0,8.0,,false
2337,1150.0,16.0,,false
2338,1000.0,5.0,,false
2339,1350.0,49.0,,true
2340,500.0,57.0,,true
2341,5000.0,17.0,,true
2342,2200.0,135.0,,true
2343,3500.0,259.0,,true
2344,5000.0,600.0,,true
2345,500.0,150.0,,true
2346,125.0,498.0,,true
2347,40.0,459.0,,true
2348,350.0,161.0,,true
2349,500.0,179.0,,false
2350,500.0,448.0,,false
2351,3300.0,23.0,,false
2352,3300.0,24.0,,false
2353,3300.0,24.0,,false
2354,60.0,174.0,,false
2355,60.0,204.0,,false
2356,60.0,181.0,,false
2357,800.0,6.0,,false
2358,60.0,98.0,,false
2359,60.0,90.0,,false
2360,60.0,95.0,,false
2361,60.0,97.0,,false
2362,60.0,111.0,,false
2363,60.0,90.0,,false
2364,60.0,97.0,,false
2365,60.0,84.0,,false
2366,60.0,109.0,,false
2367,60.0,99.0,,false
2368,100.0,248.0,,false
2369,100.0,219.0,,false
2370,900.0,10.0,,false
2371,1150.0,14.0,,false
2372,1000.0,6.0,,false
2373,1350.0,47.0,,true
2374,500.0,58.0,,true
2375,5000.0,18.0,,true
2376,2200.0,137.0,,true
2377,3500.0,328.0,,true
2378,5000.0,600.0,,true
2379,500.0,158.0,,true
2380,125.0,471.0,,true
2381,40.0,396.0,,true
2382,350.0,145.0,,true
2383,500.0,184.0,,false
2384,500.0,464.0,,false
2385,3300.0,22.0,,false
2386,3300.0,22.0,,false
2387,3300.0,29.0,,false
2388,60.0,172.0,,false
2389,60.0,153.0,,false
2390,60.0,235.0,,false
2391,800.0,6.0,,false
2392,60.0,109.0,,false
2393,60.0,108.0,,false
2394,60.0,102.0,,false
2395,60.0,103.0,,false
2396,60.0,86.0,,false
2397,60.0,103.0,,false
2398,60.0,82.0,,false
2399,100.0,190.0,,false
2400,100.0,181.0,,false
2401,900.0,10.0,,false
2402,1150.0,18.0,,false
2403,1000.0,5.0,,false
2404,1350.0,48.0,,true
2405,500.0,56.0,,true
2406,5000.0,16.0,,true
2407,2200.0,133.0,,true
2408,3500.0,394.0,,true
2409,5000.0,600.0,,true
2410,500.0,154.0,,true
2411,125.0,524.0,,true
2412,40.0,382.0,,true
2413,350.0,161.0,,true
2414,500.0,181.0,,false
2415,500.0,333.0,,false
2416,3300.0,24.0,,false
2417,3300.0,25.0,,false
2418,3300.0,24.0,,false
2419,60.0,209.0,,false
2420,60.0,208.0,,false
2421,60.0,242.0,,false
2422,800.0,4.0,,false
2423,60.0,90.0,,false
2424,60.0,83.0,,false
2425,60.0,94.0,,false
2426,60.0,100.0,,false
2427,60.0,115.0,,false
2428,60.0,107.0,,false
2429,60.0,85.0,,false
2430,60.0,81.0,,false
2431,60.0,113.0,,false
2432,60.0,120.0,,false
2433,100.0,244.0,,false
2434,100.0,236.0,,false
2435,900.0,10.0,,false
2436,1150.0,13.0,,false
2437,1000.0,5.0,,false
2438,1350.0,48.0,,true
2439,500.0,58.0,,true
2440,5000.0,17.0,,true
2441,2200.0,135.0,,true
2442,3500.0,236.0,,true
2443,5000.0,600.0,,true
2444,500.0,147.0,,true
2445,125.0,456.0,,true
2446,40.0,354.0,,true
2447,350.0,177.0,,true
2448,500.0,172.0,,false
2449,500.0,322.0,,false
2450,3300.0,30.0,,false
2451,3300.0,29.0,,false
2452,3300.0,21.0,,false
2453,60.0,173.0,,false
2454,60.0,188.0,,false
2455,60.0,216.0,,false
2456,60.0,211.0,,false
2457,800.0,5.0,,false
2458,60.0,90.0,,false
2459,60.0,112.0,,false
2460,60.0,117.0,,false
2461,60.0,108.0,,false
2462,60.0,106.0,,false
2463,60.0,87.0,,false
2464,60.0,104.0,,false
2465,60.0,119.0,,false
2466,60.0,93.0,,false
2467,60.0,88.0,,false
2468,100.0,237.0,,false
2469,100.0,216.0,,false
2470,900.0,7.0,,false
2471,1150.0,17.0,,false
2472,1000.0,7.0,,false
2473,1350.0,49.0,,true
2474,500.0,59.0,,true
2475,5000.0,20.0,,true
2476,2200.0,140.0,,true
2477,3500.0,323.0,,true
2478,5000.0,600.0,,true
2479,500.0,155.0,,true
2480,125.0,459.0,,true
2481,40.0,437.0,,true
2482,350.0,170.0,,true
2483,500.0,175.0,,false
2484,500.0,483.0,,false
2485,3300.0,25.0,,false
2486,3300.0,27.0,,false
2487,3300.0,23.0,,false
2488,60.0,169.0,,false
2489,60.0,246.0,,false
2490,60.0,199.0,,false
2491,800.0,6.0,,false
2492,60.0,96.0,,false
2493,60.0,83.0,,false
2494,60.0,97.0,,false
2495,60.0,93.0,,false
2496,60.0,107.0,,false
2497,60.0,109.0,,false
2498,60.0,102.0,,false
2499,60.0,107.0,,false
2500,60.0,101.0,,false
2501,60.0,85.0,,false
2502,100.0,226.0,,false
2503,100.0,219.0,,false
2504,900.0,8.0,,false
2505,1150.0,14.0,,false
2506,1000.0,8.0,,false
2507,1350.0,48.0,,true
2508,500.0,58.0,,true
2509,5000.0,20.0,,true
2510,2200.0,132.0,,true
2511,3500.0,384.0,,true
2512,5000.0,600.0,,true
2513,500.0,151.0,,true
2514,125.0,480.0,,true
2515,40.0,449.0,,true
2516,350.0,146.0,,true
2517,500.0,198.0,,false
2518,500.0,486.0,,false
2519,3300.0,27.0,,false
2520,3300.0,29.0,,false
2521,3300.0,28.0,,false
2522,60.0,189.0,,false
2523,60.0,208.0,,false
2524,60.0,220.0,,false
2525,800.0,4.0,,false
2526,60.0,119.0,,false
2527,60.0,106.0,,false
2528,60.0,114.0,,false
2529,60.0,104.0,,false
2530,60.0,92.0,,false
2531,60.0,114.0,,false
2532,60.0,120.0,,false
2533,60.0,96.0,,false
2534,100.0,245.0,,false
2535,100.0,238.0,,false
2536,900.0,9.0,,false
2537,1150.0,17.0,,false
2538,1000.0,6.0,,false
2539,1350.0,46.0,,true
2540,500.0,57.0,,true
2541,5000.0,20.0,,true
2542,2200.0,139.0,,true
2543,3500.0,201.0,,true
2544,5000.0,600.0,,true
2545,500.0,160.0,,true
2546,125.0,518.0,,true
2547,40.0,434.0,,true
2548,350.0,177.0,,true
2549,500.0,195.0,,false
2550,500.0,551.0,,false
2551,3300.0,25.0,,false
2552,3300.0,21.0,,false
2553,3300.0,22.0,,false
2554,60.0,226.0,,false
2555,60.0,189.0,,false
2556,60.0,214.0,,false
2557,800.0,6.0,,false
2558,60.0,86.0,,false
2559,60.0,94.0,,false
2560,60.0,107.0,,false
2561,60.0,107.0,,false
2562,60.0,117.0,,false
2563,60.0,97.0,,false
2564,60.0,92.0,,false
2565,60.0,88.0,,false
2566,100.0,231.0,,false
2567,100.0,199.0,,false
2568,900.0,9.0,,false
2569,1150.0,15.0,,false
2570,1000.0,8.0,,false
2571,1350.0,46.0,,true
2572,500.0,56.0,,true
2573,5000.0,18.0,,true
2574,2200.0,137.0,,true
2575,3500.0,377.0,,true
2576,5000.0,600.0,,true
2577,500.0,154.0,,true
2578,125.0,479.0,,true
2579,40.0,384.0,,true
2580,350.0,179.0,,true
2581,500.0,190.0,,false
2582,500.0,332.0,,false
2583,3300.0,25.0,,false
2584,3300.0,22.0,,false
2585,3300.0,24.0,,false
2586,60.0,151.0,,false
2587,60.0,168.0,,false
2588,60.0,173.0,,false
2589,60.0,152.0,,false
2590,800.0,5.0,,false
2591,60.0,86.0,,false
2592,60.0,115.0,,false
2593,60.0,88.0,,false
2594,60.0,105.0,,false
2595,60.0,101.0,,false
2596,60.0,113.0,,false
2597,100.0,202.0,,false
2598,100.0,209.0,,false
2599,900.0,7.0,,false
2600,1150.0,17.0,,false
2601,1000.0,7.0,,false
2602,1350.0,49.0,,true
2603,500.0,58.0,,true
2604,5000.0,18.0,,true
2605,2200.0,133.0,,true
2606,3500.0,293.0,,true
2607,5000.0,600.0,,true
2608,500.0,145.0,,true
2609,125.0,545.0,,true
2610,40.0,441.0,,true
2611,350.0,141.0,,true
2612,500.0,175.0,,false
2613,500.0,592.0,,false
2614,3300.0,28.0,,false
2615,3300.0,26.0,,false
2616,3300.0,24.0,,false
2617,60.0,227.0,,false
2618,60.0,200.0,,false
2619,60.0,205.0,,false
2620,60.0,234.0,,false
2621,800.0,4.0,,false
2622,60.0,118.0,,false
2623,60.0,113.0,,false
2624,60.0,89.0,,false
2625,60.0,108.0,,false
2626,60.0,105.0,,false
2627,60.0,100.0,,false
2628,60.0,113.0,,false
2629,60.0,84.0,,false
2630,100.0,248.0,,false
2631,100.0,197.0,,false
2632,900.0,10.0,,false
2633,1150.0,15.0,,false
2634,1000.0,8.0,,false
2635,1350.0,50.0,,true
2636,500.0,56.0,,true
2637,5000.0,17.0,,true
2638,2200.0,139.0,,true
2639,3500.0,392.0,,true
2640,5000.0,600.0,,true
2641,500.0,148.0,,true
2642,125.0,516.0,,true
2643,40.0,390.0,,true
2644,350.0,163.0,,true
2645,500.0,198.0,,false
2646,500.0,534.0,,false
2647,3300.0,24.0,,false
2648,3300.0,21.0,,false
2649,3300.0,28.0,,false
2650,60.0,161.0,,false
2651,60.0,186.0,,false
2652,60.0,187.0,,false
2653,60.0,215.0,,false
2654,800.0,6.0,,false
2655,60.0,103.0,,false
2656,60.0,116.0,,false
2657,60.0,82.0,,false
2658,60.0,108.0,,false
2659,60.0,86.0,,false
2660,60.0,86.0,,false
2661,60.0,82.0,,false
2662,60.0,81.0,,false
2663,60.0,98.0,,false
2664,60.0,83.0,,false
2665,100.0,240.0,,false
2666,100.0,206.0,,false
2667,900.0,7.0,,false
2668,1150.0,17.0,,false
2669,1000.0,8.0,,false
2670,1350.0,46.0,,true
2671,500.0,56.0,,true
2672,5000.0,19.0,,true
2673,2200.0,135.0,,true
2674,3500.0,207.0,,true
2675,5000.0,600.0,,true
2676,500.0,147.0,,true
2677,125.0,537.0,,true
2678,40.0,373.0,,true
2679,350.0,167.0,,true
2680,500.0,195.0,,false
2681,500.0,445.0,,false
2682,3300.0,26.0,,false
2683,3300.0,22.0,,false
2684,3300.0,22.0,,false
2685,60.0,163.0,,false
2686,60.0,188.0,,false
2687,60.0,192.0,,false
2688,800.0,5.0,,false
2689,60.0,81.0,,false
2690,60.0,89.0,,false
2691,60.0,116.0,,false
2692,60.0,84.0,,false
2693,60.0,90.0,,false
2694,60.0,96.0,,false
2695,100.0,244.0,,false
2696,100.0,224.0,,false
2697,900.0,8.0,,false
2698,1150.0,14.0,,false
2699,1000.0,5.0,,false
2700,1350.0,50.0,,true
2701,500.0,59.0,,true
2702,5000.0,20.0,,true
2703,2200.0,137.0,,true
2704,3500.0,218.0,,true
2705,5000.0,600.0,,true
2706,500.0,141.0,,true
2707,125.0,468.0,,true
2708,40.0,447.0,,true
2709,350.0,180.0,,true
2710,500.0,188.0,,false
2711,500.0,397.0,,false
2712,3300.0,23.0,,false
2713,3300.0,26.0,,false
2714,3300.0,26.0,,false
2715,60.0,193.0,,false
2716,60.0,235.0,,false
2717,60.0,177.0,,false
2718,800.0,5.0,,false
2719,60.0,83.0,,false
2720,60.0,90.0,,false
2721,60.0,104.0,,false
2722,60.0,82.0,,false
2723,60.0,114.0,,false
2724,60.0,92.0,,false
2725,60.0,118.0,,false
2726,60.0,107.0,,false
2727,60.0,102.0,,false
2728,100.0,249.0,,false
2729,100.0,199.0,,false
2730,900.0,10.0,,false
2731,1150.0,14.0,,false
2732,1000.0,8.0,,false
2733,1350.0,50.0,,true
2734,500.0,56.0,,true
2735,5000.0,19.0,,true
2736,2200.0,136.0,,true
2737,3500.0,236.0,,true
2738,5000.0,600.0,,true
2739,500.0,155.0,,true
2740,125.0,513.0,,true
2741,40.0,415.0,,true
2742,350.0,155.0,,true
2743,500.0,175.0,,false
2744,500.0,572.0,,false
2745,3300.0,21.0,,false
2746,3300.0,25.0,,false
2747,3300.0,30.0,,false
2748,60.0,200.0,,false
2749,60.0,248.0,,false
2750,60.0,172.0,,false
2751,800.0,6.0,,false
2752,60.0,108.0,,false
2753,60.0,103.0,,false
2754,60.0,111.0,,false
2755,60.0,120.0,,false
2756,60.0,110.0,,false
2757,60.0,93.0,,false
2758,100.0,238.0,,false
2759,100.0,244.0,,false
2760,900.0,7.0,,false
2761,1150.0,16.0,,false
2762,1000.0,5.0,,false
2763,1350.0,49.0,,true
2764,500.0,56.0,,true
2765,5000.0,17.0,,true
2766,2200.0,135.0,,true
2767,3500.0,268.0,,true
2768,5000.0,600.0,,true
2769,500.0,145.0,,true
2770,125.0,482.0,,true
2771,40.0,439.0,,true
2772,350.0,165.0,,true
2773,500.0,178.0,,false
2774,500.0,398.0,,false
2775,3300.0,23.0,,false
2776,3300.0,28.0,,false
2777,3300.0,30.0,,false
2778,60.0,195.0,,false
2779,60.0,175.0,,false
2780,60.0,197.0,,false
2781,60.0,210.0,,false
2782,800.0,6.0,,false
2783,60.0,88.0,,false
2784,60.0,111.0,,false
2785,60.0,94.0,,false
2786,60.0,102.0,,false
2787,60.0,120.0,,false
2788,60.0,98.0,,false
2789,100.0,244.0,,false
2790,100.0,248.0,,false
2791,900.0,8.0,,false
2792,1150.0,17.0,,false
2793,1000.0,6.0,,false
2794,1350.0,50.0,,true
2795,500.0,57.0,,true
2796,5000.0,17.0,,true
2797,2200.0,140.0,,true
2798,3500.0,273.0,,true
2799,5000.0,600.0,,true
2800,500.0,159.0,,true
2801,125.0,508.0,,true
2802,40.0,366.0,,true
2803,350.0,144.0,,true
2804,500.0,173.0,,false
2805,500.0,371.0,,false
2806,3300.0,26.0,,false
2807,3300.0,26.0,,false
2808,3300.0,25.0,,false
2809,60.0,207.0,,false
2810,60.0,151.0,,false
2811,60.0,225.0,,false
2812,60.0,160.0,,false
2813,800.0,5.0,,false
2814,60.0,103.0,,false
2815,60.0,92.0,,false
2816,60.0,116.0,,false
2817,60.0,84.0,,false
2818,60.0,118.0,,false
2819,60.0,89.0,,false
2820,60.0,102.0,,false
2821,60.0,113.0,,false
2822,60.0,82.0,,false
2823,100.0,209.0,,false
2824,100.0,213.0,,false
2825,900.0,10.0,,false
2826,1150.0,17.0,,false
2827,1000.0,7.0,,false
2828,1350.0,46.0,,true
2829,500.0,58.0,,true
2830,5000.0,20.0,,true
2831,2200.0,135.0,,true
2832,3500.0,384.0,,true
2833,5000.0,600.0,,true
2834,500.0,157.0,,true
2835,125.0,534.0,,true
2836,40.0,427.0,,true
2837,350.0,173.0,,true
2838,500.0,193.0,,false
2839,500.0,495.0,,false
2840,3300.0,22.0,,false
2841,3300.0,29.0,,false
2842,3300.0,23.0,,false
2843,60.0,197.0,,false
2844,60.0,162.0,,false
2845,60.0,153.0,,false
2846,800.0,4.0,,false
2847,60.0,120.0,,false
2848,60.0,95.0,,false
2849,60.0,95.0,,false
2850,60.0,89.0,,false
2851,60.0,105.0,,false
2852,60.0,88.0,,false
2853,100.0,215.0,,false
2854,100.0,186.0,,false
2855,900.0,7.0,,false
2856,1150.0,16.0,,false
2857,1000.0,8.0,,false
2858,1350.0,48.0,,true
2859,500.0,60.0,,true
2860,5000.0,19.0,,true
2861,2200.0,133.0,,true
2862,3500.0,297.0,,true
2863,5000.0,600.0,,true
2864,500.0,148.0,,true
2865,125.0,512.0,,true
2866,40.0,436.0,,true
2867,350.0,173.0,,true
2868,500.0,182.0,,false
2869,500.0,523.0,,false
2870,3300.0,21.0,,false
2871,3300.0,25.0,,false
2872,3300.0,22.0,,false
2873,60.0,220.0,,false
2874,60.0,151.0,,false
2875,60.0,206.0,,false
2876,800.0,4.0,,false
2877,60.0,93.0,,false
2878,60.0,91.0,,false
2879,60.0,118.0,,false
2880,60.0,107.0,,false
2881,60.0,82.0,,false
2882,60.0,108.0,,false
2883,60.0,110.0,,false
2884,60.0,113.0,,false
2885,60.0,91.0,,false
2886,100.0,201.0,,false
2887,100.0,233.0,,false
2888,900.0,7.0,,false
2889,1150.0,13.0,,false
2890,1000.0,5.0,,false
2891,1350.0,50.0,,true
2892,500.0,57.0,,true
2893,5000.0,20.0,,true
2894,2200.0,140.0,,true
2895,3500.0,382.0,,true
2896,5000.0,600.0,,true
2897,500.0,145.0,,true
2898,125.0,487.0,,true
2899,40.0,409.0,,true
2900,350.0,149.0,,true
2901,500.0,176.0,,false
2902,500.0,401.0,,false
2903,3300.0,24.0,,false
2904,3300.0,25.0,,false
2905,3300.0,24.0,,false
2906,60.0,213.0,,false
2907,60.0,218.0,,false
2908,60.0,152.0,,false
2909,800.0,4.0,,false
2910,60.0,85.0,,false
2911,60.0,101.0,,false
2912,60.0,103.0,,false
2913,60.0,120.0,,false
2914,60.0,106.0,,false
2915,60.0,117.0,,false
2916,60.0,114.0,,false
2917,60.0,119.0,,false
2918,60.0,95.0,,false
2919,100.0,243.0,,false
2920,100.0,196.0,,false
2921,900.0,9.0,,false
2922,1150.0,18.0,,false
2923,1000.0,8.0,,false
2924,1350.0,46.0,,true
2925,500.0,59.0,,true
2926,5000.0,16.0,,true
2927,2200.0,136.0,,true
2928,3500.0,371.0,,true
2929,5000.0,600.0,,true
2930,500.0,147.0,,true
2931,125.0,534.0,,true
2932,40.0,405.0,,true
2933,350.0,164.0,,true
2934,500.0,172.0,,false
2935,500.0,550.0,,false
2936,3300.0,24.0,,false
2937,3300.0,28.0,,false
2938,3300.0,22.0,,false
2939,60.0,229.0,,false
2940,60.0,160.0,,false
2941,60.0,186.0,,false
2942,800.0,4.0,,false
2943,60.0,116.0,,false
2944,60.0,116.0,,false
2945,60.0,118.0,,false
2946,60.0,113.0,,false
2947,60.0,100.0,,false
2948,60.0,97.0,,false
2949,60.0,100.0,,false
2950,60.0,88.0,,false
2951,100.0,195.0,,false
2952,100.0,236.0,,false
2953,900.0,8.0,,false
2954,1150.0,15.0,,false
2955,1000.0,8.0,,false
2956,1350.0,49.0,,true
2957,500.0,56.0,,true
2958,5000.0,17.0,,true
2959,2200.0,133.0,,true
2960,3500.0,225.0,,true
2961,5000.0,600.0,,true
2962,500.0,144.0,,true
2963,125.0,529.0,,true
2964,40.0,396.0,,true
2965,350.0,178.0,,true
2966,500.0,186.0,,false
2967,500.0,571.0,,false
2968,3300.0,29.0,,false
2969,3300.0,26.0,,false
2970,3300.0,23.0,,false
2971,60.0,242.0,,false
2972,60.0,171.0,,false
2973,60.0,187.0,,false
2974,800.0,6.0,,false
2975,60.0,93.0,,false
2976,60.0,108.0,,false
2977,60.0,91.0,,false
2978,60.0,116.0,,false
2979,60.0,108.0,,false
2980,60.0,83.0,,false
2981,60.0,116.0,,false
2982,60.0,93.0,,false
2983,100.0,196.0,,false
2984,100.0,216.0,,false
2985,900.0,7.0,,false
2986,1150.0,15.0,,false
2987,1000.0,7.0,,false
2988,1350.0,50.0,,true
2989,500.0,58.0,,true
2990,5000.0,20.0,,true
2991,2200.0,135.0,,true
2992,3500.0,207.0,,true
2993,5000.0,600.0,,true
2994,500.0,143.0,,true
2995,125.0,510.0,,true
2996,40.0,406.0,,true
2997,350.0,174.0,,true
2998,500.0,196.0,,false
2999,500.0,437.0,,false
3000,3300.0,22.0,,false
3001,3300.0,29.0,,false
3002,3300.0,27.0,,false
3003,60.0,246.0,,false
3004,60.0,205.0,,false
3005,60.0,216.0,,false
3006,60.0,248.0,,false
3007,800.0,4.0,,false
3008,60.0,91.0,,false
3009,60.0,113.0,,false
3010,60.0,96.0,,false
3011,60.0,106.0,,false
3012,60.0,118.0,,false
3013,60.0,82.0,,false
3014,60.0,84.0,,false
3015,60.0,83.0,,false
3016,60.0,105.0,,false
3017,60.0,86.0,,false
3018,100.0,236.0,,false
3019,100.0,229.0,,false
3020,900.0,9.0,,false
3021,1150.0,17.0,,false
3022,1000.0,7.0,,false
3023,1350.0,49.0,,true
3024,500.0,58.0,,true
3025,5000.0,18.0,,true
3026,2200.0,140.0,,true
3027,3500.0,319.0,,true
3028,5000.0,600.0,,true
3029,500.0,153.0,,true
3030,125.0,486.0,,true
3031,40.0,459.0,,true
3032,350.0,164.0,,true
3033,500.0,177.0,,false
3034,500.0,542.0,,false
3035,3300.0,26.0,,false
3036,3300.0,23.0,,false
3037,3300.0,27.0,,false
3038,60.0,189.0,,false
3039,60.0,182.0,,false
3040,60.0,185.0,,false
3041,800.0,5.0,,false
3042,60.0,95.0,,false
3043,60.0,90.0,,false
3044,60.0,97.0,,false
3045,60.0,82.0,,false
3046,60.0,103.0,,false
3047,60.0,120.0,,false
3048,60.0,83.0,,false
3049,60.0,101.0,,false
3050,60.0,103.0,,false
3051,60.0,86.0,,false
3052,100.0,199.0,,false
3053,100.0,238.0,,false
3054,900.0,8.0,,false
3055,1150.0,13.0,,false
3056,1000.0,7.0,,false
3057,1350.0,46.0,,true
3058,500.0,60.0,,true
3059,5000.0,20.0,,true
3060,2200.0,140.0,,true
3061,3500.0,205.0,,true
3062,5000.0,600.0,,true
3063,500.0,157.0,,true
3064,125.0,471.0,,true
3065,40.0,439.0,,true
3066,350.0,162.0,,true
3067,500.0,189.0,,false
3068,500.0,438.0,,false
3069,3300.0,25.0,,false
3070,3300.0,22.0,,false
3071,3300.0,28.0,,false
3072,60.0,195.0,,false
3073,60.0,210.0,,false
3074,60.0,234.0,,false
3075,800.0,6.0,,false
3076,60.0,103.0,,false
3077,60.0,103.0,,false
3078,60.0,107.0,,false
3079,60.0,103.0,,false
3080,60.0,117.0,,false
3081,60.0,91.0,,false
3082,60.0,97.0,,false
3083,60.0,102.0,,false
3084,60.0,115.0,,false
3085,60.0,90.0,,false
3086,100.0,204.0,,false
3087,100.0,196.0,,false
3088,900.0,8.0,,false
3089,1150.0,15.0,,false
3090,1000.0,8.0,,false
3091,1350.0,50.0,,true
3092,500.0,60.0,,true
3093,5000.0,16.0,,true
3094,2200.0,135.0,,true
3095,3500.0,225.0,,true
3096,5000.0,600.0,,true
3097,500.0,141.0,,true
3098,125.0,541.0,,true
3099,40.0,355.0,,true
3100,350.0,166.0,,true
3101,500.0,190.0,,false
3102,500.0,437.0,,false
3103,3300.0,30.0,,false
3104,3300.0,30.0,,false
3105,3300.0,23.0,,false
3106,60.0,236.0,,false
3107,60.0,232.0,,false
3108,60.0,191.0,,false
3109,800.0,6.0,,false
3110,60.0,103.0,,false
3111,60.0,107.0,,false
3112,60.0,92.0,,false
3113,60.0,101.0,,false
3114,60.0,89.0,,false
3115,60.0,88.0,,false
3116,60.0,93.0,,false
3117,60.0,108.0,,false
3118,60.0,102.0,,false
3119,100.0,235.0,,false
3120,100.0,204.0,,false
3121,900.0,8.0,,false
3122,1150.0,18.0,,false
3123,1000.0,7.0,,false
3124,1350.0,47.0,,true
3125,500.0,57.0,,true
3126,5000.0,20.0,,true
3127,2200.0,136.0,,true
3128,3500.0,332.0,,true
3129,5000.0,600.0,,true
3130,500.0,149.0,,true
3131,125.0,484.0,,true
3132,40.0,440.0,,true
3133,350.0,156.0,,true
3134,500.0,198.0,,false
3135,500.0,374.0,,false
3136,3300.0,21.0,,false
3137,3300.0,26.0,,false
3138,3300.0,29.0,,false
3139,60.0,208.0,,false
3140,60.0,186.0,,false
3141,60.0,162.0,,false
3142,800.0,4.0,,false
3143,60.0,86.0,,false
3144,60.0,120.0,,false
3145,60.0,90.0,,false
3146,60.0,85.0,,false
3147,60.0,99.0,,false
3148,60.0,108.0,,false
3149,60.0,109.0,,false
3150,60.0,87.0,,false
3151,60.0,102.0,,false
3152,60.0,88.0,,false
3153,100.0,238.0,,false
3154,100.0,224.0,,false
3155,900.0,10.0,,false
3156,1150.0,13.0,,false
3157,1000.0,8.0,,false
3158,1350.0,46.0,,true
3159,500.0,60.0,,true
3160,5000.0,16.0,,true
3161,2200.0,135.0,,true
3162,3500.0,271.0,,true
3163,5000.0,600.0,,true
3164,500.0,160.0,,true
3165,125.0,506.0,,true
3166,40.0,445.0,,true
3167,350.0,170.0,,true
3168,500.0,183.0,,false
3169,500.0,389.0,,false
3170,3300.0,24.0,,false
3171,3300.0,26.0,,false
3172,3300.0,23.0,,false
3173,60.0,241.0,,false
3174,60.0,217.0,,false
3175,60.0,161.0,,false
3176,60.0,179.0,,false
3177,800.0,5.0,,false
3178,60.0,119.0,,false
3179,60.0,106.0,,false
3180,60.0,88.0,,false
3181,60.0,100.0,,false
3182,60.0,106.0,,false
3183,60.0,92.0,,false
3184,60.0,84.0,,false
3185,60.0,110.0,,false
3186,100.0,219.0,,false
3187,100.0,194.0,,false
3188,900.0,7.0,,false
3189,1150.0,14.0,,false
3190,1000.0,7.0,,false
3191,1350.0,48.0,,true
3192,500.0,56.0,,true
3193,5000.0,19.0,,true
3194,2200.0,136.0,,true
3195,3500.0,330.0,,true
3196,5000.0,600.0,,true
3197,500.0,148.0,,true
3198,125.0,475.0,,true
3199,40.0,420.0,,true
3200,350.0,146.0,,true
3201,500.0,184.0,,false
3202,500.0,453.0,,false
3203,3300.0,22.0,,false
3204,3300.0,28.0,,false
3205,3300.0,29.0,,false
3206,60.0,191.0,,false
3207,60.0,204.0,,false
3208,60.0,184.0,,false
3209,60.0,156.0,,false
3210,800.0,6.0,,false
3211,60.0,84.0,,false
3212,60.0,104.0,,false
3213,60.0,86.0,,false
3214,60.0,120.0,,false
3215,60.0,106.0,,false
3216,60.0,119.0,,false
3217,60.0,87.0,,false
3218,60.0,106.0,,false
3219,60.0,90.0,,false
3220,60.0,113.0,,false
3221,100.0,240.0,,false
3222,100.0,184.0,,false
3223,900.0,10.0,,false
3224,1150.0,16.0,,false
3225,1000.0,8.0,,false
3226,1350.0,50.0,,true
3227,500.0,58.0,,true
3228,5000.0,18.0,,true
3229,2200.0,136.0,,true
3230,3500.0,302.0,,true
3231,5000.0,600.0,,true
3232,500.0,155.0,,true
3233,125.0,508.0,,true
3234,40.0,363.0,,true
3235,350.0,149.0,,true
3236,500.0,186.0,,false
3237,500.0,475.0,,false
3238,3300.0,25.0,,false
3239,3300.0,29.0,,false
3240,3300.0,21.0,,false
3241,60.0,188.0,,false
3242,60.0,234.0,,false
3243,60.0,179.0,,false
3244,800.0,6.0,,false
3245,60.0,96.0,,false
3246,60.0,114.0,,false
3247,60.0,118.0,,false
3248,60.0,106.0,,false
3249,60.0,90.0,,false
3250,60.0,115.0,,false
3251,100.0,227.0,,false
3252,100.0,185.0,,false
3253,900.0,7.0,,false
3254,1150.0,15.0,,false
3255,1000.0,8.0,,false
