Reference,height,width,stripwidth,preemptable
1,1350.0,47.0,720,true
2,500.0,60.0,,true
3,5000.0,19.0,,true
4,2200.0,138.0,,true
5,3500.0,276.0,,true
6,5000.0,600.0,,true
7,500.0,160.0,,true
8,125.0,537.0,,true
9,40.0,406.0,,true
10,350.0,172.0,,true
11,500.0,180.0,,false
12,500.0,367.0,,false
13,3300.0,23.0,,false
14,3300.0,28.0,,false
15,3300.0,23.0,,false
16,60.0,153.0,,false
17,60.0,179.0,,false
18,60.0,173.0,,false
19,60.0,236.0,,false
20,800.0,6.0,,false
21,60.0,91.0,,false
22,60.0,93.0,,false
23,60.0,82.0,,false
24,60.0,86.0,,false
25,60.0,118.0,,false
26,60.0,111.0,,false
27,60.0,115.0,,false
28,60.0,113.0,,false
29,60.0,102.0,,false
30,60.0,89.0,,false
31,100.0,243.0,,false
32,100.0,233.0,,false
33,900.0,7.0,,false
34,1150.0,15.0,,false
35,1000.0,7.0,,false
36,1350.0,47.0,,true
37,500.0,58.0,,true
38,5000.0,16.0,,true
39,2200.0,135.0,,true
40,3500.0,208.0,,true
41,5000.0,600.0,,true
42,500.0,153.0,,true
43,125.0,517.0,,true
44,40.0,447.0,,true
45,350.0,170.0,,true
46,500.0,200.0,,false
47,500.0,446.0,,false
48,3300.0,23.0,,false
49,3300.0,30.0,,false
50,3300.0,24.0,,false
51,60.0,180.0,,false
52,60.0,160.0,,false
53,60.0,159.0,,false
54,60.0,238.0,,false
55,800.0,5.0,,false
56,60.0,81.0,,false
57,60.0,111.0,,false
58,60.0,97.0,,false
59,60.0,100.0,,false
60,60.0,104.0,,false
61,60.0,92.0,,false
62,60.0,107.0,,false
63,60.0,94.0,,false
64,60.0,95.0,,false
65,100.0,243.0,,false
66,100.0,245.0,,false
67,900.0,7.0,,false
68,1150.0,18.0,,false
69,1000.0,6.0,,false
70,1350.0,49.0,,true
71,500.0,58.0,,true
72,5000.0,16.0,,true
73,2200.0,131.0,,true
74,3500.0,302.0,,true
75,5000.0,600.0,,true
76,500.0,150.0,,true
77,125.0,452.0,,true
78,40.0,415.0,,true
79,350.0,150.0,,true
80,500.0,181.0,,false
81,500.0,554.0,,false
82,3300.0,30.0,,false
83,3300.0,25.0,,false
84,3300.0,30.0,,false
85,60.0,216.0,,false
86,60.0,189.0,,false
87,60.0,169.0,,false
88,60.0,221.0,,false
89,800.0,6.0,,false
90,60.0,116.0,,false
91,60.0,104.0,,false
92,60.0,114.0,,false
93,60.0,82.0,,false
94,60.0,99.0,,false
95,60.0,109.0,,false
96,60.0,87.0,,false
97,100.0,194.0,,false
98,100.0,237.0,,false
99,900.0,7.0,,false
100,1150.0,16.0,,false
101,1000.0,5.0,,false
102,1350.0,47.0,,true
103,500.0,60.0,,true
104,5000.0,18.0,,true
105,2200.0,140.0,,true
106,3500.0,276.0,,true
107,5000.0,600.0,,true
108,500.0,151.0,,true
109,125.0,508.0,,true
110,40.0,449.0,,true
111,350.0,162.0,,true
112,500.0,184.0,,false
113,500.0,331.0,,false
114,3300.0,24.0,,false
115,3300.0,24.0,,false
116,3300.0,27.0,,false
117,60.0,221.0,,false
118,60.0,154.0,,false
119,60.0,187.0,,false
120,800.0,4.0,,false
121,60.0,117.0,,false
122,60.0,115.0,,false
123,60.0,105.0,,false
124,60.0,105.0,,false
125,60.0,83.0,,false
126,60.0,88.0,,false
127,60.0,101.0,,false
128,60.0,89.0,,false
129,60.0,89.0,,false
130,100.0,220.0,,false
131,100.0,214.0,,false
132,900.0,8.0,,false
133,1150.0,16.0,,false
134,1000.0,6.0,,false
135,1350.0,46.0,,true
136,500.0,56.0,,true
137,5000.0,17.0,,true
138,2200.0,134.0,,true
139,3500.0,275.0,,true
140,5000.0,600.0,,true
141,500.0,152.0,,true
142,125.0,538.0,,true
143,40.0,422.0,,true
144,350.0,159.0,,true
145,500.0,188.0,,false
146,500.0,450.0,,false
147,3300.0,23.0,,false
148,3300.0,30.0,,false
149,3300.0,21.0,,false
150,60.0,210.0,,false
151,60.0,194.0,,false
152,60.0,242.0,,false
153,60.0,195.0,,false
154,800.0,4.0,,false
155,60.0,88.0,,false
156,60.0,112.0,,false
157,60.0,101.0,,false
158,60.0,92.0,,false
159,60.0,83.0,,false
160,60.0,101.0,,false
161,60.0,90.0,,false
162,60.0,94.0,,false
163,60.0,108.0,,false
164,100.0,210.0,,false
165,100.0,226.0,,false
166,900.0,8.0,,false
167,1150.0,14.0,,false
168,1000.0,7.0,,false
169,1350.0,50.0,,true
170,500.0,57.0,,true
171,5000.0,20.0,,true
172,2200.0,136.0,,true
173,3500.0,380.0,,true
174,5000.0,600.0,,true
175,500.0,152.0,,true
176,125.0,457.0,,true
177,40.0,371.0,,true
178,350.0,169.0,,true
179,500.0,183.0,,false
180,500.0,310.0,,false
181,3300.0,21.0,,false
182,3300.0,30.0,,false
183,3300.0,27.0,,false
184,60.0,210.0,,false
185,60.0,244.0,,false
186,60.0,155.0,,false
187,800.0,4.0,,false
188,60.0,97.0,,false
189,60.0,101.0,,false
190,60.0,90.0,,false
191,60.0,109.0,,false
192,60.0,107.0,,false
193,60.0,120.0,,false
194,60.0,109.0,,false
195,60.0,111.0,,false
196,60.0,109.0,,false
197,60.0,101.0,,false
198,100.0,198.0,,false
199,100.0,208.0,,false
200,900.0,9.0,,false
201,1150.0,16.0,,false
202,1000.0,5.0,,false
203,1350.0,49.0,,true
204,500.0,56.0,,true
205,5000.0,19.0,,true
206,2200.0,133.0,,true
207,3500.0,275.0,,true
208,5000.0,600.0,,true
209,500.0,155.0,,true
210,125.0,467.0,,true
211,40.0,373.0,,true
212,350.0,174.0,,true
213,500.0,172.0,,false
214,500.0,474.0,,false
215,3300.0,25.0,,false
216,3300.0,25.0,,false
217,3300.0,24.0,,false
218,60.0,166.0,,false
219,60.0,200.0,,false
220,60.0,187.0,,false
221,800.0,4.0,,false
222,60.0,119.0,,false
223,60.0,81.0,,false
224,60.0,120.0,,false
225,60.0,91.0,,false
226,60.0,106.0,,false
227,60.0,85.0,,false
228,60.0,98.0,,false
229,60.0,105.0,,false
230,60.0,115.0,,false
231,60.0,90.0,,false
232,100.0,242.0,,false
233,100.0,240.0,,false
234,900.0,9.0,,false
235,1150.0,13.0,,false
236,1000.0,5.0,,false
237,1350.0,46.0,,true
238,500.0,58.0,,true
239,5000.0,20.0,,true
240,2200.0,139.0,,true
241,3500.0,310.0,,true
242,5000.0,600.0,,true
243,500.0,146.0,,true
244,125.0,536.0,,true
245,40.0,369.0,,true
246,350.0,177.0,,true
247,500.0,177.0,,false
248,500.0,357.0,,false
249,3300.0,29.0,,false
250,3300.0,22.0,,false
251,3300.0,26.0,,false
252,60.0,165.0,,false
253,60.0,237.0,,false
254,60.0,180.0,,false
255,800.0,5.0,,false
256,60.0,90.0,,false
257,60.0,103.0,,false
258,60.0,114.0,,false
259,60.0,107.0,,false
260,60.0,102.0,,false
261,60.0,116.0,,false
262,60.0,103.0,,false
263,100.0,219.0,,false
264,100.0,183.0,,false
265,900.0,7.0,,false
266,1150.0,15.0,,false
267,1000.0,8.0,,false
268,1350.0,50.0,,true
269,500.0,57.0,,true
270,5000.0,17.0,,true
271,2200.0,136.0,,true
272,3500.0,215.0,,true
273,5000.0,600.0,,true
274,500.0,156.0,,true
275,125.0,461.0,,true
276,40.0,405.0,,true
277,350.0,156.0,,true
278,500.0,190.0,,false
279,500.0,483.0,,false
280,3300.0,25.0,,false
281,3300.0,22.0,,false
282,3300.0,29.0,,false
283,60.0,196.0,,false
284,60.0,215.0,,false
285,60.0,199.0,,false
286,60.0,234.0,,false
287,800.0,5.0,,false
288,60.0,112.0,,false
289,60.0,104.0,,false
290,60.0,100.0,,false
291,60.0,91.0,,false
292,60.0,99.0,,false
293,60.0,85.0,,false
294,100.0,238.0,,false
295,100.0,193.0,,false
296,900.0,9.0,,false
297,1150.0,16.0,,false
298,1000.0,5.0,,false
299,1350.0,46.0,,true
300,500.0,58.0,,true
301,5000.0,17.0,,true
302,2200.0,133.0,,true
303,3500.0,232.0,,true
304,5000.0,600.0,,true
305,500.0,157.0,,true
306,125.0,452.0,,true
307,40.0,362.0,,true
308,350.0,176.0,,true
309,500.0,188.0,,false
310,500.0,302.0,,false
311,3300.0,24.0,,false
312,3300.0,25.0,,false
313,3300.0,28.0,,false
314,60.0,154.0,,false
315,60.0,216.0,,false
316,60.0,186.0,,false
317,60.0,175.0,,false
318,800.0,5.0,,false
319,60.0,120.0,,false
320,60.0,100.0,,false
321,60.0,106.0,,false
322,60.0,115.0,,false
323,60.0,108.0,,false
324,60.0,107.0,,false
325,60.0,93.0,,false
326,100.0,247.0,,false
327,100.0,236.0,,false
328,900.0,10.0,,false
329,1150.0,15.0,,false
330,1000.0,8.0,,false
331,1350.0,46.0,,true
332,500.0,58.0,,true
333,5000.0,20.0,,true
334,2200.0,135.0,,true
335,3500.0,320.0,,true
336,5000.0,600.0,,true
337,500.0,160.0,,true
338,125.0,470.0,,true
339,40.0,436.0,,true
340,350.0,143.0,,true
341,500.0,200.0,,false
342,500.0,567.0,,false
343,3300.0,22.0,,false
344,3300.0,30.0,,false
345,3300.0,28.0,,false
346,60.0,241.0,,false
347,60.0,159.0,,false
348,60.0,163.0,,false
349,60.0,231.0,,false
350,800.0,6.0,,false
351,60.0,94.0,,false
352,60.0,110.0,,false
353,60.0,100.0,,false
354,60.0,103.0,,false
355,60.0,85.0,,false
356,60.0,92.0,,false
357,60.0,115.0,,false
358,100.0,246.0,,false
359,100.0,242.0,,false
360,900.0,9.0,,false
361,1150.0,16.0,,false
362,1000.0,8.0,,false
363,1350.0,50.0,,true
364,500.0,60.0,,true
365,5000.0,17.0,,true
366,2200.0,133.0,,true
367,3500.0,262.0,,true
368,5000.0,600.0,,true
369,500.0,152.0,,true
370,125.0,509.0,,true
371,40.0,436.0,,true
372,350.0,143.0,,true
373,500.0,181.0,,false
374,500.0,492.0,,false
375,3300.0,27.0,,false
376,3300.0,27.0,,false
377,3300.0,24.0,,false
378,60.0,235.0,,false
379,60.0,230.0,,false
380,60.0,214.0,,false
381,800.0,4.0,,false
382,60.0,118.0,,false
383,60.0,116.0,,false
384,60.0,103.0,,false
385,60.0,93.0,,false
386,60.0,85.0,,false
387,60.0,119.0,,false
388,60.0,105.0,,false
389,100.0,199.0,,false
390,100.0,184.0,,false
391,900.0,7.0,,false
392,1150.0,13.0,,false
393,1000.0,5.0,,false
394,1350.0,50.0,,true
395,500.0,59.0,,true
396,5000.0,16.0,,true
397,2200.0,132.0,,true
398,3500.0,360.0,,true
399,5000.0,600.0,,true
400,500.0,155.0,,true
401,125.0,493.0,,true
402,40.0,426.0,,true
403,350.0,171.0,,true
404,500.0,179.0,,false
405,500.0,377.0,,false
406,3300.0,29.0,,false
407,3300.0,23.0,,false
408,3300.0,28.0,,false
409,60.0,189.0,,false
410,60.0,196.0,,false
411,60.0,193.0,,false
412,60.0,165.0,,false
413,800.0,6.0,,false
414,60.0,106.0,,false
415,60.0,88.0,,false
416,60.0,86.0,,false
417,60.0,98.0,,false
418,60.0,100.0,,false
419,60.0,87.0,,false
420,100.0,230.0,,false
421,100.0,231.0,,false
422,900.0,10.0,,false
423,1150.0,17.0,,false
424,1000.0,5.0,,false
425,1350.0,47.0,,true
426,500.0,57.0,,true
427,5000.0,19.0,,true
428,2200.0,135.0,,true
429,3500.0,248.0,,true
430,5000.0,600.0,,true
431,500.0,144.0,,true
432,125.0,456.0,,true
433,40.0,459.0,,true
434,350.0,178.0,,true
435,500.0,177.0,,false
436,500.0,419.0,,false
437,3300.0,29.0,,false
438,3300.0,25.0,,false
439,3300.0,28.0,,false
440,60.0,189.0,,false
441,60.0,152.0,,false
442,60.0,164.0,,false
443,800.0,4.0,,false
444,60.0,95.0,,false
445,60.0,108.0,,false
446,60.0,116.0,,false
447,60.0,119.0,,false
448,60.0,111.0,,false
449,60.0,96.0,,false
450,60.0,94.0,,false
451,100.0,218.0,,false
452,100.0,188.0,,false
453,900.0,10.0,,false
454,1150.0,14.0,,false
455,1000.0,6.0,,false
456,1350.0,48.0,,true
457,500.0,56.0,,true
458,5000.0,20.0,,true
459,2200.0,140.0,,true
460,3500.0,351.0,,true
461,5000.0,600.0,,true
462,500.0,144.0,,true
463,125.0,519.0,,true
464,40.0,419.0,,true
465,350.0,167.0,,true
466,500.0,186.0,,false
467,500.0,575.0,,false
468,3300.0,24.0,,false
469,3300.0,23.0,,false
470,3300.0,22.0,,false
471,60.0,157.0,,false
472,60.0,231.0,,false
473,60.0,195.0,,false
474,800.0,5.0,,false
475,60.0,86.0,,false
476,60.0,104.0,,false
477,60.0,112.0,,false
478,60.0,97.0,,false
479,60.0,117.0,,false
480,60.0,117.0,,false
481,60.0,92.0,,false
482,60.0,82.0,,false
483,60.0,87.0,,false
484,60.0,109.0,,false
485,100.0,203.0,,false
486,100.0,192.0,,false
487,900.0,7.0,,false
488,1150.0,15.0,,false
489,1000.0,5.0,,false
490,1350.0,50.0,,true
491,500.0,57.0,,true
492,5000.0,20.0,,true
493,2200.0,140.0,,true
494,3500.0,244.0,,true
495,5000.0,600.0,,true
496,500.0,158.0,,true
497,125.0,453.0,,true
498,40.0,375.0,,true
499,350.0,157.0,,true
500,500.0,182.0,,false
501,500.0,554.0,,false
502,3300.0,21.0,,false
503,3300.0,26.0,,false
504,3300.0,21.0,,false
505,60.0,216.0,,false
506,60.0,201.0,,false
507,60.0,197.0,,false
508,800.0,6.0,,false
509,60.0,116.0,,false
510,60.0,104.0,,false
511,60.0,100.0,,false
512,60.0,90.0,,false
513,60.0,87.0,,false
514,60.0,83.0,,false
515,60.0,116.0,,false
516,60.0,96.0,,false
517,100.0,193.0,,false
518,100.0,188.0,,false
519,900.0,7.0,,false
520,1150.0,18.0,,false
521,1000.0,8.0,,false
522,1350.0,47.0,,true
523,500.0,56.0,,true
524,5000.0,16.0,,true
525,2200.0,136.0,,true
526,3500.0,293.0,,true
527,5000.0,600.0,,true
528,500.0,157.0,,true
529,125.0,497.0,,true
530,40.0,441.0,,true
531,350.0,156.0,,true
532,500.0,182.0,,false
533,500.0,538.0,,false
534,3300.0,22.0,,false
535,3300.0,24.0,,false
536,3300.0,28.0,,false
537,60.0,173.0,,false
538,60.0,242.0,,false
539,60.0,245.0,,false
540,800.0,4.0,,false
541,60.0,94.0,,false
542,60.0,109.0,,false
543,60.0,96.0,,false
544,60.0,85.0,,false
545,60.0,92.0,,false
546,60.0,119.0,,false
547,60.0,113.0,,false
548,60.0,116.0,,false
549,60.0,95.0,,false
550,100.0,245.0,,false
551,100.0,220.0,,false
552,900.0,10.0,,false
553,1150.0,13.0,,false
554,1000.0,6.0,,false
555,1350.0,49.0,,true
556,500.0,58.0,,true
557,5000.0,17.0,,true
558,2200.0,131.0,,true
559,3500.0,265.0,,true
560,5000.0,600.0,,true
561,500.0,146.0,,true
562,125.0,498.0,,true
563,40.0,425.0,,true
564,350.0,167.0,,true
565,500.0,175.0,,false
566,500.0,561.0,,false
567,3300.0,30.0,,false
568,3300.0,27.0,,false
569,3300.0,30.0,,false
570,60.0,224.0,,false
571,60.0,242.0,,false
572,60.0,156.0,,false
573,60.0,172.0,,false
574,800.0,5.0,,false
575,60.0,101.0,,false
576,60.0,114.0,,false
577,60.0,111.0,,false
578,60.0,107.0,,false
579,60.0,107.0,,false
580,60.0,110.0,,false
581,60.0,84.0,,false
582,100.0,182.0,,false
583,100.0,230.0,,false
584,900.0,8.0,,false
585,1150.0,15.0,,false
586,1000.0,8.0,,false
587,1350.0,46.0,,true
588,500.0,60.0,,true
589,5000.0,16.0,,true
590,2200.0,136.0,,true
591,3500.0,217.0,,true
592,5000.0,600.0,,true
593,500.0,141.0,,true
594,125.0,503.0,,true
595,40.0,376.0,,true
596,350.0,167.0,,true
597,500.0,182.0,,false
598,500.0,600.0,,false
599,3300.0,22.0,,false
600,3300.0,28.0,,false
601,3300.0,22.0,,false
602,60.0,159.0,,false
603,60.0,154.0,,false
604,60.0,176.0,,false
605,60.0,191.0,,false
606,800.0,6.0,,false
607,60.0,93.0,,false
608,60.0,86.0,,false
609,60.0,100.0,,false
610,60.0,110.0,,false
611,60.0,99.0,,false
612,60.0,97.0,,false
613,60.0,113.0,,false
614,60.0,93.0,,false
615,60.0,113.0,,false
616,100.0,243.0,,false
617,100.0,245.0,,false
618,900.0,8.0,,false
619,1150.0,13.0,,false
620,1000.0,7.0,,false
621,1350.0,46.0,,true
622,500.0,58.0,,true
623,5000.0,20.0,,true
624,2200.0,139.0,,true
625,3500.0,307.0,,true
626,5000.0,600.0,,true
627,500.0,141.0,,true
628,125.0,468.0,,true
629,40.0,372.0,,true
630,350.0,148.0,,true
631,500.0,185.0,,false
632,500.0,550.0,,false
633,3300.0,24.0,,false
634,3300.0,28.0,,false
635,3300.0,21.0,,false
636,60.0,191.0,,false
637,60.0,187.0,,false
638,60.0,235.0,,false
639,60.0,200.0,,false
640,800.0,6.0,,false
641,60.0,82.0,,false
642,60.0,81.0,,false
643,60.0,84.0,,false
644,60.0,113.0,,false
645,60.0,116.0,,false
646,60.0,120.0,,false
647,100.0,189.0,,false
648,100.0,239.0,,false
649,900.0,8.0,,false
650,1150.0,13.0,,false
651,1000.0,8.0,,false
652,1350.0,46.0,,true
653,500.0,56.0,,true
654,5000.0,19.0,,true
655,2200.0,136.0,,true
656,3500.0,308.0,,true
657,5000.0,600.0,,true
658,500.0,149.0,,true
659,125.0,522.0,,true
660,40.0,384.0,,true
661,350.0,170.0,,true
662,500.0,181.0,,false
663,500.0,394.0,,false
664,3300.0,28.0,,false
665,3300.0,21.0,,false
666,3300.0,25.0,,false
667,60.0,231.0,,false
668,60.0,173.0,,false
669,60.0,194.0,,false
670,60.0,199.0,,false
671,800.0,6.0,,false
672,60.0,108.0,,false
673,60.0,85.0,,false
674,60.0,102.0,,false
675,60.0,111.0,,false
676,60.0,91.0,,false
677,60.0,109.0,,false
678,60.0,99.0,,false
679,100.0,209.0,,false
680,100.0,244.0,,false
681,900.0,8.0,,false
682,1150.0,18.0,,false
683,1000.0,6.0,,false
684,1350.0,47.0,,true
685,500.0,56.0,,true
686,5000.0,16.0,,true
687,2200.0,132.0,,true
688,3500.0,269.0,,true
689,5000.0,600.0,,true
690,500.0,145.0,,true
691,125.0,478.0,,true
692,40.0,419.0,,true
693,350.0,158.0,,true
694,500.0,173.0,,false
695,500.0,372.0,,false
696,3300.0,25.0,,false
697,3300.0,21.0,,false
698,3300.0,23.0,,false
699,60.0,208.0,,false
700,60.0,243.0,,false
701,60.0,194.0,,false
702,800.0,6.0,,false
703,60.0,81.0,,false
704,60.0,82.0,,false
705,60.0,106.0,,false
706,60.0,101.0,,false
707,60.0,118.0,,false
708,60.0,110.0,,false
709,60.0,117.0,,false
710,60.0,82.0,,false
711,60.0,105.0,,false
712,100.0,209.0,,false
713,100.0,186.0,,false
714,900.0,9.0,,false
715,1150.0,18.0,,false
716,1000.0,6.0,,false
717,1350.0,48.0,,true
718,500.0,59.0,,true
719,5000.0,18.0,,true
720,2200.0,140.0,,true
721,3500.0,369.0,,true
722,5000.0,600.0,,true
723,500.0,155.0,,true
724,125.0,489.0,,true
725,40.0,362.0,,true
726,350.0,173.0,,true
727,500.0,183.0,,false
728,500.0,490.0,,false
729,3300.0,29.0,,false
730,3300.0,30.0,,false
731,3300.0,29.0,,false
732,60.0,235.0,,false
733,60.0,238.0,,false
734,60.0,153.0,,false
735,800.0,5.0,,false
736,60.0,108.0,,false
737,60.0,89.0,,false
738,60.0,83.0,,false
739,60.0,99.0,,false
740,60.0,108.0,,false
741,60.0,99.0,,false
742,60.0,111.0,,false
743,60.0,93.0,,false
744,100.0,214.0,,false
745,100.0,209.0,,false
746,900.0,8.0,,false
747,1150.0,15.0,,false
748,1000.0,7.0,,false
749,1350.0,49.0,,true
750,500.0,56.0,,true
751,5000.0,17.0,,true
752,2200.0,134.0,,true
753,3500.0,217.0,,true
754,5000.0,600.0,,true
755,500.0,159.0,,true
756,125.0,523.0,,true
757,40.0,376.0,,true
758,350.0,170.0,,true
759,500.0,188.0,,false
760,500.0,361.0,,false
761,3300.0,27.0,,false
762,3300.0,22.0,,false
763,3300.0,29.0,,false
764,60.0,212.0,,false
765,60.0,225.0,,false
766,60.0,164.0,,false
767,800.0,6.0,,false
768,60.0,104.0,,false
769,60.0,101.0,,false
770,60.0,120.0,,false
771,60.0,90.0,,false
772,60.0,111.0,,false
773,60.0,94.0,,false
774,60.0,119.0,,false
775,100.0,240.0,,false
776,100.0,203.0,,false
777,900.0,10.0,,false
778,1150.0,14.0,,false
779,1000.0,7.0,,false
780,1350.0,49.0,,true
781,500.0,56.0,,true
782,5000.0,16.0,,true
783,2200.0,133.0,,true
784,3500.0,374.0,,true
785,5000.0,600.0,,true
786,500.0,157.0,,true
787,125.0,475.0,,true
788,40.0,386.0,,true
789,350.0,167.0,,true
790,500.0,173.0,,false
791,500.0,451.0,,false
792,3300.0,25.0,,false
793,3300.0,22.0,,false
794,3300.0,30.0,,false
795,60.0,249.0,,false
796,60.0,200.0,,false
797,60.0,167.0,,false
798,60.0,177.0,,false
799,800.0,6.0,,false
800,60.0,106.0,,false
801,60.0,81.0,,false
802,60.0,95.0,,false
803,60.0,99.0,,false
804,60.0,92.0,,false
805,60.0,108.0,,false
806,60.0,98.0,,false
807,60.0,106.0,,false
808,60.0,120.0,,false
809,60.0,103.0,,false
810,100.0,237.0,,false
811,100.0,183.0,,false
812,900.0,10.0,,false
813,1150.0,13.0,,false
814,1000.0,8.0,,false
815,1350.0,50.0,,true
816,500.0,58.0,,true
817,5000.0,16.0,,true
818,2200.0,133.0,,true
819,3500.0,321.0,,true
820,5000.0,600.0,,true
821,500.0,149.0,,true
822,125.0,485.0,,true
823,40.0,458.0,,true
824,350.0,177.0,,true
825,500.0,179.0,,false
826,500.0,460.0,,false
827,3300.0,26.0,,false
828,3300.0,28.0,,false
829,3300.0,26.0,,false
830,60.0,195.0,,false
831,60.0,212.0,,false
832,60.0,188.0,,false
833,800.0,4.0,,false
834,60.0,116.0,,false
835,60.0,95.0,,false
836,60.0,90.0,,false
837,60.0,101.0,,false
838,60.0,83.0,,false
839,60.0,93.0,,false
840,60.0,110.0,,false
841,60.0,82.0,,false
842,60.0,101.0,,false
843,100.0,233.0,,false
844,100.0,204.0,,false
845,900.0,8.0,,false
846,1150.0,17.0,,false
847,1000.0,8.0,,false
848,1350.0,50.0,,true
849,500.0,58.0,,true
850,5000.0,20.0,,true
851,2200.0,133.0,,true
852,3500.0,297.0,,true
853,5000.0,600.0,,true
854,500.0,159.0,,true
855,125.0,539.0,,true
856,40.0,439.0,,true
857,350.0,157.0,,true
858,500.0,178.0,,false
859,500.0,349.0,,false
860,3300.0,21.0,,false
861,3300.0,25.0,,false
862,3300.0,28.0,,false
863,60.0,234.0,,false
864,60.0,178.0,,false
865,60.0,189.0,,false
866,60.0,158.0,,false
867,800.0,4.0,,false
868,60.0,113.0,,false
869,60.0,104.0,,false
870,60.0,81.0,,false
871,60.0,95.0,,false
872,60.0,99.0,,false
873,60.0,87.0,,false
874,100.0,247.0,,false
875,100.0,235.0,,false
876,900.0,9.0,,false
877,1150.0,14.0,,false
878,1000.0,7.0,,false
879,1350.0,49.0,,true
880,500.0,57.0,,true
881,5000.0,18.0,,true
882,2200.0,137.0,,true
883,3500.0,293.0,,true
884,5000.0,600.0,,true
885,500.0,145.0,,true
886,125.0,484.0,,true
887,40.0,376.0,,true
888,350.0,154.0,,true
889,500.0,188.0,,false
890,500.0,381.0,,false
891,3300.0,26.0,,false
892,3300.0,22.0,,false
893,3300.0,26.0,,false
894,60.0,187.0,,false
895,60.0,250.0,,false
896,60.0,214.0,,false
897,800.0,6.0,,false
898,60.0,92.0,,false
899,60.0,86.0,,false
900,60.0,86.0,,false
901,60.0,86.0,,false
902,60.0,110.0,,false
903,60.0,98.0,,false
904,100.0,217.0,,false
905,100.0,242.0,,false
906,900.0,7.0,,false
907,1150.0,17.0,,false
908,1000.0,5.0,,false
909,1350.0,50.0,,true
910,500.0,56.0,,true
911,5000.0,17.0,,true
912,2200.0,138.0,,true
913,3500.0,261.0,,true
914,5000.0,600.0,,true
915,500.0,149.0,,true
916,125.0,516.0,,true
917,40.0,400.0,,true
918,350.0,156.0,,true
919,500.0,182.0,,false
920,500.0,554.0,,false
921,3300.0,29.0,,false
922,3300.0,23.0,,false
923,3300.0,30.0,,false
924,60.0,155.0,,false
925,60.0,214.0,,false
926,60.0,195.0,,false
927,800.0,4.0,,false
928,60.0,119.0,,false
929,60.0,85.0,,false
930,60.0,94.0,,false
931,60.0,100.0,,false
932,60.0,94.0,,false
933,60.0,113.0,,false
934,60.0,115.0,,false
935,60.0,104.0,,false
936,60.0,89.0,,false
937,100.0,250.0,,false
938,100.0,240.0,,false
939,900.0,8.0,,false
940,1150.0,18.0,,false
941,1000.0,5.0,,false
942,1350.0,50.0,,true
943,500.0,57.0,,true
944,5000.0,19.0,,true
945,2200.0,131.0,,true
946,3500.0,379.0,,true
947,5000.0,600.0,,true
948,500.0,151.0,,true
949,125.0,471.0,,true
950,40.0,358.0,,true
951,350.0,162.0,,true
952,500.0,184.0,,false
953,500.0,541.0,,false
954,3300.0,22.0,,false
955,3300.0,24.0,,false
956,3300.0,24.0,,false
957,60.0,217.0,,false
958,60.0,176.0,,false
959,60.0,244.0,,false
960,60.0,203.0,,false
961,800.0,6.0,,false
962,60.0,98.0,,false
963,60.0,106.0,,false
964,60.0,96.0,,false
965,60.0,117.0,,false
966,60.0,118.0,,false
967,60.0,98.0,,false
968,60.0,85.0,,false
969,60.0,81.0,,false
970,60.0,92.0,,false
971,60.0,94.0,,false
972,100.0,227.0,,false
973,100.0,238.0,,false
974,900.0,7.0,,false
975,1150.0,15.0,,false
976,1000.0,8.0,,false
977,1350.0,48.0,,true
978,500.0,58.0,,true
979,5000.0,18.0,,true
980,2200.0,134.0,,true
981,3500.0,237.0,,true
982,5000.0,600.0,,true
983,500.0,143.0,,true
984,125.0,484.0,,true
985,40.0,399.0,,true
986,350.0,180.0,,true
987,500.0,187.0,,false
988,500.0,321.0,,false
989,3300.0,22.0,,false
990,3300.0,25.0,,false
991,3300.0,26.0,,false
992,60.0,240.0,,false
993,60.0,207.0,,false
994,60.0,179.0,,false
995,60.0,151.0,,false
996,800.0,4.0,,false
997,60.0,103.0,,false
998,60.0,95.0,,false
999,60.0,99.0,,false
1000,60.0,92.0,,false
1001,60.0,120.0,,false
1002,60.0,88.0,,false
1003,60.0,110.0,,false
1004,60.0,103.0,,false
1005,100.0,205.0,,false
1006,100.0,218.0,,false
1007,900.0,9.0,,false
1008,1150.0,18.0,,false
1009,1000.0,7.0,,false
1010,1350.0,49.0,,true
1011,500.0,59.0,,true
1012,5000.0,18.0,,true
1013,2200.0,132.0,,true
1014,3500.0,362.0,,true
1015,5000.0,600.0,,true
1016,500.0,156.0,,true
1017,125.0,458.0,,true
1018,40.0,367.0,,true
1019,350.0,162.0,,true
1020,500.0,181.0,,false
1021,500.0,482.0,,false
1022,3300.0,28.0,,false
1023,3300.0,26.0,,false
1024,3300.0,23.0,,false
1025,60.0,248.0,,false
1026,60.0,235.0,,false
1027,60.0,237.0,,false
1028,60.0,232.0,,false
1029,800.0,4.0,,false
1030,60.0,90.0,,false
1031,60.0,93.0,,false
1032,60.0,99.0,,false
1033,60.0,97.0,,false
1034,60.0,91.0,,false
1035,60.0,108.0,,false
1036,100.0,195.0,,false
1037,100.0,212.0,,false
1038,900.0,8.0,,false
1039,1150.0,13.0,,false
1040,1000.0,6.0,,false
1041,1350.0,50.0,,true
1042,500.0,60.0,,true
1043,5000.0,18.0,,true
1044,2200.0,131.0,,true
1045,3500.0,394.0,,true
1046,5000.0,600.0,,true
1047,500.0,149.0,,true
1048,125.0,471.0,,true
1049,40.0,420.0,,true
1050,350.0,141.0,,true
1051,500.0,186.0,,false
1052,500.0,382.0,,false
1053,3300.0,27.0,,false
1054,3300.0,30.0,,false
1055,3300.0,29.0,,false
1056,60.0,200.0,,false
1057,60.0,169.0,,false
1058,60.0,172.0,,false
1059,60.0,190.0,,false
1060,800.0,6.0,,false
1061,60.0,92.0,,false
1062,60.0,111.0,,false
1063,60.0,119.0,,false
1064,60.0,86.0,,false
1065,60.0,91.0,,false
1066,60.0,87.0,,false
1067,60.0,89.0,,false
1068,60.0,95.0,,false
1069,60.0,84.0,,false
1070,100.0,238.0,,false
1071,100.0,245.0,,false
1072,900.0,7.0,,false
1073,1150.0,13.0,,false
1074,1000.0,7.0,,false
1075,1350.0,49.0,,true
1076,500.0,56.0,,true
1077,5000.0,17.0,,true
1078,2200.0,140.0,,true
1079,3500.0,311.0,,true
1080,5000.0,600.0,,true
1081,500.0,156.0,,true
1082,125.0,456.0,,true
1083,40.0,392.0,,true
1084,350.0,180.0,,true
1085,500.0,199.0,,false
1086,500.0,551.0,,false
1087,3300.0,27.0,,false
1088,3300.0,22.0,,false
1089,3300.0,24.0,,false
1090,60.0,229.0,,false
1091,60.0,232.0,,false
1092,60.0,171.0,,false
1093,800.0,4.0,,false
1094,60.0,95.0,,false
1095,60.0,102.0,,false
1096,60.0,111.0,,false
1097,60.0,92.0,,false
1098,60.0,100.0,,false
1099,60.0,92.0,,false
1100,60.0,99.0,,false
1101,100.0,186.0,,false
1102,100.0,214.0,,false
1103,900.0,9.0,,false
1104,1150.0,13.0,,false
1105,1000.0,7.0,,false
1106,1350.0,46.0,,true
1107,500.0,56.0,,true
1108,5000.0,17.0,,true
1109,2200.0,140.0,,true
1110,3500.0,298.0,,true
1111,5000.0,600.0,,true
1112,500.0,150.0,,true
1113,125.0,501.0,,true
1114,40.0,395.0,,true
1115,350.0,161.0,,true
1116,500.0,192.0,,false
1117,500.0,384.0,,false
1118,3300.0,28.0,,false
1119,3300.0,26.0,,false
1120,3300.0,30.0,,false
1121,60.0,178.0,,false
1122,60.0,210.0,,false
1123,60.0,165.0,,false
1124,800.0,6.0,,false
1125,60.0,114.0,,false
1126,60.0,83.0,,false
1127,60.0,118.0,,false
1128,60.0,120.0,,false
1129,60.0,98.0,,false
1130,60.0,100.0,,false
1131,60.0,120.0,,false
1132,100.0,239.0,,false
1133,100.0,229.0,,false
1134,900.0,7.0,,false
1135,1150.0,13.0,,false
1136,1000.0,5.0,,false
1137,1350.0,49.0,,true
1138,500.0,59.0,,true
1139,5000.0,18.0,,true
1140,2200.0,138.0,,true
1141,3500.0,354.0,,true
1142,5000.0,600.0,,true
1143,500.0,155.0,,true
1144,125.0,462.0,,true
1145,40.0,361.0,,true
1146,350.0,158.0,,true
1147,500.0,171.0,,false
1148,500.0,443.0,,false
1149,3300.0,22.0,,false
1150,3300.0,26.0,,false
1151,3300.0,28.0,,false
1152,60.0,248.0,,false
1153,60.0,239.0,,false
1154,60.0,202.0,,false
1155,60.0,170.0,,false
1156,800.0,6.0,,false
1157,60.0,112.0,,false
1158,60.0,91.0,,false
1159,60.0,101.0,,false
1160,60.0,104.0,,false
1161,60.0,102.0,,false
1162,60.0,84.0,,false
1163,60.0,93.0,,false
1164,60.0,103.0,,false
1165,100.0,185.0,,false
1166,100.0,242.0,,false
1167,900.0,9.0,,false
1168,1150.0,17.0,,false
1169,1000.0,7.0,,false
1170,1350.0,49.0,,true
1171,500.0,56.0,,true
1172,5000.0,19.0,,true
1173,2200.0,136.0,,true
1174,3500.0,295.0,,true
1175,5000.0,600.0,,true
1176,500.0,146.0,,true
1177,125.0,504.0,,true
1178,40.0,428.0,,true
1179,350.0,176.0,,true
1180,500.0,177.0,,false
1181,500.0,367.0,,false
1182,3300.0,25.0,,false
1183,3300.0,21.0,,false
1184,3300.0,25.0,,false
1185,60.0,184.0,,false
1186,60.0,182.0,,false
1187,60.0,158.0,,false
1188,60.0,192.0,,false
1189,800.0,4.0,,false
1190,60.0,105.0,,false
1191,60.0,82.0,,false
1192,60.0,116.0,,false
1193,60.0,87.0,,false
1194,60.0,99.0,,false
1195,60.0,93.0,,false
1196,100.0,203.0,,false
1197,100.0,184.0,,false
1198,900.0,10.0,,false
1199,1150.0,15.0,,false
1200,1000.0,5.0,,false
1201,1350.0,48.0,,true
1202,500.0,57.0,,true
1203,5000.0,18.0,,true
1204,2200.0,133.0,,true
1205,3500.0,233.0,,true
1206,5000.0,600.0,,true
1207,500.0,155.0,,true
1208,125.0,511.0,,true
1209,40.0,382.0,,true
1210,350.0,172.0,,true
1211,500.0,181.0,,false
1212,500.0,501.0,,false
1213,3300.0,24.0,,false
1214,3300.0,27.0,,false
1215,3300.0,22.0,,false
1216,60.0,211.0,,false
1217,60.0,210.0,,false
1218,60.0,211.0,,false
1219,800.0,6.0,,false
1220,60.0,102.0,,false
1221,60.0,93.0,,false
1222,60.0,101.0,,false
1223,60.0,118.0,,false
1224,60.0,110.0,,false
1225,60.0,105.0,,false
1226,60.0,94.0,,false
1227,60.0,111.0,,false
1228,60.0,103.0,,false
1229,100.0,238.0,,false
1230,100.0,241.0,,false
1231,900.0,8.0,,false
1232,1150.0,16.0,,false
1233,1000.0,6.0,,false
1234,1350.0,48.0,,true
1235,500.0,56.0,,true
1236,5000.0,19.0,,true
1237,2200.0,136.0,,true
1238,3500.0,242.0,,true
1239,5000.0,600.0,,true
1240,500.0,143.0,,true
1241,125.0,475.0,,true
1242,40.0,404.0,,true
1243,350.0,144.0,,true
1244,500.0,199.0,,false
1245,500.0,539.0,,false
1246,3300.0,29.0,,false
1247,3300.0,24.0,,false
1248,3300.0,30.0,,false
1249,60.0,215.0,,false
1250,60.0,246.0,,false
1251,60.0,162.0,,false
1252,800.0,6.0,,false
1253,60.0,90.0,,false
1254,60.0,115.0,,false
1255,60.0,95.0,,false
1256,60.0,104.0,,false
1257,60.0,86.0,,false
1258,60.0,118.0,,false
1259,60.0,102.0,,false
1260,60.0,82.0,,false
1261,60.0,108.0,,false
1262,60.0,112.0,,false
1263,100.0,193.0,,false
1264,100.0,241.0,,false
1265,900.0,10.0,,false
1266,1150.0,18.0,,false
1267,1000.0,7.0,,false
1268,1350.0,46.0,,true
1269,500.0,59.0,,true
1270,5000.0,16.0,,true
1271,2200.0,137.0,,true
1272,3500.0,382.0,,true
1273,5000.0,600.0,,true
1274,500.0,153.0,,true
1275,125.0,467.0,,true
1276,40.0,369.0,,true
1277,350.0,154.0,,true
1278,500.0,196.0,,false
1279,500.0,466.0,,false
1280,3300.0,28.0,,false
1281,3300.0,30.0,,false
1282,3300.0,28.0,,false
1283,60.0,162.0,,false
1284,60.0,234.0,,false
1285,60.0,239.0,,false
1286,800.0,4.0,,false
1287,60.0,86.0,,false
1288,60.0,112.0,,false
1289,60.0,110.0,,false
1290,60.0,86.0,,false
1291,60.0,108.0,,false
1292,60.0,97.0,,false
1293,100.0,184.0,,false
1294,100.0,229.0,,false
1295,900.0,10.0,,false
1296,1150.0,14.0,,false
1297,1000.0,7.0,,false
1298,1350.0,46.0,,true
1299,500.0,59.0,,true
1300,5000.0,19.0,,true
1301,2200.0,135.0,,true
1302,3500.0,358.0,,true
1303,5000.0,600.0,,true
1304,500.0,144.0,,true
1305,125.0,478.0,,true
1306,40.0,393.0,,true
1307,350.0,152.0,,true
1308,500.0,173.0,,false
1309,500.0,436.0,,false
1310,3300.0,28.0,,false
1311,3300.0,29.0,,false
1312,3300.0,28.0,,false
1313,60.0,151.0,,false
1314,60.0,157.0,,false
1315,60.0,208.0,,false
1316,800.0,6.0,,false
1317,60.0,103.0,,false
1318,60.0,81.0,,false
1319,60.0,102.0,,false
1320,60.0,82.0,,false
1321,60.0,89.0,,false
1322,60.0,95.0,,false
1323,100.0,246.0,,false
1324,100.0,206.0,,false
1325,900.0,9.0,,false
1326,1150.0,16.0,,false
1327,1000.0,6.0,,false
1328,1350.0,47.0,,true
1329,500.0,56.0,,true
1330,5000.0,16.0,,true
1331,2200.0,131.0,,true
1332,3500.0,348.0,,true
1333,5000.0,600.0,,true
1334,500.0,141.0,,true
1335,125.0,525.0,,true
1336,40.0,442.0,,true
1337,350.0,174.0,,true
1338,500.0,177.0,,false
1339,500.0,485.0,,false
1340,3300.0,25.0,,false
1341,3300.0,22.0,,false
1342,3300.0,27.0,,false
1343,60.0,214.0,,false
1344,60.0,166.0,,false
1345,60.0,188.0,,false
1346,60.0,182.0,,false
1347,800.0,4.0,,false
1348,60.0,101.0,,false
1349,60.0,88.0,,false
1350,60.0,89.0,,false
1351,60.0,101.0,,false
1352,60.0,116.0,,false
1353,60.0,110.0,,false
1354,60.0,83.0,,false
1355,60.0,97.0,,false
1356,100.0,217.0,,false
1357,100.0,194.0,,false
1358,900.0,7.0,,false
1359,1150.0,13.0,,false
1360,1000.0,7.0,,false
1361,1350.0,47.0,,true
1362,500.0,56.0,,true
1363,5000.0,19.0,,true
1364,2200.0,131.0,,true
1365,3500.0,288.0,,true
1366,5000.0,600.0,,true
1367,500.0,150.0,,true
1368,125.0,525.0,,true
1369,40.0,432.0,,true
1370,350.0,148.0,,true
1371,500.0,183.0,,false
1372,500.0,389.0,,false
1373,3300.0,25.0,,false
1374,3300.0,28.0,,false
1375,3300.0,24.0,,false
1376,60.0,244.0,,false
1377,60.0,219.0,,false
1378,60.0,214.0,,false
1379,60.0,180.0,,false
1380,800.0,6.0,,false
1381,60.0,112.0,,false
1382,60.0,112.0,,false
1383,60.0,118.0,,false
1384,60.0,114.0,,false
1385,60.0,84.0,,false
1386,60.0,110.0,,false
1387,100.0,193.0,,false
1388,100.0,212.0,,false
1389,900.0,10.0,,false
1390,1150.0,13.0,,false
1391,1000.0,7.0,,false
1392,1350.0,46.0,,true
1393,500.0,58.0,,true
1394,5000.0,16.0,,true
1395,2200.0,139.0,,true
1396,3500.0,305.0,,true
1397,5000.0,600.0,,true
1398,500.0,143.0,,true
1399,125.0,536.0,,true
1400,40.0,447.0,,true
1401,350.0,164.0,,true
1402,500.0,189.0,,false
1403,500.0,364.0,,false
1404,3300.0,26.0,,false
1405,3300.0,25.0,,false
1406,3300.0,24.0,,false
1407,60.0,247.0,,false
1408,60.0,225.0,,false
1409,60.0,156.0,,false
1410,800.0,5.0,,false
1411,60.0,111.0,,false
1412,60.0,85.0,,false
1413,60.0,85.0,,false
1414,60.0,89.0,,false
1415,60.0,105.0,,false
1416,60.0,102.0,,false
1417,60.0,101.0,,false
1418,60.0,108.0,,false
1419,100.0,237.0,,false
1420,100.0,241.0,,false
1421,900.0,8.0,,false
1422,1150.0,14.0,,false
1423,1000.0,8.0,,false
1424,1350.0,50.0,,true
1425,500.0,56.0,,true
1426,5000.0,16.0,,true
1427,2200.0,131.0,,true
1428,3500.0,356.0,,true
1429,5000.0,600.0,,true
1430,500.0,158.0,,true
1431,125.0,511.0,,true
1432,40.0,428.0,,true
1433,350.0,162.0,,true
1434,500.0,189.0,,false
1435,500.0,478.0,,false
1436,3300.0,26.0,,false
1437,3300.0,28.0,,false
1438,3300.0,27.0,,false
1439,60.0,152.0,,false
1440,60.0,202.0,,false
1441,60.0,199.0,,false
1442,60.0,223.0,,false
1443,800.0,5.0,,false
1444,60.0,103.0,,false
1445,60.0,100.0,,false
1446,60.0,97.0,,false
1447,60.0,101.0,,false
1448,60.0,102.0,,false
1449,60.0,118.0,,false
1450,60.0,119.0,,false
1451,60.0,93.0,,false
1452,60.0,109.0,,false
1453,60.0,87.0,,false
1454,100.0,238.0,,false
1455,100.0,242.0,,false
1456,900.0,7.0,,false
1457,1150.0,18.0,,false
1458,1000.0,5.0,,false
1459,1350.0,47.0,,true
1460,500.0,57.0,,true
1461,5000.0,17.0,,true
1462,2200.0,135.0,,true
1463,3500.0,265.0,,true
1464,5000.0,600.0,,true
1465,500.0,154.0,,true
1466,125.0,505.0,,true
1467,40.0,413.0,,true
1468,350.0,156.0,,true
1469,500.0,192.0,,false
1470,500.0,572.0,,false
1471,3300.0,25.0,,false
1472,3300.0,24.0,,false
1473,3300.0,25.0,,false
1474,60.0,218.0,,false
1475,60.0,180.0,,false
1476,60.0,244.0,,false
1477,800.0,4.0,,false
1478,60.0,111.0,,false
1479,60.0,115.0,,false
1480,60.0,84.0,,false
1481,60.0,86.0,,false
1482,60.0,111.0,,false
1483,60.0,82.0,,false
1484,60.0,120.0,,false
1485,60.0,82.0,,false
1486,60.0,108.0,,false
1487,100.0,227.0,,false
1488,100.0,191.0,,false
1489,900.0,7.0,,false
1490,1150.0,18.0,,false
1491,1000.0,7.0,,false
1492,1350.0,48.0,,true
1493,500.0,58.0,,true
1494,5000.0,18.0,,true
1495,2200.0,131.0,,true
1496,3500.0,290.0,,true
1497,5000.0,600.0,,true
1498,500.0,147.0,,true
1499,125.0,512.0,,true
1500,40.0,448.0,,true
1501,350.0,161.0,,true
1502,500.0,197.0,,false
1503,500.0,489.0,,false
1504,3300.0,24.0,,false
1505,3300.0,29.0,,false
1506,3300.0,30.0,,false
1507,60.0,226.0,,false
1508,60.0,212.0,,false
1509,60.0,208.0,,false
1510,60.0,243.0,,false
1511,800.0,6.0,,false
1512,60.0,82.0,,false
1513,60.0,84.0,,false
1514,60.0,81.0,,false
1515,60.0,116.0,,false
1516,60.0,115.0,,false
1517,60.0,91.0,,false
1518,60.0,101.0,,false
1519,100.0,248.0,,false
1520,100.0,194.0,,false
1521,900.0,7.0,,false
1522,1150.0,13.0,,false
1523,1000.0,7.0,,false
1524,1350.0,49.0,,true
1525,500.0,58.0,,true
1526,5000.0,18.0,,true
1527,2200.0,134.0,,true
1528,3500.0,317.0,,true
1529,5000.0,600.0,,true
1530,500.0,144.0,,true
1531,125.0,458.0,,true
1532,40.0,415.0,,true
1533,350.0,144.0,,true
1534,500.0,198.0,,false
1535,500.0,340.0,,false
1536,3300.0,23.0,,false
1537,3300.0,26.0,,false
1538,3300.0,30.0,,false
1539,60.0,169.0,,false
1540,60.0,211.0,,false
1541,60.0,164.0,,false
1542,60.0,173.0,,false
1543,800.0,6.0,,false
1544,60.0,86.0,,false
1545,60.0,120.0,,false
1546,60.0,101.0,,false
1547,60.0,105.0,,false
1548,60.0,81.0,,false
1549,60.0,91.0,,false
1550,60.0,97.0,,false
1551,60.0,88.0,,false
1552,60.0,119.0,,false
1553,60.0,82.0,,false
1554,100.0,234.0,,false
1555,100.0,243.0,,false
1556,900.0,10.0,,false
1557,1150.0,14.0,,false
1558,1000.0,8.0,,false
1559,1350.0,50.0,,true
1560,500.0,57.0,,true
1561,5000.0,20.0,,true
1562,2200.0,132.0,,true
1563,3500.0,358.0,,true
1564,5000.0,600.0,,true
1565,500.0,154.0,,true
1566,125.0,470.0,,true
1567,40.0,450.0,,true
1568,350.0,163.0,,true
1569,500.0,189.0,,false
1570,500.0,310.0,,false
1571,3300.0,29.0,,false
1572,3300.0,22.0,,false
1573,3300.0,30.0,,false
1574,60.0,247.0,,false
1575,60.0,245.0,,false
1576,60.0,223.0,,false
1577,800.0,6.0,,false
1578,60.0,113.0,,false
1579,60.0,103.0,,false
1580,60.0,112.0,,false
1581,60.0,83.0,,false
1582,60.0,106.0,,false
1583,60.0,104.0,,false
1584,100.0,199.0,,false
1585,100.0,189.0,,false
1586,900.0,7.0,,false
1587,1150.0,18.0,,false
1588,1000.0,8.0,,false
1589,1350.0,47.0,,true
1590,500.0,58.0,,true
1591,5000.0,19.0,,true
1592,2200.0,134.0,,true
1593,3500.0,212.0,,true
1594,5000.0,600.0,,true
1595,500.0,145.0,,true
1596,125.0,488.0,,true
1597,40.0,457.0,,true
1598,350.0,153.0,,true
1599,500.0,195.0,,false
1600,500.0,530.0,,false
1601,3300.0,25.0,,false
1602,3300.0,28.0,,false
1603,3300.0,29.0,,false
1604,60.0,198.0,,false
1605,60.0,207.0,,false
1606,60.0,229.0,,false
1607,60.0,219.0,,false
1608,800.0,4.0,,false
1609,60.0,104.0,,false
1610,60.0,113.0,,false
1611,60.0,99.0,,false
1612,60.0,119.0,,false
1613,60.0,90.0,,false
1614,60.0,109.0,,false
1615,60.0,106.0,,false
1616,100.0,237.0,,false
1617,100.0,218.0,,false
1618,900.0,9.0,,false
1619,1150.0,16.0,,false
1620,1000.0,6.0,,false
1621,1350.0,49.0,,true
1622,500.0,56.0,,true
1623,5000.0,18.0,,true
1624,2200.0,135.0,,true
1625,3500.0,392.0,,true
1626,5000.0,600.0,,true
1627,500.0,144.0,,true
1628,125.0,499.0,,true
1629,40.0,451.0,,true
1630,350.0,147.0,,true
1631,500.0,173.0,,false
1632,500.0,579.0,,false
1633,3300.0,23.0,,false
1634,3300.0,27.0,,false
1635,3300.0,30.0,,false
1636,60.0,166.0,,false
1637,60.0,232.0,,false
1638,60.0,175.0,,false
1639,800.0,4.0,,false
1640,60.0,91.0,,false
1641,60.0,84.0,,false
1642,60.0,119.0,,false
1643,60.0,100.0,,false
1644,60.0,83.0,,false
1645,60.0,97.0,,false
1646,100.0,233.0,,false
1647,100.0,243.0,,false
1648,900.0,7.0,,false
1649,1150.0,15.0,,false
1650,1000.0,7.0,,false
1651,1350.0,50.0,,true
1652,500.0,60.0,,true
1653,5000.0,18.0,,true
1654,2200.0,139.0,,true
1655,3500.0,365.0,,true
1656,5000.0,600.0,,true
1657,500.0,160.0,,true
1658,125.0,496.0,,true
1659,40.0,393.0,,true
1660,350.0,157.0,,true
1661,500.0,185.0,,false
1662,500.0,380.0,,false
1663,3300.0,25.0,,false
1664,3300.0,27.0,,false
1665,3300.0,23.0,,false
1666,60.0,217.0,,false
1667,60.0,243.0,,false
1668,60.0,169.0,,false
1669,800.0,4.0,,false
1670,60.0,112.0,,false
1671,60.0,99.0,,false
1672,60.0,97.0,,false
1673,60.0,99.0,,false
1674,60.0,88.0,,false
1675,60.0,81.0,,false
1676,60.0,91.0,,false
1677,100.0,232.0,,false
1678,100.0,241.0,,false
1679,900.0,8.0,,false
1680,1150.0,13.0,,false
1681,1000.0,6.0,,false
1682,1350.0,50.0,,true
1683,500.0,60.0,,true
1684,5000.0,16.0,,true
1685,2200.0,139.0,,true
1686,3500.0,238.0,,true
1687,5000.0,600.0,,true
1688,500.0,157.0,,true
1689,125.0,532.0,,true
1690,40.0,453.0,,true
1691,350.0,148.0,,true
1692,500.0,180.0,,false
1693,500.0,314.0,,false
1694,3300.0,25.0,,false
1695,3300.0,27.0,,false
1696,3300.0,24.0,,false
1697,60.0,202.0,,false
1698,60.0,187.0,,false
1699,60.0,201.0,,false
1700,800.0,5.0,,false
1701,60.0,87.0,,false
1702,60.0,82.0,,false
1703,60.0,90.0,,false
1704,60.0,103.0,,false
1705,60.0,107.0,,false
1706,60.0,86.0,,false
1707,60.0,112.0,,false
1708,100.0,210.0,,false
1709,100.0,200.0,,false
1710,900.0,9.0,,false
1711,1150.0,18.0,,false
1712,1000.0,7.0,,false
1713,1350.0,47.0,,true
1714,500.0,59.0,,true
1715,5000.0,16.0,,true
1716,2200.0,134.0,,true
1717,3500.0,392.0,,true
1718,5000.0,600.0,,true
1719,500.0,152.0,,true
1720,125.0,508.0,,true
1721,40.0,373.0,,true
1722,350.0,148.0,,true
1723,500.0,176.0,,false
1724,500.0,400.0,,false
1725,3300.0,23.0,,false
1726,3300.0,22.0,,false
1727,3300.0,23.0,,false
1728,60.0,156.0,,false
1729,60.0,172.0,,false
1730,60.0,171.0,,false
1731,800.0,5.0,,false
1732,60.0,115.0,,false
1733,60.0,84.0,,false
1734,60.0,112.0,,false
1735,60.0,109.0,,false
1736,60.0,113.0,,false
1737,60.0,102.0,,false
1738,60.0,96.0,,false
1739,60.0,106.0,,false
1740,100.0,240.0,,false
1741,100.0,198.0,,false
1742,900.0,10.0,,false
1743,1150.0,15.0,,false
1744,1000.0,5.0,,false
1745,1350.0,48.0,,true
1746,500.0,58.0,,true
1747,5000.0,19.0,,true
1748,2200.0,136.0,,true
1749,3500.0,351.0,,true
1750,5000.0,600.0,,true
1751,500.0,158.0,,true
1752,125.0,480.0,,true
1753,40.0,404.0,,true
1754,350.0,150.0,,true
1755,500.0,195.0,,false
1756,500.0,504.0,,false
1757,3300.0,30.0,,false
1758,3300.0,25.0,,false
1759,3300.0,25.0,,false
1760,60.0,246.0,,false
1761,60.0,211.0,,false
1762,60.0,215.0,,false
1763,60.0,177.0,,false
1764,800.0,6.0,,false
1765,60.0,112.0,,false
1766,60.0,114.0,,false
1767,60.0,91.0,,false
1768,60.0,102.0,,false
1769,60.0,114.0,,false
1770,60.0,101.0,,false
1771,60.0,100.0,,false
1772,100.0,196.0,,false
1773,100.0,201.0,,false
1774,900.0,10.0,,false
1775,1150.0,18.0,,false
1776,1000.0,8.0,,false
1777,1350.0,48.0,,true
1778,500.0,59.0,,true
1779,5000.0,19.0,,true
1780,2200.0,137.0,,true
1781,3500.0,337.0,,true
1782,5000.0,600.0,,true
1783,500.0,156.0,,true
1784,125.0,514.0,,true
1785,40.0,387.0,,true
1786,350.0,180.0,,true
1787,500.0,195.0,,false
1788,500.0,489.0,,false
1789,3300.0,22.0,,false
1790,3300.0,27.0,,false
1791,3300.0,25.0,,false
1792,60.0,228.0,,false
1793,60.0,234.0,,false
1794,60.0,245.0,,false
1795,800.0,6.0,,false
1796,60.0,93.0,,false
1797,60.0,92.0,,false
1798,60.0,111.0,,false
1799,60.0,101.0,,false
1800,60.0,82.0,,false
1801,60.0,91.0,,false
1802,60.0,104.0,,false
1803,60.0,113.0,,false
1804,60.0,94.0,,false
1805,60.0,106.0,,false
1806,100.0,195.0,,false
1807,100.0,187.0,,false
1808,900.0,7.0,,false
1809,1150.0,13.0,,false
1810,1000.0,7.0,,false
1811,1350.0,50.0,,true
1812,500.0,60.0,,true
1813,5000.0,19.0,,true
1814,2200.0,135.0,,true
1815,3500.0,258.0,,true
1816,5000.0,600.0,,true
1817,500.0,147.0,,true
1818,125.0,486.0,,true
1819,40.0,431.0,,true
1820,350.0,163.0,,true
1821,500.0,181.0,,false
1822,500.0,301.0,,false
1823,3300.0,21.0,,false
1824,3300.0,29.0,,false
1825,3300.0,27.0,,false
1826,60.0,201.0,,false
1827,60.0,183.0,,false
1828,60.0,159.0,,false
1829,60.0,196.0,,false
1830,800.0,6.0,,false
1831,60.0,113.0,,false
1832,60.0,114.0,,false
1833,60.0,104.0,,false
1834,60.0,104.0,,false
1835,60.0,115.0,,false
1836,60.0,102.0,,false
1837,60.0,100.0,,false
1838,60.0,91.0,,false
1839,60.0,92.0,,false
1840,60.0,101.0,,false
1841,100.0,212.0,,false
1842,100.0,189.0,,false
1843,900.0,9.0,,false
1844,1150.0,17.0,,false
1845,1000.0,5.0,,false
1846,1350.0,48.0,,true
1847,500.0,60.0,,true
1848,5000.0,17.0,,true
1849,2200.0,139.0,,true
1850,3500.0,354.0,,true
1851,5000.0,600.0,,true
1852,500.0,154.0,,true
1853,125.0,494.0,,true
1854,40.0,448.0,,true
1855,350.0,160.0,,true
1856,500.0,191.0,,false
1857,500.0,523.0,,false
1858,3300.0,26.0,,false
1859,3300.0,28.0,,false
1860,3300.0,22.0,,false
1861,60.0,216.0,,false
1862,60.0,156.0,,false
1863,60.0,169.0,,false
1864,800.0,6.0,,false
1865,60.0,118.0,,false
1866,60.0,94.0,,false
1867,60.0,116.0,,false
1868,60.0,89.0,,false
1869,60.0,92.0,,false
1870,60.0,95.0,,false
1871,100.0,224.0,,false
1872,100.0,195.0,,false
1873,900.0,7.0,,false
1874,1150.0,17.0,,false
1875,1000.0,5.0,,false
1876,1350.0,49.0,,true
1877,500.0,57.0,,true
1878,5000.0,18.0,,true
1879,2200.0,135.0,,true
1880,3500.0,274.0,,true
1881,5000.0,600.0,,true
1882,500.0,159.0,,true
1883,125.0,528.0,,true
1884,40.0,415.0,,true
1885,350.0,147.0,,true
1886,500.0,197.0,,false
1887,500.0,483.0,,false
1888,3300.0,26.0,,false
1889,3300.0,26.0,,false
1890,3300.0,28.0,,false
1891,60.0,232.0,,false
1892,60.0,234.0,,false
1893,60.0,249.0,,false
1894,60.0,178.0,,false
1895,800.0,5.0,,false
1896,60.0,101.0,,false
1897,60.0,113.0,,false
1898,60.0,86.0,,false
1899,60.0,112.0,,false
1900,60.0,86.0,,false
1901,60.0,88.0,,false
1902,100.0,233.0,,false
1903,100.0,231.0,,false
1904,900.0,9.0,,false
1905,1150.0,18.0,,false
1906,1000.0,8.0,,false
1907,1350.0,48.0,,true
1908,500.0,57.0,,true
1909,5000.0,20.0,,true
1910,2200.0,140.0,,true
1911,3500.0,336.0,,true
1912,5000.0,600.0,,true
1913,500.0,152.0,,true
1914,125.0,504.0,,true
1915,40.0,365.0,,true
1916,350.0,145.0,,true
1917,500.0,174.0,,false
1918,500.0,303.0,,false
1919,3300.0,23.0,,false
1920,3300.0,23.0,,false
1921,3300.0,23.0,,false
1922,60.0,225.0,,false
1923,60.0,200.0,,false
1924,60.0,239.0,,false
1925,60.0,201.0,,false
1926,800.0,4.0,,false
1927,60.0,104.0,,false
1928,60.0,85.0,,false
1929,60.0,120.0,,false
1930,60.0,108.0,,false
1931,60.0,107.0,,false
1932,60.0,101.0,,false
1933,60.0,113.0,,false
1934,60.0,96.0,,false
1935,100.0,191.0,,false
1936,100.0,237.0,,false
1937,900.0,8.0,,false
1938,1150.0,16.0,,false
1939,1000.0,5.0,,false
1940,1350.0,47.0,,true
1941,500.0,56.0,,true
1942,5000.0,16.0,,true
1943,2200.0,139.0,,true
1944,3500.0,273.0,,true
1945,5000.0,600.0,,true
1946,500.0,160.0,,true
1947,125.0,485.0,,true
1948,40.0,421.0,,true
1949,350.0,159.0,,true
1950,500.0,196.0,,false
1951,500.0,376.0,,false
1952,3300.0,26.0,,false
1953,3300.0,25.0,,false
1954,3300.0,27.0,,false
1955,60.0,212.0,,false
1956,60.0,225.0,,false
1957,60.0,152.0,,false
1958,60.0,234.0,,false
1959,800.0,6.0,,false
1960,60.0,93.0,,false
1961,60.0,108.0,,false
1962,60.0,82.0,,false
1963,60.0,83.0,,false
1964,60.0,113.0,,false
1965,60.0,113.0,,false
1966,60.0,84.0,,false
1967,60.0,107.0,,false
1968,60.0,88.0,,false
1969,100.0,204.0,,false
1970,100.0,227.0,,false
1971,900.0,10.0,,false
1972,1150.0,14.0,,false
1973,1000.0,8.0,,false
1974,1350.0,47.0,,true
1975,500.0,60.0,,true
1976,5000.0,18.0,,true
1977,2200.0,135.0,,true
1978,3500.0,226.0,,true
1979,5000.0,600.0,,true
1980,500.0,146.0,,true
1981,125.0,465.0,,true
1982,40.0,452.0,,true
1983,350.0,152.0,,true
1984,500.0,177.0,,false
1985,500.0,526.0,,false
1986,3300.0,22.0,,false
1987,3300.0,23.0,,false
1988,3300.0,29.0,,false
1989,60.0,190.0,,false
1990,60.0,189.0,,false
1991,60.0,160.0,,false
1992,60.0,210.0,,false
1993,800.0,6.0,,false
1994,60.0,85.0,,false
1995,60.0,100.0,,false
1996,60.0,102.0,,false
1997,60.0,117.0,,false
1998,60.0,113.0,,false
1999,60.0,111.0,,false
2000,60.0,118.0,,false
2001,100.0,203.0,,false
2002,100.0,244.0,,false
2003,900.0,10.0,,false
2004,1150.0,17.0,,false
2005,1000.0,7.0,,false
2006,1350.0,50.0,,true
2007,500.0,57.0,,true
2008,5000.0,16.0,,true
2009,2200.0,138.0,,true
2010,3500.0,389.0,,true
2011,5000.0,600.0,,true
2012,500.0,151.0,,true
2013,125.0,458.0,,true
2014,40.0,362.0,,true
2015,350.0,179.0,,true
2016,500.0,177.0,,false
2017,500.0,527.0,,false
2018,3300.0,27.0,,false
2019,3300.0,22.0,,false
2020,3300.0,23.0,,false
2021,60.0,153.0,,false
2022,60.0,161.0,,false
2023,60.0,175.0,,false
2024,60.0,152.0,,false
2025,800.0,5.0,,false
2026,60.0,91.0,,false
2027,60.0,95.0,,false
2028,60.0,91.0,,false
2029,60.0,91.0,,false
2030,60.0,81.0,,false
2031,60.0,119.0,,false
2032,60.0,91.0,,false
2033,60.0,81.0,,false
2034,100.0,217.0,,false
2035,100.0,207.0,,false
2036,900.0,10.0,,false
2037,1150.0,15.0,,false
2038,1000.0,7.0,,false
2039,1350.0,50.0,,true
2040,500.0,58.0,,true
2041,5000.0,20.0,,true
2042,2200.0,132.0,,true
2043,3500.0,296.0,,true
2044,5000.0,600.0,,true
2045,500.0,149.0,,true
2046,125.0,476.0,,true
2047,40.0,407.0,,true
2048,350.0,170.0,,true
2049,500.0,184.0,,false
2050,500.0,588.0,,false
2051,3300.0,30.0,,false
2052,3300.0,21.0,,false
2053,3300.0,29.0,,false
2054,60.0,189.0,,false
2055,60.0,191.0,,false
2056,60.0,200.0,,false
2057,60.0,162.0,,false
2058,800.0,5.0,,false
2059,60.0,86.0,,false
2060,60.0,97.0,,false
2061,60.0,116.0,,false
2062,60.0,83.0,,false
2063,60.0,103.0,,false
2064,60.0,101.0,,false
2065,60.0,108.0,,false
2066,60.0,83.0,,false
2067,100.0,228.0,,false
2068,100.0,186.0,,false
2069,900.0,8.0,,false
2070,1150.0,13.0,,false
2071,1000.0,5.0,,false
2072,1350.0,48.0,,true
2073,500.0,57.0,,true
2074,5000.0,20.0,,true
2075,2200.0,139.0,,true
2076,3500.0,323.0,,true
2077,5000.0,600.0,,true
2078,500.0,147.0,,true
2079,125.0,500.0,,true
2080,40.0,391.0,,true
2081,350.0,159.0,,true
2082,500.0,181.0,,false
2083,500.0,584.0,,false
2084,3300.0,24.0,,false
2085,3300.0,27.0,,false
2086,3300.0,30.0,,false
2087,60.0,171.0,,false
2088,60.0,239.0,,false
2089,60.0,180.0,,false
2090,800.0,5.0,,false
2091,60.0,82.0,,false
2092,60.0,114.0,,false
2093,60.0,93.0,,false
2094,60.0,116.0,,false
2095,60.0,93.0,,false
2096,60.0,82.0,,false
2097,60.0,92.0,,false
2098,60.0,107.0,,false
2099,60.0,85.0,,false
2100,100.0,202.0,,false
2101,100.0,219.0,,false
2102,900.0,9.0,,false
2103,1150.0,18.0,,false
2104,1000.0,8.0,,false
2105,1350.0,50.0,,true
2106,500.0,58.0,,true
2107,5000.0,18.0,,true
2108,2200.0,131.0,,true
2109,3500.0,366.0,,true
2110,5000.0,600.0,,true
2111,500.0,144.0,,true
2112,125.0,543.0,,true
2113,40.0,429.0,,true
2114,350.0,176.0,,true
2115,500.0,198.0,,false
2116,500.0,486.0,,false
2117,3300.0,22.0,,false
2118,3300.0,29.0,,false
2119,3300.0,22.0,,false
2120,60.0,176.0,,false
2121,60.0,191.0,,false
2122,60.0,157.0,,false
2123,60.0,226.0,,false
2124,800.0,6.0,,false
2125,60.0,81.0,,false
2126,60.0,109.0,,false
2127,60.0,90.0,,false
2128,60.0,113.0,,false
2129,60.0,93.0,,false
2130,60.0,94.0,,false
2131,60.0,102.0,,false
2132,60.0,91.0,,false
2133,100.0,220.0,,false
2134,100.0,199.0,,false
2135,900.0,7.0,,false
2136,1150.0,17.0,,false
2137,1000.0,5.0,,false
2138,1350.0,48.0,,true
2139,500.0,56.0,,true
2140,5000.0,20.0,,true
2141,2200.0,132.0,,true
2142,3500.0,247.0,,true
2143,5000.0,600.0,,true
2144,500.0,156.0,,true
2145,125.0,526.0,,true
2146,40.0,432.0,,true
2147,350.0,163.0,,true
2148,500.0,198.0,,false
2149,500.0,506.0,,false
2150,3300.0,21.0,,false
2151,3300.0,21.0,,false
2152,3300.0,28.0,,false
2153,60.0,233.0,,false
2154,60.0,225.0,,false
2155,60.0,181.0,,false
2156,800.0,6.0,,false
2157,60.0,115.0,,false
2158,60.0,107.0,,false
2159,60.0,113.0,,false
2160,60.0,87.0,,false
2161,60.0,106.0,,false
2162,60.0,112.0,,false
2163,60.0,93.0,,false
2164,100.0,185.0,,false
2165,100.0,190.0,,false
2166,900.0,10.0,,false
2167,1150.0,15.0,,false
2168,1000.0,8.0,,false
2169,1350.0,49.0,,true
2170,500.0,59.0,,true
2171,5000.0,17.0,,true
2172,2200.0,134.0,,true
2173,3500.0,297.0,,true
2174,5000.0,600.0,,true
2175,500.0,146.0,,true
2176,125.0,500.0,,true
2177,40.0,406.0,,true
2178,350.0,173.0,,true
2179,500.0,198.0,,false
2180,500.0,476.0,,false
2181,3300.0,27.0,,false
2182,3300.0,23.0,,false
2183,3300.0,29.0,,false
2184,60.0,169.0,,false
2185,60.0,215.0,,false
2186,60.0,186.0,,false
2187,60.0,192.0,,false
2188,800.0,4.0,,false
2189,60.0,105.0,,false
2190,60.0,107.0,,false
2191,60.0,83.0,,false
2192,60.0,115.0,,false
2193,60.0,82.0,,false
2194,60.0,84.0,,false
2195,60.0,91.0,,false
2196,60.0,107.0,,false
2197,60.0,84.0,,false
2198,60.0,84.0,,false
2199,100.0,225.0,,false
2200,100.0,235.0,,false
2201,900.0,9.0,,false
2202,1150.0,13.0,,false
2203,1000.0,6.0,,false
2204,1350.0,48.0,,true
2205,500.0,56.0,,true
2206,5000.0,20.0,,true
2207,2200.0,136.0,,true
2208,3500.0,268.0,,true
2209,5000.0,600.0,,true
2210,500.0,156.0,,true
2211,125.0,491.0,,true
2212,40.0,374.0,,true
2213,350.0,152.0,,true
2214,500.0,177.0,,false
2215,500.0,535.0,,false
2216,3300.0,21.0,,false
2217,3300.0,24.0,,false
2218,3300.0,29.0,,false
2219,60.0,239.0,,false
2220,60.0,165.0,,false
2221,60.0,215.0,,false
2222,60.0,175.0,,false
2223,800.0,6.0,,false
2224,60.0,86.0,,false
2225,60.0,109.0,,false
2226,60.0,113.0,,false
2227,60.0,88.0,,false
2228,60.0,115.0,,false
2229,60.0,99.0,,false
2230,60.0,95.0,,false
2231,60.0,109.0,,false
2232,60.0,111.0,,false
2233,60.0,114.0,,false
2234,100.0,232.0,,false
2235,100.0,186.0,,false
2236,900.0,8.0,,false
2237,1150.0,18.0,,false
2238,1000.0,7.0,,false
2239,1350.0,49.0,,true
2240,500.0,58.0,,true
2241,5000.0,20.0,,true
2242,2200.0,132.0,,true
2243,3500.0,354.0,,true
2244,5000.0,600.0,,true
2245,500.0,144.0,,true
2246,125.0,466.0,,true
2247,40.0,428.0,,true
2248,350.0,158.0,,true
2249,500.0,196.0,,false
2250,500.0,478.0,,false
2251,3300.0,27.0,,false
2252,3300.0,25.0,,false
2253,3300.0,24.0,,false
2254,60.0,231.0,,false
2255,60.0,213.0,,false
2256,60.0,196.0,,false
2257,60.0,171.0,,false
2258,800.0,4.0,,false
2259,60.0,101.0,,false
2260,60.0,82.0,,false
2261,60.0,119.0,,false
2262,60.0,88.0,,false
2263,60.0,91.0,,false
2264,60.0,86.0,,false
2265,60.0,99.0,,false
2266,60.0,118.0,,false
2267,60.0,113.0,,false
2268,60.0,100.0,,false
2269,100.0,217.0,,false
2270,100.0,183.0,,false
2271,900.0,9.0,,false
2272,1150.0,16.0,,false
2273,1000.0,8.0,,false
2274,1350.0,50.0,,true
2275,500.0,59.0,,true
2276,5000.0,18.0,,true
2277,2200.0,137.0,,true
2278,3500.0,333.0,,true
2279,5000.0,600.0,,true
2280,500.0,156.0,,true
2281,125.0,461.0,,true
2282,40.0,388.0,,true
2283,350.0,165.0,,true
2284,500.0,191.0,,false
2285,500.0,590.0,,false
2286,3300.0,27.0,,false
2287,3300.0,28.0,,false
2288,3300.0,26.0,,false
2289,60.0,168.0,,false
2290,60.0,188.0,,false
2291,60.0,215.0,,false
2292,60.0,205.0,,false
2293,800.0,6.0,,false
2294,60.0,100.0,,false
2295,60.0,117.0,,false
2296,60.0,109.0,,false
2297,60.0,93.0,,false
2298,60.0,83.0,,false
2299,60.0,111.0,,false
2300,60.0,98.0,,false
2301,100.0,189.0,,false
2302,100.0,243.0,,false
2303,900.0,9.0,,false
2304,1150.0,18.0,,false
2305,1000.0,7.0,,false
2306,1350.0,48.0,,true
2307,500.0,57.0,,true
2308,5000.0,19.0,,true
2309,2200.0,131.0,,true
2310,3500.0,335.0,,true
2311,5000.0,600.0,,true
2312,500.0,157.0,,true
2313,125.0,543.0,,true
2314,40.0,434.0,,true
2315,350.0,159.0,,true
2316,500.0,187.0,,false
2317,500.0,483.0,,false
2318,3300.0,24.0,,false
2319,3300.0,23.0,,false
2320,3300.0,22.0,,false
2321,60.0,160.0,,false
2322,60.0,241.0,,false
2323,60.0,220.0,,false
2324,60.0,153.0,,false
2325,800.0,4.0,,false
2326,60.0,107.0,,false
2327,60.0,86.0,,false
2328,60.0,96.0,,false
2329,60.0,94.0,,false
2330,60.0,103.0,,false
2331,60.0,99.0,,false
2332,60.0,91.0,,false
2333,100.0,246.0,,false
2334,100.0,184.0,,false
2335,900.0,9.0,,false
2336,1150.0,15.0,,false
2337,1000.0,8.0,,false
2338,1350.0,46.0,,true
2339,500.0,56.0,,true
2340,5000.0,19.0,,true
2341,2200.0,134.0,,true
2342,3500.0,380.0,,true
2343,5000.0,600.0,,true
2344,500.0,158.0,,true
2345,125.0,460.0,,true
2346,40.0,391.0,,true
2347,350.0,170.0,,true
2348,500.0,194.0,,false
2349,500.0,451.0,,false
2350,3300.0,21.0,,false
2351,3300.0,28.0,,false
2352,3300.0,30.0,,false
2353,60.0,220.0,,false
2354,60.0,202.0,,false
2355,60.0,189.0,,false
2356,800.0,4.0,,false
2357,60.0,112.0,,false
2358,60.0,86.0,,false
2359,60.0,94.0,,false
2360,60.0,118.0,,false
2361,60.0,88.0,,false
2362,60.0,108.0,,false
2363,60.0,84.0,,false
2364,100.0,205.0,,false
2365,100.0,227.0,,false
2366,900.0,9.0,,false
2367,1150.0,18.0,,false
2368,1000.0,8.0,,false
2369,1350.0,46.0,,true
2370,500.0,58.0,,true
2371,5000.0,20.0,,true
2372,2200.0,133.0,,true
2373,3500.0,370.0,,true
2374,5000.0,600.0,,true
2375,500.0,155.0,,true
2376,125.0,547.0,,true
2377,40.0,440.0,,true
2378,350.0,176.0,,true
2379,500.0,187.0,,false
2380,500.0,521.0,,false
2381,3300.0,27.0,,false
2382,3300.0,22.0,,false
2383,3300.0,22.0,,false
2384,60.0,179.0,,false
2385,60.0,235.0,,false
2386,60.0,161.0,,false
2387,800.0,5.0,,false
2388,60.0,102.0,,false
2389,60.0,114.0,,false
2390,60.0,87.0,,false
2391,60.0,86.0,,false
2392,60.0,97.0,,false
2393,60.0,91.0,,false
2394,60.0,107.0,,false
2395,60.0,101.0,,false
2396,60.0,114.0,,false
2397,100.0,188.0,,false
2398,100.0,213.0,,false
2399,900.0,9.0,,false
2400,1150.0,16.0,,false
2401,1000.0,8.0,,false
2402,1350.0,50.0,,true
2403,500.0,59.0,,true
2404,5000.0,18.0,,true
2405,2200.0,138.0,,true
2406,3500.0,309.0,,true
2407,5000.0,600.0,,true
2408,500.0,160.0,,true
2409,125.0,466.0,,true
2410,40.0,446.0,,true
2411,350.0,175.0,,true
2412,500.0,189.0,,false
2413,500.0,572.0,,false
2414,3300.0,30.0,,false
2415,3300.0,22.0,,false
2416,3300.0,27.0,,false
2417,60.0,244.0,,false
2418,60.0,227.0,,false
2419,60.0,196.0,,false
2420,800.0,4.0,,false
2421,60.0,101.0,,false
2422,60.0,91.0,,false
2423,60.0,91.0,,false
2424,60.0,114.0,,false
2425,60.0,109.0,,false
2426,60.0,119.0,,false
2427,60.0,85.0,,false
2428,60.0,99.0,,false
2429,100.0,195.0,,false
2430,100.0,183.0,,false
2431,900.0,9.0,,false
2432,1150.0,16.0,,false
2433,1000.0,8.0,,false
2434,1350.0,47.0,,true
2435,500.0,57.0,,true
2436,5000.0,16.0,,true
2437,2200.0,137.0,,true
2438,3500.0,390.0,,true
2439,5000.0,600.0,,true
2440,500.0,146.0,,true
2441,125.0,451.0,,true
2442,40.0,450.0,,true
2443,350.0,150.0,,true
2444,500.0,182.0,,false
2445,500.0,566.0,,false
2446,3300.0,22.0,,false
2447,3300.0,21.0,,false
2448,3300.0,25.0,,false
2449,60.0,205.0,,false
2450,60.0,214.0,,false
2451,60.0,220.0,,false
2452,60.0,215.0,,false
2453,800.0,5.0,,false
2454,60.0,115.0,,false
2455,60.0,83.0,,false
2456,60.0,110.0,,false
2457,60.0,117.0,,false
2458,60.0,110.0,,false
2459,60.0,81.0,,false
2460,60.0,112.0,,false
2461,60.0,93.0,,false
2462,60.0,94.0,,false
2463,60.0,96.0,,false
2464,100.0,210.0,,false
2465,100.0,192.0,,false
2466,900.0,7.0,,false
2467,1150.0,14.0,,false
2468,1000.0,8.0,,false
2469,1350.0,49.0,,true
2470,500.0,59.0,,true
2471,5000.0,17.0,,true
2472,2200.0,131.0,,true
2473,3500.0,326.0,,true
2474,5000.0,600.0,,true
2475,500.0,158.0,,true
2476,125.0,492.0,,true
2477,40.0,381.0,,true
2478,350.0,157.0,,true
2479,500.0,174.0,,false
2480,500.0,422.0,,false
2481,3300.0,22.0,,false
2482,3300.0,28.0,,false
2483,3300.0,23.0,,false
2484,60.0,222.0,,false
2485,60.0,162.0,,false
2486,60.0,176.0,,false
2487,800.0,5.0,,false
2488,60.0,86.0,,false
2489,60.0,114.0,,false
2490,60.0,89.0,,false
2491,60.0,108.0,,false
2492,60.0,109.0,,false
2493,60.0,86.0,,false
2494,60.0,115.0,,false
2495,60.0,96.0,,false
2496,60.0,85.0,,false
2497,60.0,95.0,,false
2498,100.0,225.0,,false
2499,100.0,249.0,,false
2500,900.0,7.0,,false
2501,1150.0,18.0,,false
2502,1000.0,5.0,,false
2503,1350.0,47.0,,true
2504,500.0,56.0,,true
2505,5000.0,16.0,,true
2506,2200.0,131.0,,true
2507,3500.0,312.0,,true
2508,5000.0,600.0,,true
2509,500.0,158.0,,true
2510,125.0,543.0,,true
2511,40.0,458.0,,true
2512,350.0,143.0,,true
2513,500.0,179.0,,false
2514,500.0,394.0,,false
2515,3300.0,23.0,,false
2516,3300.0,21.0,,false
2517,3300.0,28.0,,false
2518,60.0,176.0,,false
2519,60.0,162.0,,false
2520,60.0,200.0,,false
2521,800.0,4.0,,false
2522,60.0,81.0,,false
2523,60.0,96.0,,false
2524,60.0,119.0,,false
2525,60.0,119.0,,false
2526,60.0,98.0,,false
2527,60.0,82.0,,false
2528,60.0,91.0,,false
2529,60.0,87.0,,false
2530,60.0,115.0,,false
2531,100.0,240.0,,false
2532,100.0,184.0,,false
2533,900.0,8.0,,false
2534,1150.0,17.0,,false
2535,1000.0,7.0,,false
2536,1350.0,50.0,,true
2537,500.0,58.0,,true
2538,5000.0,17.0,,true
2539,2200.0,134.0,,true
2540,3500.0,349.0,,true
2541,5000.0,600.0,,true
2542,500.0,144.0,,true
2543,125.0,487.0,,true
2544,40.0,397.0,,true
2545,350.0,161.0,,true
2546,500.0,182.0,,false
2547,500.0,408.0,,false
2548,3300.0,24.0,,false
2549,3300.0,26.0,,false
2550,3300.0,23.0,,false
2551,60.0,237.0,,false
2552,60.0,188.0,,false
2553,60.0,230.0,,false
2554,800.0,4.0,,false
2555,60.0,103.0,,false
2556,60.0,104.0,,false
2557,60.0,94.0,,false
2558,60.0,85.0,,false
2559,60.0,83.0,,false
2560,60.0,94.0,,false
2561,60.0,102.0,,false
2562,60.0,112.0,,false
2563,60.0,110.0,,false
2564,100.0,217.0,,false
2565,100.0,190.0,,false
2566,900.0,10.0,,false
2567,1150.0,16.0,,false
2568,1000.0,8.0,,false
2569,1350.0,47.0,,true
2570,500.0,56.0,,true
2571,5000.0,16.0,,true
2572,2200.0,136.0,,true
2573,3500.0,304.0,,true
2574,5000.0,600.0,,true
2575,500.0,159.0,,true
2576,125.0,528.0,,true
2577,40.0,352.0,,true
2578,350.0,167.0,,true
2579,500.0,184.0,,false
2580,500.0,556.0,,false
2581,3300.0,23.0,,false
2582,3300.0,26.0,,false
2583,3300.0,26.0,,false
2584,60.0,153.0,,false
2585,60.0,180.0,,false
2586,60.0,216.0,,false
2587,800.0,5.0,,false
2588,60.0,116.0,,false
2589,60.0,90.0,,false
2590,60.0,89.0,,false
2591,60.0,85.0,,false
2592,60.0,108.0,,false
2593,60.0,117.0,,false
2594,60.0,87.0,,false
2595,60.0,88.0,,false
2596,60.0,116.0,,false
2597,60.0,87.0,,false
2598,100.0,247.0,,false
2599,100.0,234.0,,false
2600,900.0,9.0,,false
2601,1150.0,18.0,,false
2602,1000.0,5.0,,false
2603,1350.0,50.0,,true
2604,500.0,57.0,,true
2605,5000.0,17.0,,true
2606,2200.0,135.0,,true
2607,3500.0,299.0,,true
2608,5000.0,600.0,,true
2609,500.0,155.0,,true
2610,125.0,500.0,,true
2611,40.0,378.0,,true
2612,350.0,149.0,,true
2613,500.0,188.0,,false
2614,500.0,392.0,,false
2615,3300.0,21.0,,false
2616,3300.0,29.0,,false
2617,3300.0,21.0,,false
2618,60.0,225.0,,false
2619,60.0,162.0,,false
2620,60.0,211.0,,false
2621,60.0,189.0,,false
2622,800.0,4.0,,false
2623,60.0,113.0,,false
2624,60.0,108.0,,false
2625,60.0,89.0,,false
2626,60.0,109.0,,false
2627,60.0,83.0,,false
2628,60.0,104.0,,false
2629,60.0,99.0,,false
2630,60.0,85.0,,false
2631,100.0,214.0,,false
2632,100.0,229.0,,false
2633,900.0,7.0,,false
2634,1150.0,13.0,,false
2635,1000.0,8.0,,false
2636,1350.0,46.0,,true
2637,500.0,60.0,,true
2638,5000.0,16.0,,true
2639,2200.0,136.0,,true
2640,3500.0,296.0,,true
2641,5000.0,600.0,,true
2642,500.0,143.0,,true
2643,125.0,540.0,,true
2644,40.0,357.0,,true
2645,350.0,176.0,,true
2646,500.0,194.0,,false
2647,500.0,479.0,,false
2648,3300.0,25.0,,false
2649,3300.0,23.0,,false
2650,3300.0,24.0,,false
2651,60.0,171.0,,false
2652,60.0,232.0,,false
2653,60.0,190.0,,false
2654,800.0,6.0,,false
2655,60.0,91.0,,false
2656,60.0,97.0,,false
2657,60.0,86.0,,false
2658,60.0,107.0,,false
2659,60.0,110.0,,false
2660,60.0,87.0,,false
2661,100.0,231.0,,false
2662,100.0,213.0,,false
2663,900.0,7.0,,false
2664,1150.0,18.0,,false
2665,1000.0,6.0,,false
2666,1350.0,47.0,,true
2667,500.0,57.0,,true
2668,5000.0,17.0,,true
2669,2200.0,131.0,,true
2670,3500.0,376.0,,true
2671,5000.0,600.0,,true
2672,500.0,146.0,,true
2673,125.0,465.0,,true
2674,40.0,405.0,,true
2675,350.0,144.0,,true
2676,500.0,178.0,,false
2677,500.0,429.0,,false
2678,3300.0,25.0,,false
2679,3300.0,30.0,,false
2680,3300.0,28.0,,false
2681,60.0,225.0,,false
2682,60.0,230.0,,false
2683,60.0,152.0,,false
2684,60.0,189.0,,false
2685,800.0,5.0,,false
2686,60.0,99.0,,false
2687,60.0,110.0,,false
2688,60.0,92.0,,false
2689,60.0,83.0,,false
2690,60.0,102.0,,false
2691,60.0,108.0,,false
2692,60.0,94.0,,false
2693,60.0,96.0,,false
2694,100.0,218.0,,false
2695,100.0,248.0,,false
2696,900.0,9.0,,false
2697,1150.0,15.0,,false
2698,1000.0,5.0,,false
2699,1350.0,50.0,,true
2700,500.0,60.0,,true
2701,5000.0,18.0,,true
2702,2200.0,137.0,,true
2703,3500.0,226.0,,true
2704,5000.0,600.0,,true
2705,500.0,156.0,,true
2706,125.0,480.0,,true
2707,40.0,440.0,,true
2708,350.0,148.0,,true
2709,500.0,177.0,,false
2710,500.0,464.0,,false
2711,3300.0,30.0,,false
2712,3300.0,29.0,,false
2713,3300.0,27.0,,false
2714,60.0,232.0,,false
2715,60.0,180.0,,false
2716,60.0,243.0,,false
2717,60.0,205.0,,false
2718,800.0,4.0,,false
2719,60.0,101.0,,false
2720,60.0,82.0,,false
2721,60.0,109.0,,false
2722,60.0,118.0,,false
2723,60.0,98.0,,false
2724,60.0,117.0,,false
2725,100.0,182.0,,false
2726,100.0,212.0,,false
2727,900.0,7.0,,false
2728,1150.0,13.0,,false
2729,1000.0,6.0,,false
2730,1350.0,47.0,,true
2731,500.0,59.0,,true
2732,5000.0,19.0,,true
2733,2200.0,136.0,,true
2734,3500.0,250.0,,true
2735,5000.0,600.0,,true
2736,500.0,155.0,,true
2737,125.0,546.0,,true
2738,40.0,433.0,,true
2739,350.0,151.0,,true
2740,500.0,177.0,,false
2741,500.0,523.0,,false
2742,3300.0,26.0,,false
2743,3300.0,26.0,,false
2744,3300.0,26.0,,false
2745,60.0,215.0,,false
2746,60.0,184.0,,false
2747,60.0,229.0,,false
2748,800.0,5.0,,false
2749,60.0,106.0,,false
2750,60.0,98.0,,false
2751,60.0,117.0,,false
2752,60.0,113.0,,false
2753,60.0,108.0,,false
2754,60.0,99.0,,false
2755,60.0,117.0,,false
2756,60.0,91.0,,false
2757,60.0,102.0,,false
2758,60.0,103.0,,false
2759,100.0,201.0,,false
2760,100.0,194.0,,false
2761,900.0,7.0,,false
2762,1150.0,18.0,,false
2763,1000.0,5.0,,false
2764,1350.0,50.0,,true
2765,500.0,60.0,,true
2766,5000.0,18.0,,true
2767,2200.0,136.0,,true
2768,3500.0,360.0,,true
2769,5000.0,600.0,,true
2770,500.0,147.0,,true
2771,125.0,481.0,,true
2772,40.0,406.0,,true
2773,350.0,156.0,,true
2774,500.0,183.0,,false
2775,500.0,503.0,,false
2776,3300.0,29.0,,false
2777,3300.0,27.0,,false
2778,3300.0,26.0,,false
2779,60.0,168.0,,false
2780,60.0,203.0,,false
2781,60.0,214.0,,false
2782,60.0,250.0,,false
2783,800.0,4.0,,false
2784,60.0,116.0,,false
2785,60.0,111.0,,false
2786,60.0,91.0,,false
2787,60.0,102.0,,false
2788,60.0,88.0,,false
2789,60.0,109.0,,false
2790,60.0,83.0,,false
2791,60.0,85.0,,false
2792,60.0,104.0,,false
2793,60.0,85.0,,false
2794,100.0,184.0,,false
2795,100.0,239.0,,false
2796,900.0,7.0,,false
2797,1150.0,14.0,,false
2798,1000.0,8.0,,false
2799,1350.0,48.0,,true
2800,500.0,56.0,,true
2801,5000.0,20.0,,true
2802,2200.0,133.0,,true
2803,3500.0,322.0,,true
2804,5000.0,600.0,,true
2805,500.0,146.0,,true
2806,125.0,506.0,,true
2807,40.0,417.0,,true
2808,350.0,171.0,,true
2809,500.0,196.0,,false
2810,500.0,466.0,,false
2811,3300.0,24.0,,false
2812,3300.0,25.0,,false
2813,3300.0,21.0,,false
2814,60.0,178.0,,false
2815,60.0,190.0,,false
2816,60.0,212.0,,false
2817,800.0,6.0,,false
2818,60.0,100.0,,false
2819,60.0,85.0,,false
2820,60.0,89.0,,false
2821,60.0,109.0,,false
2822,60.0,112.0,,false
2823,60.0,117.0,,false
2824,60.0,103.0,,false
2825,60.0,94.0,,false
2826,60.0,84.0,,false
2827,60.0,98.0,,false
2828,100.0,229.0,,false
2829,100.0,244.0,,false
2830,900.0,8.0,,false
2831,1150.0,15.0,,false
2832,1000.0,6.0,,false
2833,1350.0,47.0,,true
2834,500.0,58.0,,true
2835,5000.0,19.0,,true
2836,2200.0,131.0,,true
2837,3500.0,293.0,,true
2838,5000.0,600.0,,true
2839,500.0,160.0,,true
2840,125.0,530.0,,true
2841,40.0,370.0,,true
2842,350.0,165.0,,true
2843,500.0,200.0,,false
2844,500.0,308.0,,false
2845,3300.0,24.0,,false
2846,3300.0,28.0,,false
2847,3300.0,24.0,,false
2848,60.0,224.0,,false
2849,60.0,201.0,,false
2850,60.0,194.0,,false
2851,800.0,4.0,,false
2852,60.0,95.0,,false
2853,60.0,119.0,,false
2854,60.0,96.0,,false
2855,60.0,118.0,,false
2856,60.0,116.0,,false
2857,60.0,92.0,,false
2858,60.0,111.0,,false
2859,60.0,109.0,,false
2860,60.0,100.0,,false
2861,100.0,200.0,,false
2862,100.0,197.0,,false
2863,900.0,9.0,,false
2864,1150.0,15.0,,false
2865,1000.0,8.0,,false
2866,1350.0,46.0,,true
2867,500.0,59.0,,true
2868,5000.0,20.0,,true
2869,2200.0,131.0,,true
2870,3500.0,343.0,,true
2871,5000.0,600.0,,true
2872,500.0,150.0,,true
2873,125.0,539.0,,true
2874,40.0,379.0,,true
2875,350.0,143.0,,true
2876,500.0,180.0,,false
2877,500.0,518.0,,false
2878,3300.0,21.0,,false
2879,3300.0,23.0,,false
2880,3300.0,29.0,,false
2881,60.0,241.0,,false
2882,60.0,161.0,,false
2883,60.0,250.0,,false
2884,60.0,249.0,,false
2885,800.0,5.0,,false
2886,60.0,110.0,,false
2887,60.0,106.0,,false
2888,60.0,96.0,,false
2889,60.0,120.0,,false
2890,60.0,97.0,,false
2891,60.0,102.0,,false
2892,60.0,89.0,,false
2893,100.0,195.0,,false
2894,100.0,234.0,,false
2895,900.0,7.0,,false
2896,1150.0,18.0,,false
2897,1000.0,5.0,,false
2898,1350.0,48.0,,true
2899,500.0,60.0,,true
2900,5000.0,19.0,,true
2901,2200.0,132.0,,true
2902,3500.0,389.0,,true
2903,5000.0,600.0,,true
2904,500.0,150.0,,true
2905,125.0,538.0,,true
2906,40.0,421.0,,true
2907,350.0,149.0,,true
2908,500.0,185.0,,false
2909,500.0,578.0,,false
2910,3300.0,25.0,,false
2911,3300.0,23.0,,false
2912,3300.0,22.0,,false
2913,60.0,193.0,,false
2914,60.0,241.0,,false
2915,60.0,182.0,,false
2916,60.0,160.0,,false
2917,800.0,6.0,,false
2918,60.0,105.0,,false
2919,60.0,87.0,,false
2920,60.0,88.0,,false
2921,60.0,81.0,,false
2922,60.0,90.0,,false
2923,60.0,105.0,,false
2924,60.0,87.0,,false
2925,100.0,195.0,,false
2926,100.0,185.0,,false
2927,900.0,8.0,,false
2928,1150.0,13.0,,false
2929,1000.0,6.0,,false
2930,1350.0,48.0,,true
2931,500.0,59.0,,true
2932,5000.0,17.0,,true
2933,2200.0,136.0,,true
2934,3500.0,393.0,,true
2935,5000.0,600.0,,true
2936,500.0,148.0,,true
2937,125.0,476.0,,true
2938,40.0,395.0,,true
2939,350.0,166.0,,true
2940,500.0,183.0,,false
2941,500.0,576.0,,false
2942,3300.0,22.0,,false
2943,3300.0,24.0,,false
2944,3300.0,25.0,,false
2945,60.0,152.0,,false
2946,60.0,178.0,,false
2947,60.0,173.0,,false
2948,800.0,6.0,,false
2949,60.0,98.0,,false
2950,60.0,95.0,,false
2951,60.0,109.0,,false
2952,60.0,110.0,,false
2953,60.0,108.0,,false
2954,60.0,83.0,,false
2955,100.0,191.0,,false
2956,100.0,229.0,,false
2957,900.0,7.0,,false
2958,1150.0,18.0,,false
2959,1000.0,7.0,,false
2960,1350.0,48.0,,true
2961,500.0,57.0,,true
2962,5000.0,17.0,,true
2963,2200.0,134.0,,true
2964,3500.0,319.0,,true
2965,5000.0,600.0,,true
2966,500.0,141.0,,true
2967,125.0,483.0,,true
2968,40.0,367.0,,true
2969,350.0,143.0,,true
2970,500.0,200.0,,false
2971,500.0,406.0,,false
2972,3300.0,29.0,,false
2973,3300.0,30.0,,false
2974,3300.0,23.0,,false
2975,60.0,239.0,,false
2976,60.0,238.0,,false
2977,60.0,186.0,,false
2978,60.0,238.0,,false
2979,800.0,4.0,,false
2980,60.0,91.0,,false
2981,60.0,84.0,,false
2982,60.0,85.0,,false
2983,60.0,82.0,,false
2984,60.0,108.0,,false
2985,60.0,118.0,,false
2986,60.0,115.0,,false
2987,60.0,108.0,,false
2988,60.0,110.0,,false
2989,100.0,191.0,,false
2990,100.0,232.0,,false
2991,900.0,8.0,,false
2992,1150.0,15.0,,false
2993,1000.0,7.0,,false
2994,1350.0,50.0,,true
2995,500.0,59.0,,true
2996,5000.0,18.0,,true
2997,2200.0,139.0,,true
2998,3500.0,293.0,,true
2999,5000.0,600.0,,true
3000,500.0,150.0,,true
3001,125.0,479.0,,true
3002,40.0,388.0,,true
3003,350.0,160.0,,true
3004,500.0,194.0,,false
3005,500.0,480.0,,false
3006,3300.0,27.0,,false
3007,3300.0,28.0,,false
3008,3300.0,24.0,,false
3009,60.0,204.0,,false
3010,60.0,221.0,,false
3011,60.0,213.0,,false
3012,800.0,6.0,,false
3013,60.0,110.0,,false
3014,60.0,82.0,,false
3015,60.0,111.0,,false
3016,60.0,117.0,,false
3017,60.0,84.0,,false
3018,60.0,100.0,,false
3019,60.0,106.0,,false
3020,100.0,210.0,,false
3021,100.0,233.0,,false
3022,900.0,7.0,,false
3023,1150.0,18.0,,false
3024,1000.0,7.0,,false
3025,1350.0,49.0,,true
3026,500.0,57.0,,true
3027,5000.0,17.0,,true
3028,2200.0,131.0,,true
3029,3500.0,377.0,,true
3030,5000.0,600.0,,true
3031,500.0,153.0,,true
3032,125.0,513.0,,true
3033,40.0,363.0,,true
3034,350.0,177.0,,true
3035,500.0,180.0,,false
3036,500.0,568.0,,false
3037,3300.0,23.0,,false
3038,3300.0,24.0,,false
3039,3300.0,30.0,,false
3040,60.0,207.0,,false
3041,60.0,177.0,,false
3042,60.0,226.0,,false
3043,800.0,4.0,,false
3044,60.0,119.0,,false
3045,60.0,85.0,,false
3046,60.0,113.0,,false
3047,60.0,92.0,,false
3048,60.0,114.0,,false
3049,60.0,103.0,,false
3050,60.0,114.0,,false
3051,60.0,120.0,,false
3052,60.0,99.0,,false
3053,60.0,83.0,,false
3054,100.0,232.0,,false
3055,100.0,217.0,,false
3056,900.0,9.0,,false
3057,1150.0,18.0,,false
3058,1000.0,6.0,,false
3059,1350.0,48.0,,true
3060,500.0,59.0,,true
3061,5000.0,19.0,,true
3062,2200.0,134.0,,true
3063,3500.0,384.0,,true
3064,5000.0,600.0,,true
3065,500.0,153.0,,true
3066,125.0,509.0,,true
3067,40.0,397.0,,true
3068,350.0,171.0,,true
3069,500.0,177.0,,false
3070,500.0,551.0,,false
3071,3300.0,27.0,,false
3072,3300.0,23.0,,false
3073,3300.0,24.0,,false
3074,60.0,177.0,,false
3075,60.0,246.0,,false
3076,60.0,160.0,,false
3077,800.0,6.0,,false
3078,60.0,116.0,,false
3079,60.0,90.0,,false
3080,60.0,118.0,,false
3081,60.0,118.0,,false
3082,60.0,100.0,,false
3083,60.0,100.0,,false
3084,60.0,119.0,,false
3085,60.0,97.0,,false
3086,60.0,91.0,,false
3087,60.0,116.0,,false
3088,100.0,240.0,,false
3089,100.0,235.0,,false
3090,900.0,7.0,,false
3091,1150.0,13.0,,false
3092,1000.0,8.0,,false
3093,1350.0,46.0,,true
3094,500.0,58.0,,true
3095,5000.0,19.0,,true
3096,2200.0,133.0,,true
3097,3500.0,234.0,,true
3098,5000.0,600.0,,true
3099,500.0,148.0,,true
3100,125.0,455.0,,true
3101,40.0,443.0,,true
3102,350.0,179.0,,true
3103,500.0,193.0,,false
3104,500.0,455.0,,false
3105,3300.0,30.0,,false
3106,3300.0,25.0,,false
3107,3300.0,21.0,,false
3108,60.0,185.0,,false
3109,60.0,188.0,,false
3110,60.0,170.0,,false
3111,800.0,6.0,,false
3112,60.0,99.0,,false
3113,60.0,92.0,,false
3114,60.0,87.0,,false
3115,60.0,117.0,,false
3116,60.0,105.0,,false
3117,60.0,81.0,,false
3118,60.0,114.0,,false
3119,100.0,181.0,,false
3120,100.0,240.0,,false
3121,900.0,8.0,,false
3122,1150.0,17.0,,false
3123,1000.0,6.0,,false
3124,1350.0,49.0,,true
3125,500.0,59.0,,true
3126,5000.0,20.0,,true
3127,2200.0,135.0,,true
3128,3500.0,393.0,,true
3129,5000.0,600.0,,true
3130,500.0,144.0,,true
3131,125.0,520.0,,true
3132,40.0,372.0,,true
3133,350.0,175.0,,true
3134,500.0,180.0,,false
3135,500.0,527.0,,false
3136,3300.0,25.0,,false
3137,3300.0,21.0,,false
3138,3300.0,26.0,,false
3139,60.0,179.0,,false
3140,60.0,199.0,,false
3141,60.0,171.0,,false
3142,800.0,4.0,,false
3143,60.0,96.0,,false
3144,60.0,112.0,,false
3145,60.0,107.0,,false
3146,60.0,115.0,,false
3147,60.0,120.0,,false
3148,60.0,94.0,,false
3149,60.0,96.0,,false
3150,60.0,89.0,,false
3151,60.0,116.0,,false
3152,100.0,186.0,,false
3153,100.0,183.0,,false
3154,900.0,10.0,,false
3155,1150.0,16.0,,false
3156,1000.0,7.0,,false
3157,1350.0,49.0,,true
3158,500.0,60.0,,true
3159,5000.0,18.0,,true
3160,2200.0,140.0,,true
3161,3500.0,289.0,,true
3162,5000.0,600.0,,true
3163,500.0,145.0,,true
3164,125.0,537.0,,true
3165,40.0,407.0,,true
3166,350.0,163.0,,true
3167,500.0,195.0,,false
3168,500.0,533.0,,false
3169,3300.0,28.0,,false
3170,3300.0,23.0,,false
3171,3300.0,27.0,,false
3172,60.0,185.0,,false
3173,60.0,245.0,,false
3174,60.0,151.0,,false
3175,800.0,6.0,,false
3176,60.0,119.0,,false
3177,60.0,107.0,,false
3178,60.0,109.0,,false
3179,60.0,101.0,,false
3180,60.0,107.0,,false
3181,60.0,96.0,,false
3182,100.0,230.0,,false
3183,100.0,196.0,,false
3184,900.0,8.0,,false
3185,1150.0,17.0,,false
3186,1000.0,5.0,,false
3187,1350.0,47.0,,true
3188,500.0,58.0,,true
3189,5000.0,19.0,,true
3190,2200.0,133.0,,true
3191,3500.0,232.0,,true
3192,5000.0,600.0,,true
3193,500.0,156.0,,true
3194,125.0,522.0,,true
3195,40.0,424.0,,true
3196,350.0,145.0,,true
3197,500.0,190.0,,false
3198,500.0,464.0,,false
3199,3300.0,30.0,,false
3200,3300.0,25.0,,false
3201,3300.0,21.0,,false
3202,60.0,163.0,,false
3203,60.0,189.0,,false
3204,60.0,213.0,,false
3205,800.0,6.0,,false
3206,60.0,89.0,,false
3207,60.0,88.0,,false
3208,60.0,103.0,,false
3209,60.0,103.0,,false
3210,60.0,100.0,,false
3211,60.0,108.0,,false
3212,60.0,113.0,,false
3213,60.0,120.0,,false
3214,60.0,119.0,,false
3215,100.0,182.0,,false
3216,100.0,210.0,,false
3217,900.0,9.0,,false
3218,1150.0,15.0,,false
3219,1000.0,6.0,,false
3220,1350.0,49.0,,true
3221,500.0,59.0,,true
3222,5000.0,16.0,,true
3223,2200.0,136.0,,true
3224,3500.0,349.0,,true
3225,5000.0,600.0,,true
3226,500.0,144.0,,true
3227,125.0,521.0,,true
3228,40.0,403.0,,true
3229,350.0,165.0,,true
3230,500.0,195.0,,false
3231,500.0,352.0,,false
3232,3300.0,21.0,,false
3233,3300.0,24.0,,false
3234,3300.0,24.0,,false
3235,60.0,195.0,,false
3236,60.0,187.0,,false
3237,60.0,192.0,,false
3238,800.0,4.0,,false
3239,60.0,99.0,,false
3240,60.0,112.0,,false
3241,60.0,105.0,,false
3242,60.0,108.0,,false
3243,60.0,113.0,,false
3244,60.0,106.0,,false
3245,60.0,102.0,,false
3246,60.0,116.0,,false
3247,100.0,194.0,,false
3248,100.0,194.0,,false
3249,900.0,8.0,,false
3250,1150.0,18.0,,false
3251,1000.0,7.0,,false
