Reference,height,width,stripwidth,preemptable
1,1350.0,47.0,720,true
2,500.0,57.0,,true
3,5000.0,16.0,,true
4,2200.0,134.0,,true
5,3500.0,362.0,,true
6,5000.0,600.0,,true
7,500.0,155.0,,true
8,125.0,526.0,,true
9,40.0,378.0,,true
10,350.0,142.0,,true
11,500.0,176.0,,false
12,500.0,480.0,,false
13,3300.0,29.0,,false
14,3300.0,26.0,,false
15,3300.0,23.0,,false
16,60.0,179.0,,false
17,60.0,196.0,,false
18,60.0,194.0,,false
19,60.0,245.0,,false
20,800.0,4.0,,false
21,60.0,116.0,,false
22,60.0,87.0,,false
23,60.0,115.0,,false
24,60.0,87.0,,false
25,60.0,117.0,,false
26,60.0,106.0,,false
27,60.0,112.0,,false
28,60.0,81.0,,false
29,60.0,87.0,,false
30,100.0,181.0,,false
31,100.0,225.0,,false
32,900.0,7.0,,false
33,1150.0,14.0,,false
34,1000.0,8.0,,false
35,1350.0,50.0,,true
36,500.0,56.0,,true
37,5000.0,20.0,,true
38,2200.0,134.0,,true
39,3500.0,266.0,,true
40,5000.0,600.0,,true
41,500.0,160.0,,true
42,125.0,504.0,,true
43,40.0,367.0,,true
44,350.0,163.0,,true
45,500.0,185.0,,false
46,500.0,487.0,,false
47,3300.0,22.0,,false
48,3300.0,23.0,,false
49,3300.0,27.0,,false
50,60.0,233.0,,false
51,60.0,173.0,,false
52,60.0,197.0,,false
53,800.0,4.0,,false
54,60.0,89.0,,false
55,60.0,108.0,,false
56,60.0,104.0,,false
57,60.0,111.0,,false
58,60.0,94.0,,false
59,60.0,102.0,,false
60,60.0,99.0,,false
61,60.0,106.0,,false
62,100.0,188.0,,false
63,100.0,243.0,,false
64,900.0,8.0,,false
65,1150.0,16.0,,false
66,1000.0,6.0,,false
67,1350.0,50.0,,true
68,500.0,56.0,,true
69,5000.0,18.0,,true
70,2200.0,138.0,,true
71,3500.0,224.0,,true
72,5000.0,600.0,,true
73,500.0,154.0,,true
74,125.0,545.0,,true
75,40.0,427.0,,true
76,350.0,170.0,,true
77,500.0,171.0,,false
78,500.0,391.0,,false
79,3300.0,28.0,,false
80,3300.0,30.0,,false
81,3300.0,25.0,,false
82,60.0,238.0,,false
83,60.0,153.0,,false
84,60.0,172.0,,false
85,800.0,6.0,,false
86,60.0,101.0,,false
87,60.0,94.0,,false
88,60.0,96.0,,false
89,60.0,108.0,,false
90,60.0,94.0,,false
91,60.0,81.0,,false
92,60.0,116.0,,false
93,60.0,84.0,,false
94,60.0,104.0,,false
95,100.0,208.0,,false
96,100.0,206.0,,false
97,900.0,9.0,,false
98,1150.0,15.0,,false
99,1000.0,5.0,,false
100,1350.0,46.0,,true
101,500.0,59.0,,true
102,5000.0,17.0,,true
103,2200.0,138.0,,true
104,3500.0,253.0,,true
105,5000.0,600.0,,true
106,500.0,157.0,,true
107,125.0,531.0,,true
108,40.0,379.0,,true
109,350.0,178.0,,true
110,500.0,192.0,,false
111,500.0,383.0,,false
112,3300.0,27.0,,false
113,3300.0,25.0,,false
114,3300.0,27.0,,false
115,60.0,182.0,,false
116,60.0,205.0,,false
117,60.0,202.0,,false
118,800.0,6.0,,false
119,60.0,106.0,,false
120,60.0,102.0,,false
121,60.0,84.0,,false
122,60.0,102.0,,false
123,60.0,93.0,,false
124,60.0,92.0,,false
125,60.0,108.0,,false
126,60.0,106.0,,false
127,60.0,101.0,,false
128,60.0,117.0,,false
129,100.0,239.0,,false
130,100.0,238.0,,false
131,900.0,8.0,,false
132,1150.0,18.0,,false
133,1000.0,8.0,,false
134,1350.0,46.0,,true
135,500.0,60.0,,true
136,5000.0,17.0,,true
137,2200.0,135.0,,true
138,3500.0,204.0,,true
139,5000.0,600.0,,true
140,500.0,159.0,,true
141,125.0,539.0,,true
142,40.0,391.0,,true
143,350.0,177.0,,true
144,500.0,196.0,,false
145,500.0,581.0,,false
146,3300.0,25.0,,false
147,3300.0,25.0,,false
148,3300.0,24.0,,false
149,60.0,170.0,,false
150,60.0,237.0,,false
151,60.0,191.0,,false
152,800.0,4.0,,false
153,60.0,96.0,,false
154,60.0,100.0,,false
155,60.0,88.0,,false
156,60.0,90.0,,false
157,60.0,92.0,,false
158,60.0,92.0,,false
159,60.0,103.0,,false
160,100.0,192.0,,false
161,100.0,195.0,,false
162,900.0,10.0,,false
163,1150.0,15.0,,false
164,1000.0,5.0,,false
165,1350.0,48.0,,true
166,500.0,58.0,,true
167,5000.0,17.0,,true
168,2200.0,138.0,,true
169,3500.0,268.0,,true
170,5000.0,600.0,,true
171,500.0,153.0,,true
172,125.0,467.0,,true
173,40.0,386.0,,true
174,350.0,175.0,,true
175,500.0,191.0,,false
176,500.0,350.0,,false
177,3300.0,30.0,,false
178,3300.0,25.0,,false
179,3300.0,22.0,,false
180,60.0,228.0,,false
181,60.0,239.0,,false
182,60.0,222.0,,false
183,800.0,5.0,,false
184,60.0,94.0,,false
185,60.0,111.0,,false
186,60.0,88.0,,false
187,60.0,109.0,,false
188,60.0,114.0,,false
189,60.0,113.0,,false
190,60.0,117.0,,false
191,60.0,112.0,,false
192,60.0,91.0,,false
193,100.0,246.0,,false
194,100.0,188.0,,false
195,900.0,9.0,,false
196,1150.0,17.0,,false
197,1000.0,7.0,,false
198,1350.0,47.0,,true
199,500.0,58.0,,true
200,5000.0,17.0,,true
201,2200.0,139.0,,true
202,3500.0,320.0,,true
203,5000.0,600.0,,true
204,500.0,143.0,,true
205,125.0,463.0,,true
206,40.0,410.0,,true
207,350.0,165.0,,true
208,500.0,180.0,,false
209,500.0,443.0,,false
210,3300.0,26.0,,false
211,3300.0,22.0,,false
212,3300.0,27.0,,false
213,60.0,250.0,,false
214,60.0,235.0,,false
215,60.0,160.0,,false
216,800.0,4.0,,false
217,60.0,107.0,,false
218,60.0,92.0,,false
219,60.0,102.0,,false
220,60.0,84.0,,false
221,60.0,111.0,,false
222,60.0,86.0,,false
223,60.0,82.0,,false
224,60.0,116.0,,false
225,100.0,230.0,,false
226,100.0,245.0,,false
227,900.0,9.0,,false
228,1150.0,17.0,,false
229,1000.0,8.0,,false
230,1350.0,47.0,,true
231,500.0,58.0,,true
232,5000.0,18.0,,true
233,2200.0,140.0,,true
234,3500.0,351.0,,true
235,5000.0,600.0,,true
236,500.0,155.0,,true
237,125.0,535.0,,true
238,40.0,406.0,,true
239,350.0,145.0,,true
240,500.0,198.0,,false
241,500.0,538.0,,false
242,3300.0,26.0,,false
243,3300.0,29.0,,false
244,3300.0,26.0,,false
245,60.0,221.0,,false
246,60.0,162.0,,false
247,60.0,193.0,,false
248,60.0,237.0,,false
249,800.0,6.0,,false
250,60.0,85.0,,false
251,60.0,110.0,,false
252,60.0,107.0,,false
253,60.0,98.0,,false
254,60.0,83.0,,false
255,60.0,83.0,,false
256,60.0,103.0,,false
257,60.0,104.0,,false
258,100.0,201.0,,false
259,100.0,205.0,,false
260,900.0,10.0,,false
261,1150.0,15.0,,false
262,1000.0,5.0,,false
263,1350.0,48.0,,true
264,500.0,59.0,,true
265,5000.0,18.0,,true
266,2200.0,137.0,,true
267,3500.0,284.0,,true
268,5000.0,600.0,,true
269,500.0,157.0,,true
270,125.0,535.0,,true
271,40.0,423.0,,true
272,350.0,178.0,,true
273,500.0,193.0,,false
274,500.0,461.0,,false
275,3300.0,27.0,,false
276,3300.0,21.0,,false
277,3300.0,28.0,,false
278,60.0,154.0,,false
279,60.0,238.0,,false
280,60.0,202.0,,false
281,60.0,192.0,,false
282,800.0,4.0,,false
283,60.0,88.0,,false
284,60.0,81.0,,false
285,60.0,98.0,,false
286,60.0,87.0,,false
287,60.0,117.0,,false
288,60.0,94.0,,false
289,60.0,85.0,,false
290,60.0,101.0,,false
291,60.0,119.0,,false
292,100.0,200.0,,false
293,100.0,211.0,,false
294,900.0,10.0,,false
295,1150.0,13.0,,false
296,1000.0,8.0,,false
297,1350.0,48.0,,true
298,500.0,57.0,,true
299,5000.0,18.0,,true
300,2200.0,139.0,,true
301,3500.0,294.0,,true
302,5000.0,600.0,,true
303,500.0,151.0,,true
304,125.0,452.0,,true
305,40.0,373.0,,true
306,350.0,166.0,,true
307,500.0,200.0,,false
308,500.0,515.0,,false
309,3300.0,25.0,,false
310,3300.0,25.0,,false
311,3300.0,22.0,,false
312,60.0,204.0,,false
313,60.0,211.0,,false
314,60.0,156.0,,false
315,800.0,4.0,,false
316,60.0,119.0,,false
317,60.0,120.0,,false
318,60.0,89.0,,false
319,60.0,103.0,,false
320,60.0,84.0,,false
321,60.0,84.0,,false
322,60.0,92.0,,false
323,60.0,112.0,,false
324,60.0,108.0,,false
325,100.0,222.0,,false
326,100.0,192.0,,false
327,900.0,10.0,,false
328,1150.0,16.0,,false
329,1000.0,6.0,,false
330,1350.0,46.0,,true
331,500.0,60.0,,true
332,5000.0,16.0,,true
333,2200.0,133.0,,true
334,3500.0,237.0,,true
335,5000.0,600.0,,true
336,500.0,147.0,,true
337,125.0,528.0,,true
338,40.0,432.0,,true
339,350.0,166.0,,true
340,500.0,188.0,,false
341,500.0,332.0,,false
342,3300.0,26.0,,false
343,3300.0,27.0,,false
344,3300.0,23.0,,false
345,60.0,172.0,,false
346,60.0,202.0,,false
347,60.0,159.0,,false
348,800.0,6.0,,false
349,60.0,85.0,,false
350,60.0,112.0,,false
351,60.0,120.0,,false
352,60.0,119.0,,false
353,60.0,93.0,,false
354,60.0,112.0,,false
355,60.0,83.0,,false
356,60.0,82.0,,false
357,60.0,94.0,,false
358,100.0,205.0,,false
359,100.0,243.0,,false
360,900.0,8.0,,false
361,1150.0,13.0,,false
362,1000.0,6.0,,false
363,1350.0,46.0,,true
364,500.0,58.0,,true
365,5000.0,20.0,,true
366,2200.0,134.0,,true
367,3500.0,345.0,,true
368,5000.0,600.0,,true
369,500.0,144.0,,true
370,125.0,480.0,,true
371,40.0,453.0,,true
372,350.0,171.0,,true
373,500.0,200.0,,false
374,500.0,462.0,,false
375,3300.0,24.0,,false
376,3300.0,28.0,,false
377,3300.0,29.0,,false
378,60.0,152.0,,false
379,60.0,192.0,,false
380,60.0,238.0,,false
381,60.0,230.0,,false
382,800.0,5.0,,false
383,60.0,93.0,,false
384,60.0,111.0,,false
385,60.0,112.0,,false
386,60.0,105.0,,false
387,60.0,105.0,,false
388,60.0,84.0,,false
389,60.0,84.0,,false
390,60.0,91.0,,false
391,60.0,89.0,,false
392,100.0,246.0,,false
393,100.0,227.0,,false
394,900.0,9.0,,false
395,1150.0,18.0,,false
396,1000.0,5.0,,false
397,1350.0,49.0,,true
398,500.0,59.0,,true
399,5000.0,18.0,,true
400,2200.0,135.0,,true
401,3500.0,334.0,,true
402,5000.0,600.0,,true
403,500.0,148.0,,true
404,125.0,517.0,,true
405,40.0,425.0,,true
406,350.0,173.0,,true
407,500.0,172.0,,false
408,500.0,472.0,,false
409,3300.0,28.0,,false
410,3300.0,28.0,,false
411,3300.0,23.0,,false
412,60.0,180.0,,false
413,60.0,228.0,,false
414,60.0,177.0,,false
415,60.0,221.0,,false
416,800.0,5.0,,false
417,60.0,120.0,,false
418,60.0,104.0,,false
419,60.0,88.0,,false
420,60.0,98.0,,false
421,60.0,97.0,,false
422,60.0,85.0,,false
423,100.0,220.0,,false
424,100.0,194.0,,false
425,900.0,10.0,,false
426,1150.0,17.0,,false
427,1000.0,8.0,,false
428,1350.0,48.0,,true
429,500.0,59.0,,true
430,5000.0,17.0,,true
431,2200.0,132.0,,true
432,3500.0,212.0,,true
433,5000.0,600.0,,true
434,500.0,155.0,,true
435,125.0,543.0,,true
436,40.0,366.0,,true
437,350.0,165.0,,true
438,500.0,173.0,,false
439,500.0,586.0,,false
440,3300.0,23.0,,false
441,3300.0,26.0,,false
442,3300.0,25.0,,false
443,60.0,153.0,,false
444,60.0,194.0,,false
445,60.0,218.0,,false
446,800.0,4.0,,false
447,60.0,100.0,,false
448,60.0,119.0,,false
449,60.0,115.0,,false
450,60.0,87.0,,false
451,60.0,117.0,,false
452,60.0,90.0,,false
453,100.0,225.0,,false
454,100.0,248.0,,false
455,900.0,8.0,,false
456,1150.0,15.0,,false
457,1000.0,6.0,,false
458,1350.0,48.0,,true
459,500.0,56.0,,true
460,5000.0,19.0,,true
461,2200.0,133.0,,true
462,3500.0,377.0,,true
463,5000.0,600.0,,true
464,500.0,157.0,,true
465,125.0,510.0,,true
466,40.0,419.0,,true
467,350.0,157.0,,true
468,500.0,182.0,,false
469,500.0,585.0,,false
470,3300.0,22.0,,false
471,3300.0,21.0,,false
472,3300.0,29.0,,false
473,60.0,202.0,,false
474,60.0,178.0,,false
475,60.0,194.0,,false
476,60.0,156.0,,false
477,800.0,4.0,,false
478,60.0,100.0,,false
479,60.0,86.0,,false
480,60.0,98.0,,false
481,60.0,96.0,,false
482,60.0,100.0,,false
483,60.0,83.0,,false
484,100.0,237.0,,false
485,100.0,209.0,,false
486,900.0,10.0,,false
487,1150.0,16.0,,false
488,1000.0,7.0,,false
489,1350.0,50.0,,true
490,500.0,56.0,,true
491,5000.0,19.0,,true
492,2200.0,137.0,,true
493,3500.0,365.0,,true
494,5000.0,600.0,,true
495,500.0,150.0,,true
496,125.0,492.0,,true
497,40.0,442.0,,true
498,350.0,164.0,,true
499,500.0,183.0,,false
500,500.0,303.0,,false
501,3300.0,25.0,,false
502,3300.0,30.0,,false
503,3300.0,30.0,,false
504,60.0,241.0,,false
505,60.0,241.0,,false
506,60.0,181.0,,false
507,60.0,218.0,,false
508,800.0,6.0,,false
509,60.0,111.0,,false
510,60.0,98.0,,false
511,60.0,94.0,,false
512,60.0,104.0,,false
513,60.0,98.0,,false
514,60.0,98.0,,false
515,60.0,114.0,,false
516,60.0,111.0,,false
517,60.0,91.0,,false
518,100.0,218.0,,false
519,100.0,202.0,,false
520,900.0,10.0,,false
521,1150.0,17.0,,false
522,1000.0,7.0,,false
523,1350.0,50.0,,true
524,500.0,59.0,,true
525,5000.0,18.0,,true
526,2200.0,136.0,,true
527,3500.0,398.0,,true
528,5000.0,600.0,,true
529,500.0,150.0,,true
530,125.0,452.0,,true
531,40.0,354.0,,true
532,350.0,156.0,,true
533,500.0,171.0,,false
534,500.0,366.0,,false
535,3300.0,24.0,,false
536,3300.0,27.0,,false
537,3300.0,23.0,,false
538,60.0,168.0,,false
539,60.0,156.0,,false
540,60.0,221.0,,false
541,800.0,5.0,,false
542,60.0,120.0,,false
543,60.0,82.0,,false
544,60.0,102.0,,false
545,60.0,106.0,,false
546,60.0,97.0,,false
547,60.0,94.0,,false
548,60.0,90.0,,false
549,60.0,104.0,,false
550,60.0,88.0,,false
551,60.0,100.0,,false
552,100.0,184.0,,false
553,100.0,202.0,,false
554,900.0,8.0,,false
555,1150.0,15.0,,false
556,1000.0,7.0,,false
557,1350.0,50.0,,true
558,500.0,58.0,,true
559,5000.0,16.0,,true
560,2200.0,132.0,,true
561,3500.0,253.0,,true
562,5000.0,600.0,,true
563,500.0,141.0,,true
564,125.0,455.0,,true
565,40.0,421.0,,true
566,350.0,180.0,,true
567,500.0,196.0,,false
568,500.0,371.0,,false
569,3300.0,21.0,,false
570,3300.0,28.0,,false
571,3300.0,25.0,,false
572,60.0,240.0,,false
573,60.0,227.0,,false
574,60.0,188.0,,false
575,800.0,5.0,,false
576,60.0,118.0,,false
577,60.0,91.0,,false
578,60.0,109.0,,false
579,60.0,110.0,,false
580,60.0,83.0,,false
581,60.0,118.0,,false
582,60.0,82.0,,false
583,60.0,95.0,,false
584,60.0,89.0,,false
585,100.0,183.0,,false
586,100.0,224.0,,false
587,900.0,10.0,,false
588,1150.0,15.0,,false
589,1000.0,8.0,,false
590,1350.0,49.0,,true
591,500.0,56.0,,true
592,5000.0,18.0,,true
593,2200.0,140.0,,true
594,3500.0,342.0,,true
595,5000.0,600.0,,true
596,500.0,154.0,,true
597,125.0,505.0,,true
598,40.0,388.0,,true
599,350.0,177.0,,true
600,500.0,197.0,,false
601,500.0,503.0,,false
602,3300.0,24.0,,false
603,3300.0,28.0,,false
604,3300.0,24.0,,false
605,60.0,176.0,,false
606,60.0,189.0,,false
607,60.0,245.0,,false
608,60.0,229.0,,false
609,800.0,6.0,,false
610,60.0,81.0,,false
611,60.0,108.0,,false
612,60.0,99.0,,false
613,60.0,84.0,,false
614,60.0,115.0,,false
615,60.0,104.0,,false
616,60.0,112.0,,false
617,100.0,211.0,,false
618,100.0,241.0,,false
619,900.0,10.0,,false
620,1150.0,13.0,,false
621,1000.0,5.0,,false
622,1350.0,50.0,,true
623,500.0,56.0,,true
624,5000.0,16.0,,true
625,2200.0,133.0,,true
626,3500.0,305.0,,true
627,5000.0,600.0,,true
628,500.0,143.0,,true
629,125.0,467.0,,true
630,40.0,429.0,,true
631,350.0,163.0,,true
632,500.0,183.0,,false
633,500.0,580.0,,false
634,3300.0,26.0,,false
635,3300.0,29.0,,false
636,3300.0,24.0,,false
637,60.0,225.0,,false
638,60.0,213.0,,false
639,60.0,177.0,,false
640,60.0,212.0,,false
641,800.0,5.0,,false
642,60.0,99.0,,false
643,60.0,82.0,,false
644,60.0,120.0,,false
645,60.0,84.0,,false
646,60.0,113.0,,false
647,60.0,100.0,,false
648,60.0,115.0,,false
649,60.0,89.0,,false
650,60.0,109.0,,false
651,100.0,192.0,,false
652,100.0,209.0,,false
653,900.0,9.0,,false
654,1150.0,18.0,,false
655,1000.0,7.0,,false
656,1350.0,46.0,,true
657,500.0,58.0,,true
658,5000.0,18.0,,true
659,2200.0,135.0,,true
660,3500.0,231.0,,true
661,5000.0,600.0,,true
662,500.0,143.0,,true
663,125.0,549.0,,true
664,40.0,429.0,,true
665,350.0,172.0,,true
666,500.0,196.0,,false
667,500.0,309.0,,false
668,3300.0,28.0,,false
669,3300.0,28.0,,false
670,3300.0,22.0,,false
671,60.0,231.0,,false
672,60.0,167.0,,false
673,60.0,154.0,,false
674,60.0,214.0,,false
675,800.0,4.0,,false
676,60.0,89.0,,false
677,60.0,92.0,,false
678,60.0,95.0,,false
679,60.0,90.0,,false
680,60.0,108.0,,false
681,60.0,86.0,,false
682,60.0,98.0,,false
683,60.0,119.0,,false
684,60.0,113.0,,false
685,100.0,241.0,,false
686,100.0,212.0,,false
687,900.0,7.0,,false
688,1150.0,14.0,,false
689,1000.0,8.0,,false
690,1350.0,46.0,,true
691,500.0,57.0,,true
692,5000.0,16.0,,true
693,2200.0,139.0,,true
694,3500.0,248.0,,true
695,5000.0,600.0,,true
696,500.0,156.0,,true
697,125.0,506.0,,true
698,40.0,419.0,,true
699,350.0,176.0,,true
700,500.0,183.0,,false
701,500.0,389.0,,false
702,3300.0,21.0,,false
703,3300.0,22.0,,false
704,3300.0,27.0,,false
705,60.0,198.0,,false
706,60.0,206.0,,false
707,60.0,212.0,,false
708,60.0,160.0,,false
709,800.0,4.0,,false
710,60.0,113.0,,false
711,60.0,82.0,,false
712,60.0,94.0,,false
713,60.0,105.0,,false
714,60.0,97.0,,false
715,60.0,94.0,,false
716,100.0,231.0,,false
717,100.0,194.0,,false
718,900.0,10.0,,false
719,1150.0,14.0,,false
720,1000.0,5.0,,false
721,1350.0,50.0,,true
722,500.0,58.0,,true
723,5000.0,19.0,,true
724,2200.0,135.0,,true
725,3500.0,274.0,,true
726,5000.0,600.0,,true
727,500.0,158.0,,true
728,125.0,494.0,,true
729,40.0,386.0,,true
730,350.0,143.0,,true
731,500.0,186.0,,false
732,500.0,397.0,,false
733,3300.0,24.0,,false
734,3300.0,21.0,,false
735,3300.0,26.0,,false
736,60.0,187.0,,false
737,60.0,189.0,,false
738,60.0,216.0,,false
739,60.0,229.0,,false
740,800.0,4.0,,false
741,60.0,83.0,,false
742,60.0,119.0,,false
743,60.0,117.0,,false
744,60.0,118.0,,false
745,60.0,102.0,,false
746,60.0,83.0,,false
747,60.0,108.0,,false
748,60.0,91.0,,false
749,100.0,214.0,,false
750,100.0,216.0,,false
751,900.0,10.0,,false
752,1150.0,15.0,,false
753,1000.0,5.0,,false
754,1350.0,46.0,,true
755,500.0,56.0,,true
756,5000.0,20.0,,true
757,2200.0,139.0,,true
758,3500.0,239.0,,true
759,5000.0,600.0,,true
760,500.0,157.0,,true
761,125.0,476.0,,true
762,40.0,454.0,,true
763,350.0,170.0,,true
764,500.0,184.0,,false
765,500.0,494.0,,false
766,3300.0,27.0,,false
767,3300.0,27.0,,false
768,3300.0,21.0,,false
769,60.0,246.0,,false
770,60.0,198.0,,false
771,60.0,221.0,,false
772,60.0,232.0,,false
773,800.0,6.0,,false
774,60.0,89.0,,false
775,60.0,96.0,,false
776,60.0,93.0,,false
777,60.0,86.0,,false
778,60.0,96.0,,false
779,60.0,91.0,,false
780,60.0,93.0,,false
781,60.0,116.0,,false
782,60.0,100.0,,false
783,60.0,119.0,,false
784,100.0,238.0,,false
785,100.0,214.0,,false
786,900.0,7.0,,false
787,1150.0,17.0,,false
788,1000.0,8.0,,false
789,1350.0,48.0,,true
790,500.0,58.0,,true
791,5000.0,19.0,,true
792,2200.0,131.0,,true
793,3500.0,233.0,,true
794,5000.0,600.0,,true
795,500.0,153.0,,true
796,125.0,491.0,,true
797,40.0,414.0,,true
798,350.0,180.0,,true
799,500.0,181.0,,false
800,500.0,535.0,,false
801,3300.0,23.0,,false
802,3300.0,25.0,,false
803,3300.0,23.0,,false
804,60.0,181.0,,false
805,60.0,225.0,,false
806,60.0,174.0,,false
807,800.0,6.0,,false
808,60.0,93.0,,false
809,60.0,86.0,,false
810,60.0,94.0,,false
811,60.0,91.0,,false
812,60.0,89.0,,false
813,60.0,91.0,,false
814,60.0,99.0,,false
815,60.0,119.0,,false
816,100.0,233.0,,false
817,100.0,212.0,,false
818,900.0,8.0,,false
819,1150.0,16.0,,false
820,1000.0,8.0,,false
821,1350.0,50.0,,true
822,500.0,56.0,,true
823,5000.0,19.0,,true
824,2200.0,139.0,,true
825,3500.0,252.0,,true
826,5000.0,600.0,,true
827,500.0,142.0,,true
828,125.0,544.0,,true
829,40.0,387.0,,true
830,350.0,172.0,,true
831,500.0,182.0,,false
832,500.0,421.0,,false
833,3300.0,25.0,,false
834,3300.0,23.0,,false
835,3300.0,29.0,,false
836,60.0,202.0,,false
837,60.0,239.0,,false
838,60.0,200.0,,false
839,800.0,6.0,,false
840,60.0,81.0,,false
841,60.0,113.0,,false
842,60.0,100.0,,false
843,60.0,104.0,,false
844,60.0,102.0,,false
845,60.0,111.0,,false
846,60.0,90.0,,false
847,60.0,117.0,,false
848,100.0,202.0,,false
849,100.0,207.0,,false
850,900.0,7.0,,false
851,1150.0,13.0,,false
852,1000.0,8.0,,false
853,1350.0,50.0,,true
854,500.0,58.0,,true
855,5000.0,18.0,,true
856,2200.0,140.0,,true
857,3500.0,284.0,,true
858,5000.0,600.0,,true
859,500.0,144.0,,true
860,125.0,490.0,,true
861,40.0,420.0,,true
862,350.0,147.0,,true
863,500.0,188.0,,false
864,500.0,557.0,,false
865,3300.0,28.0,,false
866,3300.0,24.0,,false
867,3300.0,24.0,,false
868,60.0,208.0,,false
869,60.0,188.0,,false
870,60.0,226.0,,false
871,60.0,162.0,,false
872,800.0,5.0,,false
873,60.0,108.0,,false
874,60.0,117.0,,false
875,60.0,85.0,,false
876,60.0,86.0,,false
877,60.0,84.0,,false
878,60.0,94.0,,false
879,60.0,102.0,,false
880,60.0,93.0,,false
881,60.0,119.0,,false
882,60.0,119.0,,false
883,100.0,222.0,,false
884,100.0,192.0,,false
885,900.0,9.0,,false
886,1150.0,14.0,,false
887,1000.0,7.0,,false
888,1350.0,46.0,,true
889,500.0,59.0,,true
890,5000.0,19.0,,true
891,2200.0,136.0,,true
892,3500.0,347.0,,true
893,5000.0,600.0,,true
894,500.0,152.0,,true
895,125.0,512.0,,true
896,40.0,385.0,,true
897,350.0,171.0,,true
898,500.0,189.0,,false
899,500.0,305.0,,false
900,3300.0,23.0,,false
901,3300.0,23.0,,false
902,3300.0,28.0,,false
903,60.0,228.0,,false
904,60.0,203.0,,false
905,60.0,183.0,,false
906,60.0,185.0,,false
907,800.0,6.0,,false
908,60.0,118.0,,false
909,60.0,114.0,,false
910,60.0,108.0,,false
911,60.0,81.0,,false
912,60.0,100.0,,false
913,60.0,117.0,,false
914,60.0,93.0,,false
915,100.0,209.0,,false
916,100.0,196.0,,false
917,900.0,10.0,,false
918,1150.0,16.0,,false
919,1000.0,7.0,,false
920,1350.0,47.0,,true
921,500.0,58.0,,true
922,5000.0,20.0,,true
923,2200.0,136.0,,true
924,3500.0,226.0,,true
925,5000.0,600.0,,true
926,500.0,152.0,,true
927,125.0,543.0,,true
928,40.0,368.0,,true
929,350.0,170.0,,true
930,500.0,199.0,,false
931,500.0,428.0,,false
932,3300.0,29.0,,false
933,3300.0,28.0,,false
934,3300.0,21.0,,false
935,60.0,219.0,,false
936,60.0,221.0,,false
937,60.0,220.0,,false
938,800.0,4.0,,false
939,60.0,107.0,,false
940,60.0,112.0,,false
941,60.0,104.0,,false
942,60.0,92.0,,false
943,60.0,100.0,,false
944,60.0,107.0,,false
945,60.0,107.0,,false
946,100.0,240.0,,false
947,100.0,229.0,,false
948,900.0,8.0,,false
949,1150.0,15.0,,false
950,1000.0,8.0,,false
951,1350.0,47.0,,true
952,500.0,58.0,,true
953,5000.0,18.0,,true
954,2200.0,133.0,,true
955,3500.0,306.0,,true
956,5000.0,600.0,,true
957,500.0,148.0,,true
958,125.0,466.0,,true
959,40.0,353.0,,true
960,350.0,175.0,,true
961,500.0,183.0,,false
962,500.0,441.0,,false
963,3300.0,29.0,,false
964,3300.0,30.0,,false
965,3300.0,26.0,,false
966,60.0,224.0,,false
967,60.0,183.0,,false
968,60.0,216.0,,false
969,60.0,237.0,,false
970,800.0,6.0,,false
971,60.0,101.0,,false
972,60.0,96.0,,false
973,60.0,103.0,,false
974,60.0,116.0,,false
975,60.0,96.0,,false
976,60.0,119.0,,false
977,60.0,88.0,,false
978,100.0,187.0,,false
979,100.0,249.0,,false
980,900.0,8.0,,false
981,1150.0,18.0,,false
982,1000.0,8.0,,false
983,1350.0,46.0,,true
984,500.0,57.0,,true
985,5000.0,20.0,,true
986,2200.0,140.0,,true
987,3500.0,295.0,,true
988,5000.0,600.0,,true
989,500.0,155.0,,true
990,125.0,550.0,,true
991,40.0,390.0,,true
992,350.0,175.0,,true
993,500.0,191.0,,false
994,500.0,340.0,,false
995,3300.0,27.0,,false
996,3300.0,27.0,,false
997,3300.0,29.0,,false
998,60.0,219.0,,false
999,60.0,245.0,,false
1000,60.0,205.0,,false
1001,800.0,6.0,,false
1002,60.0,83.0,,false
1003,60.0,118.0,,false
1004,60.0,97.0,,false
1005,60.0,106.0,,false
1006,60.0,87.0,,false
1007,60.0,83.0,,false
1008,60.0,84.0,,false
1009,60.0,119.0,,false
1010,60.0,90.0,,false
1011,60.0,95.0,,false
1012,100.0,231.0,,false
1013,100.0,210.0,,false
1014,900.0,8.0,,false
1015,1150.0,13.0,,false
1016,1000.0,8.0,,false
1017,1350.0,47.0,,true
1018,500.0,59.0,,true
1019,5000.0,16.0,,true
1020,2200.0,139.0,,true
1021,3500.0,389.0,,true
1022,5000.0,600.0,,true
1023,500.0,145.0,,true
1024,125.0,509.0,,true
1025,40.0,389.0,,true
1026,350.0,146.0,,true
1027,500.0,195.0,,false
1028,500.0,541.0,,false
1029,3300.0,29.0,,false
1030,3300.0,26.0,,false
1031,3300.0,24.0,,false
1032,60.0,193.0,,false
1033,60.0,238.0,,false
1034,60.0,230.0,,false
1035,800.0,4.0,,false
1036,60.0,88.0,,false
1037,60.0,120.0,,false
1038,60.0,105.0,,false
1039,60.0,114.0,,false
1040,60.0,87.0,,false
1041,60.0,86.0,,false
1042,60.0,92.0,,false
1043,60.0,101.0,,false
1044,60.0,115.0,,false
1045,100.0,199.0,,false
1046,100.0,245.0,,false
1047,900.0,7.0,,false
1048,1150.0,16.0,,false
1049,1000.0,6.0,,false
1050,1350.0,50.0,,true
1051,500.0,56.0,,true
1052,5000.0,16.0,,true
1053,2200.0,131.0,,true
1054,3500.0,239.0,,true
1055,5000.0,600.0,,true
1056,500.0,142.0,,true
1057,125.0,546.0,,true
1058,40.0,363.0,,true
1059,350.0,178.0,,true
1060,500.0,193.0,,false
1061,500.0,516.0,,false
1062,3300.0,23.0,,false
1063,3300.0,23.0,,false
1064,3300.0,29.0,,false
1065,60.0,248.0,,false
1066,60.0,185.0,,false
1067,60.0,158.0,,false
1068,800.0,4.0,,false
1069,60.0,86.0,,false
1070,60.0,103.0,,false
1071,60.0,116.0,,false
1072,60.0,87.0,,false
1073,60.0,94.0,,false
1074,60.0,104.0,,false
1075,60.0,88.0,,false
1076,60.0,93.0,,false
1077,60.0,120.0,,false
1078,60.0,88.0,,false
1079,100.0,206.0,,false
1080,100.0,202.0,,false
1081,900.0,7.0,,false
1082,1150.0,17.0,,false
1083,1000.0,6.0,,false
1084,1350.0,47.0,,true
1085,500.0,58.0,,true
1086,5000.0,16.0,,true
1087,2200.0,135.0,,true
1088,3500.0,238.0,,true
1089,5000.0,600.0,,true
1090,500.0,150.0,,true
1091,125.0,548.0,,true
1092,40.0,393.0,,true
1093,350.0,177.0,,true
1094,500.0,179.0,,false
1095,500.0,510.0,,false
1096,3300.0,29.0,,false
1097,3300.0,28.0,,false
1098,3300.0,23.0,,false
1099,60.0,182.0,,false
1100,60.0,207.0,,false
1101,60.0,238.0,,false
1102,800.0,6.0,,false
1103,60.0,93.0,,false
1104,60.0,113.0,,false
1105,60.0,97.0,,false
1106,60.0,104.0,,false
1107,60.0,83.0,,false
1108,60.0,114.0,,false
1109,60.0,87.0,,false
1110,100.0,219.0,,false
1111,100.0,250.0,,false
1112,900.0,8.0,,false
1113,1150.0,14.0,,false
1114,1000.0,8.0,,false
1115,1350.0,46.0,,true
1116,500.0,56.0,,true
1117,5000.0,20.0,,true
1118,2200.0,131.0,,true
1119,3500.0,210.0,,true
1120,5000.0,600.0,,true
1121,500.0,155.0,,true
1122,125.0,454.0,,true
1123,40.0,448.0,,true
1124,350.0,141.0,,true
1125,500.0,197.0,,false
1126,500.0,469.0,,false
1127,3300.0,23.0,,false
1128,3300.0,25.0,,false
1129,3300.0,24.0,,false
1130,60.0,154.0,,false
1131,60.0,190.0,,false
1132,60.0,180.0,,false
1133,800.0,5.0,,false
1134,60.0,116.0,,false
1135,60.0,107.0,,false
1136,60.0,113.0,,false
1137,60.0,117.0,,false
1138,60.0,94.0,,false
1139,60.0,109.0,,false
1140,100.0,247.0,,false
1141,100.0,191.0,,false
1142,900.0,8.0,,false
1143,1150.0,16.0,,false
1144,1000.0,5.0,,false
1145,1350.0,50.0,,true
1146,500.0,59.0,,true
1147,5000.0,19.0,,true
1148,2200.0,135.0,,true
1149,3500.0,348.0,,true
1150,5000.0,600.0,,true
1151,500.0,151.0,,true
1152,125.0,542.0,,true
1153,40.0,371.0,,true
1154,350.0,170.0,,true
1155,500.0,179.0,,false
1156,500.0,545.0,,false
1157,3300.0,28.0,,false
1158,3300.0,26.0,,false
1159,3300.0,26.0,,false
1160,60.0,175.0,,false
1161,60.0,219.0,,false
1162,60.0,236.0,,false
1163,60.0,183.0,,false
1164,800.0,4.0,,false
1165,60.0,104.0,,false
1166,60.0,96.0,,false
1167,60.0,115.0,,false
1168,60.0,98.0,,false
1169,60.0,101.0,,false
1170,60.0,100.0,,false
1171,100.0,187.0,,false
1172,100.0,208.0,,false
1173,900.0,7.0,,false
1174,1150.0,14.0,,false
1175,1000.0,6.0,,false
1176,1350.0,49.0,,true
1177,500.0,58.0,,true
1178,5000.0,18.0,,true
1179,2200.0,133.0,,true
1180,3500.0,344.0,,true
1181,5000.0,600.0,,true
1182,500.0,153.0,,true
1183,125.0,465.0,,true
1184,40.0,425.0,,true
1185,350.0,147.0,,true
1186,500.0,171.0,,false
1187,500.0,423.0,,false
1188,3300.0,29.0,,false
1189,3300.0,24.0,,false
1190,3300.0,27.0,,false
1191,60.0,240.0,,false
1192,60.0,206.0,,false
1193,60.0,163.0,,false
1194,60.0,155.0,,false
1195,800.0,5.0,,false
1196,60.0,91.0,,false
1197,60.0,83.0,,false
1198,60.0,105.0,,false
1199,60.0,108.0,,false
1200,60.0,107.0,,false
1201,60.0,84.0,,false
1202,100.0,236.0,,false
1203,100.0,191.0,,false
1204,900.0,10.0,,false
1205,1150.0,13.0,,false
1206,1000.0,8.0,,false
1207,1350.0,48.0,,true
1208,500.0,57.0,,true
1209,5000.0,19.0,,true
1210,2200.0,137.0,,true
1211,3500.0,271.0,,true
1212,5000.0,600.0,,true
1213,500.0,141.0,,true
1214,125.0,471.0,,true
1215,40.0,416.0,,true
1216,350.0,167.0,,true
1217,500.0,182.0,,false
1218,500.0,301.0,,false
1219,3300.0,29.0,,false
1220,3300.0,22.0,,false
1221,3300.0,27.0,,false
1222,60.0,209.0,,false
1223,60.0,221.0,,false
1224,60.0,202.0,,false
1225,800.0,5.0,,false
1226,60.0,109.0,,false
1227,60.0,98.0,,false
1228,60.0,119.0,,false
1229,60.0,88.0,,false
1230,60.0,105.0,,false
1231,60.0,92.0,,false
1232,60.0,99.0,,false
1233,60.0,108.0,,false
1234,100.0,234.0,,false
1235,100.0,208.0,,false
1236,900.0,7.0,,false
1237,1150.0,18.0,,false
1238,1000.0,6.0,,false
1239,1350.0,48.0,,true
1240,500.0,60.0,,true
1241,5000.0,20.0,,true
1242,2200.0,133.0,,true
1243,3500.0,289.0,,true
1244,5000.0,600.0,,true
1245,500.0,151.0,,true
1246,125.0,487.0,,true
1247,40.0,402.0,,true
1248,350.0,170.0,,true
1249,500.0,189.0,,false
1250,500.0,494.0,,false
1251,3300.0,21.0,,false
1252,3300.0,28.0,,false
1253,3300.0,30.0,,false
1254,60.0,246.0,,false
1255,60.0,179.0,,false
1256,60.0,154.0,,false
1257,60.0,195.0,,false
1258,800.0,4.0,,false
1259,60.0,117.0,,false
1260,60.0,98.0,,false
1261,60.0,88.0,,false
1262,60.0,88.0,,false
1263,60.0,109.0,,false
1264,60.0,109.0,,false
1265,60.0,115.0,,false
1266,100.0,218.0,,false
1267,100.0,192.0,,false
1268,900.0,9.0,,false
1269,1150.0,18.0,,false
1270,1000.0,6.0,,false
1271,1350.0,48.0,,true
1272,500.0,60.0,,true
1273,5000.0,17.0,,true
1274,2200.0,137.0,,true
1275,3500.0,315.0,,true
1276,5000.0,600.0,,true
1277,500.0,156.0,,true
1278,125.0,465.0,,true
1279,40.0,352.0,,true
1280,350.0,159.0,,true
1281,500.0,193.0,,false
1282,500.0,436.0,,false
1283,3300.0,21.0,,false
1284,3300.0,27.0,,false
1285,3300.0,21.0,,false
1286,60.0,209.0,,false
1287,60.0,234.0,,false
1288,60.0,151.0,,false
1289,800.0,4.0,,false
1290,60.0,119.0,,false
1291,60.0,97.0,,false
1292,60.0,93.0,,false
1293,60.0,82.0,,false
1294,60.0,83.0,,false
1295,60.0,94.0,,false
1296,60.0,81.0,,false
1297,60.0,88.0,,false
1298,100.0,245.0,,false
1299,100.0,187.0,,false
1300,900.0,8.0,,false
1301,1150.0,13.0,,false
1302,1000.0,5.0,,false
1303,1350.0,50.0,,true
1304,500.0,56.0,,true
1305,5000.0,20.0,,true
1306,2200.0,140.0,,true
1307,3500.0,254.0,,true
1308,5000.0,600.0,,true
1309,500.0,153.0,,true
1310,125.0,476.0,,true
1311,40.0,449.0,,true
1312,350.0,168.0,,true
1313,500.0,174.0,,false
1314,500.0,333.0,,false
1315,3300.0,26.0,,false
1316,3300.0,30.0,,false
1317,3300.0,21.0,,false
1318,60.0,176.0,,false
1319,60.0,246.0,,false
1320,60.0,207.0,,false
1321,800.0,4.0,,false
1322,60.0,104.0,,false
1323,60.0,112.0,,false
1324,60.0,118.0,,false
1325,60.0,107.0,,false
1326,60.0,100.0,,false
1327,60.0,119.0,,false
1328,60.0,87.0,,false
1329,60.0,98.0,,false
1330,60.0,113.0,,false
1331,100.0,188.0,,false
1332,100.0,230.0,,false
1333,900.0,8.0,,false
1334,1150.0,15.0,,false
1335,1000.0,5.0,,false
1336,1350.0,49.0,,true
1337,500.0,57.0,,true
1338,5000.0,19.0,,true
1339,2200.0,137.0,,true
1340,3500.0,224.0,,true
1341,5000.0,600.0,,true
1342,500.0,154.0,,true
1343,125.0,469.0,,true
1344,40.0,383.0,,true
1345,350.0,158.0,,true
1346,500.0,185.0,,false
1347,500.0,434.0,,false
1348,3300.0,24.0,,false
1349,3300.0,23.0,,false
1350,3300.0,23.0,,false
1351,60.0,163.0,,false
1352,60.0,185.0,,false
1353,60.0,162.0,,false
1354,60.0,203.0,,false
1355,800.0,5.0,,false
1356,60.0,83.0,,false
1357,60.0,85.0,,false
1358,60.0,88.0,,false
1359,60.0,86.0,,false
1360,60.0,99.0,,false
1361,60.0,98.0,,false
1362,60.0,105.0,,false
1363,60.0,105.0,,false
1364,60.0,116.0,,false
1365,100.0,223.0,,false
1366,100.0,211.0,,false
1367,900.0,8.0,,false
1368,1150.0,16.0,,false
1369,1000.0,5.0,,false
1370,1350.0,50.0,,true
1371,500.0,57.0,,true
1372,5000.0,18.0,,true
1373,2200.0,135.0,,true
1374,3500.0,316.0,,true
1375,5000.0,600.0,,true
1376,500.0,147.0,,true
1377,125.0,534.0,,true
1378,40.0,426.0,,true
1379,350.0,169.0,,true
1380,500.0,172.0,,false
1381,500.0,372.0,,false
1382,3300.0,26.0,,false
1383,3300.0,21.0,,false
1384,3300.0,27.0,,false
1385,60.0,189.0,,false
1386,60.0,248.0,,false
1387,60.0,151.0,,false
1388,60.0,184.0,,false
1389,800.0,4.0,,false
1390,60.0,83.0,,false
1391,60.0,98.0,,false
1392,60.0,88.0,,false
1393,60.0,119.0,,false
1394,60.0,88.0,,false
1395,60.0,105.0,,false
1396,60.0,99.0,,false
1397,100.0,206.0,,false
1398,100.0,248.0,,false
1399,900.0,10.0,,false
1400,1150.0,16.0,,false
1401,1000.0,7.0,,false
1402,1350.0,47.0,,true
1403,500.0,56.0,,true
1404,5000.0,16.0,,true
1405,2200.0,134.0,,true
1406,3500.0,208.0,,true
1407,5000.0,600.0,,true
1408,500.0,159.0,,true
1409,125.0,476.0,,true
1410,40.0,380.0,,true
1411,350.0,155.0,,true
1412,500.0,172.0,,false
1413,500.0,368.0,,false
1414,3300.0,25.0,,false
1415,3300.0,24.0,,false
1416,3300.0,29.0,,false
1417,60.0,205.0,,false
1418,60.0,219.0,,false
1419,60.0,194.0,,false
1420,800.0,4.0,,false
1421,60.0,99.0,,false
1422,60.0,90.0,,false
1423,60.0,120.0,,false
1424,60.0,109.0,,false
1425,60.0,87.0,,false
1426,60.0,118.0,,false
1427,60.0,113.0,,false
1428,60.0,108.0,,false
1429,60.0,117.0,,false
1430,100.0,202.0,,false
1431,100.0,203.0,,false
1432,900.0,10.0,,false
1433,1150.0,15.0,,false
1434,1000.0,5.0,,false
1435,1350.0,46.0,,true
1436,500.0,59.0,,true
1437,5000.0,20.0,,true
1438,2200.0,134.0,,true
1439,3500.0,273.0,,true
1440,5000.0,600.0,,true
1441,500.0,145.0,,true
1442,125.0,487.0,,true
1443,40.0,417.0,,true
1444,350.0,144.0,,true
1445,500.0,195.0,,false
1446,500.0,493.0,,false
1447,3300.0,23.0,,false
1448,3300.0,25.0,,false
1449,3300.0,22.0,,false
1450,60.0,237.0,,false
1451,60.0,195.0,,false
1452,60.0,162.0,,false
1453,60.0,167.0,,false
1454,800.0,6.0,,false
1455,60.0,101.0,,false
1456,60.0,83.0,,false
1457,60.0,81.0,,false
1458,60.0,88.0,,false
1459,60.0,97.0,,false
1460,60.0,87.0,,false
1461,60.0,106.0,,false
1462,100.0,250.0,,false
1463,100.0,197.0,,false
1464,900.0,7.0,,false
1465,1150.0,14.0,,false
1466,1000.0,8.0,,false
1467,1350.0,49.0,,true
1468,500.0,60.0,,true
1469,5000.0,20.0,,true
1470,2200.0,135.0,,true
1471,3500.0,359.0,,true
1472,5000.0,600.0,,true
1473,500.0,141.0,,true
1474,125.0,482.0,,true
1475,40.0,431.0,,true
1476,350.0,148.0,,true
1477,500.0,198.0,,false
1478,500.0,563.0,,false
1479,3300.0,26.0,,false
1480,3300.0,29.0,,false
1481,3300.0,26.0,,false
1482,60.0,241.0,,false
1483,60.0,202.0,,false
1484,60.0,241.0,,false
1485,800.0,4.0,,false
1486,60.0,102.0,,false
1487,60.0,105.0,,false
1488,60.0,116.0,,false
1489,60.0,101.0,,false
1490,60.0,98.0,,false
1491,60.0,88.0,,false
1492,60.0,92.0,,false
1493,100.0,190.0,,false
1494,100.0,235.0,,false
1495,900.0,9.0,,false
1496,1150.0,13.0,,false
1497,1000.0,5.0,,false
1498,1350.0,47.0,,true
1499,500.0,56.0,,true
1500,5000.0,16.0,,true
1501,2200.0,136.0,,true
1502,3500.0,305.0,,true
1503,5000.0,600.0,,true
1504,500.0,141.0,,true
1505,125.0,516.0,,true
1506,40.0,459.0,,true
1507,350.0,160.0,,true
1508,500.0,172.0,,false
1509,500.0,391.0,,false
1510,3300.0,24.0,,false
1511,3300.0,24.0,,false
1512,3300.0,25.0,,false
1513,60.0,205.0,,false
1514,60.0,201.0,,false
1515,60.0,183.0,,false
1516,800.0,4.0,,false
1517,60.0,110.0,,false
1518,60.0,98.0,,false
1519,60.0,119.0,,false
1520,60.0,119.0,,false
1521,60.0,91.0,,false
1522,60.0,114.0,,false
1523,60.0,87.0,,false
1524,60.0,113.0,,false
1525,100.0,214.0,,false
1526,100.0,221.0,,false
1527,900.0,10.0,,false
1528,1150.0,16.0,,false
1529,1000.0,7.0,,false
1530,1350.0,46.0,,true
1531,500.0,59.0,,true
1532,5000.0,16.0,,true
1533,2200.0,139.0,,true
1534,3500.0,271.0,,true
1535,5000.0,600.0,,true
1536,500.0,157.0,,true
1537,125.0,544.0,,true
1538,40.0,452.0,,true
1539,350.0,156.0,,true
1540,500.0,181.0,,false
1541,500.0,384.0,,false
1542,3300.0,30.0,,false
1543,3300.0,21.0,,false
1544,3300.0,28.0,,false
1545,60.0,181.0,,false
1546,60.0,223.0,,false
1547,60.0,202.0,,false
1548,60.0,152.0,,false
1549,800.0,6.0,,false
1550,60.0,115.0,,false
1551,60.0,83.0,,false
1552,60.0,95.0,,false
1553,60.0,119.0,,false
1554,60.0,106.0,,false
1555,60.0,106.0,,false
1556,100.0,236.0,,false
1557,100.0,193.0,,false
1558,900.0,7.0,,false
1559,1150.0,16.0,,false
1560,1000.0,6.0,,false
1561,1350.0,46.0,,true
1562,500.0,59.0,,true
1563,5000.0,20.0,,true
1564,2200.0,136.0,,true
1565,3500.0,258.0,,true
1566,5000.0,600.0,,true
1567,500.0,147.0,,true
1568,125.0,545.0,,true
1569,40.0,412.0,,true
1570,350.0,146.0,,true
1571,500.0,175.0,,false
1572,500.0,361.0,,false
1573,3300.0,25.0,,false
1574,3300.0,23.0,,false
1575,3300.0,28.0,,false
1576,60.0,174.0,,false
1577,60.0,244.0,,false
1578,60.0,222.0,,false
1579,800.0,4.0,,false
1580,60.0,89.0,,false
1581,60.0,89.0,,false
1582,60.0,108.0,,false
1583,60.0,86.0,,false
1584,60.0,105.0,,false
1585,60.0,88.0,,false
1586,60.0,117.0,,false
1587,60.0,118.0,,false
1588,60.0,116.0,,false
1589,100.0,192.0,,false
1590,100.0,250.0,,false
1591,900.0,7.0,,false
1592,1150.0,18.0,,false
1593,1000.0,8.0,,false
1594,1350.0,49.0,,true
1595,500.0,58.0,,true
1596,5000.0,20.0,,true
1597,2200.0,140.0,,true
1598,3500.0,211.0,,true
1599,5000.0,600.0,,true
1600,500.0,160.0,,true
1601,125.0,527.0,,true
1602,40.0,430.0,,true
1603,350.0,145.0,,true
1604,500.0,199.0,,false
1605,500.0,491.0,,false
1606,3300.0,27.0,,false
1607,3300.0,28.0,,false
1608,3300.0,29.0,,false
1609,60.0,245.0,,false
1610,60.0,175.0,,false
1611,60.0,242.0,,false
1612,800.0,6.0,,false
1613,60.0,87.0,,false
1614,60.0,102.0,,false
1615,60.0,86.0,,false
1616,60.0,102.0,,false
1617,60.0,91.0,,false
1618,60.0,119.0,,false
1619,60.0,93.0,,false
1620,100.0,217.0,,false
1621,100.0,187.0,,false
1622,900.0,10.0,,false
1623,1150.0,15.0,,false
1624,1000.0,5.0,,false
1625,1350.0,50.0,,true
1626,500.0,60.0,,true
1627,5000.0,19.0,,true
1628,2200.0,137.0,,true
1629,3500.0,272.0,,true
1630,5000.0,600.0,,true
1631,500.0,151.0,,true
1632,125.0,461.0,,true
1633,40.0,369.0,,true
1634,350.0,155.0,,true
1635,500.0,183.0,,false
1636,500.0,539.0,,false
1637,3300.0,28.0,,false
1638,3300.0,21.0,,false
1639,3300.0,24.0,,false
1640,60.0,197.0,,false
1641,60.0,170.0,,false
1642,60.0,182.0,,false
1643,60.0,152.0,,false
1644,800.0,5.0,,false
1645,60.0,99.0,,false
1646,60.0,100.0,,false
1647,60.0,95.0,,false
1648,60.0,87.0,,false
1649,60.0,111.0,,false
1650,60.0,108.0,,false
1651,100.0,233.0,,false
1652,100.0,189.0,,false
1653,900.0,8.0,,false
1654,1150.0,16.0,,false
1655,1000.0,5.0,,false
1656,1350.0,46.0,,true
1657,500.0,56.0,,true
1658,5000.0,18.0,,true
1659,2200.0,133.0,,true
1660,3500.0,229.0,,true
1661,5000.0,600.0,,true
1662,500.0,155.0,,true
1663,125.0,466.0,,true
1664,40.0,432.0,,true
1665,350.0,170.0,,true
1666,500.0,193.0,,false
1667,500.0,547.0,,false
1668,3300.0,24.0,,false
1669,3300.0,23.0,,false
1670,3300.0,22.0,,false
1671,60.0,235.0,,false
1672,60.0,194.0,,false
1673,60.0,153.0,,false
1674,60.0,168.0,,false
1675,800.0,5.0,,false
1676,60.0,81.0,,false
1677,60.0,114.0,,false
1678,60.0,113.0,,false
1679,60.0,110.0,,false
1680,60.0,113.0,,false
1681,60.0,104.0,,false
1682,60.0,117.0,,false
1683,60.0,88.0,,false
1684,60.0,105.0,,false
1685,100.0,199.0,,false
1686,100.0,226.0,,false
1687,900.0,8.0,,false
1688,1150.0,16.0,,false
1689,1000.0,7.0,,false
1690,1350.0,47.0,,true
1691,500.0,58.0,,true
1692,5000.0,17.0,,true
1693,2200.0,137.0,,true
1694,3500.0,241.0,,true
1695,5000.0,600.0,,true
1696,500.0,141.0,,true
1697,125.0,530.0,,true
1698,40.0,369.0,,true
1699,350.0,144.0,,true
1700,500.0,196.0,,false
1701,500.0,301.0,,false
1702,3300.0,29.0,,false
1703,3300.0,22.0,,false
1704,3300.0,29.0,,false
1705,60.0,218.0,,false
1706,60.0,224.0,,false
1707,60.0,221.0,,false
1708,800.0,6.0,,false
1709,60.0,108.0,,false
1710,60.0,93.0,,false
1711,60.0,107.0,,false
1712,60.0,102.0,,false
1713,60.0,116.0,,false
1714,60.0,97.0,,false
1715,60.0,94.0,,false
1716,60.0,110.0,,false
1717,60.0,113.0,,false
1718,100.0,197.0,,false
1719,100.0,247.0,,false
1720,900.0,9.0,,false
1721,1150.0,14.0,,false
1722,1000.0,5.0,,false
1723,1350.0,50.0,,true
1724,500.0,57.0,,true
1725,5000.0,18.0,,true
1726,2200.0,139.0,,true
1727,3500.0,347.0,,true
1728,5000.0,600.0,,true
1729,500.0,149.0,,true
1730,125.0,470.0,,true
1731,40.0,391.0,,true
1732,350.0,141.0,,true
1733,500.0,193.0,,false
1734,500.0,346.0,,false
1735,3300.0,22.0,,false
1736,3300.0,24.0,,false
1737,3300.0,28.0,,false
1738,60.0,188.0,,false
1739,60.0,239.0,,false
1740,60.0,236.0,,false
1741,800.0,5.0,,false
1742,60.0,119.0,,false
1743,60.0,108.0,,false
1744,60.0,101.0,,false
1745,60.0,104.0,,false
1746,60.0,83.0,,false
1747,60.0,112.0,,false
1748,60.0,116.0,,false
1749,60.0,106.0,,false
1750,60.0,104.0,,false
1751,60.0,110.0,,false
1752,100.0,220.0,,false
1753,100.0,187.0,,false
1754,900.0,8.0,,false
1755,1150.0,13.0,,false
1756,1000.0,7.0,,false
1757,1350.0,49.0,,true
1758,500.0,59.0,,true
1759,5000.0,16.0,,true
1760,2200.0,132.0,,true
1761,3500.0,292.0,,true
1762,5000.0,600.0,,true
1763,500.0,160.0,,true
1764,125.0,478.0,,true
1765,40.0,358.0,,true
1766,350.0,172.0,,true
1767,500.0,192.0,,false
1768,500.0,429.0,,false
1769,3300.0,25.0,,false
1770,3300.0,21.0,,false
1771,3300.0,27.0,,false
1772,60.0,242.0,,false
1773,60.0,244.0,,false
1774,60.0,238.0,,false
1775,60.0,176.0,,false
1776,800.0,6.0,,false
1777,60.0,82.0,,false
1778,60.0,84.0,,false
1779,60.0,102.0,,false
1780,60.0,94.0,,false
1781,60.0,104.0,,false
1782,60.0,109.0,,false
1783,60.0,90.0,,false
1784,60.0,119.0,,false
1785,60.0,101.0,,false
1786,100.0,186.0,,false
1787,100.0,198.0,,false
1788,900.0,10.0,,false
1789,1150.0,16.0,,false
1790,1000.0,6.0,,false
1791,1350.0,48.0,,true
1792,500.0,56.0,,true
1793,5000.0,16.0,,true
1794,2200.0,137.0,,true
1795,3500.0,344.0,,true
1796,5000.0,600.0,,true
1797,500.0,154.0,,true
1798,125.0,532.0,,true
1799,40.0,398.0,,true
1800,350.0,166.0,,true
1801,500.0,186.0,,false
1802,500.0,571.0,,false
1803,3300.0,23.0,,false
1804,3300.0,30.0,,false
1805,3300.0,24.0,,false
1806,60.0,225.0,,false
1807,60.0,220.0,,false
1808,60.0,160.0,,false
1809,60.0,217.0,,false
1810,800.0,6.0,,false
1811,60.0,92.0,,false
1812,60.0,87.0,,false
1813,60.0,107.0,,false
1814,60.0,84.0,,false
1815,60.0,89.0,,false
1816,60.0,115.0,,false
1817,60.0,82.0,,false
1818,100.0,244.0,,false
1819,100.0,185.0,,false
1820,900.0,10.0,,false
1821,1150.0,15.0,,false
1822,1000.0,6.0,,false
1823,1350.0,46.0,,true
1824,500.0,57.0,,true
1825,5000.0,20.0,,true
1826,2200.0,139.0,,true
1827,3500.0,340.0,,true
1828,5000.0,600.0,,true
1829,500.0,146.0,,true
1830,125.0,504.0,,true
1831,40.0,391.0,,true
1832,350.0,151.0,,true
1833,500.0,178.0,,false
1834,500.0,317.0,,false
1835,3300.0,27.0,,false
1836,3300.0,23.0,,false
1837,3300.0,26.0,,false
1838,60.0,237.0,,false
1839,60.0,169.0,,false
1840,60.0,218.0,,false
1841,800.0,5.0,,false
1842,60.0,109.0,,false
1843,60.0,113.0,,false
1844,60.0,97.0,,false
1845,60.0,95.0,,false
1846,60.0,116.0,,false
1847,60.0,85.0,,false
1848,100.0,195.0,,false
1849,100.0,236.0,,false
1850,900.0,10.0,,false
1851,1150.0,16.0,,false
1852,1000.0,6.0,,false
1853,1350.0,46.0,,true
1854,500.0,57.0,,true
1855,5000.0,20.0,,true
1856,2200.0,140.0,,true
1857,3500.0,346.0,,true
1858,5000.0,600.0,,true
1859,500.0,146.0,,true
1860,125.0,482.0,,true
1861,40.0,351.0,,true
1862,350.0,156.0,,true
1863,500.0,173.0,,false
1864,500.0,582.0,,false
1865,3300.0,25.0,,false
1866,3300.0,28.0,,false
1867,3300.0,30.0,,false
1868,60.0,231.0,,false
1869,60.0,211.0,,false
1870,60.0,207.0,,false
1871,60.0,185.0,,false
1872,800.0,4.0,,false
1873,60.0,89.0,,false
1874,60.0,98.0,,false
1875,60.0,107.0,,false
1876,60.0,96.0,,false
1877,60.0,82.0,,false
1878,60.0,113.0,,false
1879,60.0,115.0,,false
1880,60.0,81.0,,false
1881,100.0,209.0,,false
1882,100.0,249.0,,false
1883,900.0,9.0,,false
1884,1150.0,18.0,,false
1885,1000.0,8.0,,false
1886,1350.0,47.0,,true
1887,500.0,57.0,,true
1888,5000.0,17.0,,true
1889,2200.0,139.0,,true
1890,3500.0,345.0,,true
1891,5000.0,600.0,,true
1892,500.0,146.0,,true
1893,125.0,538.0,,true
1894,40.0,407.0,,true
1895,350.0,156.0,,true
1896,500.0,189.0,,false
1897,500.0,369.0,,false
1898,3300.0,30.0,,false
1899,3300.0,22.0,,false
1900,3300.0,25.0,,false
1901,60.0,179.0,,false
1902,60.0,229.0,,false
1903,60.0,201.0,,false
1904,60.0,176.0,,false
1905,800.0,5.0,,false
1906,60.0,117.0,,false
1907,60.0,107.0,,false
1908,60.0,91.0,,false
1909,60.0,90.0,,false
1910,60.0,117.0,,false
1911,60.0,86.0,,false
1912,60.0,101.0,,false
1913,60.0,94.0,,false
1914,100.0,228.0,,false
1915,100.0,201.0,,false
1916,900.0,7.0,,false
1917,1150.0,17.0,,false
1918,1000.0,6.0,,false
1919,1350.0,47.0,,true
1920,500.0,56.0,,true
1921,5000.0,17.0,,true
1922,2200.0,135.0,,true
1923,3500.0,220.0,,true
1924,5000.0,600.0,,true
1925,500.0,154.0,,true
1926,125.0,544.0,,true
1927,40.0,403.0,,true
1928,350.0,166.0,,true
1929,500.0,187.0,,false
1930,500.0,413.0,,false
1931,3300.0,21.0,,false
1932,3300.0,30.0,,false
1933,3300.0,27.0,,false
1934,60.0,235.0,,false
1935,60.0,173.0,,false
1936,60.0,231.0,,false
1937,60.0,167.0,,false
1938,800.0,4.0,,false
1939,60.0,106.0,,false
1940,60.0,95.0,,false
1941,60.0,111.0,,false
1942,60.0,112.0,,false
1943,60.0,112.0,,false
1944,60.0,99.0,,false
1945,60.0,118.0,,false
1946,60.0,120.0,,false
1947,100.0,243.0,,false
1948,100.0,244.0,,false
1949,900.0,7.0,,false
1950,1150.0,13.0,,false
1951,1000.0,6.0,,false
1952,1350.0,47.0,,true
1953,500.0,56.0,,true
1954,5000.0,17.0,,true
1955,2200.0,131.0,,true
1956,3500.0,221.0,,true
1957,5000.0,600.0,,true
1958,500.0,159.0,,true
1959,125.0,458.0,,true
1960,40.0,393.0,,true
1961,350.0,177.0,,true
1962,500.0,194.0,,false
1963,500.0,553.0,,false
1964,3300.0,27.0,,false
1965,3300.0,22.0,,false
1966,3300.0,27.0,,false
1967,60.0,167.0,,false
1968,60.0,233.0,,false
1969,60.0,158.0,,false
1970,60.0,191.0,,false
1971,800.0,4.0,,false
1972,60.0,103.0,,false
1973,60.0,98.0,,false
1974,60.0,110.0,,false
1975,60.0,100.0,,false
1976,60.0,94.0,,false
1977,60.0,114.0,,false
1978,60.0,101.0,,false
1979,60.0,101.0,,false
1980,60.0,109.0,,false
1981,100.0,207.0,,false
1982,100.0,244.0,,false
1983,900.0,8.0,,false
1984,1150.0,17.0,,false
1985,1000.0,7.0,,false
1986,1350.0,46.0,,true
1987,500.0,58.0,,true
1988,5000.0,16.0,,true
1989,2200.0,137.0,,true
1990,3500.0,326.0,,true
1991,5000.0,600.0,,true
1992,500.0,155.0,,true
1993,125.0,547.0,,true
1994,40.0,420.0,,true
1995,350.0,164.0,,true
1996,500.0,189.0,,false
1997,500.0,552.0,,false
1998,3300.0,29.0,,false
1999,3300.0,26.0,,false
2000,3300.0,24.0,,false
2001,60.0,219.0,,false
2002,60.0,239.0,,false
2003,60.0,176.0,,false
2004,800.0,4.0,,false
2005,60.0,98.0,,false
2006,60.0,112.0,,false
2007,60.0,89.0,,false
2008,60.0,119.0,,false
2009,60.0,113.0,,false
2010,60.0,108.0,,false
2011,60.0,98.0,,false
2012,60.0,116.0,,false
2013,60.0,115.0,,false
2014,100.0,240.0,,false
2015,100.0,192.0,,false
2016,900.0,8.0,,false
2017,1150.0,18.0,,false
2018,1000.0,8.0,,false
2019,1350.0,50.0,,true
2020,500.0,58.0,,true
2021,5000.0,20.0,,true
2022,2200.0,133.0,,true
2023,3500.0,374.0,,true
2024,5000.0,600.0,,true
2025,500.0,159.0,,true
2026,125.0,480.0,,true
2027,40.0,420.0,,true
2028,350.0,161.0,,true
2029,500.0,195.0,,false
2030,500.0,341.0,,false
2031,3300.0,29.0,,false
2032,3300.0,26.0,,false
2033,3300.0,27.0,,false
2034,60.0,230.0,,false
2035,60.0,203.0,,false
2036,60.0,232.0,,false
2037,800.0,6.0,,false
2038,60.0,84.0,,false
2039,60.0,91.0,,false
2040,60.0,118.0,,false
2041,60.0,107.0,,false
2042,60.0,107.0,,false
2043,60.0,95.0,,false
2044,60.0,89.0,,false
2045,100.0,240.0,,false
2046,100.0,243.0,,false
2047,900.0,8.0,,false
2048,1150.0,14.0,,false
2049,1000.0,8.0,,false
2050,1350.0,50.0,,true
2051,500.0,56.0,,true
2052,5000.0,20.0,,true
2053,2200.0,131.0,,true
2054,3500.0,304.0,,true
2055,5000.0,600.0,,true
2056,500.0,149.0,,true
2057,125.0,545.0,,true
2058,40.0,423.0,,true
2059,350.0,174.0,,true
2060,500.0,199.0,,false
2061,500.0,506.0,,false
2062,3300.0,27.0,,false
2063,3300.0,25.0,,false
2064,3300.0,25.0,,false
2065,60.0,198.0,,false
2066,60.0,164.0,,false
2067,60.0,172.0,,false
2068,60.0,203.0,,false
2069,800.0,4.0,,false
2070,60.0,96.0,,false
2071,60.0,94.0,,false
2072,60.0,115.0,,false
2073,60.0,108.0,,false
2074,60.0,100.0,,false
2075,60.0,92.0,,false
2076,60.0,95.0,,false
2077,60.0,84.0,,false
2078,60.0,95.0,,false
2079,60.0,91.0,,false
2080,100.0,238.0,,false
2081,100.0,245.0,,false
2082,900.0,8.0,,false
2083,1150.0,15.0,,false
2084,1000.0,7.0,,false
2085,1350.0,49.0,,true
2086,500.0,60.0,,true
2087,5000.0,20.0,,true
2088,2200.0,138.0,,true
2089,3500.0,247.0,,true
2090,5000.0,600.0,,true
2091,500.0,154.0,,true
2092,125.0,534.0,,true
2093,40.0,383.0,,true
2094,350.0,167.0,,true
2095,500.0,194.0,,false
2096,500.0,400.0,,false
2097,3300.0,30.0,,false
2098,3300.0,29.0,,false
2099,3300.0,22.0,,false
2100,60.0,245.0,,false
2101,60.0,249.0,,false
2102,60.0,211.0,,false
2103,60.0,240.0,,false
2104,800.0,4.0,,false
2105,60.0,93.0,,false
2106,60.0,118.0,,false
2107,60.0,116.0,,false
2108,60.0,120.0,,false
2109,60.0,88.0,,false
2110,60.0,95.0,,false
2111,100.0,243.0,,false
2112,100.0,235.0,,false
2113,900.0,7.0,,false
2114,1150.0,17.0,,false
2115,1000.0,8.0,,false
2116,1350.0,50.0,,true
2117,500.0,58.0,,true
2118,5000.0,18.0,,true
2119,2200.0,136.0,,true
2120,3500.0,223.0,,true
2121,5000.0,600.0,,true
2122,500.0,151.0,,true
2123,125.0,510.0,,true
2124,40.0,434.0,,true
2125,350.0,143.0,,true
2126,500.0,199.0,,false
2127,500.0,365.0,,false
2128,3300.0,28.0,,false
2129,3300.0,26.0,,false
2130,3300.0,24.0,,false
2131,60.0,180.0,,false
2132,60.0,177.0,,false
2133,60.0,152.0,,false
2134,800.0,5.0,,false
2135,60.0,119.0,,false
2136,60.0,93.0,,false
2137,60.0,114.0,,false
2138,60.0,87.0,,false
2139,60.0,107.0,,false
2140,60.0,105.0,,false
2141,60.0,86.0,,false
2142,100.0,238.0,,false
2143,100.0,204.0,,false
2144,900.0,7.0,,false
2145,1150.0,14.0,,false
2146,1000.0,6.0,,false
2147,1350.0,46.0,,true
2148,500.0,60.0,,true
2149,5000.0,19.0,,true
2150,2200.0,136.0,,true
2151,3500.0,257.0,,true
2152,5000.0,600.0,,true
2153,500.0,144.0,,true
2154,125.0,499.0,,true
2155,40.0,418.0,,true
2156,350.0,163.0,,true
2157,500.0,189.0,,false
2158,500.0,311.0,,false
2159,3300.0,26.0,,false
2160,3300.0,26.0,,false
2161,3300.0,21.0,,false
2162,60.0,196.0,,false
2163,60.0,204.0,,false
2164,60.0,181.0,,false
2165,60.0,158.0,,false
2166,800.0,5.0,,false
2167,60.0,84.0,,false
2168,60.0,108.0,,false
2169,60.0,100.0,,false
2170,60.0,114.0,,false
2171,60.0,120.0,,false
2172,60.0,96.0,,false
2173,100.0,250.0,,false
2174,100.0,248.0,,false
2175,900.0,9.0,,false
2176,1150.0,16.0,,false
2177,1000.0,5.0,,false
2178,1350.0,47.0,,true
2179,500.0,59.0,,true
2180,5000.0,18.0,,true
2181,2200.0,134.0,,true
2182,3500.0,351.0,,true
2183,5000.0,600.0,,true
2184,500.0,156.0,,true
2185,125.0,451.0,,true
2186,40.0,418.0,,true
2187,350.0,144.0,,true
2188,500.0,179.0,,false
2189,500.0,466.0,,false
2190,3300.0,28.0,,false
2191,3300.0,25.0,,false
2192,3300.0,29.0,,false
2193,60.0,173.0,,false
2194,60.0,152.0,,false
2195,60.0,188.0,,false
2196,60.0,154.0,,false
2197,800.0,6.0,,false
2198,60.0,104.0,,false
2199,60.0,113.0,,false
2200,60.0,94.0,,false
2201,60.0,115.0,,false
2202,60.0,81.0,,false
2203,60.0,114.0,,false
2204,60.0,99.0,,false
2205,60.0,102.0,,false
2206,100.0,245.0,,false
2207,100.0,250.0,,false
2208,900.0,8.0,,false
2209,1150.0,14.0,,false
2210,1000.0,5.0,,false
2211,1350.0,47.0,,true
2212,500.0,59.0,,true
2213,5000.0,18.0,,true
2214,2200.0,136.0,,true
2215,3500.0,245.0,,true
2216,5000.0,600.0,,true
2217,500.0,144.0,,true
2218,125.0,509.0,,true
2219,40.0,454.0,,true
2220,350.0,150.0,,true
2221,500.0,173.0,,false
2222,500.0,377.0,,false
2223,3300.0,26.0,,false
2224,3300.0,27.0,,false
2225,3300.0,23.0,,false
2226,60.0,176.0,,false
2227,60.0,173.0,,false
2228,60.0,200.0,,false
2229,60.0,170.0,,false
2230,800.0,4.0,,false
2231,60.0,94.0,,false
2232,60.0,120.0,,false
2233,60.0,109.0,,false
2234,60.0,94.0,,false
2235,60.0,85.0,,false
2236,60.0,119.0,,false
2237,60.0,94.0,,false
2238,60.0,108.0,,false
2239,100.0,209.0,,false
2240,100.0,210.0,,false
2241,900.0,7.0,,false
2242,1150.0,18.0,,false
2243,1000.0,7.0,,false
2244,1350.0,46.0,,true
2245,500.0,59.0,,true
2246,5000.0,17.0,,true
2247,2200.0,133.0,,true
2248,3500.0,325.0,,true
2249,5000.0,600.0,,true
2250,500.0,156.0,,true
2251,125.0,506.0,,true
2252,40.0,444.0,,true
2253,350.0,172.0,,true
2254,500.0,177.0,,false
2255,500.0,357.0,,false
2256,3300.0,24.0,,false
2257,3300.0,26.0,,false
2258,3300.0,26.0,,false
2259,60.0,235.0,,false
2260,60.0,214.0,,false
2261,60.0,182.0,,false
2262,800.0,4.0,,false
2263,60.0,89.0,,false
2264,60.0,117.0,,false
2265,60.0,103.0,,false
2266,60.0,110.0,,false
2267,60.0,116.0,,false
2268,60.0,102.0,,false
2269,60.0,109.0,,false
2270,60.0,117.0,,false
2271,60.0,106.0,,false
2272,100.0,194.0,,false
2273,100.0,214.0,,false
2274,900.0,8.0,,false
2275,1150.0,14.0,,false
2276,1000.0,6.0,,false
2277,1350.0,48.0,,true
2278,500.0,58.0,,true
2279,5000.0,17.0,,true
2280,2200.0,133.0,,true
2281,3500.0,225.0,,true
2282,5000.0,600.0,,true
2283,500.0,156.0,,true
2284,125.0,539.0,,true
2285,40.0,424.0,,true
2286,350.0,148.0,,true
2287,500.0,180.0,,false
2288,500.0,493.0,,false
2289,3300.0,27.0,,false
2290,3300.0,23.0,,false
2291,3300.0,22.0,,false
2292,60.0,240.0,,false
2293,60.0,184.0,,false
2294,60.0,165.0,,false
2295,60.0,242.0,,false
2296,800.0,5.0,,false
2297,60.0,91.0,,false
2298,60.0,104.0,,false
2299,60.0,85.0,,false
2300,60.0,84.0,,false
2301,60.0,105.0,,false
2302,60.0,112.0,,false
2303,60.0,102.0,,false
2304,60.0,112.0,,false
2305,60.0,93.0,,false
2306,60.0,91.0,,false
2307,100.0,237.0,,false
2308,100.0,220.0,,false
2309,900.0,7.0,,false
2310,1150.0,17.0,,false
2311,1000.0,6.0,,false
2312,1350.0,47.0,,true
2313,500.0,58.0,,true
2314,5000.0,20.0,,true
2315,2200.0,132.0,,true
2316,3500.0,339.0,,true
2317,5000.0,600.0,,true
2318,500.0,144.0,,true
2319,125.0,501.0,,true
2320,40.0,356.0,,true
2321,350.0,148.0,,true
2322,500.0,187.0,,false
2323,500.0,461.0,,false
2324,3300.0,25.0,,false
2325,3300.0,29.0,,false
2326,3300.0,22.0,,false
2327,60.0,187.0,,false
2328,60.0,237.0,,false
2329,60.0,205.0,,false
2330,800.0,4.0,,false
2331,60.0,116.0,,false
2332,60.0,84.0,,false
2333,60.0,91.0,,false
2334,60.0,98.0,,false
2335,60.0,88.0,,false
2336,60.0,119.0,,false
2337,60.0,93.0,,false
2338,60.0,90.0,,false
2339,60.0,84.0,,false
2340,60.0,114.0,,false
2341,100.0,213.0,,false
2342,100.0,243.0,,false
2343,900.0,8.0,,false
2344,1150.0,15.0,,false
2345,1000.0,5.0,,false
2346,1350.0,48.0,,true
2347,500.0,58.0,,true
2348,5000.0,17.0,,true
2349,2200.0,138.0,,true
2350,3500.0,223.0,,true
2351,5000.0,600.0,,true
2352,500.0,144.0,,true
2353,125.0,462.0,,true
2354,40.0,457.0,,true
2355,350.0,180.0,,true
2356,500.0,173.0,,false
2357,500.0,303.0,,false
2358,3300.0,23.0,,false
2359,3300.0,28.0,,false
2360,3300.0,25.0,,false
2361,60.0,154.0,,false
2362,60.0,185.0,,false
2363,60.0,230.0,,false
2364,800.0,5.0,,false
2365,60.0,93.0,,false
2366,60.0,89.0,,false
2367,60.0,88.0,,false
2368,60.0,99.0,,false
2369,60.0,116.0,,false
2370,60.0,112.0,,false
2371,60.0,114.0,,false
2372,60.0,100.0,,false
2373,60.0,113.0,,false
2374,60.0,118.0,,false
2375,100.0,241.0,,false
2376,100.0,192.0,,false
2377,900.0,10.0,,false
2378,1150.0,18.0,,false
2379,1000.0,7.0,,false
2380,1350.0,49.0,,true
2381,500.0,59.0,,true
2382,5000.0,17.0,,true
2383,2200.0,132.0,,true
2384,3500.0,218.0,,true
2385,5000.0,600.0,,true
2386,500.0,150.0,,true
2387,125.0,461.0,,true
2388,40.0,433.0,,true
2389,350.0,151.0,,true
2390,500.0,182.0,,false
2391,500.0,517.0,,false
2392,3300.0,24.0,,false
2393,3300.0,26.0,,false
2394,3300.0,24.0,,false
2395,60.0,240.0,,false
2396,60.0,151.0,,false
2397,60.0,170.0,,false
2398,60.0,195.0,,false
2399,800.0,5.0,,false
2400,60.0,117.0,,false
2401,60.0,118.0,,false
2402,60.0,108.0,,false
2403,60.0,100.0,,false
2404,60.0,82.0,,false
2405,60.0,95.0,,false
2406,60.0,87.0,,false
2407,100.0,219.0,,false
2408,100.0,220.0,,false
2409,900.0,9.0,,false
2410,1150.0,14.0,,false
2411,1000.0,7.0,,false
2412,1350.0,46.0,,true
2413,500.0,58.0,,true
2414,5000.0,16.0,,true
2415,2200.0,140.0,,true
2416,3500.0,292.0,,true
2417,5000.0,600.0,,true
2418,500.0,147.0,,true
2419,125.0,521.0,,true
2420,40.0,389.0,,true
2421,350.0,180.0,,true
2422,500.0,188.0,,false
2423,500.0,582.0,,false
2424,3300.0,21.0,,false
2425,3300.0,27.0,,false
2426,3300.0,25.0,,false
2427,60.0,221.0,,false
2428,60.0,209.0,,false
2429,60.0,249.0,,false
2430,800.0,6.0,,false
2431,60.0,119.0,,false
2432,60.0,108.0,,false
2433,60.0,120.0,,false
2434,60.0,99.0,,false
2435,60.0,114.0,,false
2436,60.0,118.0,,false
2437,60.0,82.0,,false
2438,60.0,85.0,,false
2439,100.0,214.0,,false
2440,100.0,227.0,,false
2441,900.0,10.0,,false
2442,1150.0,14.0,,false
2443,1000.0,5.0,,false
2444,1350.0,50.0,,true
2445,500.0,57.0,,true
2446,5000.0,17.0,,true
2447,2200.0,133.0,,true
2448,3500.0,236.0,,true
2449,5000.0,600.0,,true
2450,500.0,146.0,,true
2451,125.0,461.0,,true
2452,40.0,436.0,,true
2453,350.0,146.0,,true
2454,500.0,193.0,,false
2455,500.0,539.0,,false
2456,3300.0,30.0,,false
2457,3300.0,29.0,,false
2458,3300.0,30.0,,false
2459,60.0,190.0,,false
2460,60.0,237.0,,false
2461,60.0,222.0,,false
2462,60.0,184.0,,false
2463,800.0,6.0,,false
2464,60.0,83.0,,false
2465,60.0,98.0,,false
2466,60.0,100.0,,false
2467,60.0,101.0,,false
2468,60.0,109.0,,false
2469,60.0,96.0,,false
2470,100.0,238.0,,false
2471,100.0,225.0,,false
2472,900.0,8.0,,false
2473,1150.0,13.0,,false
2474,1000.0,6.0,,false
2475,1350.0,46.0,,true
2476,500.0,59.0,,true
2477,5000.0,19.0,,true
2478,2200.0,139.0,,true
2479,3500.0,290.0,,true
2480,5000.0,600.0,,true
2481,500.0,155.0,,true
2482,125.0,480.0,,true
2483,40.0,368.0,,true
2484,350.0,167.0,,true
2485,500.0,194.0,,false
2486,500.0,462.0,,false
2487,3300.0,23.0,,false
2488,3300.0,21.0,,false
2489,3300.0,26.0,,false
2490,60.0,250.0,,false
2491,60.0,194.0,,false
2492,60.0,208.0,,false
2493,60.0,173.0,,false
2494,800.0,6.0,,false
2495,60.0,115.0,,false
2496,60.0,92.0,,false
2497,60.0,82.0,,false
2498,60.0,85.0,,false
2499,60.0,87.0,,false
2500,60.0,108.0,,false
2501,60.0,95.0,,false
2502,60.0,111.0,,false
2503,60.0,100.0,,false
2504,100.0,229.0,,false
2505,100.0,217.0,,false
2506,900.0,7.0,,false
2507,1150.0,15.0,,false
2508,1000.0,8.0,,false
2509,1350.0,48.0,,true
2510,500.0,56.0,,true
2511,5000.0,16.0,,true
2512,2200.0,134.0,,true
2513,3500.0,302.0,,true
2514,5000.0,600.0,,true
2515,500.0,155.0,,true
2516,125.0,462.0,,true
2517,40.0,459.0,,true
2518,350.0,161.0,,true
2519,500.0,191.0,,false
2520,500.0,313.0,,false
2521,3300.0,21.0,,false
2522,3300.0,29.0,,false
2523,3300.0,26.0,,false
2524,60.0,152.0,,false
2525,60.0,230.0,,false
2526,60.0,203.0,,false
2527,800.0,5.0,,false
2528,60.0,103.0,,false
2529,60.0,110.0,,false
2530,60.0,92.0,,false
2531,60.0,111.0,,false
2532,60.0,108.0,,false
2533,60.0,114.0,,false
2534,100.0,232.0,,false
2535,100.0,198.0,,false
2536,900.0,10.0,,false
2537,1150.0,14.0,,false
2538,1000.0,6.0,,false
2539,1350.0,47.0,,true
2540,500.0,60.0,,true
2541,5000.0,19.0,,true
2542,2200.0,135.0,,true
2543,3500.0,229.0,,true
2544,5000.0,600.0,,true
2545,500.0,152.0,,true
2546,125.0,529.0,,true
2547,40.0,446.0,,true
2548,350.0,142.0,,true
2549,500.0,187.0,,false
2550,500.0,376.0,,false
2551,3300.0,30.0,,false
2552,3300.0,25.0,,false
2553,3300.0,26.0,,false
2554,60.0,228.0,,false
2555,60.0,181.0,,false
2556,60.0,239.0,,false
2557,60.0,152.0,,false
2558,800.0,6.0,,false
2559,60.0,110.0,,false
2560,60.0,108.0,,false
2561,60.0,82.0,,false
2562,60.0,101.0,,false
2563,60.0,106.0,,false
2564,60.0,86.0,,false
2565,60.0,114.0,,false
2566,60.0,103.0,,false
2567,60.0,88.0,,false
2568,60.0,111.0,,false
2569,100.0,185.0,,false
2570,100.0,201.0,,false
2571,900.0,8.0,,false
2572,1150.0,16.0,,false
2573,1000.0,7.0,,false
2574,1350.0,47.0,,true
2575,500.0,60.0,,true
2576,5000.0,17.0,,true
2577,2200.0,134.0,,true
2578,3500.0,397.0,,true
2579,5000.0,600.0,,true
2580,500.0,156.0,,true
2581,125.0,512.0,,true
2582,40.0,411.0,,true
2583,350.0,172.0,,true
2584,500.0,182.0,,false
2585,500.0,550.0,,false
2586,3300.0,22.0,,false
2587,3300.0,21.0,,false
2588,3300.0,22.0,,false
2589,60.0,202.0,,false
2590,60.0,195.0,,false
2591,60.0,221.0,,false
2592,60.0,158.0,,false
2593,800.0,5.0,,false
2594,60.0,115.0,,false
2595,60.0,117.0,,false
2596,60.0,120.0,,false
2597,60.0,93.0,,false
2598,60.0,100.0,,false
2599,60.0,89.0,,false
2600,60.0,102.0,,false
2601,60.0,113.0,,false
2602,60.0,120.0,,false
2603,60.0,88.0,,false
2604,100.0,226.0,,false
2605,100.0,220.0,,false
2606,900.0,7.0,,false
2607,1150.0,14.0,,false
2608,1000.0,7.0,,false
2609,1350.0,50.0,,true
2610,500.0,60.0,,true
2611,5000.0,17.0,,true
2612,2200.0,131.0,,true
2613,3500.0,322.0,,true
2614,5000.0,600.0,,true
2615,500.0,160.0,,true
2616,125.0,452.0,,true
2617,40.0,403.0,,true
2618,350.0,171.0,,true
2619,500.0,174.0,,false
2620,500.0,407.0,,false
2621,3300.0,27.0,,false
2622,3300.0,24.0,,false
2623,3300.0,27.0,,false
2624,60.0,236.0,,false
2625,60.0,175.0,,false
2626,60.0,243.0,,false
2627,60.0,178.0,,false
2628,800.0,4.0,,false
2629,60.0,114.0,,false
2630,60.0,88.0,,false
2631,60.0,113.0,,false
2632,60.0,106.0,,false
2633,60.0,98.0,,false
2634,60.0,107.0,,false
2635,60.0,104.0,,false
2636,100.0,228.0,,false
2637,100.0,194.0,,false
2638,900.0,8.0,,false
2639,1150.0,13.0,,false
2640,1000.0,7.0,,false
2641,1350.0,47.0,,true
2642,500.0,56.0,,true
2643,5000.0,19.0,,true
2644,2200.0,134.0,,true
2645,3500.0,217.0,,true
2646,5000.0,600.0,,true
2647,500.0,144.0,,true
2648,125.0,528.0,,true
2649,40.0,459.0,,true
2650,350.0,146.0,,true
2651,500.0,192.0,,false
2652,500.0,340.0,,false
2653,3300.0,27.0,,false
2654,3300.0,29.0,,false
2655,3300.0,25.0,,false
2656,60.0,188.0,,false
2657,60.0,201.0,,false
2658,60.0,180.0,,false
2659,60.0,161.0,,false
2660,800.0,6.0,,false
2661,60.0,115.0,,false
2662,60.0,86.0,,false
2663,60.0,94.0,,false
2664,60.0,85.0,,false
2665,60.0,117.0,,false
2666,60.0,98.0,,false
2667,60.0,120.0,,false
2668,100.0,226.0,,false
2669,100.0,189.0,,false
2670,900.0,9.0,,false
2671,1150.0,15.0,,false
2672,1000.0,8.0,,false
2673,1350.0,46.0,,true
2674,500.0,58.0,,true
2675,5000.0,18.0,,true
2676,2200.0,138.0,,true
2677,3500.0,257.0,,true
2678,5000.0,600.0,,true
2679,500.0,156.0,,true
2680,125.0,544.0,,true
2681,40.0,425.0,,true
2682,350.0,163.0,,true
2683,500.0,182.0,,false
2684,500.0,465.0,,false
2685,3300.0,21.0,,false
2686,3300.0,24.0,,false
2687,3300.0,29.0,,false
2688,60.0,204.0,,false
2689,60.0,226.0,,false
2690,60.0,186.0,,false
2691,800.0,5.0,,false
2692,60.0,108.0,,false
2693,60.0,89.0,,false
2694,60.0,109.0,,false
2695,60.0,109.0,,false
2696,60.0,110.0,,false
2697,60.0,94.0,,false
2698,100.0,204.0,,false
2699,100.0,245.0,,false
2700,900.0,10.0,,false
2701,1150.0,16.0,,false
2702,1000.0,7.0,,false
2703,1350.0,47.0,,true
2704,500.0,59.0,,true
2705,5000.0,19.0,,true
2706,2200.0,131.0,,true
2707,3500.0,392.0,,true
2708,5000.0,600.0,,true
2709,500.0,153.0,,true
2710,125.0,506.0,,true
2711,40.0,358.0,,true
2712,350.0,169.0,,true
2713,500.0,199.0,,false
2714,500.0,415.0,,false
2715,3300.0,21.0,,false
2716,3300.0,21.0,,false
2717,3300.0,29.0,,false
2718,60.0,162.0,,false
2719,60.0,165.0,,false
2720,60.0,169.0,,false
2721,800.0,4.0,,false
2722,60.0,100.0,,false
2723,60.0,105.0,,false
2724,60.0,113.0,,false
2725,60.0,86.0,,false
2726,60.0,97.0,,false
2727,60.0,107.0,,false
2728,100.0,185.0,,false
2729,100.0,187.0,,false
2730,900.0,7.0,,false
2731,1150.0,14.0,,false
2732,1000.0,8.0,,false
2733,1350.0,49.0,,true
2734,500.0,59.0,,true
2735,5000.0,19.0,,true
2736,2200.0,136.0,,true
2737,3500.0,366.0,,true
2738,5000.0,600.0,,true
2739,500.0,146.0,,true
2740,125.0,474.0,,true
2741,40.0,389.0,,true
2742,350.0,166.0,,true
2743,500.0,192.0,,false
2744,500.0,333.0,,false
2745,3300.0,28.0,,false
2746,3300.0,27.0,,false
2747,3300.0,30.0,,false
2748,60.0,224.0,,false
2749,60.0,190.0,,false
2750,60.0,165.0,,false
2751,60.0,165.0,,false
2752,800.0,5.0,,false
2753,60.0,97.0,,false
2754,60.0,93.0,,false
2755,60.0,108.0,,false
2756,60.0,86.0,,false
2757,60.0,115.0,,false
2758,60.0,120.0,,false
2759,60.0,117.0,,false
2760,60.0,113.0,,false
2761,60.0,95.0,,false
2762,60.0,97.0,,false
2763,100.0,225.0,,false
2764,100.0,248.0,,false
2765,900.0,8.0,,false
2766,1150.0,14.0,,false
2767,1000.0,7.0,,false
2768,1350.0,50.0,,true
2769,500.0,60.0,,true
2770,5000.0,16.0,,true
2771,2200.0,138.0,,true
2772,3500.0,244.0,,true
2773,5000.0,600.0,,true
2774,500.0,156.0,,true
2775,125.0,516.0,,true
2776,40.0,421.0,,true
2777,350.0,178.0,,true
2778,500.0,172.0,,false
2779,500.0,325.0,,false
2780,3300.0,22.0,,false
2781,3300.0,30.0,,false
2782,3300.0,27.0,,false
2783,60.0,244.0,,false
2784,60.0,250.0,,false
2785,60.0,194.0,,false
2786,60.0,195.0,,false
2787,800.0,6.0,,false
2788,60.0,97.0,,false
2789,60.0,113.0,,false
2790,60.0,119.0,,false
2791,60.0,95.0,,false
2792,60.0,99.0,,false
2793,60.0,85.0,,false
2794,100.0,230.0,,false
2795,100.0,221.0,,false
2796,900.0,10.0,,false
2797,1150.0,16.0,,false
2798,1000.0,5.0,,false
2799,1350.0,47.0,,true
2800,500.0,56.0,,true
2801,5000.0,20.0,,true
2802,2200.0,131.0,,true
2803,3500.0,247.0,,true
2804,5000.0,600.0,,true
2805,500.0,160.0,,true
2806,125.0,530.0,,true
2807,40.0,375.0,,true
2808,350.0,169.0,,true
2809,500.0,182.0,,false
2810,500.0,323.0,,false
2811,3300.0,28.0,,false
2812,3300.0,29.0,,false
2813,3300.0,21.0,,false
2814,60.0,157.0,,false
2815,60.0,189.0,,false
2816,60.0,171.0,,false
2817,60.0,183.0,,false
2818,800.0,4.0,,false
2819,60.0,102.0,,false
2820,60.0,111.0,,false
2821,60.0,116.0,,false
2822,60.0,81.0,,false
2823,60.0,117.0,,false
2824,60.0,108.0,,false
2825,60.0,92.0,,false
2826,60.0,81.0,,false
2827,100.0,237.0,,false
2828,100.0,239.0,,false
2829,900.0,9.0,,false
2830,1150.0,16.0,,false
2831,1000.0,6.0,,false
2832,1350.0,49.0,,true
2833,500.0,59.0,,true
2834,5000.0,18.0,,true
2835,2200.0,139.0,,true
2836,3500.0,392.0,,true
2837,5000.0,600.0,,true
2838,500.0,149.0,,true
2839,125.0,548.0,,true
2840,40.0,381.0,,true
2841,350.0,156.0,,true
2842,500.0,200.0,,false
2843,500.0,306.0,,false
2844,3300.0,24.0,,false
2845,3300.0,25.0,,false
2846,3300.0,27.0,,false
2847,60.0,156.0,,false
2848,60.0,153.0,,false
2849,60.0,154.0,,false
2850,60.0,197.0,,false
2851,800.0,4.0,,false
2852,60.0,103.0,,false
2853,60.0,95.0,,false
2854,60.0,118.0,,false
2855,60.0,94.0,,false
2856,60.0,88.0,,false
2857,60.0,107.0,,false
2858,60.0,81.0,,false
2859,100.0,183.0,,false
2860,100.0,201.0,,false
2861,900.0,10.0,,false
2862,1150.0,17.0,,false
2863,1000.0,5.0,,false
2864,1350.0,50.0,,true
2865,500.0,57.0,,true
2866,5000.0,20.0,,true
2867,2200.0,134.0,,true
2868,3500.0,368.0,,true
2869,5000.0,600.0,,true
2870,500.0,160.0,,true
2871,125.0,532.0,,true
2872,40.0,458.0,,true
2873,350.0,170.0,,true
2874,500.0,179.0,,false
2875,500.0,503.0,,false
2876,3300.0,29.0,,false
2877,3300.0,29.0,,false
2878,3300.0,27.0,,false
2879,60.0,184.0,,false
2880,60.0,191.0,,false
2881,60.0,196.0,,false
2882,800.0,5.0,,false
2883,60.0,89.0,,false
2884,60.0,82.0,,false
2885,60.0,110.0,,false
2886,60.0,115.0,,false
2887,60.0,99.0,,false
2888,60.0,119.0,,false
2889,60.0,105.0,,false
2890,60.0,103.0,,false
2891,60.0,102.0,,false
2892,100.0,239.0,,false
2893,100.0,245.0,,false
2894,900.0,9.0,,false
2895,1150.0,18.0,,false
2896,1000.0,7.0,,false
2897,1350.0,47.0,,true
2898,500.0,60.0,,true
2899,5000.0,16.0,,true
2900,2200.0,140.0,,true
2901,3500.0,353.0,,true
2902,5000.0,600.0,,true
2903,500.0,145.0,,true
2904,125.0,494.0,,true
2905,40.0,446.0,,true
2906,350.0,168.0,,true
2907,500.0,174.0,,false
2908,500.0,476.0,,false
2909,3300.0,30.0,,false
2910,3300.0,21.0,,false
2911,3300.0,29.0,,false
2912,60.0,192.0,,false
2913,60.0,156.0,,false
2914,60.0,234.0,,false
2915,60.0,195.0,,false
2916,800.0,5.0,,false
2917,60.0,117.0,,false
2918,60.0,117.0,,false
2919,60.0,117.0,,false
2920,60.0,93.0,,false
2921,60.0,88.0,,false
2922,60.0,83.0,,false
2923,60.0,92.0,,false
2924,60.0,107.0,,false
2925,60.0,94.0,,false
2926,100.0,190.0,,false
2927,100.0,202.0,,false
2928,900.0,9.0,,false
2929,1150.0,16.0,,false
2930,1000.0,5.0,,false
2931,1350.0,46.0,,true
2932,500.0,60.0,,true
2933,5000.0,18.0,,true
2934,2200.0,137.0,,true
2935,3500.0,362.0,,true
2936,5000.0,600.0,,true
2937,500.0,157.0,,true
2938,125.0,477.0,,true
2939,40.0,402.0,,true
2940,350.0,143.0,,true
2941,500.0,191.0,,false
2942,500.0,594.0,,false
2943,3300.0,29.0,,false
2944,3300.0,23.0,,false
2945,3300.0,25.0,,false
2946,60.0,153.0,,false
2947,60.0,235.0,,false
2948,60.0,237.0,,false
2949,60.0,193.0,,false
2950,800.0,6.0,,false
2951,60.0,88.0,,false
2952,60.0,91.0,,false
2953,60.0,105.0,,false
2954,60.0,89.0,,false
2955,60.0,89.0,,false
2956,60.0,104.0,,false
2957,60.0,98.0,,false
2958,60.0,87.0,,false
2959,60.0,102.0,,false
2960,100.0,201.0,,false
2961,100.0,250.0,,false
2962,900.0,7.0,,false
2963,1150.0,16.0,,false
2964,1000.0,8.0,,false
2965,1350.0,48.0,,true
2966,500.0,57.0,,true
2967,5000.0,16.0,,true
2968,2200.0,133.0,,true
2969,3500.0,299.0,,true
2970,5000.0,600.0,,true
2971,500.0,158.0,,true
2972,125.0,521.0,,true
2973,40.0,442.0,,true
2974,350.0,147.0,,true
2975,500.0,188.0,,false
2976,500.0,559.0,,false
2977,3300.0,29.0,,false
2978,3300.0,27.0,,false
2979,3300.0,30.0,,false
2980,60.0,215.0,,false
2981,60.0,247.0,,false
2982,60.0,203.0,,false
2983,800.0,5.0,,false
2984,60.0,110.0,,false
2985,60.0,104.0,,false
2986,60.0,101.0,,false
2987,60.0,98.0,,false
2988,60.0,112.0,,false
2989,60.0,111.0,,false
2990,60.0,109.0,,false
2991,100.0,238.0,,false
2992,100.0,245.0,,false
2993,900.0,7.0,,false
2994,1150.0,16.0,,false
2995,1000.0,6.0,,false
2996,1350.0,48.0,,true
2997,500.0,58.0,,true
2998,5000.0,18.0,,true
2999,2200.0,135.0,,true
3000,3500.0,336.0,,true
3001,5000.0,600.0,,true
3002,500.0,149.0,,true
3003,125.0,510.0,,true
3004,40.0,450.0,,true
3005,350.0,150.0,,true
3006,500.0,196.0,,false
3007,500.0,396.0,,false
3008,3300.0,26.0,,false
3009,3300.0,26.0,,false
3010,3300.0,24.0,,false
3011,60.0,236.0,,false
3012,60.0,199.0,,false
3013,60.0,163.0,,false
3014,60.0,224.0,,false
3015,800.0,5.0,,false
3016,60.0,119.0,,false
3017,60.0,105.0,,false
3018,60.0,106.0,,false
3019,60.0,84.0,,false
3020,60.0,108.0,,false
3021,60.0,82.0,,false
3022,100.0,230.0,,false
3023,100.0,191.0,,false
3024,900.0,8.0,,false
3025,1150.0,14.0,,false
3026,1000.0,8.0,,false
3027,1350.0,46.0,,true
3028,500.0,58.0,,true
3029,5000.0,19.0,,true
3030,2200.0,137.0,,true
3031,3500.0,272.0,,true
3032,5000.0,600.0,,true
3033,500.0,144.0,,true
3034,125.0,462.0,,true
3035,40.0,393.0,,true
3036,350.0,162.0,,true
3037,500.0,171.0,,false
3038,500.0,522.0,,false
3039,3300.0,28.0,,false
3040,3300.0,22.0,,false
3041,3300.0,29.0,,false
3042,60.0,242.0,,false
3043,60.0,190.0,,false
3044,60.0,210.0,,false
3045,800.0,6.0,,false
3046,60.0,99.0,,false
3047,60.0,106.0,,false
3048,60.0,81.0,,false
3049,60.0,93.0,,false
3050,60.0,93.0,,false
3051,60.0,82.0,,false
3052,60.0,110.0,,false
3053,60.0,93.0,,false
3054,60.0,82.0,,false
3055,100.0,225.0,,false
3056,100.0,194.0,,false
3057,900.0,9.0,,false
3058,1150.0,17.0,,false
3059,1000.0,6.0,,false
3060,1350.0,47.0,,true
3061,500.0,59.0,,true
3062,5000.0,16.0,,true
3063,2200.0,132.0,,true
3064,3500.0,332.0,,true
3065,5000.0,600.0,,true
3066,500.0,144.0,,true
3067,125.0,485.0,,true
3068,40.0,358.0,,true
3069,350.0,144.0,,true
3070,500.0,195.0,,false
3071,500.0,476.0,,false
3072,3300.0,22.0,,false
3073,3300.0,22.0,,false
3074,3300.0,24.0,,false
3075,60.0,153.0,,false
3076,60.0,222.0,,false
3077,60.0,171.0,,false
3078,800.0,4.0,,false
3079,60.0,84.0,,false
3080,60.0,116.0,,false
3081,60.0,102.0,,false
3082,60.0,97.0,,false
3083,60.0,90.0,,false
3084,60.0,91.0,,false
3085,60.0,113.0,,false
3086,60.0,81.0,,false
3087,100.0,223.0,,false
3088,100.0,231.0,,false
3089,900.0,10.0,,false
3090,1150.0,17.0,,false
3091,1000.0,5.0,,false
3092,1350.0,46.0,,true
3093,500.0,57.0,,true
3094,5000.0,20.0,,true
3095,2200.0,134.0,,true
3096,3500.0,291.0,,true
3097,5000.0,600.0,,true
3098,500.0,159.0,,true
3099,125.0,534.0,,true
3100,40.0,388.0,,true
3101,350.0,156.0,,true
3102,500.0,175.0,,false
3103,500.0,349.0,,false
3104,3300.0,30.0,,false
3105,3300.0,30.0,,false
3106,3300.0,26.0,,false
3107,60.0,177.0,,false
3108,60.0,235.0,,false
3109,60.0,240.0,,false
3110,60.0,220.0,,false
3111,800.0,6.0,,false
3112,60.0,119.0,,false
3113,60.0,95.0,,false
3114,60.0,106.0,,false
3115,60.0,93.0,,false
3116,60.0,99.0,,false
3117,60.0,102.0,,false
3118,60.0,87.0,,false
3119,60.0,95.0,,false
3120,60.0,88.0,,false
3121,60.0,101.0,,false
3122,100.0,229.0,,false
3123,100.0,190.0,,false
3124,900.0,7.0,,false
3125,1150.0,13.0,,false
3126,1000.0,8.0,,false
3127,1350.0,47.0,,true
3128,500.0,56.0,,true
3129,5000.0,18.0,,true
3130,2200.0,134.0,,true
3131,3500.0,333.0,,true
3132,5000.0,600.0,,true
3133,500.0,149.0,,true
3134,125.0,461.0,,true
3135,40.0,408.0,,true
3136,350.0,145.0,,true
3137,500.0,183.0,,false
3138,500.0,357.0,,false
3139,3300.0,24.0,,false
3140,3300.0,22.0,,false
3141,3300.0,21.0,,false
3142,60.0,240.0,,false
3143,60.0,235.0,,false
3144,60.0,161.0,,false
3145,800.0,4.0,,false
3146,60.0,99.0,,false
3147,60.0,100.0,,false
3148,60.0,85.0,,false
3149,60.0,115.0,,false
3150,60.0,115.0,,false
3151,60.0,93.0,,false
3152,60.0,111.0,,false
3153,60.0,118.0,,false
3154,60.0,111.0,,false
3155,100.0,239.0,,false
3156,100.0,215.0,,false
3157,900.0,10.0,,false
3158,1150.0,17.0,,false
3159,1000.0,8.0,,false
3160,1350.0,50.0,,true
3161,500.0,59.0,,true
3162,5000.0,19.0,,true
3163,2200.0,131.0,,true
3164,3500.0,339.0,,true
3165,5000.0,600.0,,true
3166,500.0,147.0,,true
3167,125.0,527.0,,true
3168,40.0,378.0,,true
3169,350.0,163.0,,true
3170,500.0,188.0,,false
3171,500.0,419.0,,false
3172,3300.0,30.0,,false
3173,3300.0,26.0,,false
3174,3300.0,28.0,,false
3175,60.0,165.0,,false
3176,60.0,213.0,,false
3177,60.0,244.0,,false
3178,60.0,239.0,,false
3179,800.0,5.0,,false
3180,60.0,100.0,,false
3181,60.0,94.0,,false
3182,60.0,101.0,,false
3183,60.0,91.0,,false
3184,60.0,100.0,,false
3185,60.0,110.0,,false
3186,60.0,98.0,,false
3187,60.0,115.0,,false
3188,100.0,236.0,,false
3189,100.0,244.0,,false
3190,900.0,7.0,,false
3191,1150.0,15.0,,false
3192,1000.0,8.0,,false
3193,1350.0,47.0,,true
3194,500.0,59.0,,true
3195,5000.0,20.0,,true
3196,2200.0,135.0,,true
3197,3500.0,264.0,,true
3198,5000.0,600.0,,true
3199,500.0,142.0,,true
3200,125.0,479.0,,true
3201,40.0,395.0,,true
3202,350.0,153.0,,true
3203,500.0,195.0,,false
3204,500.0,455.0,,false
3205,3300.0,29.0,,false
3206,3300.0,24.0,,false
3207,3300.0,26.0,,false
3208,60.0,247.0,,false
3209,60.0,236.0,,false
3210,60.0,201.0,,false
3211,800.0,5.0,,false
3212,60.0,85.0,,false
3213,60.0,116.0,,false
3214,60.0,90.0,,false
3215,60.0,102.0,,false
3216,60.0,119.0,,false
3217,60.0,90.0,,false
3218,100.0,221.0,,false
3219,100.0,215.0,,false
3220,900.0,10.0,,false
3221,1150.0,13.0,,false
3222,1000.0,6.0,,false
3223,1350.0,46.0,,true
3224,500.0,57.0,,true
3225,5000.0,16.0,,true
3226,2200.0,140.0,,true
3227,3500.0,226.0,,true
3228,5000.0,600.0,,true
3229,500.0,146.0,,true
3230,125.0,542.0,,true
3231,40.0,452.0,,true
3232,350.0,145.0,,true
3233,500.0,199.0,,false
3234,500.0,326.0,,false
3235,3300.0,27.0,,false
3236,3300.0,26.0,,false
3237,3300.0,26.0,,false
3238,60.0,203.0,,false
3239,60.0,171.0,,false
3240,60.0,158.0,,false
3241,60.0,164.0,,false
3242,800.0,6.0,,false
3243,60.0,116.0,,false
3244,60.0,93.0,,false
3245,60.0,107.0,,false
3246,60.0,85.0,,false
3247,60.0,97.0,,false
3248,60.0,115.0,,false
3249,60.0,115.0,,false
3250,100.0,227.0,,false
3251,100.0,197.0,,false
3252,900.0,7.0,,false
3253,1150.0,15.0,,false
3254,1000.0,8.0,,false
