Reference,height,width,stripwidth,preemptable
1,1350.0,46.0,720,true
2,500.0,60.0,,true
3,5000.0,18.0,,true
4,2200.0,139.0,,true
5,3500.0,333.0,,true
6,5000.0,600.0,,true
7,500.0,155.0,,true
8,125.0,512.0,,true
9,40.0,432.0,,true
10,350.0,156.0,,true
11,500.0,187.0,,false
12,500.0,525.0,,false
13,3300.0,29.0,,false
14,3300.0,23.0,,false
15,3300.0,27.0,,false
16,60.0,180.0,,false
17,60.0,200.0,,false
18,60.0,171.0,,false
19,800.0,4.0,,false
20,60.0,82.0,,false
21,60.0,86.0,,false
22,60.0,87.0,,false
23,60.0,97.0,,false
24,60.0,96.0,,false
25,60.0,96.0,,false
26,60.0,95.0,,false
27,60.0,90.0,,false
28,60.0,115.0,,false
29,60.0,85.0,,false
30,100.0,235.0,,false
31,100.0,232.0,,false
32,900.0,7.0,,false
33,1150.0,14.0,,false
34,1000.0,6.0,,false
35,1350.0,50.0,,true
36,500.0,58.0,,true
37,5000.0,18.0,,true
38,2200.0,131.0,,true
39,3500.0,371.0,,true
40,5000.0,600.0,,true
41,500.0,157.0,,true
42,125.0,477.0,,true
43,40.0,406.0,,true
44,350.0,156.0,,true
45,500.0,189.0,,false
46,500.0,548.0,,false
47,3300.0,23.0,,false
48,3300.0,21.0,,false
49,3300.0,21.0,,false
50,60.0,242.0,,false
51,60.0,216.0,,false
52,60.0,204.0,,false
53,800.0,6.0,,false
54,60.0,97.0,,false
55,60.0,103.0,,false
56,60.0,97.0,,false
57,60.0,117.0,,false
58,60.0,103.0,,false
59,60.0,114.0,,false
60,100.0,224.0,,false
61,100.0,222.0,,false
62,900.0,7.0,,false
63,1150.0,16.0,,false
64,1000.0,5.0,,false
65,1350.0,47.0,,true
66,500.0,58.0,,true
67,5000.0,16.0,,true
68,2200.0,138.0,,true
69,3500.0,205.0,,true
70,5000.0,600.0,,true
71,500.0,154.0,,true
72,125.0,529.0,,true
73,40.0,456.0,,true
74,350.0,166.0,,true
75,500.0,185.0,,false
76,500.0,325.0,,false
77,3300.0,30.0,,false
78,3300.0,30.0,,false
79,3300.0,24.0,,false
80,60.0,219.0,,false
81,60.0,160.0,,false
82,60.0,160.0,,false
83,800.0,4.0,,false
84,60.0,96.0,,false
85,60.0,93.0,,false
86,60.0,120.0,,false
87,60.0,110.0,,false
88,60.0,107.0,,false
89,60.0,99.0,,false
90,60.0,81.0,,false
91,60.0,113.0,,false
92,100.0,248.0,,false
93,100.0,200.0,,false
94,900.0,10.0,,false
95,1150.0,15.0,,false
96,1000.0,5.0,,false
97,1350.0,49.0,,true
98,500.0,58.0,,true
99,5000.0,20.0,,true
100,2200.0,137.0,,true
101,3500.0,254.0,,true
102,5000.0,600.0,,true
103,500.0,141.0,,true
104,125.0,458.0,,true
105,40.0,392.0,,true
106,350.0,164.0,,true
107,500.0,193.0,,false
108,500.0,517.0,,false
109,3300.0,30.0,,false
110,3300.0,26.0,,false
111,3300.0,24.0,,false
112,60.0,204.0,,false
113,60.0,195.0,,false
114,60.0,250.0,,false
115,800.0,4.0,,false
116,60.0,99.0,,false
117,60.0,116.0,,false
118,60.0,105.0,,false
119,60.0,81.0,,false
120,60.0,116.0,,false
121,60.0,107.0,,false
122,60.0,102.0,,false
123,100.0,199.0,,false
124,100.0,245.0,,false
125,900.0,8.0,,false
126,1150.0,16.0,,false
127,1000.0,8.0,,false
128,1350.0,49.0,,true
129,500.0,56.0,,true
130,5000.0,18.0,,true
131,2200.0,136.0,,true
132,3500.0,213.0,,true
133,5000.0,600.0,,true
134,500.0,155.0,,true
135,125.0,466.0,,true
136,40.0,453.0,,true
137,350.0,149.0,,true
138,500.0,189.0,,false
139,500.0,355.0,,false
140,3300.0,25.0,,false
141,3300.0,29.0,,false
142,3300.0,29.0,,false
143,60.0,158.0,,false
144,60.0,205.0,,false
145,60.0,250.0,,false
146,800.0,6.0,,false
147,60.0,82.0,,false
148,60.0,114.0,,false
149,60.0,106.0,,false
150,60.0,94.0,,false
151,60.0,99.0,,false
152,60.0,116.0,,false
153,100.0,200.0,,false
154,100.0,231.0,,false
155,900.0,7.0,,false
156,1150.0,17.0,,false
157,1000.0,7.0,,false
158,1350.0,47.0,,true
159,500.0,57.0,,true
160,5000.0,16.0,,true
161,2200.0,135.0,,true
162,3500.0,372.0,,true
163,5000.0,600.0,,true
164,500.0,142.0,,true
165,125.0,491.0,,true
166,40.0,360.0,,true
167,350.0,153.0,,true
168,500.0,185.0,,false
169,500.0,303.0,,false
170,3300.0,23.0,,false
171,3300.0,27.0,,false
172,3300.0,28.0,,false
173,60.0,220.0,,false
174,60.0,202.0,,false
175,60.0,199.0,,false
176,800.0,6.0,,false
177,60.0,109.0,,false
178,60.0,93.0,,false
179,60.0,117.0,,false
180,60.0,87.0,,false
181,60.0,118.0,,false
182,60.0,106.0,,false
183,60.0,86.0,,false
184,100.0,188.0,,false
185,100.0,202.0,,false
186,900.0,7.0,,false
187,1150.0,15.0,,false
188,1000.0,6.0,,false
189,1350.0,46.0,,true
190,500.0,59.0,,true
191,5000.0,20.0,,true
192,2200.0,132.0,,true
193,3500.0,387.0,,true
194,5000.0,600.0,,true
195,500.0,156.0,,true
196,125.0,503.0,,true
197,40.0,427.0,,true
198,350.0,153.0,,true
199,500.0,182.0,,false
200,500.0,389.0,,false
201,3300.0,28.0,,false
202,3300.0,23.0,,false
203,3300.0,21.0,,false
204,60.0,223.0,,false
205,60.0,162.0,,false
206,60.0,201.0,,false
207,800.0,4.0,,false
208,60.0,82.0,,false
209,60.0,117.0,,false
210,60.0,96.0,,false
211,60.0,108.0,,false
212,60.0,110.0,,false
213,60.0,103.0,,false
214,60.0,112.0,,false
215,60.0,92.0,,false
216,60.0,101.0,,false
217,60.0,106.0,,false
218,100.0,244.0,,false
219,100.0,222.0,,false
220,900.0,10.0,,false
221,1150.0,14.0,,false
222,1000.0,6.0,,false
223,1350.0,49.0,,true
224,500.0,58.0,,true
225,5000.0,16.0,,true
226,2200.0,131.0,,true
227,3500.0,297.0,,true
228,5000.0,600.0,,true
229,500.0,158.0,,true
230,125.0,455.0,,true
231,40.0,433.0,,true
232,350.0,145.0,,true
233,500.0,190.0,,false
234,500.0,386.0,,false
235,3300.0,25.0,,false
236,3300.0,29.0,,false
237,3300.0,28.0,,false
238,60.0,217.0,,false
239,60.0,185.0,,false
240,60.0,175.0,,false
241,800.0,4.0,,false
242,60.0,83.0,,false
243,60.0,84.0,,false
244,60.0,87.0,,false
245,60.0,102.0,,false
246,60.0,99.0,,false
247,60.0,97.0,,false
248,60.0,98.0,,false
249,60.0,101.0,,false
250,60.0,94.0,,false
251,100.0,208.0,,false
252,100.0,196.0,,false
253,900.0,7.0,,false
254,1150.0,16.0,,false
255,1000.0,7.0,,false
256,1350.0,46.0,,true
257,500.0,60.0,,true
258,5000.0,20.0,,true
259,2200.0,131.0,,true
260,3500.0,249.0,,true
261,5000.0,600.0,,true
262,500.0,159.0,,true
263,125.0,492.0,,true
264,40.0,457.0,,true
265,350.0,169.0,,true
266,500.0,182.0,,false
267,500.0,502.0,,false
268,3300.0,29.0,,false
269,3300.0,25.0,,false
270,3300.0,23.0,,false
271,60.0,203.0,,false
272,60.0,250.0,,false
273,60.0,177.0,,false
274,60.0,208.0,,false
275,800.0,5.0,,false
276,60.0,99.0,,false
277,60.0,86.0,,false
278,60.0,116.0,,false
279,60.0,85.0,,false
280,60.0,112.0,,false
281,60.0,97.0,,false
282,100.0,204.0,,false
283,100.0,223.0,,false
284,900.0,10.0,,false
285,1150.0,16.0,,false
286,1000.0,8.0,,false
287,1350.0,49.0,,true
288,500.0,59.0,,true
289,5000.0,19.0,,true
290,2200.0,140.0,,true
291,3500.0,335.0,,true
292,5000.0,600.0,,true
293,500.0,149.0,,true
294,125.0,527.0,,true
295,40.0,369.0,,true
296,350.0,166.0,,true
297,500.0,176.0,,false
298,500.0,587.0,,false
299,3300.0,21.0,,false
300,3300.0,29.0,,false
301,3300.0,26.0,,false
302,60.0,249.0,,false
303,60.0,221.0,,false
304,60.0,245.0,,false
305,60.0,241.0,,false
306,800.0,4.0,,false
307,60.0,120.0,,false
308,60.0,101.0,,false
309,60.0,94.0,,false
310,60.0,102.0,,false
311,60.0,96.0,,false
312,60.0,102.0,,false
313,100.0,234.0,,false
314,100.0,227.0,,false
315,900.0,10.0,,false
316,1150.0,15.0,,false
317,1000.0,5.0,,false
318,1350.0,46.0,,true
319,500.0,57.0,,true
320,5000.0,19.0,,true
321,2200.0,135.0,,true
322,3500.0,300.0,,true
323,5000.0,600.0,,true
324,500.0,149.0,,true
325,125.0,486.0,,true
326,40.0,445.0,,true
327,350.0,173.0,,true
328,500.0,198.0,,false
329,500.0,422.0,,false
330,3300.0,28.0,,false
331,3300.0,24.0,,false
332,3300.0,25.0,,false
333,60.0,201.0,,false
334,60.0,152.0,,false
335,60.0,210.0,,false
336,800.0,4.0,,false
337,60.0,94.0,,false
338,60.0,94.0,,false
339,60.0,107.0,,false
340,60.0,113.0,,false
341,60.0,87.0,,false
342,60.0,107.0,,false
343,60.0,114.0,,false
344,100.0,181.0,,false
345,100.0,225.0,,false
346,900.0,10.0,,false
347,1150.0,14.0,,false
348,1000.0,6.0,,false
349,1350.0,47.0,,true
350,500.0,57.0,,true
351,5000.0,20.0,,true
352,2200.0,134.0,,true
353,3500.0,274.0,,true
354,5000.0,600.0,,true
355,500.0,156.0,,true
356,125.0,467.0,,true
357,40.0,387.0,,true
358,350.0,153.0,,true
359,500.0,180.0,,false
360,500.0,329.0,,false
361,3300.0,26.0,,false
362,3300.0,22.0,,false
363,3300.0,28.0,,false
364,60.0,245.0,,false
365,60.0,192.0,,false
366,60.0,202.0,,false
367,60.0,172.0,,false
368,800.0,4.0,,false
369,60.0,106.0,,false
370,60.0,114.0,,false
371,60.0,115.0,,false
372,60.0,113.0,,false
373,60.0,112.0,,false
374,60.0,108.0,,false
375,60.0,116.0,,false
376,100.0,239.0,,false
377,100.0,234.0,,false
378,900.0,9.0,,false
379,1150.0,16.0,,false
380,1000.0,5.0,,false
381,1350.0,49.0,,true
382,500.0,60.0,,true
383,5000.0,16.0,,true
384,2200.0,133.0,,true
385,3500.0,247.0,,true
386,5000.0,600.0,,true
387,500.0,144.0,,true
388,125.0,523.0,,true
389,40.0,447.0,,true
390,350.0,158.0,,true
391,500.0,179.0,,false
392,500.0,496.0,,false
393,3300.0,27.0,,false
394,3300.0,25.0,,false
395,3300.0,24.0,,false
396,60.0,166.0,,false
397,60.0,235.0,,false
398,60.0,205.0,,false
399,60.0,174.0,,false
400,800.0,5.0,,false
401,60.0,94.0,,false
402,60.0,91.0,,false
403,60.0,117.0,,false
404,60.0,115.0,,false
405,60.0,93.0,,false
406,60.0,95.0,,false
407,60.0,94.0,,false
408,60.0,104.0,,false
409,60.0,118.0,,false
410,60.0,111.0,,false
411,100.0,205.0,,false
412,100.0,222.0,,false
413,900.0,9.0,,false
414,1150.0,15.0,,false
415,1000.0,5.0,,false
416,1350.0,50.0,,true
417,500.0,59.0,,true
418,5000.0,19.0,,true
419,2200.0,132.0,,true
420,3500.0,386.0,,true
421,5000.0,600.0,,true
422,500.0,159.0,,true
423,125.0,470.0,,true
424,40.0,376.0,,true
425,350.0,160.0,,true
426,500.0,184.0,,false
427,500.0,578.0,,false
428,3300.0,25.0,,false
429,3300.0,25.0,,false
430,3300.0,28.0,,false
431,60.0,157.0,,false
432,60.0,213.0,,false
433,60.0,200.0,,false
434,800.0,4.0,,false
435,60.0,120.0,,false
436,60.0,82.0,,false
437,60.0,117.0,,false
438,60.0,114.0,,false
439,60.0,102.0,,false
440,60.0,119.0,,false
441,100.0,215.0,,false
442,100.0,246.0,,false
443,900.0,7.0,,false
444,1150.0,18.0,,false
445,1000.0,7.0,,false
446,1350.0,46.0,,true
447,500.0,56.0,,true
448,5000.0,19.0,,true
449,2200.0,132.0,,true
450,3500.0,207.0,,true
451,5000.0,600.0,,true
452,500.0,141.0,,true
453,125.0,504.0,,true
454,40.0,361.0,,true
455,350.0,147.0,,true
456,500.0,190.0,,false
457,500.0,557.0,,false
458,3300.0,21.0,,false
459,3300.0,29.0,,false
460,3300.0,25.0,,false
461,60.0,157.0,,false
462,60.0,230.0,,false
463,60.0,188.0,,false
464,800.0,6.0,,false
465,60.0,100.0,,false
466,60.0,96.0,,false
467,60.0,94.0,,false
468,60.0,102.0,,false
469,60.0,95.0,,false
470,60.0,93.0,,false
471,60.0,97.0,,false
472,60.0,86.0,,false
473,60.0,93.0,,false
474,100.0,227.0,,false
475,100.0,183.0,,false
476,900.0,10.0,,false
477,1150.0,13.0,,false
478,1000.0,5.0,,false
479,1350.0,46.0,,true
480,500.0,60.0,,true
481,5000.0,17.0,,true
482,2200.0,137.0,,true
483,3500.0,310.0,,true
484,5000.0,600.0,,true
485,500.0,154.0,,true
486,125.0,471.0,,true
487,40.0,441.0,,true
488,350.0,165.0,,true
489,500.0,175.0,,false
490,500.0,390.0,,false
491,3300.0,21.0,,false
492,3300.0,22.0,,false
493,3300.0,22.0,,false
494,60.0,222.0,,false
495,60.0,223.0,,false
496,60.0,227.0,,false
497,800.0,5.0,,false
498,60.0,115.0,,false
499,60.0,120.0,,false
500,60.0,108.0,,false
501,60.0,111.0,,false
502,60.0,104.0,,false
503,60.0,82.0,,false
504,60.0,102.0,,false
505,60.0,113.0,,false
506,60.0,83.0,,false
507,100.0,230.0,,false
508,100.0,201.0,,false
509,900.0,10.0,,false
510,1150.0,15.0,,false
511,1000.0,8.0,,false
512,1350.0,48.0,,true
513,500.0,57.0,,true
514,5000.0,16.0,,true
515,2200.0,138.0,,true
516,3500.0,349.0,,true
517,5000.0,600.0,,true
518,500.0,143.0,,true
519,125.0,516.0,,true
520,40.0,396.0,,true
521,350.0,160.0,,true
522,500.0,195.0,,false
523,500.0,324.0,,false
524,3300.0,23.0,,false
525,3300.0,25.0,,false
526,3300.0,21.0,,false
527,60.0,157.0,,false
528,60.0,206.0,,false
529,60.0,172.0,,false
530,800.0,6.0,,false
531,60.0,107.0,,false
532,60.0,85.0,,false
533,60.0,102.0,,false
534,60.0,110.0,,false
535,60.0,90.0,,false
536,60.0,118.0,,false
537,60.0,108.0,,false
538,60.0,109.0,,false
539,60.0,111.0,,false
540,100.0,246.0,,false
541,100.0,195.0,,false
542,900.0,7.0,,false
543,1150.0,16.0,,false
544,1000.0,5.0,,false
545,1350.0,48.0,,true
546,500.0,58.0,,true
547,5000.0,19.0,,true
548,2200.0,136.0,,true
549,3500.0,395.0,,true
550,5000.0,600.0,,true
551,500.0,156.0,,true
552,125.0,472.0,,true
553,40.0,439.0,,true
554,350.0,160.0,,true
555,500.0,195.0,,false
556,500.0,321.0,,false
557,3300.0,24.0,,false
558,3300.0,23.0,,false
559,3300.0,25.0,,false
560,60.0,153.0,,false
561,60.0,191.0,,false
562,60.0,191.0,,false
563,60.0,166.0,,false
564,800.0,6.0,,false
565,60.0,115.0,,false
566,60.0,119.0,,false
567,60.0,102.0,,false
568,60.0,89.0,,false
569,60.0,109.0,,false
570,60.0,105.0,,false
571,100.0,246.0,,false
572,100.0,211.0,,false
573,900.0,7.0,,false
574,1150.0,18.0,,false
575,1000.0,6.0,,false
576,1350.0,47.0,,true
577,500.0,59.0,,true
578,5000.0,16.0,,true
579,2200.0,133.0,,true
580,3500.0,333.0,,true
581,5000.0,600.0,,true
582,500.0,150.0,,true
583,125.0,485.0,,true
584,40.0,437.0,,true
585,350.0,151.0,,true
586,500.0,195.0,,false
587,500.0,409.0,,false
588,3300.0,27.0,,false
589,3300.0,23.0,,false
590,3300.0,26.0,,false
591,60.0,229.0,,false
592,60.0,189.0,,false
593,60.0,239.0,,false
594,60.0,209.0,,false
595,800.0,6.0,,false
596,60.0,89.0,,false
597,60.0,85.0,,false
598,60.0,101.0,,false
599,60.0,112.0,,false
600,60.0,83.0,,false
601,60.0,86.0,,false
602,100.0,199.0,,false
603,100.0,220.0,,false
604,900.0,10.0,,false
605,1150.0,18.0,,false
606,1000.0,5.0,,false
607,1350.0,49.0,,true
608,500.0,59.0,,true
609,5000.0,16.0,,true
610,2200.0,135.0,,true
611,3500.0,231.0,,true
612,5000.0,600.0,,true
613,500.0,157.0,,true
614,125.0,497.0,,true
615,40.0,396.0,,true
616,350.0,169.0,,true
617,500.0,175.0,,false
618,500.0,490.0,,false
619,3300.0,22.0,,false
620,3300.0,23.0,,false
621,3300.0,25.0,,false
622,60.0,195.0,,false
623,60.0,184.0,,false
624,60.0,206.0,,false
625,60.0,157.0,,false
626,800.0,4.0,,false
627,60.0,119.0,,false
628,60.0,118.0,,false
629,60.0,95.0,,false
630,60.0,103.0,,false
631,60.0,89.0,,false
632,60.0,82.0,,false
633,60.0,115.0,,false
634,60.0,114.0,,false
635,100.0,212.0,,false
636,100.0,242.0,,false
637,900.0,9.0,,false
638,1150.0,16.0,,false
639,1000.0,5.0,,false
640,1350.0,46.0,,true
641,500.0,59.0,,true
642,5000.0,17.0,,true
643,2200.0,139.0,,true
644,3500.0,240.0,,true
645,5000.0,600.0,,true
646,500.0,146.0,,true
647,125.0,475.0,,true
648,40.0,422.0,,true
649,350.0,143.0,,true
650,500.0,185.0,,false
651,500.0,509.0,,false
652,3300.0,28.0,,false
653,3300.0,28.0,,false
654,3300.0,26.0,,false
655,60.0,218.0,,false
656,60.0,218.0,,false
657,60.0,173.0,,false
658,60.0,154.0,,false
659,800.0,5.0,,false
660,60.0,117.0,,false
661,60.0,102.0,,false
662,60.0,114.0,,false
663,60.0,116.0,,false
664,60.0,94.0,,false
665,60.0,105.0,,false
666,100.0,232.0,,false
667,100.0,204.0,,false
668,900.0,10.0,,false
669,1150.0,15.0,,false
670,1000.0,7.0,,false
671,1350.0,48.0,,true
672,500.0,60.0,,true
673,5000.0,16.0,,true
674,2200.0,136.0,,true
675,3500.0,240.0,,true
676,5000.0,600.0,,true
677,500.0,149.0,,true
678,125.0,550.0,,true
679,40.0,434.0,,true
680,350.0,164.0,,true
681,500.0,193.0,,false
682,500.0,401.0,,false
683,3300.0,21.0,,false
684,3300.0,26.0,,false
685,3300.0,22.0,,false
686,60.0,157.0,,false
687,60.0,248.0,,false
688,60.0,202.0,,false
689,800.0,4.0,,false
690,60.0,112.0,,false
691,60.0,81.0,,false
692,60.0,110.0,,false
693,60.0,89.0,,false
694,60.0,116.0,,false
695,60.0,119.0,,false
696,60.0,119.0,,false
697,100.0,233.0,,false
698,100.0,191.0,,false
699,900.0,10.0,,false
700,1150.0,18.0,,false
701,1000.0,7.0,,false
702,1350.0,49.0,,true
703,500.0,57.0,,true
704,5000.0,17.0,,true
705,2200.0,135.0,,true
706,3500.0,387.0,,true
707,5000.0,600.0,,true
708,500.0,149.0,,true
709,125.0,507.0,,true
710,40.0,361.0,,true
711,350.0,156.0,,true
712,500.0,192.0,,false
713,500.0,357.0,,false
714,3300.0,21.0,,false
715,3300.0,25.0,,false
716,3300.0,26.0,,false
717,60.0,221.0,,false
718,60.0,203.0,,false
719,60.0,172.0,,false
720,800.0,4.0,,false
721,60.0,97.0,,false
722,60.0,82.0,,false
723,60.0,97.0,,false
724,60.0,91.0,,false
725,60.0,113.0,,false
726,60.0,98.0,,false
727,60.0,86.0,,false
728,100.0,192.0,,false
729,100.0,236.0,,false
730,900.0,9.0,,false
731,1150.0,18.0,,false
732,1000.0,5.0,,false
733,1350.0,49.0,,true
734,500.0,57.0,,true
735,5000.0,19.0,,true
736,2200.0,138.0,,true
737,3500.0,231.0,,true
738,5000.0,600.0,,true
739,500.0,154.0,,true
740,125.0,508.0,,true
741,40.0,378.0,,true
742,350.0,145.0,,true
743,500.0,194.0,,false
744,500.0,363.0,,false
745,3300.0,26.0,,false
746,3300.0,27.0,,false
747,3300.0,24.0,,false
748,60.0,158.0,,false
749,60.0,234.0,,false
750,60.0,238.0,,false
751,800.0,5.0,,false
752,60.0,95.0,,false
753,60.0,111.0,,false
754,60.0,88.0,,false
755,60.0,113.0,,false
756,60.0,107.0,,false
757,60.0,107.0,,false
758,60.0,113.0,,false
759,100.0,236.0,,false
760,100.0,193.0,,false
761,900.0,10.0,,false
762,1150.0,13.0,,false
763,1000.0,5.0,,false
764,1350.0,48.0,,true
765,500.0,56.0,,true
766,5000.0,19.0,,true
767,2200.0,132.0,,true
768,3500.0,396.0,,true
769,5000.0,600.0,,true
770,500.0,144.0,,true
771,125.0,490.0,,true
772,40.0,355.0,,true
773,350.0,171.0,,true
774,500.0,196.0,,false
775,500.0,577.0,,false
776,3300.0,25.0,,false
777,3300.0,30.0,,false
778,3300.0,23.0,,false
779,60.0,188.0,,false
780,60.0,159.0,,false
781,60.0,218.0,,false
782,800.0,6.0,,false
783,60.0,83.0,,false
784,60.0,83.0,,false
785,60.0,103.0,,false
786,60.0,94.0,,false
787,60.0,101.0,,false
788,60.0,82.0,,false
789,60.0,117.0,,false
790,100.0,207.0,,false
791,100.0,196.0,,false
792,900.0,9.0,,false
793,1150.0,15.0,,false
794,1000.0,7.0,,false
795,1350.0,50.0,,true
796,500.0,58.0,,true
797,5000.0,20.0,,true
798,2200.0,137.0,,true
799,3500.0,251.0,,true
800,5000.0,600.0,,true
801,500.0,143.0,,true
802,125.0,546.0,,true
803,40.0,459.0,,true
804,350.0,167.0,,true
805,500.0,179.0,,false
806,500.0,318.0,,false
807,3300.0,25.0,,false
808,3300.0,23.0,,false
809,3300.0,25.0,,false
810,60.0,244.0,,false
811,60.0,164.0,,false
812,60.0,159.0,,false
813,800.0,6.0,,false
814,60.0,96.0,,false
815,60.0,90.0,,false
816,60.0,93.0,,false
817,60.0,95.0,,false
818,60.0,91.0,,false
819,60.0,96.0,,false
820,100.0,206.0,,false
821,100.0,206.0,,false
822,900.0,8.0,,false
823,1150.0,17.0,,false
824,1000.0,7.0,,false
825,1350.0,46.0,,true
826,500.0,57.0,,true
827,5000.0,19.0,,true
828,2200.0,134.0,,true
829,3500.0,272.0,,true
830,5000.0,600.0,,true
831,500.0,155.0,,true
832,125.0,461.0,,true
833,40.0,432.0,,true
834,350.0,175.0,,true
835,500.0,197.0,,false
836,500.0,320.0,,false
837,3300.0,30.0,,false
838,3300.0,26.0,,false
839,3300.0,26.0,,false
840,60.0,201.0,,false
841,60.0,156.0,,false
842,60.0,209.0,,false
843,60.0,237.0,,false
844,800.0,6.0,,false
845,60.0,111.0,,false
846,60.0,101.0,,false
847,60.0,90.0,,false
848,60.0,113.0,,false
849,60.0,115.0,,false
850,60.0,107.0,,false
851,60.0,104.0,,false
852,60.0,119.0,,false
853,60.0,114.0,,false
854,100.0,196.0,,false
855,100.0,236.0,,false
856,900.0,8.0,,false
857,1150.0,14.0,,false
858,1000.0,8.0,,false
859,1350.0,49.0,,true
860,500.0,59.0,,true
861,5000.0,18.0,,true
862,2200.0,131.0,,true
863,3500.0,260.0,,true
864,5000.0,600.0,,true
865,500.0,151.0,,true
866,125.0,514.0,,true
867,40.0,377.0,,true
868,350.0,166.0,,true
869,500.0,179.0,,false
870,500.0,509.0,,false
871,3300.0,23.0,,false
872,3300.0,25.0,,false
873,3300.0,27.0,,false
874,60.0,221.0,,false
875,60.0,159.0,,false
876,60.0,179.0,,false
877,60.0,178.0,,false
878,800.0,5.0,,false
879,60.0,93.0,,false
880,60.0,109.0,,false
881,60.0,114.0,,false
882,60.0,112.0,,false
883,60.0,104.0,,false
884,60.0,113.0,,false
885,60.0,85.0,,false
886,60.0,109.0,,false
887,60.0,107.0,,false
888,100.0,205.0,,false
889,100.0,234.0,,false
890,900.0,8.0,,false
891,1150.0,13.0,,false
892,1000.0,8.0,,false
893,1350.0,50.0,,true
894,500.0,60.0,,true
895,5000.0,17.0,,true
896,2200.0,139.0,,true
897,3500.0,393.0,,true
898,5000.0,600.0,,true
899,500.0,150.0,,true
900,125.0,527.0,,true
901,40.0,398.0,,true
902,350.0,175.0,,true
903,500.0,180.0,,false
904,500.0,345.0,,false
905,3300.0,23.0,,false
906,3300.0,24.0,,false
907,3300.0,21.0,,false
908,60.0,167.0,,false
909,60.0,204.0,,false
910,60.0,187.0,,false
911,800.0,5.0,,false
912,60.0,103.0,,false
913,60.0,89.0,,false
914,60.0,95.0,,false
915,60.0,108.0,,false
916,60.0,119.0,,false
917,60.0,117.0,,false
918,100.0,196.0,,false
919,100.0,216.0,,false
920,900.0,7.0,,false
921,1150.0,15.0,,false
922,1000.0,7.0,,false
923,1350.0,46.0,,true
924,500.0,57.0,,true
925,5000.0,18.0,,true
926,2200.0,139.0,,true
927,3500.0,380.0,,true
928,5000.0,600.0,,true
929,500.0,154.0,,true
930,125.0,480.0,,true
931,40.0,392.0,,true
932,350.0,145.0,,true
933,500.0,198.0,,false
934,500.0,490.0,,false
935,3300.0,29.0,,false
936,3300.0,23.0,,false
937,3300.0,23.0,,false
938,60.0,246.0,,false
939,60.0,193.0,,false
940,60.0,183.0,,false
941,60.0,236.0,,false
942,800.0,6.0,,false
943,60.0,99.0,,false
944,60.0,104.0,,false
945,60.0,86.0,,false
946,60.0,86.0,,false
947,60.0,88.0,,false
948,60.0,99.0,,false
949,60.0,86.0,,false
950,60.0,119.0,,false
951,60.0,89.0,,false
952,60.0,82.0,,false
953,100.0,230.0,,false
954,100.0,220.0,,false
955,900.0,7.0,,false
956,1150.0,18.0,,false
957,1000.0,8.0,,false
958,1350.0,50.0,,true
959,500.0,57.0,,true
960,5000.0,19.0,,true
961,2200.0,135.0,,true
962,3500.0,386.0,,true
963,5000.0,600.0,,true
964,500.0,146.0,,true
965,125.0,541.0,,true
966,40.0,410.0,,true
967,350.0,173.0,,true
968,500.0,182.0,,false
969,500.0,331.0,,false
970,3300.0,28.0,,false
971,3300.0,26.0,,false
972,3300.0,23.0,,false
973,60.0,243.0,,false
974,60.0,225.0,,false
975,60.0,244.0,,false
976,60.0,226.0,,false
977,800.0,4.0,,false
978,60.0,89.0,,false
979,60.0,101.0,,false
980,60.0,107.0,,false
981,60.0,89.0,,false
982,60.0,92.0,,false
983,60.0,116.0,,false
984,100.0,211.0,,false
985,100.0,222.0,,false
986,900.0,10.0,,false
987,1150.0,16.0,,false
988,1000.0,6.0,,false
989,1350.0,49.0,,true
990,500.0,59.0,,true
991,5000.0,16.0,,true
992,2200.0,140.0,,true
993,3500.0,378.0,,true
994,5000.0,600.0,,true
995,500.0,143.0,,true
996,125.0,521.0,,true
997,40.0,435.0,,true
998,350.0,152.0,,true
999,500.0,189.0,,false
1000,500.0,585.0,,false
1001,3300.0,24.0,,false
1002,3300.0,29.0,,false
1003,3300.0,21.0,,false
1004,60.0,197.0,,false
1005,60.0,227.0,,false
1006,60.0,194.0,,false
1007,800.0,6.0,,false
1008,60.0,114.0,,false
1009,60.0,85.0,,false
1010,60.0,103.0,,false
1011,60.0,110.0,,false
1012,60.0,118.0,,false
1013,60.0,82.0,,false
1014,100.0,207.0,,false
1015,100.0,185.0,,false
1016,900.0,9.0,,false
1017,1150.0,18.0,,false
1018,1000.0,7.0,,false
1019,1350.0,48.0,,true
1020,500.0,58.0,,true
1021,5000.0,18.0,,true
1022,2200.0,139.0,,true
1023,3500.0,350.0,,true
1024,5000.0,600.0,,true
1025,500.0,149.0,,true
1026,125.0,531.0,,true
1027,40.0,448.0,,true
1028,350.0,159.0,,true
1029,500.0,172.0,,false
1030,500.0,426.0,,false
1031,3300.0,25.0,,false
1032,3300.0,25.0,,false
1033,3300.0,24.0,,false
1034,60.0,212.0,,false
1035,60.0,171.0,,false
1036,60.0,229.0,,false
1037,60.0,235.0,,false
1038,800.0,4.0,,false
1039,60.0,81.0,,false
1040,60.0,110.0,,false
1041,60.0,89.0,,false
1042,60.0,106.0,,false
1043,60.0,108.0,,false
1044,60.0,81.0,,false
1045,60.0,85.0,,false
1046,60.0,84.0,,false
1047,60.0,94.0,,false
1048,60.0,90.0,,false
1049,100.0,227.0,,false
1050,100.0,208.0,,false
1051,900.0,8.0,,false
1052,1150.0,17.0,,false
1053,1000.0,8.0,,false
1054,1350.0,48.0,,true
1055,500.0,58.0,,true
1056,5000.0,18.0,,true
1057,2200.0,133.0,,true
1058,3500.0,328.0,,true
1059,5000.0,600.0,,true
1060,500.0,148.0,,true
1061,125.0,509.0,,true
1062,40.0,449.0,,true
1063,350.0,153.0,,true
1064,500.0,191.0,,false
1065,500.0,315.0,,false
1066,3300.0,26.0,,false
1067,3300.0,29.0,,false
1068,3300.0,21.0,,false
1069,60.0,225.0,,false
1070,60.0,236.0,,false
1071,60.0,194.0,,false
1072,800.0,4.0,,false
1073,60.0,118.0,,false
1074,60.0,102.0,,false
1075,60.0,105.0,,false
1076,60.0,117.0,,false
1077,60.0,118.0,,false
1078,60.0,108.0,,false
1079,60.0,93.0,,false
1080,60.0,97.0,,false
1081,60.0,91.0,,false
1082,60.0,81.0,,false
1083,100.0,244.0,,false
1084,100.0,236.0,,false
1085,900.0,8.0,,false
1086,1150.0,16.0,,false
1087,1000.0,5.0,,false
1088,1350.0,46.0,,true
1089,500.0,57.0,,true
1090,5000.0,20.0,,true
1091,2200.0,137.0,,true
1092,3500.0,297.0,,true
1093,5000.0,600.0,,true
1094,500.0,160.0,,true
1095,125.0,535.0,,true
1096,40.0,427.0,,true
1097,350.0,178.0,,true
1098,500.0,187.0,,false
1099,500.0,566.0,,false
1100,3300.0,24.0,,false
1101,3300.0,26.0,,false
1102,3300.0,26.0,,false
1103,60.0,211.0,,false
1104,60.0,176.0,,false
1105,60.0,246.0,,false
1106,800.0,4.0,,false
1107,60.0,81.0,,false
1108,60.0,105.0,,false
1109,60.0,107.0,,false
1110,60.0,112.0,,false
1111,60.0,86.0,,false
1112,60.0,118.0,,false
1113,60.0,89.0,,false
1114,60.0,114.0,,false
1115,60.0,99.0,,false
1116,100.0,250.0,,false
1117,100.0,188.0,,false
1118,900.0,10.0,,false
1119,1150.0,15.0,,false
1120,1000.0,6.0,,false
1121,1350.0,47.0,,true
1122,500.0,56.0,,true
1123,5000.0,20.0,,true
1124,2200.0,133.0,,true
1125,3500.0,382.0,,true
1126,5000.0,600.0,,true
1127,500.0,153.0,,true
1128,125.0,485.0,,true
1129,40.0,429.0,,true
1130,350.0,158.0,,true
1131,500.0,199.0,,false
1132,500.0,543.0,,false
1133,3300.0,23.0,,false
1134,3300.0,26.0,,false
1135,3300.0,25.0,,false
1136,60.0,226.0,,false
1137,60.0,183.0,,false
1138,60.0,199.0,,false
1139,800.0,5.0,,false
1140,60.0,104.0,,false
1141,60.0,101.0,,false
1142,60.0,116.0,,false
1143,60.0,114.0,,false
1144,60.0,104.0,,false
1145,60.0,90.0,,false
1146,60.0,96.0,,false
1147,60.0,116.0,,false
1148,60.0,102.0,,false
1149,100.0,242.0,,false
1150,100.0,205.0,,false
1151,900.0,10.0,,false
1152,1150.0,13.0,,false
1153,1000.0,8.0,,false
1154,1350.0,49.0,,true
1155,500.0,57.0,,true
1156,5000.0,20.0,,true
1157,2200.0,132.0,,true
1158,3500.0,324.0,,true
1159,5000.0,600.0,,true
1160,500.0,146.0,,true
1161,125.0,520.0,,true
1162,40.0,403.0,,true
1163,350.0,159.0,,true
1164,500.0,171.0,,false
1165,500.0,464.0,,false
1166,3300.0,28.0,,false
1167,3300.0,30.0,,false
1168,3300.0,25.0,,false
1169,60.0,231.0,,false
1170,60.0,171.0,,false
1171,60.0,176.0,,false
1172,60.0,189.0,,false
1173,800.0,6.0,,false
1174,60.0,117.0,,false
1175,60.0,87.0,,false
1176,60.0,118.0,,false
1177,60.0,120.0,,false
1178,60.0,95.0,,false
1179,60.0,107.0,,false
1180,60.0,116.0,,false
1181,60.0,92.0,,false
1182,60.0,92.0,,false
1183,100.0,198.0,,false
1184,100.0,185.0,,false
1185,900.0,10.0,,false
1186,1150.0,18.0,,false
1187,1000.0,6.0,,false
1188,1350.0,49.0,,true
1189,500.0,60.0,,true
1190,5000.0,18.0,,true
1191,2200.0,135.0,,true
1192,3500.0,368.0,,true
1193,5000.0,600.0,,true
1194,500.0,143.0,,true
1195,125.0,511.0,,true
1196,40.0,367.0,,true
1197,350.0,166.0,,true
1198,500.0,180.0,,false
1199,500.0,404.0,,false
1200,3300.0,29.0,,false
1201,3300.0,26.0,,false
1202,3300.0,22.0,,false
1203,60.0,160.0,,false
1204,60.0,211.0,,false
1205,60.0,162.0,,false
1206,60.0,234.0,,false
1207,800.0,4.0,,false
1208,60.0,119.0,,false
1209,60.0,107.0,,false
1210,60.0,87.0,,false
1211,60.0,102.0,,false
1212,60.0,108.0,,false
1213,60.0,92.0,,false
1214,60.0,103.0,,false
1215,100.0,202.0,,false
1216,100.0,236.0,,false
1217,900.0,9.0,,false
1218,1150.0,13.0,,false
1219,1000.0,5.0,,false
1220,1350.0,49.0,,true
1221,500.0,58.0,,true
1222,5000.0,20.0,,true
1223,2200.0,140.0,,true
1224,3500.0,215.0,,true
1225,5000.0,600.0,,true
1226,500.0,156.0,,true
1227,125.0,472.0,,true
1228,40.0,420.0,,true
1229,350.0,151.0,,true
1230,500.0,182.0,,false
1231,500.0,451.0,,false
1232,3300.0,26.0,,false
1233,3300.0,25.0,,false
1234,3300.0,25.0,,false
1235,60.0,159.0,,false
1236,60.0,234.0,,false
1237,60.0,223.0,,false
1238,800.0,4.0,,false
1239,60.0,114.0,,false
1240,60.0,86.0,,false
1241,60.0,99.0,,false
1242,60.0,115.0,,false
1243,60.0,87.0,,false
1244,60.0,109.0,,false
1245,100.0,181.0,,false
1246,100.0,200.0,,false
1247,900.0,7.0,,false
1248,1150.0,16.0,,false
1249,1000.0,7.0,,false
1250,1350.0,46.0,,true
1251,500.0,59.0,,true
1252,5000.0,17.0,,true
1253,2200.0,137.0,,true
1254,3500.0,342.0,,true
1255,5000.0,600.0,,true
1256,500.0,156.0,,true
1257,125.0,467.0,,true
1258,40.0,388.0,,true
1259,350.0,154.0,,true
1260,500.0,173.0,,false
1261,500.0,366.0,,false
1262,3300.0,26.0,,false
1263,3300.0,25.0,,false
1264,3300.0,29.0,,false
1265,60.0,233.0,,false
1266,60.0,238.0,,false
1267,60.0,250.0,,false
1268,800.0,4.0,,false
1269,60.0,81.0,,false
1270,60.0,111.0,,false
1271,60.0,107.0,,false
1272,60.0,103.0,,false
1273,60.0,120.0,,false
1274,60.0,115.0,,false
1275,60.0,99.0,,false
1276,100.0,230.0,,false
1277,100.0,186.0,,false
1278,900.0,8.0,,false
1279,1150.0,17.0,,false
1280,1000.0,5.0,,false
1281,1350.0,50.0,,true
1282,500.0,58.0,,true
1283,5000.0,19.0,,true
1284,2200.0,138.0,,true
1285,3500.0,282.0,,true
1286,5000.0,600.0,,true
1287,500.0,142.0,,true
1288,125.0,538.0,,true
1289,40.0,449.0,,true
1290,350.0,145.0,,true
1291,500.0,186.0,,false
1292,500.0,366.0,,false
1293,3300.0,28.0,,false
1294,3300.0,22.0,,false
1295,3300.0,24.0,,false
1296,60.0,193.0,,false
1297,60.0,198.0,,false
1298,60.0,202.0,,false
1299,60.0,197.0,,false
1300,800.0,6.0,,false
1301,60.0,89.0,,false
1302,60.0,94.0,,false
1303,60.0,120.0,,false
1304,60.0,89.0,,false
1305,60.0,108.0,,false
1306,60.0,87.0,,false
1307,100.0,213.0,,false
1308,100.0,218.0,,false
1309,900.0,7.0,,false
1310,1150.0,14.0,,false
1311,1000.0,8.0,,false
1312,1350.0,46.0,,true
1313,500.0,58.0,,true
1314,5000.0,19.0,,true
1315,2200.0,135.0,,true
1316,3500.0,396.0,,true
1317,5000.0,600.0,,true
1318,500.0,157.0,,true
1319,125.0,485.0,,true
1320,40.0,448.0,,true
1321,350.0,149.0,,true
1322,500.0,200.0,,false
1323,500.0,479.0,,false
1324,3300.0,24.0,,false
1325,3300.0,28.0,,false
1326,3300.0,24.0,,false
1327,60.0,197.0,,false
1328,60.0,190.0,,false
1329,60.0,233.0,,false
1330,60.0,228.0,,false
1331,800.0,5.0,,false
1332,60.0,102.0,,false
1333,60.0,91.0,,false
1334,60.0,91.0,,false
1335,60.0,101.0,,false
1336,60.0,99.0,,false
1337,60.0,105.0,,false
1338,60.0,99.0,,false
1339,60.0,82.0,,false
1340,100.0,242.0,,false
1341,100.0,184.0,,false
1342,900.0,9.0,,false
1343,1150.0,14.0,,false
1344,1000.0,7.0,,false
1345,1350.0,47.0,,true
1346,500.0,60.0,,true
1347,5000.0,18.0,,true
1348,2200.0,138.0,,true
1349,3500.0,218.0,,true
1350,5000.0,600.0,,true
1351,500.0,149.0,,true
1352,125.0,504.0,,true
1353,40.0,374.0,,true
1354,350.0,143.0,,true
1355,500.0,190.0,,false
1356,500.0,308.0,,false
1357,3300.0,27.0,,false
1358,3300.0,28.0,,false
1359,3300.0,30.0,,false
1360,60.0,219.0,,false
1361,60.0,185.0,,false
1362,60.0,162.0,,false
1363,60.0,193.0,,false
1364,800.0,6.0,,false
1365,60.0,82.0,,false
1366,60.0,94.0,,false
1367,60.0,108.0,,false
1368,60.0,93.0,,false
1369,60.0,92.0,,false
1370,60.0,83.0,,false
1371,60.0,119.0,,false
1372,100.0,213.0,,false
1373,100.0,231.0,,false
1374,900.0,8.0,,false
1375,1150.0,18.0,,false
1376,1000.0,8.0,,false
1377,1350.0,46.0,,true
1378,500.0,57.0,,true
1379,5000.0,20.0,,true
1380,2200.0,133.0,,true
1381,3500.0,278.0,,true
1382,5000.0,600.0,,true
1383,500.0,150.0,,true
1384,125.0,526.0,,true
1385,40.0,427.0,,true
1386,350.0,168.0,,true
1387,500.0,175.0,,false
1388,500.0,401.0,,false
1389,3300.0,28.0,,false
1390,3300.0,25.0,,false
1391,3300.0,27.0,,false
1392,60.0,157.0,,false
1393,60.0,201.0,,false
1394,60.0,151.0,,false
1395,800.0,4.0,,false
1396,60.0,83.0,,false
1397,60.0,117.0,,false
1398,60.0,88.0,,false
1399,60.0,117.0,,false
1400,60.0,115.0,,false
1401,60.0,90.0,,false
1402,60.0,120.0,,false
1403,60.0,83.0,,false
1404,60.0,110.0,,false
1405,60.0,82.0,,false
1406,100.0,230.0,,false
1407,100.0,196.0,,false
1408,900.0,9.0,,false
1409,1150.0,18.0,,false
1410,1000.0,7.0,,false
1411,1350.0,47.0,,true
1412,500.0,60.0,,true
1413,5000.0,20.0,,true
1414,2200.0,136.0,,true
1415,3500.0,232.0,,true
1416,5000.0,600.0,,true
1417,500.0,144.0,,true
1418,125.0,491.0,,true
1419,40.0,408.0,,true
1420,350.0,163.0,,true
1421,500.0,180.0,,false
1422,500.0,582.0,,false
1423,3300.0,23.0,,false
1424,3300.0,27.0,,false
1425,3300.0,30.0,,false
1426,60.0,205.0,,false
1427,60.0,218.0,,false
1428,60.0,201.0,,false
1429,800.0,6.0,,false
1430,60.0,88.0,,false
1431,60.0,109.0,,false
1432,60.0,89.0,,false
1433,60.0,106.0,,false
1434,60.0,83.0,,false
1435,60.0,83.0,,false
1436,100.0,221.0,,false
1437,100.0,182.0,,false
1438,900.0,9.0,,false
1439,1150.0,14.0,,false
1440,1000.0,8.0,,false
1441,1350.0,47.0,,true
1442,500.0,58.0,,true
1443,5000.0,19.0,,true
1444,2200.0,139.0,,true
1445,3500.0,366.0,,true
1446,5000.0,600.0,,true
1447,500.0,153.0,,true
1448,125.0,511.0,,true
1449,40.0,449.0,,true
1450,350.0,173.0,,true
1451,500.0,184.0,,false
1452,500.0,585.0,,false
1453,3300.0,25.0,,false
1454,3300.0,30.0,,false
1455,3300.0,24.0,,false
1456,60.0,246.0,,false
1457,60.0,185.0,,false
1458,60.0,223.0,,false
1459,60.0,250.0,,false
1460,800.0,5.0,,false
1461,60.0,118.0,,false
1462,60.0,96.0,,false
1463,60.0,85.0,,false
1464,60.0,103.0,,false
1465,60.0,119.0,,false
1466,60.0,96.0,,false
1467,100.0,207.0,,false
1468,100.0,230.0,,false
1469,900.0,7.0,,false
1470,1150.0,17.0,,false
1471,1000.0,8.0,,false
1472,1350.0,46.0,,true
1473,500.0,58.0,,true
1474,5000.0,19.0,,true
1475,2200.0,133.0,,true
1476,3500.0,208.0,,true
1477,5000.0,600.0,,true
1478,500.0,151.0,,true
1479,125.0,540.0,,true
1480,40.0,429.0,,true
1481,350.0,166.0,,true
1482,500.0,179.0,,false
1483,500.0,524.0,,false
1484,3300.0,30.0,,false
1485,3300.0,24.0,,false
1486,3300.0,27.0,,false
1487,60.0,198.0,,false
1488,60.0,184.0,,false
1489,60.0,241.0,,false
1490,60.0,223.0,,false
1491,800.0,5.0,,false
1492,60.0,119.0,,false
1493,60.0,113.0,,false
1494,60.0,117.0,,false
1495,60.0,87.0,,false
1496,60.0,111.0,,false
1497,60.0,82.0,,false
1498,100.0,190.0,,false
1499,100.0,183.0,,false
1500,900.0,10.0,,false
1501,1150.0,18.0,,false
1502,1000.0,8.0,,false
1503,1350.0,46.0,,true
1504,500.0,58.0,,true
1505,5000.0,16.0,,true
1506,2200.0,132.0,,true
1507,3500.0,213.0,,true
1508,5000.0,600.0,,true
1509,500.0,142.0,,true
1510,125.0,474.0,,true
1511,40.0,368.0,,true
1512,350.0,180.0,,true
1513,500.0,187.0,,false
1514,500.0,338.0,,false
1515,3300.0,28.0,,false
1516,3300.0,26.0,,false
1517,3300.0,25.0,,false
1518,60.0,211.0,,false
1519,60.0,183.0,,false
1520,60.0,212.0,,false
1521,60.0,248.0,,false
1522,800.0,4.0,,false
1523,60.0,84.0,,false
1524,60.0,102.0,,false
1525,60.0,84.0,,false
1526,60.0,86.0,,false
1527,60.0,97.0,,false
1528,60.0,111.0,,false
1529,60.0,86.0,,false
1530,60.0,107.0,,false
1531,100.0,193.0,,false
1532,100.0,204.0,,false
1533,900.0,7.0,,false
1534,1150.0,14.0,,false
1535,1000.0,6.0,,false
1536,1350.0,47.0,,true
1537,500.0,56.0,,true
1538,5000.0,20.0,,true
1539,2200.0,132.0,,true
1540,3500.0,354.0,,true
1541,5000.0,600.0,,true
1542,500.0,153.0,,true
1543,125.0,509.0,,true
1544,40.0,434.0,,true
1545,350.0,147.0,,true
1546,500.0,181.0,,false
1547,500.0,589.0,,false
1548,3300.0,28.0,,false
1549,3300.0,30.0,,false
1550,3300.0,22.0,,false
1551,60.0,158.0,,false
1552,60.0,158.0,,false
1553,60.0,215.0,,false
1554,60.0,224.0,,false
1555,800.0,6.0,,false
1556,60.0,110.0,,false
1557,60.0,116.0,,false
1558,60.0,95.0,,false
1559,60.0,115.0,,false
1560,60.0,85.0,,false
1561,60.0,98.0,,false
1562,60.0,118.0,,false
1563,100.0,193.0,,false
1564,100.0,233.0,,false
1565,900.0,8.0,,false
1566,1150.0,14.0,,false
1567,1000.0,8.0,,false
1568,1350.0,50.0,,true
1569,500.0,58.0,,true
1570,5000.0,17.0,,true
1571,2200.0,135.0,,true
1572,3500.0,324.0,,true
1573,5000.0,600.0,,true
1574,500.0,145.0,,true
1575,125.0,454.0,,true
1576,40.0,444.0,,true
1577,350.0,158.0,,true
1578,500.0,179.0,,false
1579,500.0,411.0,,false
1580,3300.0,26.0,,false
1581,3300.0,29.0,,false
1582,3300.0,22.0,,false
1583,60.0,203.0,,false
1584,60.0,250.0,,false
1585,60.0,198.0,,false
1586,60.0,171.0,,false
1587,800.0,4.0,,false
1588,60.0,115.0,,false
1589,60.0,104.0,,false
1590,60.0,98.0,,false
1591,60.0,119.0,,false
1592,60.0,82.0,,false
1593,60.0,103.0,,false
1594,60.0,104.0,,false
1595,100.0,214.0,,false
1596,100.0,231.0,,false
1597,900.0,10.0,,false
1598,1150.0,17.0,,false
1599,1000.0,7.0,,false
1600,1350.0,46.0,,true
1601,500.0,59.0,,true
1602,5000.0,20.0,,true
1603,2200.0,132.0,,true
1604,3500.0,270.0,,true
1605,5000.0,600.0,,true
1606,500.0,155.0,,true
1607,125.0,511.0,,true
1608,40.0,372.0,,true
1609,350.0,174.0,,true
1610,500.0,197.0,,false
1611,500.0,434.0,,false
1612,3300.0,23.0,,false
1613,3300.0,24.0,,false
1614,3300.0,24.0,,false
1615,60.0,170.0,,false
1616,60.0,212.0,,false
1617,60.0,201.0,,false
1618,60.0,171.0,,false
1619,800.0,6.0,,false
1620,60.0,99.0,,false
1621,60.0,114.0,,false
1622,60.0,104.0,,false
1623,60.0,81.0,,false
1624,60.0,96.0,,false
1625,60.0,112.0,,false
1626,60.0,97.0,,false
1627,60.0,87.0,,false
1628,60.0,110.0,,false
1629,60.0,93.0,,false
1630,100.0,189.0,,false
1631,100.0,233.0,,false
1632,900.0,9.0,,false
1633,1150.0,15.0,,false
1634,1000.0,5.0,,false
1635,1350.0,49.0,,true
1636,500.0,56.0,,true
1637,5000.0,20.0,,true
1638,2200.0,139.0,,true
1639,3500.0,278.0,,true
1640,5000.0,600.0,,true
1641,500.0,157.0,,true
1642,125.0,529.0,,true
1643,40.0,425.0,,true
1644,350.0,162.0,,true
1645,500.0,175.0,,false
1646,500.0,554.0,,false
1647,3300.0,30.0,,false
1648,3300.0,25.0,,false
1649,3300.0,22.0,,false
1650,60.0,246.0,,false
1651,60.0,151.0,,false
1652,60.0,197.0,,false
1653,800.0,4.0,,false
1654,60.0,111.0,,false
1655,60.0,101.0,,false
1656,60.0,96.0,,false
1657,60.0,97.0,,false
1658,60.0,108.0,,false
1659,60.0,102.0,,false
1660,60.0,96.0,,false
1661,60.0,115.0,,false
1662,60.0,89.0,,false
1663,60.0,112.0,,false
1664,100.0,219.0,,false
1665,100.0,208.0,,false
1666,900.0,9.0,,false
1667,1150.0,18.0,,false
1668,1000.0,8.0,,false
1669,1350.0,49.0,,true
1670,500.0,58.0,,true
1671,5000.0,19.0,,true
1672,2200.0,137.0,,true
1673,3500.0,243.0,,true
1674,5000.0,600.0,,true
1675,500.0,146.0,,true
1676,125.0,501.0,,true
1677,40.0,457.0,,true
1678,350.0,167.0,,true
1679,500.0,182.0,,false
1680,500.0,336.0,,false
1681,3300.0,27.0,,false
1682,3300.0,22.0,,false
1683,3300.0,24.0,,false
1684,60.0,182.0,,false
1685,60.0,221.0,,false
1686,60.0,211.0,,false
1687,800.0,6.0,,false
1688,60.0,101.0,,false
1689,60.0,83.0,,false
1690,60.0,110.0,,false
1691,60.0,88.0,,false
1692,60.0,118.0,,false
1693,60.0,106.0,,false
1694,100.0,206.0,,false
1695,100.0,199.0,,false
1696,900.0,8.0,,false
1697,1150.0,18.0,,false
1698,1000.0,8.0,,false
1699,1350.0,47.0,,true
1700,500.0,59.0,,true
1701,5000.0,20.0,,true
1702,2200.0,136.0,,true
1703,3500.0,333.0,,true
1704,5000.0,600.0,,true
1705,500.0,160.0,,true
1706,125.0,460.0,,true
1707,40.0,364.0,,true
1708,350.0,168.0,,true
1709,500.0,173.0,,false
1710,500.0,360.0,,false
1711,3300.0,26.0,,false
1712,3300.0,29.0,,false
1713,3300.0,21.0,,false
1714,60.0,221.0,,false
1715,60.0,213.0,,false
1716,60.0,243.0,,false
1717,800.0,6.0,,false
1718,60.0,109.0,,false
1719,60.0,89.0,,false
1720,60.0,97.0,,false
1721,60.0,101.0,,false
1722,60.0,81.0,,false
1723,60.0,81.0,,false
1724,60.0,100.0,,false
1725,60.0,114.0,,false
1726,60.0,85.0,,false
1727,100.0,240.0,,false
1728,100.0,184.0,,false
1729,900.0,7.0,,false
1730,1150.0,17.0,,false
1731,1000.0,8.0,,false
1732,1350.0,46.0,,true
1733,500.0,58.0,,true
1734,5000.0,18.0,,true
1735,2200.0,135.0,,true
1736,3500.0,221.0,,true
1737,5000.0,600.0,,true
1738,500.0,155.0,,true
1739,125.0,452.0,,true
1740,40.0,395.0,,true
1741,350.0,176.0,,true
1742,500.0,187.0,,false
1743,500.0,477.0,,false
1744,3300.0,22.0,,false
1745,3300.0,30.0,,false
1746,3300.0,30.0,,false
1747,60.0,213.0,,false
1748,60.0,198.0,,false
1749,60.0,225.0,,false
1750,60.0,196.0,,false
1751,800.0,6.0,,false
1752,60.0,113.0,,false
1753,60.0,98.0,,false
1754,60.0,102.0,,false
1755,60.0,90.0,,false
1756,60.0,104.0,,false
1757,60.0,98.0,,false
1758,60.0,91.0,,false
1759,100.0,194.0,,false
1760,100.0,230.0,,false
1761,900.0,8.0,,false
1762,1150.0,15.0,,false
1763,1000.0,7.0,,false
1764,1350.0,50.0,,true
1765,500.0,56.0,,true
1766,5000.0,20.0,,true
1767,2200.0,136.0,,true
1768,3500.0,378.0,,true
1769,5000.0,600.0,,true
1770,500.0,153.0,,true
1771,125.0,515.0,,true
1772,40.0,378.0,,true
1773,350.0,153.0,,true
1774,500.0,186.0,,false
1775,500.0,576.0,,false
1776,3300.0,21.0,,false
1777,3300.0,22.0,,false
1778,3300.0,22.0,,false
1779,60.0,238.0,,false
1780,60.0,200.0,,false
1781,60.0,194.0,,false
1782,60.0,234.0,,false
1783,800.0,5.0,,false
1784,60.0,100.0,,false
1785,60.0,110.0,,false
1786,60.0,92.0,,false
1787,60.0,95.0,,false
1788,60.0,107.0,,false
1789,60.0,86.0,,false
1790,60.0,94.0,,false
1791,60.0,90.0,,false
1792,100.0,234.0,,false
1793,100.0,231.0,,false
1794,900.0,8.0,,false
1795,1150.0,18.0,,false
1796,1000.0,8.0,,false
1797,1350.0,46.0,,true
1798,500.0,60.0,,true
1799,5000.0,17.0,,true
1800,2200.0,140.0,,true
1801,3500.0,243.0,,true
1802,5000.0,600.0,,true
1803,500.0,153.0,,true
1804,125.0,533.0,,true
1805,40.0,383.0,,true
1806,350.0,141.0,,true
1807,500.0,188.0,,false
1808,500.0,592.0,,false
1809,3300.0,26.0,,false
1810,3300.0,22.0,,false
1811,3300.0,21.0,,false
1812,60.0,223.0,,false
1813,60.0,207.0,,false
1814,60.0,204.0,,false
1815,800.0,6.0,,false
1816,60.0,87.0,,false
1817,60.0,99.0,,false
1818,60.0,119.0,,false
1819,60.0,106.0,,false
1820,60.0,103.0,,false
1821,60.0,86.0,,false
1822,60.0,117.0,,false
1823,100.0,234.0,,false
1824,100.0,238.0,,false
1825,900.0,8.0,,false
1826,1150.0,16.0,,false
1827,1000.0,8.0,,false
1828,1350.0,50.0,,true
1829,500.0,57.0,,true
1830,5000.0,20.0,,true
1831,2200.0,138.0,,true
1832,3500.0,276.0,,true
1833,5000.0,600.0,,true
1834,500.0,146.0,,true
1835,125.0,518.0,,true
1836,40.0,364.0,,true
1837,350.0,152.0,,true
1838,500.0,188.0,,false
1839,500.0,312.0,,false
1840,3300.0,21.0,,false
1841,3300.0,26.0,,false
1842,3300.0,28.0,,false
1843,60.0,186.0,,false
1844,60.0,197.0,,false
1845,60.0,245.0,,false
1846,60.0,181.0,,false
1847,800.0,6.0,,false
1848,60.0,89.0,,false
1849,60.0,108.0,,false
1850,60.0,117.0,,false
1851,60.0,118.0,,false
1852,60.0,113.0,,false
1853,60.0,102.0,,false
1854,100.0,214.0,,false
1855,100.0,228.0,,false
1856,900.0,8.0,,false
1857,1150.0,16.0,,false
1858,1000.0,8.0,,false
1859,1350.0,50.0,,true
1860,500.0,57.0,,true
1861,5000.0,16.0,,true
1862,2200.0,136.0,,true
1863,3500.0,297.0,,true
1864,5000.0,600.0,,true
1865,500.0,153.0,,true
1866,125.0,513.0,,true
1867,40.0,396.0,,true
1868,350.0,156.0,,true
1869,500.0,192.0,,false
1870,500.0,580.0,,false
1871,3300.0,28.0,,false
1872,3300.0,29.0,,false
1873,3300.0,25.0,,false
1874,60.0,215.0,,false
1875,60.0,230.0,,false
1876,60.0,201.0,,false
1877,800.0,5.0,,false
1878,60.0,118.0,,false
1879,60.0,116.0,,false
1880,60.0,115.0,,false
1881,60.0,118.0,,false
1882,60.0,96.0,,false
1883,60.0,103.0,,false
1884,60.0,82.0,,false
1885,60.0,95.0,,false
1886,60.0,89.0,,false
1887,60.0,107.0,,false
1888,100.0,207.0,,false
1889,100.0,220.0,,false
1890,900.0,8.0,,false
1891,1150.0,17.0,,false
1892,1000.0,5.0,,false
1893,1350.0,50.0,,true
1894,500.0,58.0,,true
1895,5000.0,18.0,,true
1896,2200.0,138.0,,true
1897,3500.0,355.0,,true
1898,5000.0,600.0,,true
1899,500.0,149.0,,true
1900,125.0,504.0,,true
1901,40.0,416.0,,true
1902,350.0,161.0,,true
1903,500.0,180.0,,false
1904,500.0,395.0,,false
1905,3300.0,26.0,,false
1906,3300.0,21.0,,false
1907,3300.0,23.0,,false
1908,60.0,165.0,,false
1909,60.0,245.0,,false
1910,60.0,207.0,,false
1911,800.0,4.0,,false
1912,60.0,119.0,,false
1913,60.0,86.0,,false
1914,60.0,82.0,,false
1915,60.0,98.0,,false
1916,60.0,83.0,,false
1917,60.0,118.0,,false
1918,60.0,97.0,,false
1919,60.0,115.0,,false
1920,100.0,240.0,,false
1921,100.0,245.0,,false
1922,900.0,9.0,,false
1923,1150.0,13.0,,false
1924,1000.0,8.0,,false
1925,1350.0,48.0,,true
1926,500.0,59.0,,true
1927,5000.0,20.0,,true
1928,2200.0,139.0,,true
1929,3500.0,343.0,,true
1930,5000.0,600.0,,true
1931,500.0,150.0,,true
1932,125.0,513.0,,true
1933,40.0,357.0,,true
1934,350.0,180.0,,true
1935,500.0,176.0,,false
1936,500.0,416.0,,false
1937,3300.0,25.0,,false
1938,3300.0,24.0,,false
1939,3300.0,24.0,,false
1940,60.0,169.0,,false
1941,60.0,182.0,,false
1942,60.0,184.0,,false
1943,800.0,4.0,,false
1944,60.0,83.0,,false
1945,60.0,97.0,,false
1946,60.0,101.0,,false
1947,60.0,113.0,,false
1948,60.0,82.0,,false
1949,60.0,91.0,,false
1950,100.0,216.0,,false
1951,100.0,249.0,,false
1952,900.0,10.0,,false
1953,1150.0,13.0,,false
1954,1000.0,8.0,,false
1955,1350.0,47.0,,true
1956,500.0,58.0,,true
1957,5000.0,16.0,,true
1958,2200.0,133.0,,true
1959,3500.0,354.0,,true
1960,5000.0,600.0,,true
1961,500.0,155.0,,true
1962,125.0,511.0,,true
1963,40.0,459.0,,true
1964,350.0,141.0,,true
1965,500.0,180.0,,false
1966,500.0,551.0,,false
1967,3300.0,30.0,,false
1968,3300.0,29.0,,false
1969,3300.0,27.0,,false
1970,60.0,196.0,,false
1971,60.0,198.0,,false
1972,60.0,240.0,,false
1973,60.0,248.0,,false
1974,800.0,6.0,,false
1975,60.0,95.0,,false
1976,60.0,107.0,,false
1977,60.0,88.0,,false
1978,60.0,86.0,,false
1979,60.0,98.0,,false
1980,60.0,90.0,,false
1981,60.0,90.0,,false
1982,60.0,112.0,,false
1983,100.0,205.0,,false
1984,100.0,223.0,,false
1985,900.0,7.0,,false
1986,1150.0,15.0,,false
1987,1000.0,8.0,,false
1988,1350.0,50.0,,true
1989,500.0,60.0,,true
1990,5000.0,17.0,,true
1991,2200.0,133.0,,true
1992,3500.0,391.0,,true
1993,5000.0,600.0,,true
1994,500.0,150.0,,true
1995,125.0,475.0,,true
1996,40.0,368.0,,true
1997,350.0,149.0,,true
1998,500.0,180.0,,false
1999,500.0,330.0,,false
2000,3300.0,29.0,,false
2001,3300.0,25.0,,false
2002,3300.0,29.0,,false
2003,60.0,233.0,,false
2004,60.0,172.0,,false
2005,60.0,219.0,,false
2006,800.0,4.0,,false
2007,60.0,83.0,,false
2008,60.0,83.0,,false
2009,60.0,114.0,,false
2010,60.0,111.0,,false
2011,60.0,117.0,,false
2012,60.0,120.0,,false
2013,60.0,96.0,,false
2014,60.0,88.0,,false
2015,100.0,183.0,,false
2016,100.0,222.0,,false
2017,900.0,10.0,,false
2018,1150.0,18.0,,false
2019,1000.0,7.0,,false
2020,1350.0,47.0,,true
2021,500.0,57.0,,true
2022,5000.0,17.0,,true
2023,2200.0,136.0,,true
2024,3500.0,356.0,,true
2025,5000.0,600.0,,true
2026,500.0,157.0,,true
2027,125.0,485.0,,true
2028,40.0,402.0,,true
2029,350.0,156.0,,true
2030,500.0,189.0,,false
2031,500.0,542.0,,false
2032,3300.0,30.0,,false
2033,3300.0,21.0,,false
2034,3300.0,26.0,,false
2035,60.0,243.0,,false
2036,60.0,215.0,,false
2037,60.0,243.0,,false
2038,60.0,193.0,,false
2039,800.0,5.0,,false
2040,60.0,105.0,,false
2041,60.0,104.0,,false
2042,60.0,114.0,,false
2043,60.0,99.0,,false
2044,60.0,112.0,,false
2045,60.0,94.0,,false
2046,60.0,82.0,,false
2047,60.0,113.0,,false
2048,100.0,233.0,,false
2049,100.0,218.0,,false
2050,900.0,9.0,,false
2051,1150.0,15.0,,false
2052,1000.0,7.0,,false
2053,1350.0,48.0,,true
2054,500.0,59.0,,true
2055,5000.0,19.0,,true
2056,2200.0,135.0,,true
2057,3500.0,324.0,,true
2058,5000.0,600.0,,true
2059,500.0,156.0,,true
2060,125.0,511.0,,true
2061,40.0,451.0,,true
2062,350.0,142.0,,true
2063,500.0,199.0,,false
2064,500.0,333.0,,false
2065,3300.0,23.0,,false
2066,3300.0,28.0,,false
2067,3300.0,25.0,,false
2068,60.0,214.0,,false
2069,60.0,153.0,,false
2070,60.0,189.0,,false
2071,60.0,222.0,,false
2072,800.0,6.0,,false
2073,60.0,95.0,,false
2074,60.0,105.0,,false
2075,60.0,88.0,,false
2076,60.0,103.0,,false
2077,60.0,114.0,,false
2078,60.0,84.0,,false
2079,60.0,93.0,,false
2080,100.0,217.0,,false
2081,100.0,191.0,,false
2082,900.0,10.0,,false
2083,1150.0,18.0,,false
2084,1000.0,6.0,,false
2085,1350.0,46.0,,true
2086,500.0,59.0,,true
2087,5000.0,18.0,,true
2088,2200.0,132.0,,true
2089,3500.0,270.0,,true
2090,5000.0,600.0,,true
2091,500.0,151.0,,true
2092,125.0,454.0,,true
2093,40.0,432.0,,true
2094,350.0,145.0,,true
2095,500.0,200.0,,false
2096,500.0,477.0,,false
2097,3300.0,26.0,,false
2098,3300.0,26.0,,false
2099,3300.0,27.0,,false
2100,60.0,233.0,,false
2101,60.0,247.0,,false
2102,60.0,204.0,,false
2103,60.0,155.0,,false
2104,800.0,6.0,,false
2105,60.0,114.0,,false
2106,60.0,92.0,,false
2107,60.0,89.0,,false
2108,60.0,95.0,,false
2109,60.0,81.0,,false
2110,60.0,107.0,,false
2111,60.0,118.0,,false
2112,60.0,112.0,,false
2113,60.0,119.0,,false
2114,60.0,116.0,,false
2115,100.0,202.0,,false
2116,100.0,229.0,,false
2117,900.0,7.0,,false
2118,1150.0,17.0,,false
2119,1000.0,8.0,,false
2120,1350.0,46.0,,true
2121,500.0,58.0,,true
2122,5000.0,16.0,,true
2123,2200.0,136.0,,true
2124,3500.0,323.0,,true
2125,5000.0,600.0,,true
2126,500.0,142.0,,true
2127,125.0,463.0,,true
2128,40.0,397.0,,true
2129,350.0,179.0,,true
2130,500.0,182.0,,false
2131,500.0,510.0,,false
2132,3300.0,27.0,,false
2133,3300.0,22.0,,false
2134,3300.0,22.0,,false
2135,60.0,162.0,,false
2136,60.0,216.0,,false
2137,60.0,221.0,,false
2138,800.0,6.0,,false
2139,60.0,81.0,,false
2140,60.0,112.0,,false
2141,60.0,109.0,,false
2142,60.0,92.0,,false
2143,60.0,110.0,,false
2144,60.0,99.0,,false
2145,100.0,228.0,,false
2146,100.0,195.0,,false
2147,900.0,9.0,,false
2148,1150.0,16.0,,false
2149,1000.0,5.0,,false
2150,1350.0,50.0,,true
2151,500.0,56.0,,true
2152,5000.0,19.0,,true
2153,2200.0,136.0,,true
2154,3500.0,300.0,,true
2155,5000.0,600.0,,true
2156,500.0,154.0,,true
2157,125.0,452.0,,true
2158,40.0,431.0,,true
2159,350.0,169.0,,true
2160,500.0,198.0,,false
2161,500.0,427.0,,false
2162,3300.0,23.0,,false
2163,3300.0,25.0,,false
2164,3300.0,30.0,,false
2165,60.0,239.0,,false
2166,60.0,169.0,,false
2167,60.0,167.0,,false
2168,60.0,185.0,,false
2169,800.0,4.0,,false
2170,60.0,108.0,,false
2171,60.0,120.0,,false
2172,60.0,118.0,,false
2173,60.0,83.0,,false
2174,60.0,89.0,,false
2175,60.0,96.0,,false
2176,60.0,103.0,,false
2177,60.0,97.0,,false
2178,100.0,225.0,,false
2179,100.0,215.0,,false
2180,900.0,9.0,,false
2181,1150.0,18.0,,false
2182,1000.0,6.0,,false
2183,1350.0,46.0,,true
2184,500.0,59.0,,true
2185,5000.0,20.0,,true
2186,2200.0,139.0,,true
2187,3500.0,399.0,,true
2188,5000.0,600.0,,true
2189,500.0,141.0,,true
2190,125.0,479.0,,true
2191,40.0,365.0,,true
2192,350.0,162.0,,true
2193,500.0,178.0,,false
2194,500.0,574.0,,false
2195,3300.0,21.0,,false
2196,3300.0,25.0,,false
2197,3300.0,22.0,,false
2198,60.0,160.0,,false
2199,60.0,224.0,,false
2200,60.0,240.0,,false
2201,800.0,6.0,,false
2202,60.0,82.0,,false
2203,60.0,94.0,,false
2204,60.0,95.0,,false
2205,60.0,98.0,,false
2206,60.0,88.0,,false
2207,60.0,94.0,,false
2208,60.0,92.0,,false
2209,60.0,118.0,,false
2210,60.0,95.0,,false
2211,60.0,90.0,,false
2212,100.0,182.0,,false
2213,100.0,228.0,,false
2214,900.0,7.0,,false
2215,1150.0,13.0,,false
2216,1000.0,5.0,,false
2217,1350.0,48.0,,true
2218,500.0,58.0,,true
2219,5000.0,20.0,,true
2220,2200.0,140.0,,true
2221,3500.0,224.0,,true
2222,5000.0,600.0,,true
2223,500.0,153.0,,true
2224,125.0,537.0,,true
2225,40.0,449.0,,true
2226,350.0,155.0,,true
2227,500.0,192.0,,false
2228,500.0,474.0,,false
2229,3300.0,21.0,,false
2230,3300.0,21.0,,false
2231,3300.0,28.0,,false
2232,60.0,161.0,,false
2233,60.0,167.0,,false
2234,60.0,234.0,,false
2235,60.0,205.0,,false
2236,800.0,4.0,,false
2237,60.0,84.0,,false
2238,60.0,106.0,,false
2239,60.0,116.0,,false
2240,60.0,116.0,,false
2241,60.0,92.0,,false
2242,60.0,82.0,,false
2243,100.0,196.0,,false
2244,100.0,229.0,,false
2245,900.0,7.0,,false
2246,1150.0,18.0,,false
2247,1000.0,5.0,,false
2248,1350.0,49.0,,true
2249,500.0,58.0,,true
2250,5000.0,19.0,,true
2251,2200.0,138.0,,true
2252,3500.0,331.0,,true
2253,5000.0,600.0,,true
2254,500.0,154.0,,true
2255,125.0,477.0,,true
2256,40.0,366.0,,true
2257,350.0,150.0,,true
2258,500.0,188.0,,false
2259,500.0,598.0,,false
2260,3300.0,21.0,,false
2261,3300.0,21.0,,false
2262,3300.0,27.0,,false
2263,60.0,158.0,,false
2264,60.0,201.0,,false
2265,60.0,163.0,,false
2266,60.0,164.0,,false
2267,800.0,5.0,,false
2268,60.0,83.0,,false
2269,60.0,119.0,,false
2270,60.0,103.0,,false
2271,60.0,104.0,,false
2272,60.0,101.0,,false
2273,60.0,87.0,,false
2274,60.0,93.0,,false
2275,100.0,190.0,,false
2276,100.0,198.0,,false
2277,900.0,7.0,,false
2278,1150.0,14.0,,false
2279,1000.0,5.0,,false
2280,1350.0,46.0,,true
2281,500.0,56.0,,true
2282,5000.0,17.0,,true
2283,2200.0,132.0,,true
2284,3500.0,369.0,,true
2285,5000.0,600.0,,true
2286,500.0,141.0,,true
2287,125.0,483.0,,true
2288,40.0,391.0,,true
2289,350.0,171.0,,true
2290,500.0,173.0,,false
2291,500.0,364.0,,false
2292,3300.0,29.0,,false
2293,3300.0,24.0,,false
2294,3300.0,30.0,,false
2295,60.0,169.0,,false
2296,60.0,210.0,,false
2297,60.0,162.0,,false
2298,60.0,233.0,,false
2299,800.0,4.0,,false
2300,60.0,82.0,,false
2301,60.0,86.0,,false
2302,60.0,101.0,,false
2303,60.0,114.0,,false
2304,60.0,85.0,,false
2305,60.0,88.0,,false
2306,60.0,87.0,,false
2307,60.0,100.0,,false
2308,100.0,213.0,,false
2309,100.0,244.0,,false
2310,900.0,9.0,,false
2311,1150.0,15.0,,false
2312,1000.0,8.0,,false
2313,1350.0,49.0,,true
2314,500.0,59.0,,true
2315,5000.0,16.0,,true
2316,2200.0,131.0,,true
2317,3500.0,315.0,,true
2318,5000.0,600.0,,true
2319,500.0,142.0,,true
2320,125.0,499.0,,true
2321,40.0,369.0,,true
2322,350.0,146.0,,true
2323,500.0,183.0,,false
2324,500.0,554.0,,false
2325,3300.0,23.0,,false
2326,3300.0,28.0,,false
2327,3300.0,30.0,,false
2328,60.0,236.0,,false
2329,60.0,192.0,,false
2330,60.0,236.0,,false
2331,800.0,4.0,,false
2332,60.0,101.0,,false
2333,60.0,81.0,,false
2334,60.0,117.0,,false
2335,60.0,100.0,,false
2336,60.0,94.0,,false
2337,60.0,119.0,,false
2338,60.0,103.0,,false
2339,60.0,110.0,,false
2340,60.0,113.0,,false
2341,60.0,111.0,,false
2342,100.0,219.0,,false
2343,100.0,224.0,,false
2344,900.0,8.0,,false
2345,1150.0,15.0,,false
2346,1000.0,8.0,,false
2347,1350.0,48.0,,true
2348,500.0,60.0,,true
2349,5000.0,16.0,,true
2350,2200.0,132.0,,true
2351,3500.0,235.0,,true
2352,5000.0,600.0,,true
2353,500.0,147.0,,true
2354,125.0,508.0,,true
2355,40.0,381.0,,true
2356,350.0,169.0,,true
2357,500.0,190.0,,false
2358,500.0,561.0,,false
2359,3300.0,26.0,,false
2360,3300.0,25.0,,false
2361,3300.0,29.0,,false
2362,60.0,165.0,,false
2363,60.0,229.0,,false
2364,60.0,170.0,,false
2365,60.0,208.0,,false
2366,800.0,5.0,,false
2367,60.0,81.0,,false
2368,60.0,104.0,,false
2369,60.0,87.0,,false
2370,60.0,110.0,,false
2371,60.0,101.0,,false
2372,60.0,99.0,,false
2373,60.0,85.0,,false
2374,60.0,82.0,,false
2375,60.0,113.0,,false
2376,60.0,110.0,,false
2377,100.0,203.0,,false
2378,100.0,246.0,,false
2379,900.0,7.0,,false
2380,1150.0,13.0,,false
2381,1000.0,6.0,,false
2382,1350.0,48.0,,true
2383,500.0,56.0,,true
2384,5000.0,19.0,,true
2385,2200.0,135.0,,true
2386,3500.0,228.0,,true
2387,5000.0,600.0,,true
2388,500.0,149.0,,true
2389,125.0,544.0,,true
2390,40.0,373.0,,true
2391,350.0,171.0,,true
2392,500.0,180.0,,false
2393,500.0,386.0,,false
2394,3300.0,21.0,,false
2395,3300.0,22.0,,false
2396,3300.0,29.0,,false
2397,60.0,208.0,,false
2398,60.0,242.0,,false
2399,60.0,183.0,,false
2400,800.0,6.0,,false
2401,60.0,81.0,,false
2402,60.0,114.0,,false
2403,60.0,85.0,,false
2404,60.0,94.0,,false
2405,60.0,115.0,,false
2406,60.0,97.0,,false
2407,60.0,99.0,,false
2408,100.0,189.0,,false
2409,100.0,243.0,,false
2410,900.0,8.0,,false
2411,1150.0,17.0,,false
2412,1000.0,6.0,,false
2413,1350.0,46.0,,true
2414,500.0,58.0,,true
2415,5000.0,17.0,,true
2416,2200.0,136.0,,true
2417,3500.0,289.0,,true
2418,5000.0,600.0,,true
2419,500.0,157.0,,true
2420,125.0,523.0,,true
2421,40.0,405.0,,true
2422,350.0,160.0,,true
2423,500.0,190.0,,false
2424,500.0,370.0,,false
2425,3300.0,23.0,,false
2426,3300.0,30.0,,false
2427,3300.0,21.0,,false
2428,60.0,167.0,,false
2429,60.0,163.0,,false
2430,60.0,223.0,,false
2431,60.0,224.0,,false
2432,800.0,4.0,,false
2433,60.0,90.0,,false
2434,60.0,96.0,,false
2435,60.0,106.0,,false
2436,60.0,83.0,,false
2437,60.0,115.0,,false
2438,60.0,96.0,,false
2439,60.0,101.0,,false
2440,100.0,230.0,,false
2441,100.0,208.0,,false
2442,900.0,10.0,,false
2443,1150.0,18.0,,false
2444,1000.0,7.0,,false
2445,1350.0,50.0,,true
2446,500.0,59.0,,true
2447,5000.0,19.0,,true
2448,2200.0,131.0,,true
2449,3500.0,256.0,,true
2450,5000.0,600.0,,true
2451,500.0,148.0,,true
2452,125.0,464.0,,true
2453,40.0,414.0,,true
2454,350.0,142.0,,true
2455,500.0,187.0,,false
2456,500.0,435.0,,false
2457,3300.0,24.0,,false
2458,3300.0,25.0,,false
2459,3300.0,26.0,,false
2460,60.0,167.0,,false
2461,60.0,197.0,,false
2462,60.0,153.0,,false
2463,800.0,4.0,,false
2464,60.0,100.0,,false
2465,60.0,82.0,,false
2466,60.0,106.0,,false
2467,60.0,81.0,,false
2468,60.0,119.0,,false
2469,60.0,88.0,,false
2470,60.0,91.0,,false
2471,60.0,92.0,,false
2472,100.0,182.0,,false
2473,100.0,209.0,,false
2474,900.0,8.0,,false
2475,1150.0,15.0,,false
2476,1000.0,6.0,,false
2477,1350.0,47.0,,true
2478,500.0,57.0,,true
2479,5000.0,20.0,,true
2480,2200.0,137.0,,true
2481,3500.0,296.0,,true
2482,5000.0,600.0,,true
2483,500.0,147.0,,true
2484,125.0,493.0,,true
2485,40.0,407.0,,true
2486,350.0,154.0,,true
2487,500.0,192.0,,false
2488,500.0,562.0,,false
2489,3300.0,29.0,,false
2490,3300.0,29.0,,false
2491,3300.0,25.0,,false
2492,60.0,210.0,,false
2493,60.0,154.0,,false
2494,60.0,171.0,,false
2495,60.0,178.0,,false
2496,800.0,4.0,,false
2497,60.0,87.0,,false
2498,60.0,99.0,,false
2499,60.0,87.0,,false
2500,60.0,118.0,,false
2501,60.0,84.0,,false
2502,60.0,93.0,,false
2503,60.0,95.0,,false
2504,60.0,100.0,,false
2505,60.0,104.0,,false
2506,60.0,104.0,,false
2507,100.0,188.0,,false
2508,100.0,196.0,,false
2509,900.0,10.0,,false
2510,1150.0,18.0,,false
2511,1000.0,5.0,,false
2512,1350.0,48.0,,true
2513,500.0,58.0,,true
2514,5000.0,20.0,,true
2515,2200.0,135.0,,true
2516,3500.0,287.0,,true
2517,5000.0,600.0,,true
2518,500.0,153.0,,true
2519,125.0,470.0,,true
2520,40.0,453.0,,true
2521,350.0,175.0,,true
2522,500.0,183.0,,false
2523,500.0,589.0,,false
2524,3300.0,24.0,,false
2525,3300.0,26.0,,false
2526,3300.0,25.0,,false
2527,60.0,219.0,,false
2528,60.0,249.0,,false
2529,60.0,170.0,,false
2530,800.0,5.0,,false
2531,60.0,119.0,,false
2532,60.0,97.0,,false
2533,60.0,104.0,,false
2534,60.0,110.0,,false
2535,60.0,91.0,,false
2536,60.0,110.0,,false
2537,60.0,110.0,,false
2538,100.0,224.0,,false
2539,100.0,213.0,,false
2540,900.0,7.0,,false
2541,1150.0,15.0,,false
2542,1000.0,7.0,,false
2543,1350.0,50.0,,true
2544,500.0,59.0,,true
2545,5000.0,20.0,,true
2546,2200.0,137.0,,true
2547,3500.0,387.0,,true
2548,5000.0,600.0,,true
2549,500.0,156.0,,true
2550,125.0,507.0,,true
2551,40.0,382.0,,true
2552,350.0,141.0,,true
2553,500.0,178.0,,false
2554,500.0,509.0,,false
2555,3300.0,26.0,,false
2556,3300.0,30.0,,false
2557,3300.0,25.0,,false
2558,60.0,160.0,,false
2559,60.0,175.0,,false
2560,60.0,170.0,,false
2561,800.0,5.0,,false
2562,60.0,85.0,,false
2563,60.0,118.0,,false
2564,60.0,95.0,,false
2565,60.0,99.0,,false
2566,60.0,117.0,,false
2567,60.0,110.0,,false
2568,100.0,184.0,,false
2569,100.0,245.0,,false
2570,900.0,8.0,,false
2571,1150.0,17.0,,false
2572,1000.0,8.0,,false
2573,1350.0,49.0,,true
2574,500.0,57.0,,true
2575,5000.0,17.0,,true
2576,2200.0,132.0,,true
2577,3500.0,221.0,,true
2578,5000.0,600.0,,true
2579,500.0,153.0,,true
2580,125.0,481.0,,true
2581,40.0,389.0,,true
2582,350.0,178.0,,true
2583,500.0,186.0,,false
2584,500.0,304.0,,false
2585,3300.0,25.0,,false
2586,3300.0,30.0,,false
2587,3300.0,26.0,,false
2588,60.0,203.0,,false
2589,60.0,235.0,,false
2590,60.0,202.0,,false
2591,800.0,4.0,,false
2592,60.0,108.0,,false
2593,60.0,110.0,,false
2594,60.0,110.0,,false
2595,60.0,98.0,,false
2596,60.0,86.0,,false
2597,60.0,120.0,,false
2598,60.0,110.0,,false
2599,100.0,228.0,,false
2600,100.0,238.0,,false
2601,900.0,9.0,,false
2602,1150.0,15.0,,false
2603,1000.0,6.0,,false
2604,1350.0,46.0,,true
2605,500.0,60.0,,true
2606,5000.0,16.0,,true
2607,2200.0,135.0,,true
2608,3500.0,311.0,,true
2609,5000.0,600.0,,true
2610,500.0,160.0,,true
2611,125.0,498.0,,true
2612,40.0,353.0,,true
2613,350.0,162.0,,true
2614,500.0,171.0,,false
2615,500.0,401.0,,false
2616,3300.0,28.0,,false
2617,3300.0,27.0,,false
2618,3300.0,26.0,,false
2619,60.0,194.0,,false
2620,60.0,226.0,,false
2621,60.0,173.0,,false
2622,800.0,4.0,,false
2623,60.0,95.0,,false
2624,60.0,119.0,,false
2625,60.0,90.0,,false
2626,60.0,106.0,,false
2627,60.0,99.0,,false
2628,60.0,84.0,,false
2629,100.0,205.0,,false
2630,100.0,250.0,,false
2631,900.0,7.0,,false
2632,1150.0,18.0,,false
2633,1000.0,8.0,,false
2634,1350.0,48.0,,true
2635,500.0,60.0,,true
2636,5000.0,20.0,,true
2637,2200.0,136.0,,true
2638,3500.0,239.0,,true
2639,5000.0,600.0,,true
2640,500.0,144.0,,true
2641,125.0,522.0,,true
2642,40.0,353.0,,true
2643,350.0,166.0,,true
2644,500.0,184.0,,false
2645,500.0,439.0,,false
2646,3300.0,26.0,,false
2647,3300.0,22.0,,false
2648,3300.0,21.0,,false
2649,60.0,153.0,,false
2650,60.0,188.0,,false
2651,60.0,217.0,,false
2652,800.0,4.0,,false
2653,60.0,117.0,,false
2654,60.0,106.0,,false
2655,60.0,81.0,,false
2656,60.0,105.0,,false
2657,60.0,98.0,,false
2658,60.0,89.0,,false
2659,60.0,114.0,,false
2660,100.0,244.0,,false
2661,100.0,207.0,,false
2662,900.0,9.0,,false
2663,1150.0,14.0,,false
2664,1000.0,8.0,,false
2665,1350.0,47.0,,true
2666,500.0,60.0,,true
2667,5000.0,17.0,,true
2668,2200.0,133.0,,true
2669,3500.0,300.0,,true
2670,5000.0,600.0,,true
2671,500.0,144.0,,true
2672,125.0,528.0,,true
2673,40.0,405.0,,true
2674,350.0,159.0,,true
2675,500.0,182.0,,false
2676,500.0,490.0,,false
2677,3300.0,26.0,,false
2678,3300.0,24.0,,false
2679,3300.0,28.0,,false
2680,60.0,175.0,,false
2681,60.0,179.0,,false
2682,60.0,206.0,,false
2683,60.0,208.0,,false
2684,800.0,5.0,,false
2685,60.0,116.0,,false
2686,60.0,112.0,,false
2687,60.0,111.0,,false
2688,60.0,113.0,,false
2689,60.0,103.0,,false
2690,60.0,96.0,,false
2691,60.0,94.0,,false
2692,100.0,211.0,,false
2693,100.0,214.0,,false
2694,900.0,7.0,,false
2695,1150.0,14.0,,false
2696,1000.0,8.0,,false
2697,1350.0,50.0,,true
2698,500.0,60.0,,true
2699,5000.0,16.0,,true
2700,2200.0,133.0,,true
2701,3500.0,307.0,,true
2702,5000.0,600.0,,true
2703,500.0,160.0,,true
2704,125.0,457.0,,true
2705,40.0,371.0,,true
2706,350.0,147.0,,true
2707,500.0,186.0,,false
2708,500.0,311.0,,false
2709,3300.0,21.0,,false
2710,3300.0,28.0,,false
2711,3300.0,25.0,,false
2712,60.0,206.0,,false
2713,60.0,222.0,,false
2714,60.0,229.0,,false
2715,800.0,6.0,,false
2716,60.0,93.0,,false
2717,60.0,102.0,,false
2718,60.0,117.0,,false
2719,60.0,109.0,,false
2720,60.0,113.0,,false
2721,60.0,104.0,,false
2722,100.0,230.0,,false
2723,100.0,222.0,,false
2724,900.0,7.0,,false
2725,1150.0,16.0,,false
2726,1000.0,5.0,,false
2727,1350.0,48.0,,true
2728,500.0,58.0,,true
2729,5000.0,18.0,,true
2730,2200.0,133.0,,true
2731,3500.0,385.0,,true
2732,5000.0,600.0,,true
2733,500.0,142.0,,true
2734,125.0,550.0,,true
2735,40.0,438.0,,true
2736,350.0,175.0,,true
2737,500.0,190.0,,false
2738,500.0,439.0,,false
2739,3300.0,26.0,,false
2740,3300.0,29.0,,false
2741,3300.0,24.0,,false
2742,60.0,195.0,,false
2743,60.0,161.0,,false
2744,60.0,154.0,,false
2745,800.0,4.0,,false
2746,60.0,93.0,,false
2747,60.0,112.0,,false
2748,60.0,106.0,,false
2749,60.0,106.0,,false
2750,60.0,87.0,,false
2751,60.0,87.0,,false
2752,60.0,101.0,,false
2753,60.0,95.0,,false
2754,100.0,236.0,,false
2755,100.0,222.0,,false
2756,900.0,9.0,,false
2757,1150.0,15.0,,false
2758,1000.0,8.0,,false
2759,1350.0,47.0,,true
2760,500.0,59.0,,true
2761,5000.0,20.0,,true
2762,2200.0,137.0,,true
2763,3500.0,233.0,,true
2764,5000.0,600.0,,true
2765,500.0,147.0,,true
2766,125.0,507.0,,true
2767,40.0,386.0,,true
2768,350.0,142.0,,true
2769,500.0,190.0,,false
2770,500.0,525.0,,false
2771,3300.0,27.0,,false
2772,3300.0,26.0,,false
2773,3300.0,29.0,,false
2774,60.0,217.0,,false
2775,60.0,242.0,,false
2776,60.0,178.0,,false
2777,800.0,5.0,,false
2778,60.0,120.0,,false
2779,60.0,94.0,,false
2780,60.0,110.0,,false
2781,60.0,84.0,,false
2782,60.0,110.0,,false
2783,60.0,95.0,,false
2784,60.0,117.0,,false
2785,60.0,81.0,,false
2786,60.0,120.0,,false
2787,60.0,100.0,,false
2788,100.0,228.0,,false
2789,100.0,226.0,,false
2790,900.0,10.0,,false
2791,1150.0,16.0,,false
2792,1000.0,8.0,,false
2793,1350.0,47.0,,true
2794,500.0,60.0,,true
2795,5000.0,18.0,,true
2796,2200.0,140.0,,true
2797,3500.0,342.0,,true
2798,5000.0,600.0,,true
2799,500.0,150.0,,true
2800,125.0,541.0,,true
2801,40.0,436.0,,true
2802,350.0,180.0,,true
2803,500.0,178.0,,false
2804,500.0,456.0,,false
2805,3300.0,24.0,,false
2806,3300.0,24.0,,false
2807,3300.0,23.0,,false
2808,60.0,164.0,,false
2809,60.0,166.0,,false
2810,60.0,211.0,,false
2811,800.0,4.0,,false
2812,60.0,101.0,,false
2813,60.0,99.0,,false
2814,60.0,115.0,,false
2815,60.0,83.0,,false
2816,60.0,100.0,,false
2817,60.0,119.0,,false
2818,60.0,89.0,,false
2819,60.0,89.0,,false
2820,60.0,114.0,,false
2821,100.0,207.0,,false
2822,100.0,236.0,,false
2823,900.0,7.0,,false
2824,1150.0,14.0,,false
2825,1000.0,6.0,,false
2826,1350.0,49.0,,true
2827,500.0,56.0,,true
2828,5000.0,18.0,,true
2829,2200.0,139.0,,true
2830,3500.0,373.0,,true
2831,5000.0,600.0,,true
2832,500.0,156.0,,true
2833,125.0,517.0,,true
2834,40.0,396.0,,true
2835,350.0,153.0,,true
2836,500.0,172.0,,false
2837,500.0,485.0,,false
2838,3300.0,25.0,,false
2839,3300.0,30.0,,false
2840,3300.0,22.0,,false
2841,60.0,203.0,,false
2842,60.0,183.0,,false
2843,60.0,207.0,,false
2844,60.0,209.0,,false
2845,800.0,5.0,,false
2846,60.0,93.0,,false
2847,60.0,103.0,,false
2848,60.0,97.0,,false
2849,60.0,109.0,,false
2850,60.0,108.0,,false
2851,60.0,114.0,,false
2852,60.0,102.0,,false
2853,60.0,98.0,,false
2854,60.0,112.0,,false
2855,60.0,111.0,,false
2856,100.0,248.0,,false
2857,100.0,191.0,,false
2858,900.0,8.0,,false
2859,1150.0,18.0,,false
2860,1000.0,5.0,,false
2861,1350.0,50.0,,true
2862,500.0,59.0,,true
2863,5000.0,16.0,,true
2864,2200.0,134.0,,true
2865,3500.0,385.0,,true
2866,5000.0,600.0,,true
2867,500.0,145.0,,true
2868,125.0,497.0,,true
2869,40.0,374.0,,true
2870,350.0,144.0,,true
2871,500.0,195.0,,false
2872,500.0,311.0,,false
2873,3300.0,24.0,,false
2874,3300.0,30.0,,false
2875,3300.0,24.0,,false
2876,60.0,182.0,,false
2877,60.0,173.0,,false
2878,60.0,190.0,,false
2879,800.0,4.0,,false
2880,60.0,99.0,,false
2881,60.0,109.0,,false
2882,60.0,98.0,,false
2883,60.0,104.0,,false
2884,60.0,104.0,,false
2885,60.0,106.0,,false
2886,60.0,119.0,,false
2887,60.0,95.0,,false
2888,60.0,119.0,,false
2889,100.0,220.0,,false
2890,100.0,205.0,,false
2891,900.0,10.0,,false
2892,1150.0,16.0,,false
2893,1000.0,8.0,,false
2894,1350.0,48.0,,true
2895,500.0,60.0,,true
2896,5000.0,17.0,,true
2897,2200.0,140.0,,true
2898,3500.0,256.0,,true
2899,5000.0,600.0,,true
2900,500.0,153.0,,true
2901,125.0,471.0,,true
2902,40.0,367.0,,true
2903,350.0,149.0,,true
2904,500.0,174.0,,false
2905,500.0,433.0,,false
2906,3300.0,23.0,,false
2907,3300.0,23.0,,false
2908,3300.0,23.0,,false
2909,60.0,155.0,,false
2910,60.0,156.0,,false
2911,60.0,206.0,,false
2912,60.0,182.0,,false
2913,800.0,6.0,,false
2914,60.0,89.0,,false
2915,60.0,85.0,,false
2916,60.0,117.0,,false
2917,60.0,83.0,,false
2918,60.0,88.0,,false
2919,60.0,118.0,,false
2920,60.0,101.0,,false
2921,60.0,97.0,,false
2922,100.0,204.0,,false
2923,100.0,249.0,,false
2924,900.0,9.0,,false
2925,1150.0,15.0,,false
2926,1000.0,7.0,,false
2927,1350.0,50.0,,true
2928,500.0,60.0,,true
2929,5000.0,19.0,,true
2930,2200.0,139.0,,true
2931,3500.0,315.0,,true
2932,5000.0,600.0,,true
2933,500.0,143.0,,true
2934,125.0,484.0,,true
2935,40.0,444.0,,true
2936,350.0,152.0,,true
2937,500.0,185.0,,false
2938,500.0,452.0,,false
2939,3300.0,27.0,,false
2940,3300.0,26.0,,false
2941,3300.0,23.0,,false
2942,60.0,158.0,,false
2943,60.0,169.0,,false
2944,60.0,190.0,,false
2945,60.0,169.0,,false
2946,800.0,5.0,,false
2947,60.0,97.0,,false
2948,60.0,86.0,,false
2949,60.0,91.0,,false
2950,60.0,82.0,,false
2951,60.0,117.0,,false
2952,60.0,118.0,,false
2953,100.0,194.0,,false
2954,100.0,194.0,,false
2955,900.0,9.0,,false
2956,1150.0,16.0,,false
2957,1000.0,5.0,,false
2958,1350.0,50.0,,true
2959,500.0,56.0,,true
2960,5000.0,18.0,,true
2961,2200.0,138.0,,true
2962,3500.0,359.0,,true
2963,5000.0,600.0,,true
2964,500.0,159.0,,true
2965,125.0,523.0,,true
2966,40.0,365.0,,true
2967,350.0,162.0,,true
2968,500.0,191.0,,false
2969,500.0,595.0,,false
2970,3300.0,22.0,,false
2971,3300.0,26.0,,false
2972,3300.0,26.0,,false
2973,60.0,169.0,,false
2974,60.0,224.0,,false
2975,60.0,196.0,,false
2976,800.0,5.0,,false
2977,60.0,84.0,,false
2978,60.0,101.0,,false
2979,60.0,109.0,,false
2980,60.0,112.0,,false
2981,60.0,114.0,,false
2982,60.0,92.0,,false
2983,60.0,92.0,,false
2984,60.0,116.0,,false
2985,60.0,120.0,,false
2986,60.0,95.0,,false
2987,100.0,226.0,,false
2988,100.0,250.0,,false
2989,900.0,10.0,,false
2990,1150.0,14.0,,false
2991,1000.0,7.0,,false
2992,1350.0,47.0,,true
2993,500.0,60.0,,true
2994,5000.0,19.0,,true
2995,2200.0,139.0,,true
2996,3500.0,248.0,,true
2997,5000.0,600.0,,true
2998,500.0,153.0,,true
2999,125.0,474.0,,true
3000,40.0,379.0,,true
3001,350.0,149.0,,true
3002,500.0,176.0,,false
3003,500.0,594.0,,false
3004,3300.0,23.0,,false
3005,3300.0,23.0,,false
3006,3300.0,26.0,,false
3007,60.0,170.0,,false
3008,60.0,178.0,,false
3009,60.0,161.0,,false
3010,60.0,199.0,,false
3011,800.0,5.0,,false
3012,60.0,104.0,,false
3013,60.0,108.0,,false
3014,60.0,102.0,,false
3015,60.0,115.0,,false
3016,60.0,97.0,,false
3017,60.0,113.0,,false
3018,60.0,87.0,,false
3019,100.0,230.0,,false
3020,100.0,235.0,,false
3021,900.0,7.0,,false
3022,1150.0,16.0,,false
3023,1000.0,5.0,,false
3024,1350.0,47.0,,true
3025,500.0,59.0,,true
3026,5000.0,18.0,,true
3027,2200.0,137.0,,true
3028,3500.0,253.0,,true
3029,5000.0,600.0,,true
3030,500.0,160.0,,true
3031,125.0,489.0,,true
3032,40.0,357.0,,true
3033,350.0,155.0,,true
3034,500.0,181.0,,false
3035,500.0,582.0,,false
3036,3300.0,27.0,,false
3037,3300.0,25.0,,false
3038,3300.0,23.0,,false
3039,60.0,231.0,,false
3040,60.0,228.0,,false
3041,60.0,241.0,,false
3042,800.0,4.0,,false
3043,60.0,89.0,,false
3044,60.0,105.0,,false
3045,60.0,111.0,,false
3046,60.0,114.0,,false
3047,60.0,84.0,,false
3048,60.0,118.0,,false
3049,60.0,101.0,,false
3050,60.0,108.0,,false
3051,60.0,86.0,,false
3052,60.0,105.0,,false
3053,100.0,208.0,,false
3054,100.0,193.0,,false
3055,900.0,9.0,,false
3056,1150.0,18.0,,false
3057,1000.0,5.0,,false
3058,1350.0,48.0,,true
3059,500.0,59.0,,true
3060,5000.0,17.0,,true
3061,2200.0,135.0,,true
3062,3500.0,255.0,,true
3063,5000.0,600.0,,true
3064,500.0,159.0,,true
3065,125.0,500.0,,true
3066,40.0,404.0,,true
3067,350.0,172.0,,true
3068,500.0,189.0,,false
3069,500.0,400.0,,false
3070,3300.0,22.0,,false
3071,3300.0,26.0,,false
3072,3300.0,30.0,,false
3073,60.0,201.0,,false
3074,60.0,238.0,,false
3075,60.0,243.0,,false
3076,800.0,5.0,,false
3077,60.0,103.0,,false
3078,60.0,107.0,,false
3079,60.0,100.0,,false
3080,60.0,118.0,,false
3081,60.0,100.0,,false
3082,60.0,114.0,,false
3083,60.0,115.0,,false
3084,60.0,105.0,,false
3085,60.0,102.0,,false
3086,100.0,182.0,,false
3087,100.0,244.0,,false
3088,900.0,9.0,,false
3089,1150.0,15.0,,false
3090,1000.0,7.0,,false
3091,1350.0,47.0,,true
3092,500.0,57.0,,true
3093,5000.0,17.0,,true
3094,2200.0,135.0,,true
3095,3500.0,322.0,,true
3096,5000.0,600.0,,true
3097,500.0,158.0,,true
3098,125.0,493.0,,true
3099,40.0,418.0,,true
3100,350.0,180.0,,true
3101,500.0,184.0,,false
3102,500.0,316.0,,false
3103,3300.0,27.0,,false
3104,3300.0,22.0,,false
3105,3300.0,28.0,,false
3106,60.0,241.0,,false
3107,60.0,238.0,,false
3108,60.0,236.0,,false
3109,60.0,243.0,,false
3110,800.0,4.0,,false
3111,60.0,84.0,,false
3112,60.0,94.0,,false
3113,60.0,94.0,,false
3114,60.0,115.0,,false
3115,60.0,103.0,,false
3116,60.0,109.0,,false
3117,60.0,82.0,,false
3118,60.0,107.0,,false
3119,60.0,89.0,,false
3120,60.0,93.0,,false
3121,100.0,204.0,,false
3122,100.0,182.0,,false
3123,900.0,10.0,,false
3124,1150.0,13.0,,false
3125,1000.0,6.0,,false
3126,1350.0,47.0,,true
3127,500.0,57.0,,true
3128,5000.0,17.0,,true
3129,2200.0,132.0,,true
3130,3500.0,232.0,,true
3131,5000.0,600.0,,true
3132,500.0,144.0,,true
3133,125.0,478.0,,true
3134,40.0,436.0,,true
3135,350.0,161.0,,true
3136,500.0,177.0,,false
3137,500.0,331.0,,false
3138,3300.0,28.0,,false
3139,3300.0,29.0,,false
3140,3300.0,29.0,,false
3141,60.0,160.0,,false
3142,60.0,186.0,,false
3143,60.0,222.0,,false
3144,800.0,5.0,,false
3145,60.0,114.0,,false
3146,60.0,115.0,,false
3147,60.0,108.0,,false
3148,60.0,106.0,,false
3149,60.0,108.0,,false
3150,60.0,119.0,,false
3151,60.0,100.0,,false
3152,100.0,235.0,,false
3153,100.0,201.0,,false
3154,900.0,9.0,,false
3155,1150.0,13.0,,false
3156,1000.0,5.0,,false
3157,1350.0,48.0,,true
3158,500.0,58.0,,true
3159,5000.0,19.0,,true
3160,2200.0,131.0,,true
3161,3500.0,280.0,,true
3162,5000.0,600.0,,true
3163,500.0,149.0,,true
3164,125.0,457.0,,true
3165,40.0,399.0,,true
3166,350.0,158.0,,true
3167,500.0,199.0,,false
3168,500.0,445.0,,false
3169,3300.0,24.0,,false
3170,3300.0,23.0,,false
3171,3300.0,22.0,,false
3172,60.0,204.0,,false
3173,60.0,237.0,,false
3174,60.0,153.0,,false
3175,60.0,243.0,,false
3176,800.0,5.0,,false
3177,60.0,96.0,,false
3178,60.0,98.0,,false
3179,60.0,94.0,,false
3180,60.0,117.0,,false
3181,60.0,112.0,,false
3182,60.0,93.0,,false
3183,60.0,118.0,,false
3184,60.0,101.0,,false
3185,100.0,184.0,,false
3186,100.0,231.0,,false
3187,900.0,7.0,,false
3188,1150.0,16.0,,false
3189,1000.0,6.0,,false
3190,1350.0,49.0,,true
3191,500.0,57.0,,true
3192,5000.0,19.0,,true
3193,2200.0,139.0,,true
3194,3500.0,251.0,,true
3195,5000.0,600.0,,true
3196,500.0,151.0,,true
3197,125.0,454.0,,true
3198,40.0,371.0,,true
3199,350.0,152.0,,true
3200,500.0,171.0,,false
3201,500.0,447.0,,false
3202,3300.0,23.0,,false
3203,3300.0,28.0,,false
3204,3300.0,27.0,,false
3205,60.0,181.0,,false
3206,60.0,191.0,,false
3207,60.0,221.0,,false
3208,800.0,5.0,,false
3209,60.0,110.0,,false
3210,60.0,91.0,,false
3211,60.0,86.0,,false
3212,60.0,89.0,,false
3213,60.0,99.0,,false
3214,60.0,89.0,,false
3215,60.0,105.0,,false
3216,60.0,89.0,,false
3217,60.0,110.0,,false
3218,60.0,109.0,,false
3219,100.0,229.0,,false
3220,100.0,233.0,,false
3221,900.0,9.0,,false
3222,1150.0,15.0,,false
3223,1000.0,6.0,,false
