Reference,height,width,stripwidth,preemptable
1,1350.0,49.0,720,true
2,500.0,57.0,,true
3,5000.0,18.0,,true
4,2200.0,133.0,,true
5,3500.0,305.0,,true
6,5000.0,600.0,,true
7,500.0,142.0,,true
8,125.0,481.0,,true
9,40.0,390.0,,true
10,350.0,164.0,,true
11,500.0,188.0,,false
12,500.0,509.0,,false
13,3300.0,24.0,,false
14,3300.0,23.0,,false
15,3300.0,24.0,,false
16,60.0,226.0,,false
17,60.0,244.0,,false
18,60.0,181.0,,false
19,60.0,180.0,,false
20,800.0,5.0,,false
21,60.0,113.0,,false
22,60.0,108.0,,false
23,60.0,100.0,,false
24,60.0,116.0,,false
25,60.0,99.0,,false
26,60.0,112.0,,false
27,60.0,112.0,,false
28,60.0,105.0,,false
29,60.0,117.0,,false
30,100.0,184.0,,false
31,100.0,223.0,,false
32,900.0,10.0,,false
33,1150.0,15.0,,false
34,1000.0,5.0,,false
35,1350.0,48.0,,true
36,500.0,58.0,,true
37,5000.0,18.0,,true
38,2200.0,132.0,,true
39,3500.0,256.0,,true
40,5000.0,600.0,,true
41,500.0,153.0,,true
42,125.0,523.0,,true
43,40.0,435.0,,true
44,350.0,172.0,,true
45,500.0,189.0,,false
46,500.0,599.0,,false
47,3300.0,29.0,,false
48,3300.0,23.0,,false
49,3300.0,25.0,,false
50,60.0,238.0,,false
51,60.0,211.0,,false
52,60.0,217.0,,false
53,60.0,210.0,,false
54,800.0,5.0,,false
55,60.0,113.0,,false
56,60.0,92.0,,false
57,60.0,94.0,,false
58,60.0,120.0,,false
59,60.0,116.0,,false
60,60.0,83.0,,false
61,100.0,248.0,,false
62,100.0,232.0,,false
63,900.0,8.0,,false
64,1150.0,13.0,,false
65,1000.0,6.0,,false
66,1350.0,47.0,,true
67,500.0,56.0,,true
68,5000.0,18.0,,true
69,2200.0,139.0,,true
70,3500.0,237.0,,true
71,5000.0,600.0,,true
72,500.0,147.0,,true
73,125.0,519.0,,true
74,40.0,401.0,,true
75,350.0,144.0,,true
76,500.0,176.0,,false
77,500.0,395.0,,false
78,3300.0,29.0,,false
79,3300.0,26.0,,false
80,3300.0,30.0,,false
81,60.0,245.0,,false
82,60.0,248.0,,false
83,60.0,179.0,,false
84,60.0,246.0,,false
85,800.0,6.0,,false
86,60.0,107.0,,false
87,60.0,90.0,,false
88,60.0,98.0,,false
89,60.0,104.0,,false
90,60.0,110.0,,false
91,60.0,87.0,,false
92,100.0,216.0,,false
93,100.0,229.0,,false
94,900.0,10.0,,false
95,1150.0,17.0,,false
96,1000.0,5.0,,false
97,1350.0,49.0,,true
98,500.0,60.0,,true
99,5000.0,19.0,,true
100,2200.0,136.0,,true
101,3500.0,318.0,,true
102,5000.0,600.0,,true
103,500.0,160.0,,true
104,125.0,507.0,,true
105,40.0,429.0,,true
106,350.0,169.0,,true
107,500.0,178.0,,false
108,500.0,371.0,,false
109,3300.0,22.0,,false
110,3300.0,29.0,,false
111,3300.0,21.0,,false
112,60.0,221.0,,false
113,60.0,236.0,,false
114,60.0,159.0,,false
115,60.0,246.0,,false
116,800.0,5.0,,false
117,60.0,87.0,,false
118,60.0,105.0,,false
119,60.0,92.0,,false
120,60.0,106.0,,false
121,60.0,85.0,,false
122,60.0,100.0,,false
123,60.0,116.0,,false
124,100.0,223.0,,false
125,100.0,188.0,,false
126,900.0,7.0,,false
127,1150.0,15.0,,false
128,1000.0,5.0,,false
129,1350.0,46.0,,true
130,500.0,56.0,,true
131,5000.0,20.0,,true
132,2200.0,137.0,,true
133,3500.0,331.0,,true
134,5000.0,600.0,,true
135,500.0,155.0,,true
136,125.0,491.0,,true
137,40.0,389.0,,true
138,350.0,151.0,,true
139,500.0,184.0,,false
140,500.0,493.0,,false
141,3300.0,22.0,,false
142,3300.0,30.0,,false
143,3300.0,24.0,,false
144,60.0,208.0,,false
145,60.0,152.0,,false
146,60.0,248.0,,false
147,800.0,5.0,,false
148,60.0,112.0,,false
149,60.0,119.0,,false
150,60.0,81.0,,false
151,60.0,113.0,,false
152,60.0,102.0,,false
153,60.0,109.0,,false
154,60.0,120.0,,false
155,60.0,84.0,,false
156,60.0,116.0,,false
157,60.0,115.0,,false
158,100.0,219.0,,false
159,100.0,230.0,,false
160,900.0,9.0,,false
161,1150.0,16.0,,false
162,1000.0,7.0,,false
163,1350.0,47.0,,true
164,500.0,57.0,,true
165,5000.0,17.0,,true
166,2200.0,131.0,,true
167,3500.0,334.0,,true
168,5000.0,600.0,,true
169,500.0,160.0,,true
170,125.0,477.0,,true
171,40.0,428.0,,true
172,350.0,141.0,,true
173,500.0,192.0,,false
174,500.0,450.0,,false
175,3300.0,24.0,,false
176,3300.0,22.0,,false
177,3300.0,23.0,,false
178,60.0,181.0,,false
179,60.0,158.0,,false
180,60.0,208.0,,false
181,800.0,5.0,,false
182,60.0,101.0,,false
183,60.0,85.0,,false
184,60.0,87.0,,false
185,60.0,105.0,,false
186,60.0,85.0,,false
187,60.0,99.0,,false
188,100.0,224.0,,false
189,100.0,217.0,,false
190,900.0,9.0,,false
191,1150.0,14.0,,false
192,1000.0,7.0,,false
193,1350.0,49.0,,true
194,500.0,59.0,,true
195,5000.0,20.0,,true
196,2200.0,134.0,,true
197,3500.0,317.0,,true
198,5000.0,600.0,,true
199,500.0,155.0,,true
200,125.0,524.0,,true
201,40.0,374.0,,true
202,350.0,151.0,,true
203,500.0,173.0,,false
204,500.0,420.0,,false
205,3300.0,28.0,,false
206,3300.0,28.0,,false
207,3300.0,30.0,,false
208,60.0,212.0,,false
209,60.0,188.0,,false
210,60.0,208.0,,false
211,60.0,248.0,,false
212,800.0,6.0,,false
213,60.0,108.0,,false
214,60.0,96.0,,false
215,60.0,101.0,,false
216,60.0,113.0,,false
217,60.0,88.0,,false
218,60.0,108.0,,false
219,60.0,84.0,,false
220,60.0,89.0,,false
221,100.0,207.0,,false
222,100.0,189.0,,false
223,900.0,10.0,,false
224,1150.0,17.0,,false
225,1000.0,5.0,,false
226,1350.0,49.0,,true
227,500.0,59.0,,true
228,5000.0,16.0,,true
229,2200.0,140.0,,true
230,3500.0,278.0,,true
231,5000.0,600.0,,true
232,500.0,150.0,,true
233,125.0,516.0,,true
234,40.0,419.0,,true
235,350.0,166.0,,true
236,500.0,199.0,,false
237,500.0,437.0,,false
238,3300.0,27.0,,false
239,3300.0,21.0,,false
240,3300.0,26.0,,false
241,60.0,179.0,,false
242,60.0,229.0,,false
243,60.0,162.0,,false
244,800.0,4.0,,false
245,60.0,101.0,,false
246,60.0,116.0,,false
247,60.0,101.0,,false
248,60.0,109.0,,false
249,60.0,85.0,,false
250,60.0,108.0,,false
251,60.0,117.0,,false
252,60.0,86.0,,false
253,60.0,105.0,,false
254,100.0,189.0,,false
255,100.0,217.0,,false
256,900.0,7.0,,false
257,1150.0,15.0,,false
258,1000.0,5.0,,false
259,1350.0,47.0,,true
260,500.0,58.0,,true
261,5000.0,16.0,,true
262,2200.0,131.0,,true
263,3500.0,253.0,,true
264,5000.0,600.0,,true
265,500.0,148.0,,true
266,125.0,535.0,,true
267,40.0,412.0,,true
268,350.0,155.0,,true
269,500.0,180.0,,false
270,500.0,381.0,,false
271,3300.0,30.0,,false
272,3300.0,25.0,,false
273,3300.0,21.0,,false
274,60.0,223.0,,false
275,60.0,161.0,,false
276,60.0,167.0,,false
277,60.0,246.0,,false
278,800.0,6.0,,false
279,60.0,119.0,,false
280,60.0,87.0,,false
281,60.0,102.0,,false
282,60.0,117.0,,false
283,60.0,110.0,,false
284,60.0,84.0,,false
285,100.0,202.0,,false
286,100.0,195.0,,false
287,900.0,9.0,,false
288,1150.0,14.0,,false
289,1000.0,7.0,,false
290,1350.0,49.0,,true
291,500.0,57.0,,true
292,5000.0,17.0,,true
293,2200.0,131.0,,true
294,3500.0,244.0,,true
295,5000.0,600.0,,true
296,500.0,142.0,,true
297,125.0,505.0,,true
298,40.0,449.0,,true
299,350.0,173.0,,true
300,500.0,196.0,,false
301,500.0,307.0,,false
302,3300.0,23.0,,false
303,3300.0,29.0,,false
304,3300.0,21.0,,false
305,60.0,164.0,,false
306,60.0,240.0,,false
307,60.0,214.0,,false
308,800.0,5.0,,false
309,60.0,104.0,,false
310,60.0,107.0,,false
311,60.0,83.0,,false
312,60.0,120.0,,false
313,60.0,88.0,,false
314,60.0,113.0,,false
315,60.0,97.0,,false
316,100.0,223.0,,false
317,100.0,203.0,,false
318,900.0,8.0,,false
319,1150.0,16.0,,false
320,1000.0,6.0,,false
321,1350.0,48.0,,true
322,500.0,60.0,,true
323,5000.0,18.0,,true
324,2200.0,137.0,,true
325,3500.0,384.0,,true
326,5000.0,600.0,,true
327,500.0,151.0,,true
328,125.0,505.0,,true
329,40.0,385.0,,true
330,350.0,169.0,,true
331,500.0,187.0,,false
332,500.0,448.0,,false
333,3300.0,26.0,,false
334,3300.0,22.0,,false
335,3300.0,21.0,,false
336,60.0,231.0,,false
337,60.0,236.0,,false
338,60.0,195.0,,false
339,60.0,186.0,,false
340,800.0,4.0,,false
341,60.0,115.0,,false
342,60.0,98.0,,false
343,60.0,114.0,,false
344,60.0,83.0,,false
345,60.0,94.0,,false
346,60.0,103.0,,false
347,60.0,98.0,,false
348,100.0,210.0,,false
349,100.0,194.0,,false
350,900.0,7.0,,false
351,1150.0,18.0,,false
352,1000.0,6.0,,false
353,1350.0,49.0,,true
354,500.0,60.0,,true
355,5000.0,18.0,,true
356,2200.0,140.0,,true
357,3500.0,316.0,,true
358,5000.0,600.0,,true
359,500.0,156.0,,true
360,125.0,545.0,,true
361,40.0,447.0,,true
362,350.0,148.0,,true
363,500.0,187.0,,false
364,500.0,326.0,,false
365,3300.0,23.0,,false
366,3300.0,30.0,,false
367,3300.0,22.0,,false
368,60.0,158.0,,false
369,60.0,214.0,,false
370,60.0,245.0,,false
371,60.0,227.0,,false
372,800.0,4.0,,false
373,60.0,88.0,,false
374,60.0,93.0,,false
375,60.0,93.0,,false
376,60.0,85.0,,false
377,60.0,96.0,,false
378,60.0,91.0,,false
379,60.0,88.0,,false
380,60.0,95.0,,false
381,60.0,103.0,,false
382,100.0,220.0,,false
383,100.0,207.0,,false
384,900.0,9.0,,false
385,1150.0,16.0,,false
386,1000.0,6.0,,false
387,1350.0,47.0,,true
388,500.0,58.0,,true
389,5000.0,18.0,,true
390,2200.0,134.0,,true
391,3500.0,291.0,,true
392,5000.0,600.0,,true
393,500.0,159.0,,true
394,125.0,482.0,,true
395,40.0,364.0,,true
396,350.0,156.0,,true
397,500.0,175.0,,false
398,500.0,327.0,,false
399,3300.0,24.0,,false
400,3300.0,27.0,,false
401,3300.0,21.0,,false
402,60.0,166.0,,false
403,60.0,179.0,,false
404,60.0,245.0,,false
405,60.0,211.0,,false
406,800.0,5.0,,false
407,60.0,82.0,,false
408,60.0,116.0,,false
409,60.0,92.0,,false
410,60.0,81.0,,false
411,60.0,98.0,,false
412,60.0,95.0,,false
413,60.0,107.0,,false
414,60.0,96.0,,false
415,60.0,86.0,,false
416,100.0,194.0,,false
417,100.0,181.0,,false
418,900.0,10.0,,false
419,1150.0,15.0,,false
420,1000.0,5.0,,false
421,1350.0,48.0,,true
422,500.0,57.0,,true
423,5000.0,17.0,,true
424,2200.0,140.0,,true
425,3500.0,209.0,,true
426,5000.0,600.0,,true
427,500.0,147.0,,true
428,125.0,484.0,,true
429,40.0,441.0,,true
430,350.0,166.0,,true
431,500.0,194.0,,false
432,500.0,446.0,,false
433,3300.0,29.0,,false
434,3300.0,30.0,,false
435,3300.0,28.0,,false
436,60.0,168.0,,false
437,60.0,247.0,,false
438,60.0,227.0,,false
439,800.0,6.0,,false
440,60.0,81.0,,false
441,60.0,104.0,,false
442,60.0,117.0,,false
443,60.0,119.0,,false
444,60.0,94.0,,false
445,60.0,93.0,,false
446,60.0,114.0,,false
447,60.0,88.0,,false
448,100.0,241.0,,false
449,100.0,210.0,,false
450,900.0,8.0,,false
451,1150.0,14.0,,false
452,1000.0,8.0,,false
453,1350.0,46.0,,true
454,500.0,60.0,,true
455,5000.0,19.0,,true
456,2200.0,137.0,,true
457,3500.0,316.0,,true
458,5000.0,600.0,,true
459,500.0,158.0,,true
460,125.0,488.0,,true
461,40.0,457.0,,true
462,350.0,169.0,,true
463,500.0,190.0,,false
464,500.0,497.0,,false
465,3300.0,25.0,,false
466,3300.0,27.0,,false
467,3300.0,22.0,,false
468,60.0,215.0,,false
469,60.0,166.0,,false
470,60.0,176.0,,false
471,60.0,188.0,,false
472,800.0,4.0,,false
473,60.0,81.0,,false
474,60.0,109.0,,false
475,60.0,112.0,,false
476,60.0,102.0,,false
477,60.0,104.0,,false
478,60.0,119.0,,false
479,60.0,84.0,,false
480,100.0,245.0,,false
481,100.0,228.0,,false
482,900.0,9.0,,false
483,1150.0,18.0,,false
484,1000.0,8.0,,false
485,1350.0,47.0,,true
486,500.0,60.0,,true
487,5000.0,17.0,,true
488,2200.0,134.0,,true
489,3500.0,205.0,,true
490,5000.0,600.0,,true
491,500.0,156.0,,true
492,125.0,528.0,,true
493,40.0,443.0,,true
494,350.0,146.0,,true
495,500.0,193.0,,false
496,500.0,588.0,,false
497,3300.0,28.0,,false
498,3300.0,23.0,,false
499,3300.0,24.0,,false
500,60.0,189.0,,false
501,60.0,172.0,,false
502,60.0,225.0,,false
503,60.0,248.0,,false
504,800.0,4.0,,false
505,60.0,101.0,,false
506,60.0,115.0,,false
507,60.0,113.0,,false
508,60.0,100.0,,false
509,60.0,85.0,,false
510,60.0,92.0,,false
511,60.0,120.0,,false
512,60.0,100.0,,false
513,60.0,105.0,,false
514,100.0,234.0,,false
515,100.0,230.0,,false
516,900.0,10.0,,false
517,1150.0,14.0,,false
518,1000.0,5.0,,false
519,1350.0,47.0,,true
520,500.0,57.0,,true
521,5000.0,17.0,,true
522,2200.0,138.0,,true
523,3500.0,347.0,,true
524,5000.0,600.0,,true
525,500.0,149.0,,true
526,125.0,479.0,,true
527,40.0,379.0,,true
528,350.0,167.0,,true
529,500.0,200.0,,false
530,500.0,316.0,,false
531,3300.0,23.0,,false
532,3300.0,26.0,,false
533,3300.0,21.0,,false
534,60.0,200.0,,false
535,60.0,164.0,,false
536,60.0,151.0,,false
537,800.0,4.0,,false
538,60.0,88.0,,false
539,60.0,106.0,,false
540,60.0,106.0,,false
541,60.0,93.0,,false
542,60.0,110.0,,false
543,60.0,103.0,,false
544,60.0,117.0,,false
545,60.0,100.0,,false
546,60.0,119.0,,false
547,60.0,82.0,,false
548,100.0,228.0,,false
549,100.0,200.0,,false
550,900.0,7.0,,false
551,1150.0,17.0,,false
552,1000.0,8.0,,false
553,1350.0,46.0,,true
554,500.0,58.0,,true
555,5000.0,18.0,,true
556,2200.0,132.0,,true
557,3500.0,399.0,,true
558,5000.0,600.0,,true
559,500.0,152.0,,true
560,125.0,474.0,,true
561,40.0,427.0,,true
562,350.0,179.0,,true
563,500.0,197.0,,false
564,500.0,550.0,,false
565,3300.0,29.0,,false
566,3300.0,28.0,,false
567,3300.0,22.0,,false
568,60.0,217.0,,false
569,60.0,246.0,,false
570,60.0,173.0,,false
571,800.0,5.0,,false
572,60.0,91.0,,false
573,60.0,94.0,,false
574,60.0,107.0,,false
575,60.0,104.0,,false
576,60.0,120.0,,false
577,60.0,104.0,,false
578,100.0,225.0,,false
579,100.0,202.0,,false
580,900.0,10.0,,false
581,1150.0,13.0,,false
582,1000.0,7.0,,false
583,1350.0,46.0,,true
584,500.0,57.0,,true
585,5000.0,20.0,,true
586,2200.0,132.0,,true
587,3500.0,205.0,,true
588,5000.0,600.0,,true
589,500.0,159.0,,true
590,125.0,525.0,,true
591,40.0,434.0,,true
592,350.0,178.0,,true
593,500.0,177.0,,false
594,500.0,380.0,,false
595,3300.0,24.0,,false
596,3300.0,21.0,,false
597,3300.0,23.0,,false
598,60.0,168.0,,false
599,60.0,201.0,,false
600,60.0,203.0,,false
601,800.0,5.0,,false
602,60.0,106.0,,false
603,60.0,96.0,,false
604,60.0,84.0,,false
605,60.0,91.0,,false
606,60.0,118.0,,false
607,60.0,106.0,,false
608,60.0,89.0,,false
609,60.0,85.0,,false
610,60.0,99.0,,false
611,60.0,81.0,,false
612,100.0,229.0,,false
613,100.0,218.0,,false
614,900.0,8.0,,false
615,1150.0,13.0,,false
616,1000.0,8.0,,false
617,1350.0,49.0,,true
618,500.0,57.0,,true
619,5000.0,17.0,,true
620,2200.0,136.0,,true
621,3500.0,309.0,,true
622,5000.0,600.0,,true
623,500.0,159.0,,true
624,125.0,525.0,,true
625,40.0,441.0,,true
626,350.0,159.0,,true
627,500.0,190.0,,false
628,500.0,479.0,,false
629,3300.0,28.0,,false
630,3300.0,26.0,,false
631,3300.0,25.0,,false
632,60.0,156.0,,false
633,60.0,188.0,,false
634,60.0,249.0,,false
635,60.0,219.0,,false
636,800.0,6.0,,false
637,60.0,90.0,,false
638,60.0,114.0,,false
639,60.0,116.0,,false
640,60.0,113.0,,false
641,60.0,89.0,,false
642,60.0,93.0,,false
643,100.0,250.0,,false
644,100.0,238.0,,false
645,900.0,8.0,,false
646,1150.0,18.0,,false
647,1000.0,5.0,,false
648,1350.0,48.0,,true
649,500.0,59.0,,true
650,5000.0,18.0,,true
651,2200.0,138.0,,true
652,3500.0,375.0,,true
653,5000.0,600.0,,true
654,500.0,159.0,,true
655,125.0,549.0,,true
656,40.0,445.0,,true
657,350.0,172.0,,true
658,500.0,193.0,,false
659,500.0,383.0,,false
660,3300.0,27.0,,false
661,3300.0,25.0,,false
662,3300.0,25.0,,false
663,60.0,234.0,,false
664,60.0,159.0,,false
665,60.0,183.0,,false
666,800.0,4.0,,false
667,60.0,113.0,,false
668,60.0,97.0,,false
669,60.0,83.0,,false
670,60.0,89.0,,false
671,60.0,104.0,,false
672,60.0,115.0,,false
673,60.0,113.0,,false
674,60.0,89.0,,false
675,60.0,89.0,,false
676,100.0,204.0,,false
677,100.0,181.0,,false
678,900.0,8.0,,false
679,1150.0,14.0,,false
680,1000.0,5.0,,false
681,1350.0,48.0,,true
682,500.0,60.0,,true
683,5000.0,20.0,,true
684,2200.0,131.0,,true
685,3500.0,364.0,,true
686,5000.0,600.0,,true
687,500.0,148.0,,true
688,125.0,504.0,,true
689,40.0,433.0,,true
690,350.0,161.0,,true
691,500.0,190.0,,false
692,500.0,579.0,,false
693,3300.0,25.0,,false
694,3300.0,26.0,,false
695,3300.0,29.0,,false
696,60.0,169.0,,false
697,60.0,197.0,,false
698,60.0,240.0,,false
699,60.0,162.0,,false
700,800.0,6.0,,false
701,60.0,106.0,,false
702,60.0,94.0,,false
703,60.0,114.0,,false
704,60.0,82.0,,false
705,60.0,95.0,,false
706,60.0,99.0,,false
707,60.0,107.0,,false
708,100.0,211.0,,false
709,100.0,234.0,,false
710,900.0,8.0,,false
711,1150.0,14.0,,false
712,1000.0,8.0,,false
713,1350.0,46.0,,true
714,500.0,58.0,,true
715,5000.0,18.0,,true
716,2200.0,133.0,,true
717,3500.0,281.0,,true
718,5000.0,600.0,,true
719,500.0,146.0,,true
720,125.0,501.0,,true
721,40.0,382.0,,true
722,350.0,175.0,,true
723,500.0,176.0,,false
724,500.0,329.0,,false
725,3300.0,21.0,,false
726,3300.0,27.0,,false
727,3300.0,28.0,,false
728,60.0,248.0,,false
729,60.0,215.0,,false
730,60.0,243.0,,false
731,800.0,5.0,,false
732,60.0,114.0,,false
733,60.0,107.0,,false
734,60.0,108.0,,false
735,60.0,100.0,,false
736,60.0,116.0,,false
737,60.0,86.0,,false
738,100.0,224.0,,false
739,100.0,240.0,,false
740,900.0,9.0,,false
741,1150.0,18.0,,false
742,1000.0,7.0,,false
743,1350.0,50.0,,true
744,500.0,59.0,,true
745,5000.0,18.0,,true
746,2200.0,136.0,,true
747,3500.0,399.0,,true
748,5000.0,600.0,,true
749,500.0,147.0,,true
750,125.0,511.0,,true
751,40.0,358.0,,true
752,350.0,166.0,,true
753,500.0,196.0,,false
754,500.0,454.0,,false
755,3300.0,27.0,,false
756,3300.0,28.0,,false
757,3300.0,28.0,,false
758,60.0,187.0,,false
759,60.0,232.0,,false
760,60.0,173.0,,false
761,60.0,222.0,,false
762,800.0,6.0,,false
763,60.0,90.0,,false
764,60.0,111.0,,false
765,60.0,120.0,,false
766,60.0,101.0,,false
767,60.0,116.0,,false
768,60.0,101.0,,false
769,100.0,244.0,,false
770,100.0,199.0,,false
771,900.0,10.0,,false
772,1150.0,16.0,,false
773,1000.0,5.0,,false
774,1350.0,46.0,,true
775,500.0,56.0,,true
776,5000.0,16.0,,true
777,2200.0,137.0,,true
778,3500.0,253.0,,true
779,5000.0,600.0,,true
780,500.0,150.0,,true
781,125.0,496.0,,true
782,40.0,450.0,,true
783,350.0,149.0,,true
784,500.0,195.0,,false
785,500.0,447.0,,false
786,3300.0,25.0,,false
787,3300.0,26.0,,false
788,3300.0,23.0,,false
789,60.0,152.0,,false
790,60.0,170.0,,false
791,60.0,190.0,,false
792,800.0,5.0,,false
793,60.0,117.0,,false
794,60.0,105.0,,false
795,60.0,111.0,,false
796,60.0,106.0,,false
797,60.0,86.0,,false
798,60.0,110.0,,false
799,60.0,98.0,,false
800,60.0,113.0,,false
801,60.0,117.0,,false
802,100.0,227.0,,false
803,100.0,187.0,,false
804,900.0,8.0,,false
805,1150.0,17.0,,false
806,1000.0,7.0,,false
807,1350.0,48.0,,true
808,500.0,58.0,,true
809,5000.0,17.0,,true
810,2200.0,138.0,,true
811,3500.0,226.0,,true
812,5000.0,600.0,,true
813,500.0,159.0,,true
814,125.0,485.0,,true
815,40.0,366.0,,true
816,350.0,179.0,,true
817,500.0,183.0,,false
818,500.0,582.0,,false
819,3300.0,30.0,,false
820,3300.0,23.0,,false
821,3300.0,25.0,,false
822,60.0,230.0,,false
823,60.0,179.0,,false
824,60.0,185.0,,false
825,800.0,5.0,,false
826,60.0,91.0,,false
827,60.0,117.0,,false
828,60.0,82.0,,false
829,60.0,119.0,,false
830,60.0,83.0,,false
831,60.0,100.0,,false
832,60.0,101.0,,false
833,60.0,112.0,,false
834,100.0,237.0,,false
835,100.0,249.0,,false
836,900.0,9.0,,false
837,1150.0,16.0,,false
838,1000.0,7.0,,false
839,1350.0,50.0,,true
840,500.0,60.0,,true
841,5000.0,16.0,,true
842,2200.0,132.0,,true
843,3500.0,222.0,,true
844,5000.0,600.0,,true
845,500.0,151.0,,true
846,125.0,535.0,,true
847,40.0,443.0,,true
848,350.0,149.0,,true
849,500.0,189.0,,false
850,500.0,566.0,,false
851,3300.0,29.0,,false
852,3300.0,30.0,,false
853,3300.0,29.0,,false
854,60.0,163.0,,false
855,60.0,157.0,,false
856,60.0,171.0,,false
857,60.0,235.0,,false
858,800.0,4.0,,false
859,60.0,97.0,,false
860,60.0,94.0,,false
861,60.0,119.0,,false
862,60.0,94.0,,false
863,60.0,118.0,,false
864,60.0,98.0,,false
865,60.0,111.0,,false
866,100.0,229.0,,false
867,100.0,235.0,,false
868,900.0,9.0,,false
869,1150.0,17.0,,false
870,1000.0,8.0,,false
871,1350.0,47.0,,true
872,500.0,59.0,,true
873,5000.0,20.0,,true
874,2200.0,131.0,,true
875,3500.0,391.0,,true
876,5000.0,600.0,,true
877,500.0,145.0,,true
878,125.0,458.0,,true
879,40.0,457.0,,true
880,350.0,164.0,,true
881,500.0,174.0,,false
882,500.0,593.0,,false
883,3300.0,28.0,,false
884,3300.0,28.0,,false
885,3300.0,25.0,,false
886,60.0,182.0,,false
887,60.0,169.0,,false
888,60.0,200.0,,false
889,60.0,207.0,,false
890,800.0,4.0,,false
891,60.0,118.0,,false
892,60.0,81.0,,false
893,60.0,104.0,,false
894,60.0,118.0,,false
895,60.0,84.0,,false
896,60.0,85.0,,false
897,60.0,116.0,,false
898,60.0,108.0,,false
899,60.0,82.0,,false
900,100.0,240.0,,false
901,100.0,199.0,,false
902,900.0,9.0,,false
903,1150.0,16.0,,false
904,1000.0,8.0,,false
905,1350.0,50.0,,true
906,500.0,59.0,,true
907,5000.0,20.0,,true
908,2200.0,137.0,,true
909,3500.0,252.0,,true
910,5000.0,600.0,,true
911,500.0,157.0,,true
912,125.0,533.0,,true
913,40.0,383.0,,true
914,350.0,173.0,,true
915,500.0,180.0,,false
916,500.0,372.0,,false
917,3300.0,29.0,,false
918,3300.0,29.0,,false
919,3300.0,25.0,,false
920,60.0,218.0,,false
921,60.0,248.0,,false
922,60.0,224.0,,false
923,60.0,176.0,,false
924,800.0,5.0,,false
925,60.0,118.0,,false
926,60.0,117.0,,false
927,60.0,87.0,,false
928,60.0,119.0,,false
929,60.0,103.0,,false
930,60.0,118.0,,false
931,60.0,119.0,,false
932,60.0,116.0,,false
933,60.0,102.0,,false
934,100.0,188.0,,false
935,100.0,194.0,,false
936,900.0,8.0,,false
937,1150.0,17.0,,false
938,1000.0,7.0,,false
939,1350.0,47.0,,true
940,500.0,60.0,,true
941,5000.0,20.0,,true
942,2200.0,137.0,,true
943,3500.0,258.0,,true
944,5000.0,600.0,,true
945,500.0,149.0,,true
946,125.0,496.0,,true
947,40.0,356.0,,true
948,350.0,171.0,,true
949,500.0,172.0,,false
950,500.0,388.0,,false
951,3300.0,25.0,,false
952,3300.0,27.0,,false
953,3300.0,29.0,,false
954,60.0,193.0,,false
955,60.0,163.0,,false
956,60.0,180.0,,false
957,60.0,172.0,,false
958,800.0,5.0,,false
959,60.0,96.0,,false
960,60.0,92.0,,false
961,60.0,83.0,,false
962,60.0,94.0,,false
963,60.0,119.0,,false
964,60.0,107.0,,false
965,60.0,113.0,,false
966,60.0,83.0,,false
967,60.0,117.0,,false
968,100.0,240.0,,false
969,100.0,229.0,,false
970,900.0,8.0,,false
971,1150.0,16.0,,false
972,1000.0,6.0,,false
973,1350.0,48.0,,true
974,500.0,57.0,,true
975,5000.0,19.0,,true
976,2200.0,138.0,,true
977,3500.0,283.0,,true
978,5000.0,600.0,,true
979,500.0,160.0,,true
980,125.0,505.0,,true
981,40.0,429.0,,true
982,350.0,158.0,,true
983,500.0,178.0,,false
984,500.0,479.0,,false
985,3300.0,26.0,,false
986,3300.0,23.0,,false
987,3300.0,26.0,,false
988,60.0,162.0,,false
989,60.0,219.0,,false
990,60.0,248.0,,false
991,800.0,6.0,,false
992,60.0,102.0,,false
993,60.0,94.0,,false
994,60.0,114.0,,false
995,60.0,89.0,,false
996,60.0,120.0,,false
997,60.0,92.0,,false
998,100.0,191.0,,false
999,100.0,226.0,,false
1000,900.0,9.0,,false
1001,1150.0,13.0,,false
1002,1000.0,5.0,,false
1003,1350.0,48.0,,true
1004,500.0,57.0,,true
1005,5000.0,18.0,,true
1006,2200.0,140.0,,true
1007,3500.0,248.0,,true
1008,5000.0,600.0,,true
1009,500.0,148.0,,true
1010,125.0,492.0,,true
1011,40.0,395.0,,true
1012,350.0,144.0,,true
1013,500.0,196.0,,false
1014,500.0,452.0,,false
1015,3300.0,23.0,,false
1016,3300.0,23.0,,false
1017,3300.0,25.0,,false
1018,60.0,170.0,,false
1019,60.0,190.0,,false
1020,60.0,181.0,,false
1021,800.0,5.0,,false
1022,60.0,117.0,,false
1023,60.0,109.0,,false
1024,60.0,103.0,,false
1025,60.0,92.0,,false
1026,60.0,96.0,,false
1027,60.0,119.0,,false
1028,60.0,110.0,,false
1029,60.0,101.0,,false
1030,60.0,98.0,,false
1031,100.0,245.0,,false
1032,100.0,201.0,,false
1033,900.0,7.0,,false
1034,1150.0,17.0,,false
1035,1000.0,8.0,,false
1036,1350.0,47.0,,true
1037,500.0,60.0,,true
1038,5000.0,18.0,,true
1039,2200.0,134.0,,true
1040,3500.0,213.0,,true
1041,5000.0,600.0,,true
1042,500.0,157.0,,true
1043,125.0,544.0,,true
1044,40.0,451.0,,true
1045,350.0,151.0,,true
1046,500.0,196.0,,false
1047,500.0,497.0,,false
1048,3300.0,25.0,,false
1049,3300.0,30.0,,false
1050,3300.0,29.0,,false
1051,60.0,166.0,,false
1052,60.0,184.0,,false
1053,60.0,197.0,,false
1054,800.0,4.0,,false
1055,60.0,88.0,,false
1056,60.0,106.0,,false
1057,60.0,115.0,,false
1058,60.0,107.0,,false
1059,60.0,81.0,,false
1060,60.0,98.0,,false
1061,60.0,110.0,,false
1062,60.0,95.0,,false
1063,60.0,85.0,,false
1064,60.0,91.0,,false
1065,100.0,247.0,,false
1066,100.0,209.0,,false
1067,900.0,8.0,,false
1068,1150.0,18.0,,false
1069,1000.0,7.0,,false
1070,1350.0,49.0,,true
1071,500.0,60.0,,true
1072,5000.0,18.0,,true
1073,2200.0,135.0,,true
1074,3500.0,270.0,,true
1075,5000.0,600.0,,true
1076,500.0,142.0,,true
1077,125.0,475.0,,true
1078,40.0,443.0,,true
1079,350.0,156.0,,true
1080,500.0,177.0,,false
1081,500.0,533.0,,false
1082,3300.0,24.0,,false
1083,3300.0,26.0,,false
1084,3300.0,29.0,,false
1085,60.0,249.0,,false
1086,60.0,159.0,,false
1087,60.0,195.0,,false
1088,800.0,5.0,,false
1089,60.0,94.0,,false
1090,60.0,113.0,,false
1091,60.0,88.0,,false
1092,60.0,81.0,,false
1093,60.0,106.0,,false
1094,60.0,105.0,,false
1095,60.0,104.0,,false
1096,100.0,222.0,,false
1097,100.0,222.0,,false
1098,900.0,7.0,,false
1099,1150.0,13.0,,false
1100,1000.0,8.0,,false
1101,1350.0,46.0,,true
1102,500.0,56.0,,true
1103,5000.0,20.0,,true
1104,2200.0,131.0,,true
1105,3500.0,376.0,,true
1106,5000.0,600.0,,true
1107,500.0,144.0,,true
1108,125.0,458.0,,true
1109,40.0,358.0,,true
1110,350.0,171.0,,true
1111,500.0,196.0,,false
1112,500.0,525.0,,false
1113,3300.0,22.0,,false
1114,3300.0,29.0,,false
1115,3300.0,23.0,,false
1116,60.0,195.0,,false
1117,60.0,214.0,,false
1118,60.0,178.0,,false
1119,800.0,5.0,,false
1120,60.0,112.0,,false
1121,60.0,92.0,,false
1122,60.0,101.0,,false
1123,60.0,113.0,,false
1124,60.0,81.0,,false
1125,60.0,107.0,,false
1126,60.0,117.0,,false
1127,60.0,85.0,,false
1128,60.0,109.0,,false
1129,60.0,89.0,,false
1130,100.0,242.0,,false
1131,100.0,204.0,,false
1132,900.0,10.0,,false
1133,1150.0,17.0,,false
1134,1000.0,5.0,,false
1135,1350.0,48.0,,true
1136,500.0,58.0,,true
1137,5000.0,18.0,,true
1138,2200.0,139.0,,true
1139,3500.0,353.0,,true
1140,5000.0,600.0,,true
1141,500.0,144.0,,true
1142,125.0,492.0,,true
1143,40.0,354.0,,true
1144,350.0,177.0,,true
1145,500.0,198.0,,false
1146,500.0,424.0,,false
1147,3300.0,25.0,,false
1148,3300.0,30.0,,false
1149,3300.0,30.0,,false
1150,60.0,173.0,,false
1151,60.0,244.0,,false
1152,60.0,209.0,,false
1153,60.0,213.0,,false
1154,800.0,6.0,,false
1155,60.0,106.0,,false
1156,60.0,117.0,,false
1157,60.0,117.0,,false
1158,60.0,96.0,,false
1159,60.0,84.0,,false
1160,60.0,83.0,,false
1161,60.0,98.0,,false
1162,60.0,103.0,,false
1163,60.0,94.0,,false
1164,60.0,104.0,,false
1165,100.0,192.0,,false
1166,100.0,182.0,,false
1167,900.0,9.0,,false
1168,1150.0,14.0,,false
1169,1000.0,5.0,,false
1170,1350.0,46.0,,true
1171,500.0,58.0,,true
1172,5000.0,19.0,,true
1173,2200.0,133.0,,true
1174,3500.0,364.0,,true
1175,5000.0,600.0,,true
1176,500.0,145.0,,true
1177,125.0,489.0,,true
1178,40.0,449.0,,true
1179,350.0,148.0,,true
1180,500.0,200.0,,false
1181,500.0,587.0,,false
1182,3300.0,27.0,,false
1183,3300.0,21.0,,false
1184,3300.0,24.0,,false
1185,60.0,213.0,,false
1186,60.0,176.0,,false
1187,60.0,221.0,,false
1188,60.0,212.0,,false
1189,800.0,6.0,,false
1190,60.0,87.0,,false
1191,60.0,92.0,,false
1192,60.0,98.0,,false
1193,60.0,106.0,,false
1194,60.0,91.0,,false
1195,60.0,117.0,,false
1196,60.0,96.0,,false
1197,60.0,112.0,,false
1198,60.0,100.0,,false
1199,100.0,236.0,,false
1200,100.0,245.0,,false
1201,900.0,9.0,,false
1202,1150.0,16.0,,false
1203,1000.0,6.0,,false
1204,1350.0,47.0,,true
1205,500.0,59.0,,true
1206,5000.0,18.0,,true
1207,2200.0,138.0,,true
1208,3500.0,299.0,,true
1209,5000.0,600.0,,true
1210,500.0,146.0,,true
1211,125.0,515.0,,true
1212,40.0,356.0,,true
1213,350.0,173.0,,true
1214,500.0,196.0,,false
1215,500.0,509.0,,false
1216,3300.0,29.0,,false
1217,3300.0,30.0,,false
1218,3300.0,27.0,,false
1219,60.0,212.0,,false
1220,60.0,209.0,,false
1221,60.0,210.0,,false
1222,60.0,209.0,,false
1223,800.0,4.0,,false
1224,60.0,116.0,,false
1225,60.0,104.0,,false
1226,60.0,91.0,,false
1227,60.0,118.0,,false
1228,60.0,84.0,,false
1229,60.0,85.0,,false
1230,60.0,90.0,,false
1231,60.0,110.0,,false
1232,60.0,92.0,,false
1233,100.0,182.0,,false
1234,100.0,207.0,,false
1235,900.0,10.0,,false
1236,1150.0,15.0,,false
1237,1000.0,8.0,,false
1238,1350.0,46.0,,true
1239,500.0,56.0,,true
1240,5000.0,16.0,,true
1241,2200.0,131.0,,true
1242,3500.0,306.0,,true
1243,5000.0,600.0,,true
1244,500.0,143.0,,true
1245,125.0,502.0,,true
1246,40.0,400.0,,true
1247,350.0,149.0,,true
1248,500.0,180.0,,false
1249,500.0,426.0,,false
1250,3300.0,28.0,,false
1251,3300.0,30.0,,false
1252,3300.0,30.0,,false
1253,60.0,160.0,,false
1254,60.0,164.0,,false
1255,60.0,153.0,,false
1256,800.0,6.0,,false
1257,60.0,103.0,,false
1258,60.0,83.0,,false
1259,60.0,99.0,,false
1260,60.0,103.0,,false
1261,60.0,102.0,,false
1262,60.0,99.0,,false
1263,60.0,120.0,,false
1264,60.0,98.0,,false
1265,60.0,98.0,,false
1266,100.0,188.0,,false
1267,100.0,199.0,,false
1268,900.0,7.0,,false
1269,1150.0,16.0,,false
1270,1000.0,7.0,,false
1271,1350.0,50.0,,true
1272,500.0,58.0,,true
1273,5000.0,19.0,,true
1274,2200.0,134.0,,true
1275,3500.0,370.0,,true
1276,5000.0,600.0,,true
1277,500.0,152.0,,true
1278,125.0,518.0,,true
1279,40.0,369.0,,true
1280,350.0,166.0,,true
1281,500.0,176.0,,false
1282,500.0,562.0,,false
1283,3300.0,22.0,,false
1284,3300.0,22.0,,false
1285,3300.0,29.0,,false
1286,60.0,233.0,,false
1287,60.0,241.0,,false
1288,60.0,162.0,,false
1289,60.0,173.0,,false
1290,800.0,6.0,,false
1291,60.0,82.0,,false
1292,60.0,105.0,,false
1293,60.0,112.0,,false
1294,60.0,89.0,,false
1295,60.0,89.0,,false
1296,60.0,84.0,,false
1297,60.0,81.0,,false
1298,60.0,85.0,,false
1299,60.0,100.0,,false
1300,60.0,112.0,,false
1301,100.0,188.0,,false
1302,100.0,244.0,,false
1303,900.0,10.0,,false
1304,1150.0,18.0,,false
1305,1000.0,5.0,,false
1306,1350.0,47.0,,true
1307,500.0,57.0,,true
1308,5000.0,18.0,,true
1309,2200.0,136.0,,true
1310,3500.0,321.0,,true
1311,5000.0,600.0,,true
1312,500.0,148.0,,true
1313,125.0,515.0,,true
1314,40.0,427.0,,true
1315,350.0,168.0,,true
1316,500.0,180.0,,false
1317,500.0,366.0,,false
1318,3300.0,22.0,,false
1319,3300.0,27.0,,false
1320,3300.0,21.0,,false
1321,60.0,227.0,,false
1322,60.0,173.0,,false
1323,60.0,216.0,,false
1324,800.0,5.0,,false
1325,60.0,88.0,,false
1326,60.0,88.0,,false
1327,60.0,117.0,,false
1328,60.0,104.0,,false
1329,60.0,119.0,,false
1330,60.0,97.0,,false
1331,100.0,200.0,,false
1332,100.0,209.0,,false
1333,900.0,9.0,,false
1334,1150.0,15.0,,false
1335,1000.0,5.0,,false
1336,1350.0,46.0,,true
1337,500.0,57.0,,true
1338,5000.0,18.0,,true
1339,2200.0,134.0,,true
1340,3500.0,253.0,,true
1341,5000.0,600.0,,true
1342,500.0,145.0,,true
1343,125.0,504.0,,true
1344,40.0,426.0,,true
1345,350.0,168.0,,true
1346,500.0,185.0,,false
1347,500.0,550.0,,false
1348,3300.0,21.0,,false
1349,3300.0,26.0,,false
1350,3300.0,23.0,,false
1351,60.0,154.0,,false
1352,60.0,216.0,,false
1353,60.0,176.0,,false
1354,800.0,6.0,,false
1355,60.0,117.0,,false
1356,60.0,88.0,,false
1357,60.0,88.0,,false
1358,60.0,109.0,,false
1359,60.0,82.0,,false
1360,60.0,82.0,,false
1361,60.0,89.0,,false
1362,60.0,93.0,,false
1363,60.0,96.0,,false
1364,60.0,92.0,,false
1365,100.0,228.0,,false
1366,100.0,217.0,,false
1367,900.0,9.0,,false
1368,1150.0,16.0,,false
1369,1000.0,5.0,,false
1370,1350.0,46.0,,true
1371,500.0,59.0,,true
1372,5000.0,20.0,,true
1373,2200.0,134.0,,true
1374,3500.0,343.0,,true
1375,5000.0,600.0,,true
1376,500.0,153.0,,true
1377,125.0,538.0,,true
1378,40.0,428.0,,true
1379,350.0,160.0,,true
1380,500.0,187.0,,false
1381,500.0,354.0,,false
1382,3300.0,23.0,,false
1383,3300.0,29.0,,false
1384,3300.0,24.0,,false
1385,60.0,167.0,,false
1386,60.0,240.0,,false
1387,60.0,194.0,,false
1388,800.0,5.0,,false
1389,60.0,85.0,,false
1390,60.0,104.0,,false
1391,60.0,97.0,,false
1392,60.0,88.0,,false
1393,60.0,95.0,,false
1394,60.0,98.0,,false
1395,60.0,105.0,,false
1396,100.0,206.0,,false
1397,100.0,193.0,,false
1398,900.0,10.0,,false
1399,1150.0,17.0,,false
1400,1000.0,8.0,,false
1401,1350.0,49.0,,true
1402,500.0,58.0,,true
1403,5000.0,16.0,,true
1404,2200.0,132.0,,true
1405,3500.0,380.0,,true
1406,5000.0,600.0,,true
1407,500.0,145.0,,true
1408,125.0,524.0,,true
1409,40.0,351.0,,true
1410,350.0,158.0,,true
1411,500.0,194.0,,false
1412,500.0,374.0,,false
1413,3300.0,25.0,,false
1414,3300.0,25.0,,false
1415,3300.0,24.0,,false
1416,60.0,167.0,,false
1417,60.0,226.0,,false
1418,60.0,154.0,,false
1419,60.0,217.0,,false
1420,800.0,4.0,,false
1421,60.0,113.0,,false
1422,60.0,118.0,,false
1423,60.0,116.0,,false
1424,60.0,106.0,,false
1425,60.0,92.0,,false
1426,60.0,109.0,,false
1427,60.0,111.0,,false
1428,60.0,104.0,,false
1429,100.0,218.0,,false
1430,100.0,246.0,,false
1431,900.0,10.0,,false
1432,1150.0,18.0,,false
1433,1000.0,7.0,,false
1434,1350.0,49.0,,true
1435,500.0,56.0,,true
1436,5000.0,18.0,,true
1437,2200.0,137.0,,true
1438,3500.0,367.0,,true
1439,5000.0,600.0,,true
1440,500.0,156.0,,true
1441,125.0,542.0,,true
1442,40.0,368.0,,true
1443,350.0,162.0,,true
1444,500.0,177.0,,false
1445,500.0,559.0,,false
1446,3300.0,22.0,,false
1447,3300.0,25.0,,false
1448,3300.0,30.0,,false
1449,60.0,173.0,,false
1450,60.0,228.0,,false
1451,60.0,236.0,,false
1452,60.0,248.0,,false
1453,800.0,4.0,,false
1454,60.0,106.0,,false
1455,60.0,120.0,,false
1456,60.0,85.0,,false
1457,60.0,97.0,,false
1458,60.0,115.0,,false
1459,60.0,94.0,,false
1460,100.0,220.0,,false
1461,100.0,235.0,,false
1462,900.0,10.0,,false
1463,1150.0,18.0,,false
1464,1000.0,6.0,,false
1465,1350.0,49.0,,true
1466,500.0,59.0,,true
1467,5000.0,18.0,,true
1468,2200.0,131.0,,true
1469,3500.0,292.0,,true
1470,5000.0,600.0,,true
1471,500.0,148.0,,true
1472,125.0,486.0,,true
1473,40.0,407.0,,true
1474,350.0,144.0,,true
1475,500.0,195.0,,false
1476,500.0,318.0,,false
1477,3300.0,27.0,,false
1478,3300.0,24.0,,false
1479,3300.0,28.0,,false
1480,60.0,217.0,,false
1481,60.0,159.0,,false
1482,60.0,180.0,,false
1483,800.0,4.0,,false
1484,60.0,110.0,,false
1485,60.0,118.0,,false
1486,60.0,106.0,,false
1487,60.0,115.0,,false
1488,60.0,105.0,,false
1489,60.0,82.0,,false
1490,60.0,82.0,,false
1491,60.0,102.0,,false
1492,60.0,95.0,,false
1493,100.0,189.0,,false
1494,100.0,194.0,,false
1495,900.0,10.0,,false
1496,1150.0,17.0,,false
1497,1000.0,5.0,,false
1498,1350.0,48.0,,true
1499,500.0,56.0,,true
1500,5000.0,18.0,,true
1501,2200.0,135.0,,true
1502,3500.0,322.0,,true
1503,5000.0,600.0,,true
1504,500.0,155.0,,true
1505,125.0,510.0,,true
1506,40.0,456.0,,true
1507,350.0,172.0,,true
1508,500.0,198.0,,false
1509,500.0,380.0,,false
1510,3300.0,27.0,,false
1511,3300.0,23.0,,false
1512,3300.0,24.0,,false
1513,60.0,196.0,,false
1514,60.0,230.0,,false
1515,60.0,167.0,,false
1516,800.0,6.0,,false
1517,60.0,92.0,,false
1518,60.0,103.0,,false
1519,60.0,92.0,,false
1520,60.0,113.0,,false
1521,60.0,96.0,,false
1522,60.0,81.0,,false
1523,60.0,111.0,,false
1524,60.0,86.0,,false
1525,60.0,110.0,,false
1526,60.0,101.0,,false
1527,100.0,208.0,,false
1528,100.0,242.0,,false
1529,900.0,8.0,,false
1530,1150.0,18.0,,false
1531,1000.0,6.0,,false
1532,1350.0,48.0,,true
1533,500.0,58.0,,true
1534,5000.0,20.0,,true
1535,2200.0,136.0,,true
1536,3500.0,359.0,,true
1537,5000.0,600.0,,true
1538,500.0,147.0,,true
1539,125.0,529.0,,true
1540,40.0,386.0,,true
1541,350.0,167.0,,true
1542,500.0,196.0,,false
1543,500.0,533.0,,false
1544,3300.0,22.0,,false
1545,3300.0,29.0,,false
1546,3300.0,22.0,,false
1547,60.0,206.0,,false
1548,60.0,182.0,,false
1549,60.0,205.0,,false
1550,60.0,203.0,,false
1551,800.0,4.0,,false
1552,60.0,114.0,,false
1553,60.0,110.0,,false
1554,60.0,97.0,,false
1555,60.0,115.0,,false
1556,60.0,117.0,,false
1557,60.0,118.0,,false
1558,60.0,108.0,,false
1559,100.0,206.0,,false
1560,100.0,199.0,,false
1561,900.0,7.0,,false
1562,1150.0,16.0,,false
1563,1000.0,6.0,,false
1564,1350.0,46.0,,true
1565,500.0,57.0,,true
1566,5000.0,20.0,,true
1567,2200.0,140.0,,true
1568,3500.0,329.0,,true
1569,5000.0,600.0,,true
1570,500.0,148.0,,true
1571,125.0,459.0,,true
1572,40.0,443.0,,true
1573,350.0,166.0,,true
1574,500.0,176.0,,false
1575,500.0,524.0,,false
1576,3300.0,22.0,,false
1577,3300.0,26.0,,false
1578,3300.0,24.0,,false
1579,60.0,248.0,,false
1580,60.0,220.0,,false
1581,60.0,204.0,,false
1582,800.0,5.0,,false
1583,60.0,104.0,,false
1584,60.0,94.0,,false
1585,60.0,104.0,,false
1586,60.0,89.0,,false
1587,60.0,112.0,,false
1588,60.0,95.0,,false
1589,60.0,109.0,,false
1590,60.0,95.0,,false
1591,60.0,120.0,,false
1592,100.0,213.0,,false
1593,100.0,229.0,,false
1594,900.0,10.0,,false
1595,1150.0,15.0,,false
1596,1000.0,6.0,,false
1597,1350.0,49.0,,true
1598,500.0,57.0,,true
1599,5000.0,20.0,,true
1600,2200.0,137.0,,true
1601,3500.0,293.0,,true
1602,5000.0,600.0,,true
1603,500.0,158.0,,true
1604,125.0,470.0,,true
1605,40.0,416.0,,true
1606,350.0,144.0,,true
1607,500.0,199.0,,false
1608,500.0,313.0,,false
1609,3300.0,26.0,,false
1610,3300.0,21.0,,false
1611,3300.0,26.0,,false
1612,60.0,246.0,,false
1613,60.0,210.0,,false
1614,60.0,158.0,,false
1615,60.0,181.0,,false
1616,800.0,6.0,,false
1617,60.0,118.0,,false
1618,60.0,93.0,,false
1619,60.0,98.0,,false
1620,60.0,118.0,,false
1621,60.0,106.0,,false
1622,60.0,93.0,,false
1623,100.0,199.0,,false
1624,100.0,210.0,,false
1625,900.0,10.0,,false
1626,1150.0,17.0,,false
1627,1000.0,6.0,,false
1628,1350.0,46.0,,true
1629,500.0,60.0,,true
1630,5000.0,18.0,,true
1631,2200.0,139.0,,true
1632,3500.0,252.0,,true
1633,5000.0,600.0,,true
1634,500.0,156.0,,true
1635,125.0,497.0,,true
1636,40.0,401.0,,true
1637,350.0,177.0,,true
1638,500.0,185.0,,false
1639,500.0,330.0,,false
1640,3300.0,25.0,,false
1641,3300.0,22.0,,false
1642,3300.0,25.0,,false
1643,60.0,218.0,,false
1644,60.0,206.0,,false
1645,60.0,215.0,,false
1646,60.0,197.0,,false
1647,800.0,6.0,,false
1648,60.0,97.0,,false
1649,60.0,90.0,,false
1650,60.0,81.0,,false
1651,60.0,118.0,,false
1652,60.0,87.0,,false
1653,60.0,106.0,,false
1654,60.0,98.0,,false
1655,100.0,231.0,,false
1656,100.0,203.0,,false
1657,900.0,8.0,,false
1658,1150.0,18.0,,false
1659,1000.0,8.0,,false
1660,1350.0,48.0,,true
1661,500.0,57.0,,true
1662,5000.0,20.0,,true
1663,2200.0,140.0,,true
1664,3500.0,397.0,,true
1665,5000.0,600.0,,true
1666,500.0,154.0,,true
1667,125.0,507.0,,true
1668,40.0,427.0,,true
1669,350.0,172.0,,true
1670,500.0,192.0,,false
1671,500.0,506.0,,false
1672,3300.0,26.0,,false
1673,3300.0,24.0,,false
1674,3300.0,25.0,,false
1675,60.0,229.0,,false
1676,60.0,166.0,,false
1677,60.0,153.0,,false
1678,800.0,5.0,,false
1679,60.0,120.0,,false
1680,60.0,85.0,,false
1681,60.0,107.0,,false
1682,60.0,108.0,,false
1683,60.0,108.0,,false
1684,60.0,105.0,,false
1685,100.0,192.0,,false
1686,100.0,223.0,,false
1687,900.0,7.0,,false
1688,1150.0,15.0,,false
1689,1000.0,6.0,,false
1690,1350.0,49.0,,true
1691,500.0,56.0,,true
1692,5000.0,19.0,,true
1693,2200.0,137.0,,true
1694,3500.0,300.0,,true
1695,5000.0,600.0,,true
1696,500.0,141.0,,true
1697,125.0,514.0,,true
1698,40.0,404.0,,true
1699,350.0,145.0,,true
1700,500.0,185.0,,false
1701,500.0,599.0,,false
1702,3300.0,26.0,,false
1703,3300.0,29.0,,false
1704,3300.0,25.0,,false
1705,60.0,171.0,,false
1706,60.0,249.0,,false
1707,60.0,186.0,,false
1708,60.0,203.0,,false
1709,800.0,6.0,,false
1710,60.0,88.0,,false
1711,60.0,98.0,,false
1712,60.0,100.0,,false
1713,60.0,98.0,,false
1714,60.0,83.0,,false
1715,60.0,118.0,,false
1716,60.0,90.0,,false
1717,60.0,116.0,,false
1718,60.0,86.0,,false
1719,100.0,244.0,,false
1720,100.0,181.0,,false
1721,900.0,10.0,,false
1722,1150.0,14.0,,false
1723,1000.0,5.0,,false
1724,1350.0,47.0,,true
1725,500.0,58.0,,true
1726,5000.0,17.0,,true
1727,2200.0,135.0,,true
1728,3500.0,284.0,,true
1729,5000.0,600.0,,true
1730,500.0,155.0,,true
1731,125.0,526.0,,true
1732,40.0,417.0,,true
1733,350.0,161.0,,true
1734,500.0,176.0,,false
1735,500.0,323.0,,false
1736,3300.0,22.0,,false
1737,3300.0,25.0,,false
1738,3300.0,28.0,,false
1739,60.0,204.0,,false
1740,60.0,249.0,,false
1741,60.0,165.0,,false
1742,60.0,196.0,,false
1743,800.0,6.0,,false
1744,60.0,100.0,,false
1745,60.0,89.0,,false
1746,60.0,118.0,,false
1747,60.0,97.0,,false
1748,60.0,87.0,,false
1749,60.0,93.0,,false
1750,60.0,118.0,,false
1751,60.0,89.0,,false
1752,60.0,110.0,,false
1753,60.0,91.0,,false
1754,100.0,224.0,,false
1755,100.0,215.0,,false
1756,900.0,10.0,,false
1757,1150.0,16.0,,false
1758,1000.0,7.0,,false
1759,1350.0,46.0,,true
1760,500.0,58.0,,true
1761,5000.0,19.0,,true
1762,2200.0,138.0,,true
1763,3500.0,280.0,,true
1764,5000.0,600.0,,true
1765,500.0,153.0,,true
1766,125.0,521.0,,true
1767,40.0,383.0,,true
1768,350.0,150.0,,true
1769,500.0,176.0,,false
1770,500.0,314.0,,false
1771,3300.0,26.0,,false
1772,3300.0,28.0,,false
1773,3300.0,24.0,,false
1774,60.0,166.0,,false
1775,60.0,222.0,,false
1776,60.0,169.0,,false
1777,60.0,162.0,,false
1778,800.0,6.0,,false
1779,60.0,108.0,,false
1780,60.0,100.0,,false
1781,60.0,83.0,,false
1782,60.0,107.0,,false
1783,60.0,115.0,,false
1784,60.0,106.0,,false
1785,60.0,100.0,,false
1786,60.0,107.0,,false
1787,60.0,94.0,,false
1788,100.0,250.0,,false
1789,100.0,249.0,,false
1790,900.0,8.0,,false
1791,1150.0,14.0,,false
1792,1000.0,7.0,,false
1793,1350.0,48.0,,true
1794,500.0,56.0,,true
1795,5000.0,16.0,,true
1796,2200.0,132.0,,true
1797,3500.0,203.0,,true
1798,5000.0,600.0,,true
1799,500.0,159.0,,true
1800,125.0,477.0,,true
1801,40.0,365.0,,true
1802,350.0,160.0,,true
1803,500.0,184.0,,false
1804,500.0,447.0,,false
1805,3300.0,25.0,,false
1806,3300.0,29.0,,false
1807,3300.0,28.0,,false
1808,60.0,243.0,,false
1809,60.0,152.0,,false
1810,60.0,162.0,,false
1811,800.0,5.0,,false
1812,60.0,109.0,,false
1813,60.0,95.0,,false
1814,60.0,111.0,,false
1815,60.0,85.0,,false
1816,60.0,94.0,,false
1817,60.0,108.0,,false
1818,100.0,229.0,,false
1819,100.0,243.0,,false
1820,900.0,7.0,,false
1821,1150.0,14.0,,false
1822,1000.0,6.0,,false
1823,1350.0,50.0,,true
1824,500.0,56.0,,true
1825,5000.0,17.0,,true
1826,2200.0,136.0,,true
1827,3500.0,301.0,,true
1828,5000.0,600.0,,true
1829,500.0,159.0,,true
1830,125.0,539.0,,true
1831,40.0,431.0,,true
1832,350.0,160.0,,true
1833,500.0,187.0,,false
1834,500.0,450.0,,false
1835,3300.0,23.0,,false
1836,3300.0,28.0,,false
1837,3300.0,27.0,,false
1838,60.0,202.0,,false
1839,60.0,192.0,,false
1840,60.0,214.0,,false
1841,60.0,168.0,,false
1842,800.0,4.0,,false
1843,60.0,119.0,,false
1844,60.0,92.0,,false
1845,60.0,111.0,,false
1846,60.0,104.0,,false
1847,60.0,93.0,,false
1848,60.0,97.0,,false
1849,60.0,93.0,,false
1850,60.0,107.0,,false
1851,60.0,119.0,,false
1852,100.0,219.0,,false
1853,100.0,205.0,,false
1854,900.0,7.0,,false
1855,1150.0,16.0,,false
1856,1000.0,6.0,,false
1857,1350.0,49.0,,true
1858,500.0,60.0,,true
1859,5000.0,17.0,,true
1860,2200.0,132.0,,true
1861,3500.0,364.0,,true
1862,5000.0,600.0,,true
1863,500.0,150.0,,true
1864,125.0,540.0,,true
1865,40.0,414.0,,true
1866,350.0,164.0,,true
1867,500.0,196.0,,false
1868,500.0,502.0,,false
1869,3300.0,22.0,,false
1870,3300.0,25.0,,false
1871,3300.0,23.0,,false
1872,60.0,207.0,,false
1873,60.0,158.0,,false
1874,60.0,161.0,,false
1875,60.0,227.0,,false
1876,800.0,5.0,,false
1877,60.0,108.0,,false
1878,60.0,92.0,,false
1879,60.0,89.0,,false
1880,60.0,120.0,,false
1881,60.0,92.0,,false
1882,60.0,104.0,,false
1883,100.0,183.0,,false
1884,100.0,214.0,,false
1885,900.0,8.0,,false
1886,1150.0,14.0,,false
1887,1000.0,8.0,,false
1888,1350.0,49.0,,true
1889,500.0,58.0,,true
1890,5000.0,18.0,,true
1891,2200.0,136.0,,true
1892,3500.0,392.0,,true
1893,5000.0,600.0,,true
1894,500.0,145.0,,true
1895,125.0,456.0,,true
1896,40.0,391.0,,true
1897,350.0,150.0,,true
1898,500.0,188.0,,false
1899,500.0,466.0,,false
1900,3300.0,22.0,,false
1901,3300.0,29.0,,false
1902,3300.0,24.0,,false
1903,60.0,227.0,,false
1904,60.0,184.0,,false
1905,60.0,159.0,,false
1906,60.0,208.0,,false
1907,800.0,5.0,,false
1908,60.0,90.0,,false
1909,60.0,94.0,,false
1910,60.0,113.0,,false
1911,60.0,83.0,,false
1912,60.0,107.0,,false
1913,60.0,111.0,,false
1914,60.0,113.0,,false
1915,60.0,104.0,,false
1916,60.0,84.0,,false
1917,100.0,243.0,,false
1918,100.0,231.0,,false
1919,900.0,9.0,,false
1920,1150.0,17.0,,false
1921,1000.0,5.0,,false
1922,1350.0,48.0,,true
1923,500.0,57.0,,true
1924,5000.0,19.0,,true
1925,2200.0,136.0,,true
1926,3500.0,336.0,,true
1927,5000.0,600.0,,true
1928,500.0,159.0,,true
1929,125.0,503.0,,true
1930,40.0,420.0,,true
1931,350.0,159.0,,true
1932,500.0,175.0,,false
1933,500.0,391.0,,false
1934,3300.0,24.0,,false
1935,3300.0,30.0,,false
1936,3300.0,27.0,,false
1937,60.0,218.0,,false
1938,60.0,173.0,,false
1939,60.0,184.0,,false
1940,60.0,232.0,,false
1941,800.0,4.0,,false
1942,60.0,81.0,,false
1943,60.0,119.0,,false
1944,60.0,111.0,,false
1945,60.0,94.0,,false
1946,60.0,111.0,,false
1947,60.0,103.0,,false
1948,60.0,82.0,,false
1949,60.0,105.0,,false
1950,100.0,230.0,,false
1951,100.0,197.0,,false
1952,900.0,8.0,,false
1953,1150.0,18.0,,false
1954,1000.0,7.0,,false
1955,1350.0,50.0,,true
1956,500.0,57.0,,true
1957,5000.0,20.0,,true
1958,2200.0,132.0,,true
1959,3500.0,327.0,,true
1960,5000.0,600.0,,true
1961,500.0,160.0,,true
1962,125.0,459.0,,true
1963,40.0,448.0,,true
1964,350.0,174.0,,true
1965,500.0,200.0,,false
1966,500.0,596.0,,false
1967,3300.0,30.0,,false
1968,3300.0,21.0,,false
1969,3300.0,23.0,,false
1970,60.0,173.0,,false
1971,60.0,220.0,,false
1972,60.0,154.0,,false
1973,800.0,5.0,,false
1974,60.0,91.0,,false
1975,60.0,111.0,,false
1976,60.0,83.0,,false
1977,60.0,111.0,,false
1978,60.0,113.0,,false
1979,60.0,108.0,,false
1980,60.0,87.0,,false
1981,60.0,118.0,,false
1982,60.0,119.0,,false
1983,60.0,110.0,,false
1984,100.0,190.0,,false
1985,100.0,183.0,,false
1986,900.0,7.0,,false
1987,1150.0,15.0,,false
1988,1000.0,6.0,,false
1989,1350.0,49.0,,true
1990,500.0,57.0,,true
1991,5000.0,16.0,,true
1992,2200.0,136.0,,true
1993,3500.0,265.0,,true
1994,5000.0,600.0,,true
1995,500.0,144.0,,true
1996,125.0,526.0,,true
1997,40.0,436.0,,true
1998,350.0,157.0,,true
1999,500.0,178.0,,false
2000,500.0,498.0,,false
2001,3300.0,27.0,,false
2002,3300.0,27.0,,false
2003,3300.0,27.0,,false
2004,60.0,183.0,,false
2005,60.0,163.0,,false
2006,60.0,202.0,,false
2007,60.0,228.0,,false
2008,800.0,5.0,,false
2009,60.0,111.0,,false
2010,60.0,98.0,,false
2011,60.0,105.0,,false
2012,60.0,83.0,,false
2013,60.0,103.0,,false
2014,60.0,116.0,,false
2015,60.0,82.0,,false
2016,60.0,83.0,,false
2017,60.0,111.0,,false
2018,60.0,97.0,,false
2019,100.0,210.0,,false
2020,100.0,249.0,,false
2021,900.0,7.0,,false
2022,1150.0,13.0,,false
2023,1000.0,8.0,,false
2024,1350.0,48.0,,true
2025,500.0,58.0,,true
2026,5000.0,17.0,,true
2027,2200.0,139.0,,true
2028,3500.0,329.0,,true
2029,5000.0,600.0,,true
2030,500.0,152.0,,true
2031,125.0,494.0,,true
2032,40.0,396.0,,true
2033,350.0,176.0,,true
2034,500.0,198.0,,false
2035,500.0,336.0,,false
2036,3300.0,21.0,,false
2037,3300.0,25.0,,false
2038,3300.0,28.0,,false
2039,60.0,178.0,,false
2040,60.0,240.0,,false
2041,60.0,220.0,,false
2042,60.0,223.0,,false
2043,800.0,4.0,,false
2044,60.0,81.0,,false
2045,60.0,83.0,,false
2046,60.0,119.0,,false
2047,60.0,106.0,,false
2048,60.0,101.0,,false
2049,60.0,97.0,,false
2050,60.0,95.0,,false
2051,60.0,114.0,,false
2052,60.0,86.0,,false
2053,100.0,247.0,,false
2054,100.0,242.0,,false
2055,900.0,8.0,,false
2056,1150.0,15.0,,false
2057,1000.0,7.0,,false
2058,1350.0,50.0,,true
2059,500.0,59.0,,true
2060,5000.0,18.0,,true
2061,2200.0,131.0,,true
2062,3500.0,366.0,,true
2063,5000.0,600.0,,true
2064,500.0,141.0,,true
2065,125.0,523.0,,true
2066,40.0,428.0,,true
2067,350.0,164.0,,true
2068,500.0,175.0,,false
2069,500.0,430.0,,false
2070,3300.0,27.0,,false
2071,3300.0,28.0,,false
2072,3300.0,25.0,,false
2073,60.0,161.0,,false
2074,60.0,238.0,,false
2075,60.0,165.0,,false
2076,60.0,238.0,,false
2077,800.0,6.0,,false
2078,60.0,108.0,,false
2079,60.0,120.0,,false
2080,60.0,107.0,,false
2081,60.0,82.0,,false
2082,60.0,87.0,,false
2083,60.0,91.0,,false
2084,60.0,114.0,,false
2085,60.0,82.0,,false
2086,60.0,108.0,,false
2087,60.0,112.0,,false
2088,100.0,187.0,,false
2089,100.0,217.0,,false
2090,900.0,10.0,,false
2091,1150.0,15.0,,false
2092,1000.0,5.0,,false
2093,1350.0,48.0,,true
2094,500.0,57.0,,true
2095,5000.0,16.0,,true
2096,2200.0,140.0,,true
2097,3500.0,272.0,,true
2098,5000.0,600.0,,true
2099,500.0,155.0,,true
2100,125.0,538.0,,true
2101,40.0,359.0,,true
2102,350.0,144.0,,true
2103,500.0,174.0,,false
2104,500.0,547.0,,false
2105,3300.0,27.0,,false
2106,3300.0,22.0,,false
2107,3300.0,27.0,,false
2108,60.0,237.0,,false
2109,60.0,191.0,,false
2110,60.0,234.0,,false
2111,60.0,215.0,,false
2112,800.0,4.0,,false
2113,60.0,118.0,,false
2114,60.0,93.0,,false
2115,60.0,116.0,,false
2116,60.0,118.0,,false
2117,60.0,105.0,,false
2118,60.0,81.0,,false
2119,60.0,102.0,,false
2120,60.0,84.0,,false
2121,60.0,102.0,,false
2122,60.0,97.0,,false
2123,100.0,197.0,,false
2124,100.0,240.0,,false
2125,900.0,8.0,,false
2126,1150.0,16.0,,false
2127,1000.0,6.0,,false
2128,1350.0,46.0,,true
2129,500.0,60.0,,true
2130,5000.0,16.0,,true
2131,2200.0,133.0,,true
2132,3500.0,244.0,,true
2133,5000.0,600.0,,true
2134,500.0,145.0,,true
2135,125.0,459.0,,true
2136,40.0,446.0,,true
2137,350.0,152.0,,true
2138,500.0,175.0,,false
2139,500.0,322.0,,false
2140,3300.0,22.0,,false
2141,3300.0,23.0,,false
2142,3300.0,24.0,,false
2143,60.0,180.0,,false
2144,60.0,228.0,,false
2145,60.0,200.0,,false
2146,800.0,4.0,,false
2147,60.0,85.0,,false
2148,60.0,83.0,,false
2149,60.0,103.0,,false
2150,60.0,108.0,,false
2151,60.0,110.0,,false
2152,60.0,93.0,,false
2153,60.0,99.0,,false
2154,100.0,190.0,,false
2155,100.0,246.0,,false
2156,900.0,8.0,,false
2157,1150.0,17.0,,false
2158,1000.0,8.0,,false
2159,1350.0,50.0,,true
2160,500.0,60.0,,true
2161,5000.0,17.0,,true
2162,2200.0,135.0,,true
2163,3500.0,400.0,,true
2164,5000.0,600.0,,true
2165,500.0,155.0,,true
2166,125.0,473.0,,true
2167,40.0,363.0,,true
2168,350.0,154.0,,true
2169,500.0,199.0,,false
2170,500.0,329.0,,false
2171,3300.0,25.0,,false
2172,3300.0,21.0,,false
2173,3300.0,25.0,,false
2174,60.0,201.0,,false
2175,60.0,168.0,,false
2176,60.0,179.0,,false
2177,60.0,239.0,,false
2178,800.0,4.0,,false
2179,60.0,116.0,,false
2180,60.0,114.0,,false
2181,60.0,99.0,,false
2182,60.0,89.0,,false
2183,60.0,113.0,,false
2184,60.0,110.0,,false
2185,60.0,110.0,,false
2186,60.0,98.0,,false
2187,60.0,107.0,,false
2188,60.0,109.0,,false
2189,100.0,237.0,,false
2190,100.0,222.0,,false
2191,900.0,7.0,,false
2192,1150.0,16.0,,false
2193,1000.0,8.0,,false
2194,1350.0,50.0,,true
2195,500.0,56.0,,true
2196,5000.0,16.0,,true
2197,2200.0,134.0,,true
2198,3500.0,350.0,,true
2199,5000.0,600.0,,true
2200,500.0,152.0,,true
2201,125.0,504.0,,true
2202,40.0,402.0,,true
2203,350.0,165.0,,true
2204,500.0,183.0,,false
2205,500.0,513.0,,false
2206,3300.0,26.0,,false
2207,3300.0,23.0,,false
2208,3300.0,25.0,,false
2209,60.0,169.0,,false
2210,60.0,185.0,,false
2211,60.0,202.0,,false
2212,800.0,5.0,,false
2213,60.0,114.0,,false
2214,60.0,113.0,,false
2215,60.0,112.0,,false
2216,60.0,94.0,,false
2217,60.0,112.0,,false
2218,60.0,107.0,,false
2219,60.0,98.0,,false
2220,100.0,249.0,,false
2221,100.0,240.0,,false
2222,900.0,7.0,,false
2223,1150.0,14.0,,false
2224,1000.0,6.0,,false
2225,1350.0,48.0,,true
2226,500.0,58.0,,true
2227,5000.0,20.0,,true
2228,2200.0,136.0,,true
2229,3500.0,210.0,,true
2230,5000.0,600.0,,true
2231,500.0,144.0,,true
2232,125.0,530.0,,true
2233,40.0,451.0,,true
2234,350.0,174.0,,true
2235,500.0,183.0,,false
2236,500.0,594.0,,false
2237,3300.0,21.0,,false
2238,3300.0,30.0,,false
2239,3300.0,30.0,,false
2240,60.0,170.0,,false
2241,60.0,195.0,,false
2242,60.0,160.0,,false
2243,60.0,230.0,,false
2244,800.0,4.0,,false
2245,60.0,116.0,,false
2246,60.0,101.0,,false
2247,60.0,98.0,,false
2248,60.0,84.0,,false
2249,60.0,107.0,,false
2250,60.0,87.0,,false
2251,60.0,91.0,,false
2252,60.0,109.0,,false
2253,60.0,95.0,,false
2254,60.0,92.0,,false
2255,100.0,209.0,,false
2256,100.0,192.0,,false
2257,900.0,10.0,,false
2258,1150.0,16.0,,false
2259,1000.0,8.0,,false
2260,1350.0,47.0,,true
2261,500.0,56.0,,true
2262,5000.0,19.0,,true
2263,2200.0,139.0,,true
2264,3500.0,310.0,,true
2265,5000.0,600.0,,true
2266,500.0,155.0,,true
2267,125.0,539.0,,true
2268,40.0,400.0,,true
2269,350.0,173.0,,true
2270,500.0,188.0,,false
2271,500.0,451.0,,false
2272,3300.0,23.0,,false
2273,3300.0,29.0,,false
2274,3300.0,27.0,,false
2275,60.0,173.0,,false
2276,60.0,199.0,,false
2277,60.0,216.0,,false
2278,800.0,6.0,,false
2279,60.0,118.0,,false
2280,60.0,115.0,,false
2281,60.0,93.0,,false
2282,60.0,105.0,,false
2283,60.0,116.0,,false
2284,60.0,84.0,,false
2285,100.0,230.0,,false
2286,100.0,228.0,,false
2287,900.0,8.0,,false
2288,1150.0,14.0,,false
2289,1000.0,7.0,,false
2290,1350.0,47.0,,true
2291,500.0,56.0,,true
2292,5000.0,16.0,,true
2293,2200.0,136.0,,true
2294,3500.0,207.0,,true
2295,5000.0,600.0,,true
2296,500.0,152.0,,true
2297,125.0,463.0,,true
2298,40.0,430.0,,true
2299,350.0,153.0,,true
2300,500.0,191.0,,false
2301,500.0,304.0,,false
2302,3300.0,29.0,,false
2303,3300.0,29.0,,false
2304,3300.0,29.0,,false
2305,60.0,154.0,,false
2306,60.0,174.0,,false
2307,60.0,220.0,,false
2308,60.0,210.0,,false
2309,800.0,5.0,,false
2310,60.0,89.0,,false
2311,60.0,81.0,,false
2312,60.0,99.0,,false
2313,60.0,108.0,,false
2314,60.0,115.0,,false
2315,60.0,109.0,,false
2316,60.0,104.0,,false
2317,60.0,90.0,,false
2318,60.0,105.0,,false
2319,60.0,113.0,,false
2320,100.0,249.0,,false
2321,100.0,227.0,,false
2322,900.0,10.0,,false
2323,1150.0,18.0,,false
2324,1000.0,7.0,,false
2325,1350.0,49.0,,true
2326,500.0,60.0,,true
2327,5000.0,19.0,,true
2328,2200.0,138.0,,true
2329,3500.0,216.0,,true
2330,5000.0,600.0,,true
2331,500.0,151.0,,true
2332,125.0,500.0,,true
2333,40.0,430.0,,true
2334,350.0,179.0,,true
2335,500.0,182.0,,false
2336,500.0,337.0,,false
2337,3300.0,23.0,,false
2338,3300.0,28.0,,false
2339,3300.0,29.0,,false
2340,60.0,165.0,,false
2341,60.0,210.0,,false
2342,60.0,245.0,,false
2343,800.0,5.0,,false
2344,60.0,117.0,,false
2345,60.0,96.0,,false
2346,60.0,96.0,,false
2347,60.0,102.0,,false
2348,60.0,114.0,,false
2349,60.0,85.0,,false
2350,60.0,93.0,,false
2351,60.0,120.0,,false
2352,60.0,84.0,,false
2353,60.0,104.0,,false
2354,100.0,246.0,,false
2355,100.0,213.0,,false
2356,900.0,10.0,,false
2357,1150.0,15.0,,false
2358,1000.0,7.0,,false
2359,1350.0,47.0,,true
2360,500.0,58.0,,true
2361,5000.0,19.0,,true
2362,2200.0,134.0,,true
2363,3500.0,369.0,,true
2364,5000.0,600.0,,true
2365,500.0,151.0,,true
2366,125.0,524.0,,true
2367,40.0,432.0,,true
2368,350.0,176.0,,true
2369,500.0,173.0,,false
2370,500.0,569.0,,false
2371,3300.0,30.0,,false
2372,3300.0,25.0,,false
2373,3300.0,27.0,,false
2374,60.0,182.0,,false
2375,60.0,163.0,,false
2376,60.0,206.0,,false
2377,60.0,187.0,,false
2378,800.0,4.0,,false
2379,60.0,88.0,,false
2380,60.0,92.0,,false
2381,60.0,88.0,,false
2382,60.0,93.0,,false
2383,60.0,83.0,,false
2384,60.0,110.0,,false
2385,60.0,94.0,,false
2386,60.0,83.0,,false
2387,60.0,111.0,,false
2388,60.0,105.0,,false
2389,100.0,234.0,,false
2390,100.0,235.0,,false
2391,900.0,7.0,,false
2392,1150.0,18.0,,false
2393,1000.0,5.0,,false
2394,1350.0,47.0,,true
2395,500.0,58.0,,true
2396,5000.0,17.0,,true
2397,2200.0,131.0,,true
2398,3500.0,224.0,,true
2399,5000.0,600.0,,true
2400,500.0,149.0,,true
2401,125.0,548.0,,true
2402,40.0,370.0,,true
2403,350.0,143.0,,true
2404,500.0,178.0,,false
2405,500.0,593.0,,false
2406,3300.0,28.0,,false
2407,3300.0,28.0,,false
2408,3300.0,26.0,,false
2409,60.0,245.0,,false
2410,60.0,171.0,,false
2411,60.0,187.0,,false
2412,60.0,229.0,,false
2413,800.0,5.0,,false
2414,60.0,101.0,,false
2415,60.0,85.0,,false
2416,60.0,106.0,,false
2417,60.0,88.0,,false
2418,60.0,95.0,,false
2419,60.0,110.0,,false
2420,100.0,228.0,,false
2421,100.0,199.0,,false
2422,900.0,9.0,,false
2423,1150.0,18.0,,false
2424,1000.0,6.0,,false
2425,1350.0,48.0,,true
2426,500.0,57.0,,true
2427,5000.0,17.0,,true
2428,2200.0,140.0,,true
2429,3500.0,305.0,,true
2430,5000.0,600.0,,true
2431,500.0,151.0,,true
2432,125.0,484.0,,true
2433,40.0,405.0,,true
2434,350.0,160.0,,true
2435,500.0,172.0,,false
2436,500.0,414.0,,false
2437,3300.0,21.0,,false
2438,3300.0,25.0,,false
2439,3300.0,29.0,,false
2440,60.0,188.0,,false
2441,60.0,180.0,,false
2442,60.0,152.0,,false
2443,800.0,4.0,,false
2444,60.0,117.0,,false
2445,60.0,82.0,,false
2446,60.0,89.0,,false
2447,60.0,98.0,,false
2448,60.0,109.0,,false
2449,60.0,114.0,,false
2450,60.0,90.0,,false
2451,60.0,88.0,,false
2452,100.0,183.0,,false
2453,100.0,181.0,,false
2454,900.0,7.0,,false
2455,1150.0,17.0,,false
2456,1000.0,7.0,,false
2457,1350.0,50.0,,true
2458,500.0,57.0,,true
2459,5000.0,18.0,,true
2460,2200.0,131.0,,true
2461,3500.0,327.0,,true
2462,5000.0,600.0,,true
2463,500.0,156.0,,true
2464,125.0,485.0,,true
2465,40.0,454.0,,true
2466,350.0,173.0,,true
2467,500.0,198.0,,false
2468,500.0,495.0,,false
2469,3300.0,24.0,,false
2470,3300.0,23.0,,false
2471,3300.0,21.0,,false
2472,60.0,245.0,,false
2473,60.0,218.0,,false
2474,60.0,181.0,,false
2475,60.0,198.0,,false
2476,800.0,4.0,,false
2477,60.0,113.0,,false
2478,60.0,111.0,,false
2479,60.0,105.0,,false
2480,60.0,117.0,,false
2481,60.0,95.0,,false
2482,60.0,108.0,,false
2483,60.0,81.0,,false
2484,60.0,96.0,,false
2485,60.0,100.0,,false
2486,60.0,102.0,,false
2487,100.0,228.0,,false
2488,100.0,194.0,,false
2489,900.0,10.0,,false
2490,1150.0,16.0,,false
2491,1000.0,8.0,,false
2492,1350.0,47.0,,true
2493,500.0,57.0,,true
2494,5000.0,19.0,,true
2495,2200.0,135.0,,true
2496,3500.0,350.0,,true
2497,5000.0,600.0,,true
2498,500.0,142.0,,true
2499,125.0,454.0,,true
2500,40.0,448.0,,true
2501,350.0,178.0,,true
2502,500.0,183.0,,false
2503,500.0,343.0,,false
2504,3300.0,22.0,,false
2505,3300.0,27.0,,false
2506,3300.0,25.0,,false
2507,60.0,151.0,,false
2508,60.0,169.0,,false
2509,60.0,171.0,,false
2510,800.0,5.0,,false
2511,60.0,117.0,,false
2512,60.0,116.0,,false
2513,60.0,108.0,,false
2514,60.0,114.0,,false
2515,60.0,114.0,,false
2516,60.0,86.0,,false
2517,60.0,98.0,,false
2518,100.0,224.0,,false
2519,100.0,214.0,,false
2520,900.0,10.0,,false
2521,1150.0,13.0,,false
2522,1000.0,6.0,,false
2523,1350.0,48.0,,true
2524,500.0,56.0,,true
2525,5000.0,17.0,,true
2526,2200.0,136.0,,true
2527,3500.0,279.0,,true
2528,5000.0,600.0,,true
2529,500.0,145.0,,true
2530,125.0,465.0,,true
2531,40.0,358.0,,true
2532,350.0,171.0,,true
2533,500.0,176.0,,false
2534,500.0,422.0,,false
2535,3300.0,29.0,,false
2536,3300.0,26.0,,false
2537,3300.0,26.0,,false
2538,60.0,158.0,,false
2539,60.0,175.0,,false
2540,60.0,161.0,,false
2541,60.0,225.0,,false
2542,800.0,5.0,,false
2543,60.0,96.0,,false
2544,60.0,89.0,,false
2545,60.0,111.0,,false
2546,60.0,89.0,,false
2547,60.0,105.0,,false
2548,60.0,108.0,,false
2549,100.0,196.0,,false
2550,100.0,236.0,,false
2551,900.0,7.0,,false
2552,1150.0,18.0,,false
2553,1000.0,5.0,,false
2554,1350.0,49.0,,true
2555,500.0,58.0,,true
2556,5000.0,16.0,,true
2557,2200.0,138.0,,true
2558,3500.0,389.0,,true
2559,5000.0,600.0,,true
2560,500.0,158.0,,true
2561,125.0,464.0,,true
2562,40.0,396.0,,true
2563,350.0,178.0,,true
2564,500.0,184.0,,false
2565,500.0,483.0,,false
2566,3300.0,22.0,,false
2567,3300.0,30.0,,false
2568,3300.0,29.0,,false
2569,60.0,189.0,,false
2570,60.0,206.0,,false
2571,60.0,153.0,,false
2572,60.0,205.0,,false
2573,800.0,6.0,,false
2574,60.0,85.0,,false
2575,60.0,110.0,,false
2576,60.0,112.0,,false
2577,60.0,83.0,,false
2578,60.0,98.0,,false
2579,60.0,85.0,,false
2580,60.0,83.0,,false
2581,60.0,99.0,,false
2582,60.0,112.0,,false
2583,60.0,112.0,,false
2584,100.0,181.0,,false
2585,100.0,205.0,,false
2586,900.0,8.0,,false
2587,1150.0,18.0,,false
2588,1000.0,5.0,,false
2589,1350.0,49.0,,true
2590,500.0,58.0,,true
2591,5000.0,19.0,,true
2592,2200.0,139.0,,true
2593,3500.0,211.0,,true
2594,5000.0,600.0,,true
2595,500.0,144.0,,true
2596,125.0,509.0,,true
2597,40.0,353.0,,true
2598,350.0,172.0,,true
2599,500.0,178.0,,false
2600,500.0,344.0,,false
2601,3300.0,25.0,,false
2602,3300.0,22.0,,false
2603,3300.0,25.0,,false
2604,60.0,157.0,,false
2605,60.0,168.0,,false
2606,60.0,153.0,,false
2607,800.0,5.0,,false
2608,60.0,101.0,,false
2609,60.0,87.0,,false
2610,60.0,89.0,,false
2611,60.0,110.0,,false
2612,60.0,119.0,,false
2613,60.0,96.0,,false
2614,60.0,113.0,,false
2615,60.0,84.0,,false
2616,100.0,199.0,,false
2617,100.0,188.0,,false
2618,900.0,10.0,,false
2619,1150.0,16.0,,false
2620,1000.0,7.0,,false
2621,1350.0,50.0,,true
2622,500.0,60.0,,true
2623,5000.0,18.0,,true
2624,2200.0,136.0,,true
2625,3500.0,359.0,,true
2626,5000.0,600.0,,true
2627,500.0,159.0,,true
2628,125.0,453.0,,true
2629,40.0,356.0,,true
2630,350.0,158.0,,true
2631,500.0,197.0,,false
2632,500.0,464.0,,false
2633,3300.0,25.0,,false
2634,3300.0,28.0,,false
2635,3300.0,29.0,,false
2636,60.0,187.0,,false
2637,60.0,153.0,,false
2638,60.0,195.0,,false
2639,60.0,223.0,,false
2640,800.0,4.0,,false
2641,60.0,98.0,,false
2642,60.0,112.0,,false
2643,60.0,87.0,,false
2644,60.0,102.0,,false
2645,60.0,118.0,,false
2646,60.0,86.0,,false
2647,60.0,103.0,,false
2648,60.0,97.0,,false
2649,60.0,87.0,,false
2650,60.0,120.0,,false
2651,100.0,205.0,,false
2652,100.0,195.0,,false
2653,900.0,7.0,,false
2654,1150.0,15.0,,false
2655,1000.0,6.0,,false
2656,1350.0,48.0,,true
2657,500.0,58.0,,true
2658,5000.0,18.0,,true
2659,2200.0,133.0,,true
2660,3500.0,213.0,,true
2661,5000.0,600.0,,true
2662,500.0,155.0,,true
2663,125.0,456.0,,true
2664,40.0,371.0,,true
2665,350.0,148.0,,true
2666,500.0,197.0,,false
2667,500.0,476.0,,false
2668,3300.0,27.0,,false
2669,3300.0,22.0,,false
2670,3300.0,30.0,,false
2671,60.0,220.0,,false
2672,60.0,244.0,,false
2673,60.0,203.0,,false
2674,800.0,4.0,,false
2675,60.0,93.0,,false
2676,60.0,89.0,,false
2677,60.0,86.0,,false
2678,60.0,110.0,,false
2679,60.0,116.0,,false
2680,60.0,93.0,,false
2681,60.0,98.0,,false
2682,60.0,105.0,,false
2683,60.0,113.0,,false
2684,100.0,226.0,,false
2685,100.0,201.0,,false
2686,900.0,10.0,,false
2687,1150.0,16.0,,false
2688,1000.0,7.0,,false
2689,1350.0,46.0,,true
2690,500.0,59.0,,true
2691,5000.0,17.0,,true
2692,2200.0,137.0,,true
2693,3500.0,346.0,,true
2694,5000.0,600.0,,true
2695,500.0,142.0,,true
2696,125.0,507.0,,true
2697,40.0,459.0,,true
2698,350.0,165.0,,true
2699,500.0,180.0,,false
2700,500.0,596.0,,false
2701,3300.0,21.0,,false
2702,3300.0,22.0,,false
2703,3300.0,23.0,,false
2704,60.0,215.0,,false
2705,60.0,181.0,,false
2706,60.0,183.0,,false
2707,800.0,6.0,,false
2708,60.0,83.0,,false
2709,60.0,119.0,,false
2710,60.0,113.0,,false
2711,60.0,115.0,,false
2712,60.0,119.0,,false
2713,60.0,120.0,,false
2714,60.0,115.0,,false
2715,100.0,187.0,,false
2716,100.0,185.0,,false
2717,900.0,7.0,,false
2718,1150.0,14.0,,false
2719,1000.0,5.0,,false
2720,1350.0,46.0,,true
2721,500.0,59.0,,true
2722,5000.0,18.0,,true
2723,2200.0,140.0,,true
2724,3500.0,328.0,,true
2725,5000.0,600.0,,true
2726,500.0,148.0,,true
2727,125.0,504.0,,true
2728,40.0,366.0,,true
2729,350.0,176.0,,true
2730,500.0,184.0,,false
2731,500.0,455.0,,false
2732,3300.0,21.0,,false
2733,3300.0,28.0,,false
2734,3300.0,24.0,,false
2735,60.0,196.0,,false
2736,60.0,186.0,,false
2737,60.0,237.0,,false
2738,800.0,5.0,,false
2739,60.0,119.0,,false
2740,60.0,94.0,,false
2741,60.0,89.0,,false
2742,60.0,85.0,,false
2743,60.0,92.0,,false
2744,60.0,102.0,,false
2745,100.0,189.0,,false
2746,100.0,237.0,,false
2747,900.0,7.0,,false
2748,1150.0,18.0,,false
2749,1000.0,7.0,,false
2750,1350.0,49.0,,true
2751,500.0,58.0,,true
2752,5000.0,20.0,,true
2753,2200.0,140.0,,true
2754,3500.0,272.0,,true
2755,5000.0,600.0,,true
2756,500.0,147.0,,true
2757,125.0,456.0,,true
2758,40.0,453.0,,true
2759,350.0,173.0,,true
2760,500.0,172.0,,false
2761,500.0,441.0,,false
2762,3300.0,21.0,,false
2763,3300.0,27.0,,false
2764,3300.0,22.0,,false
2765,60.0,213.0,,false
2766,60.0,247.0,,false
2767,60.0,182.0,,false
2768,60.0,167.0,,false
2769,800.0,4.0,,false
2770,60.0,83.0,,false
2771,60.0,87.0,,false
2772,60.0,99.0,,false
2773,60.0,95.0,,false
2774,60.0,117.0,,false
2775,60.0,110.0,,false
2776,60.0,85.0,,false
2777,60.0,119.0,,false
2778,60.0,99.0,,false
2779,60.0,99.0,,false
2780,100.0,193.0,,false
2781,100.0,219.0,,false
2782,900.0,9.0,,false
2783,1150.0,15.0,,false
2784,1000.0,6.0,,false
2785,1350.0,47.0,,true
2786,500.0,56.0,,true
2787,5000.0,16.0,,true
2788,2200.0,134.0,,true
2789,3500.0,266.0,,true
2790,5000.0,600.0,,true
2791,500.0,142.0,,true
2792,125.0,464.0,,true
2793,40.0,380.0,,true
2794,350.0,171.0,,true
2795,500.0,187.0,,false
2796,500.0,379.0,,false
2797,3300.0,23.0,,false
2798,3300.0,30.0,,false
2799,3300.0,24.0,,false
2800,60.0,153.0,,false
2801,60.0,217.0,,false
2802,60.0,247.0,,false
2803,800.0,4.0,,false
2804,60.0,91.0,,false
2805,60.0,100.0,,false
2806,60.0,102.0,,false
2807,60.0,93.0,,false
2808,60.0,108.0,,false
2809,60.0,111.0,,false
2810,60.0,83.0,,false
2811,60.0,82.0,,false
2812,60.0,90.0,,false
2813,100.0,248.0,,false
2814,100.0,203.0,,false
2815,900.0,9.0,,false
2816,1150.0,18.0,,false
2817,1000.0,5.0,,false
2818,1350.0,50.0,,true
2819,500.0,59.0,,true
2820,5000.0,17.0,,true
2821,2200.0,139.0,,true
2822,3500.0,248.0,,true
2823,5000.0,600.0,,true
2824,500.0,152.0,,true
2825,125.0,505.0,,true
2826,40.0,356.0,,true
2827,350.0,142.0,,true
2828,500.0,186.0,,false
2829,500.0,485.0,,false
2830,3300.0,24.0,,false
2831,3300.0,28.0,,false
2832,3300.0,23.0,,false
2833,60.0,218.0,,false
2834,60.0,222.0,,false
2835,60.0,160.0,,false
2836,60.0,203.0,,false
2837,800.0,5.0,,false
2838,60.0,94.0,,false
2839,60.0,102.0,,false
2840,60.0,117.0,,false
2841,60.0,90.0,,false
2842,60.0,83.0,,false
2843,60.0,101.0,,false
2844,60.0,103.0,,false
2845,60.0,85.0,,false
2846,100.0,232.0,,false
2847,100.0,181.0,,false
2848,900.0,10.0,,false
2849,1150.0,15.0,,false
2850,1000.0,8.0,,false
2851,1350.0,46.0,,true
2852,500.0,56.0,,true
2853,5000.0,17.0,,true
2854,2200.0,134.0,,true
2855,3500.0,380.0,,true
2856,5000.0,600.0,,true
2857,500.0,147.0,,true
2858,125.0,497.0,,true
2859,40.0,368.0,,true
2860,350.0,178.0,,true
2861,500.0,195.0,,false
2862,500.0,368.0,,false
2863,3300.0,28.0,,false
2864,3300.0,29.0,,false
2865,3300.0,21.0,,false
2866,60.0,212.0,,false
2867,60.0,180.0,,false
2868,60.0,238.0,,false
2869,60.0,199.0,,false
2870,800.0,5.0,,false
2871,60.0,108.0,,false
2872,60.0,102.0,,false
2873,60.0,85.0,,false
2874,60.0,103.0,,false
2875,60.0,106.0,,false
2876,60.0,102.0,,false
2877,60.0,95.0,,false
2878,60.0,104.0,,false
2879,60.0,108.0,,false
2880,100.0,242.0,,false
2881,100.0,191.0,,false
2882,900.0,9.0,,false
2883,1150.0,14.0,,false
2884,1000.0,5.0,,false
2885,1350.0,50.0,,true
2886,500.0,56.0,,true
2887,5000.0,16.0,,true
2888,2200.0,138.0,,true
2889,3500.0,210.0,,true
2890,5000.0,600.0,,true
2891,500.0,153.0,,true
2892,125.0,518.0,,true
2893,40.0,441.0,,true
2894,350.0,169.0,,true
2895,500.0,187.0,,false
2896,500.0,442.0,,false
2897,3300.0,27.0,,false
2898,3300.0,23.0,,false
2899,3300.0,29.0,,false
2900,60.0,210.0,,false
2901,60.0,222.0,,false
2902,60.0,168.0,,false
2903,60.0,240.0,,false
2904,800.0,4.0,,false
2905,60.0,96.0,,false
2906,60.0,103.0,,false
2907,60.0,107.0,,false
2908,60.0,106.0,,false
2909,60.0,91.0,,false
2910,60.0,87.0,,false
2911,60.0,107.0,,false
2912,60.0,81.0,,false
2913,60.0,111.0,,false
2914,100.0,239.0,,false
2915,100.0,182.0,,false
2916,900.0,7.0,,false
2917,1150.0,14.0,,false
2918,1000.0,8.0,,false
2919,1350.0,50.0,,true
2920,500.0,57.0,,true
2921,5000.0,18.0,,true
2922,2200.0,140.0,,true
2923,3500.0,234.0,,true
2924,5000.0,600.0,,true
2925,500.0,142.0,,true
2926,125.0,495.0,,true
2927,40.0,418.0,,true
2928,350.0,163.0,,true
2929,500.0,178.0,,false
2930,500.0,556.0,,false
2931,3300.0,29.0,,false
2932,3300.0,26.0,,false
2933,3300.0,24.0,,false
2934,60.0,214.0,,false
2935,60.0,197.0,,false
2936,60.0,213.0,,false
2937,800.0,4.0,,false
2938,60.0,115.0,,false
2939,60.0,118.0,,false
2940,60.0,83.0,,false
2941,60.0,91.0,,false
2942,60.0,108.0,,false
2943,60.0,106.0,,false
2944,60.0,87.0,,false
2945,60.0,96.0,,false
2946,60.0,103.0,,false
2947,100.0,209.0,,false
2948,100.0,182.0,,false
2949,900.0,9.0,,false
2950,1150.0,14.0,,false
2951,1000.0,5.0,,false
2952,1350.0,49.0,,true
2953,500.0,58.0,,true
2954,5000.0,19.0,,true
2955,2200.0,140.0,,true
2956,3500.0,334.0,,true
2957,5000.0,600.0,,true
2958,500.0,156.0,,true
2959,125.0,548.0,,true
2960,40.0,446.0,,true
2961,350.0,146.0,,true
2962,500.0,173.0,,false
2963,500.0,331.0,,false
2964,3300.0,22.0,,false
2965,3300.0,24.0,,false
2966,3300.0,26.0,,false
2967,60.0,244.0,,false
2968,60.0,191.0,,false
2969,60.0,205.0,,false
2970,60.0,237.0,,false
2971,800.0,5.0,,false
2972,60.0,104.0,,false
2973,60.0,87.0,,false
2974,60.0,104.0,,false
2975,60.0,81.0,,false
2976,60.0,111.0,,false
2977,60.0,90.0,,false
2978,100.0,230.0,,false
2979,100.0,203.0,,false
2980,900.0,7.0,,false
2981,1150.0,16.0,,false
2982,1000.0,6.0,,false
2983,1350.0,47.0,,true
2984,500.0,57.0,,true
2985,5000.0,20.0,,true
2986,2200.0,134.0,,true
2987,3500.0,230.0,,true
2988,5000.0,600.0,,true
2989,500.0,160.0,,true
2990,125.0,540.0,,true
2991,40.0,401.0,,true
2992,350.0,155.0,,true
2993,500.0,196.0,,false
2994,500.0,538.0,,false
2995,3300.0,30.0,,false
2996,3300.0,26.0,,false
2997,3300.0,25.0,,false
2998,60.0,242.0,,false
2999,60.0,186.0,,false
3000,60.0,226.0,,false
3001,800.0,4.0,,false
3002,60.0,104.0,,false
3003,60.0,88.0,,false
3004,60.0,89.0,,false
3005,60.0,92.0,,false
3006,60.0,82.0,,false
3007,60.0,90.0,,false
3008,60.0,119.0,,false
3009,100.0,206.0,,false
3010,100.0,246.0,,false
3011,900.0,8.0,,false
3012,1150.0,17.0,,false
3013,1000.0,6.0,,false
3014,1350.0,50.0,,true
3015,500.0,58.0,,true
3016,5000.0,20.0,,true
3017,2200.0,131.0,,true
3018,3500.0,278.0,,true
3019,5000.0,600.0,,true
3020,500.0,152.0,,true
3021,125.0,542.0,,true
3022,40.0,442.0,,true
3023,350.0,146.0,,true
3024,500.0,191.0,,false
3025,500.0,322.0,,false
3026,3300.0,21.0,,false
3027,3300.0,25.0,,false
3028,3300.0,26.0,,false
3029,60.0,237.0,,false
3030,60.0,168.0,,false
3031,60.0,159.0,,false
3032,60.0,156.0,,false
3033,800.0,4.0,,false
3034,60.0,119.0,,false
3035,60.0,103.0,,false
3036,60.0,97.0,,false
3037,60.0,104.0,,false
3038,60.0,115.0,,false
3039,60.0,97.0,,false
3040,60.0,113.0,,false
3041,60.0,100.0,,false
3042,100.0,211.0,,false
3043,100.0,223.0,,false
3044,900.0,9.0,,false
3045,1150.0,13.0,,false
3046,1000.0,7.0,,false
3047,1350.0,48.0,,true
3048,500.0,60.0,,true
3049,5000.0,19.0,,true
3050,2200.0,135.0,,true
3051,3500.0,351.0,,true
3052,5000.0,600.0,,true
3053,500.0,160.0,,true
3054,125.0,528.0,,true
3055,40.0,390.0,,true
3056,350.0,171.0,,true
3057,500.0,197.0,,false
3058,500.0,449.0,,false
3059,3300.0,29.0,,false
3060,3300.0,22.0,,false
3061,3300.0,29.0,,false
3062,60.0,213.0,,false
3063,60.0,203.0,,false
3064,60.0,158.0,,false
3065,800.0,6.0,,false
3066,60.0,95.0,,false
3067,60.0,81.0,,false
3068,60.0,85.0,,false
3069,60.0,94.0,,false
3070,60.0,91.0,,false
3071,60.0,92.0,,false
3072,60.0,87.0,,false
3073,60.0,98.0,,false
3074,100.0,213.0,,false
3075,100.0,210.0,,false
3076,900.0,8.0,,false
3077,1150.0,18.0,,false
3078,1000.0,7.0,,false
3079,1350.0,49.0,,true
3080,500.0,56.0,,true
3081,5000.0,20.0,,true
3082,2200.0,134.0,,true
3083,3500.0,382.0,,true
3084,5000.0,600.0,,true
3085,500.0,148.0,,true
3086,125.0,502.0,,true
3087,40.0,449.0,,true
3088,350.0,176.0,,true
3089,500.0,185.0,,false
3090,500.0,404.0,,false
3091,3300.0,23.0,,false
3092,3300.0,27.0,,false
3093,3300.0,22.0,,false
3094,60.0,228.0,,false
3095,60.0,179.0,,false
3096,60.0,186.0,,false
3097,800.0,4.0,,false
3098,60.0,102.0,,false
3099,60.0,108.0,,false
3100,60.0,100.0,,false
3101,60.0,95.0,,false
3102,60.0,83.0,,false
3103,60.0,91.0,,false
3104,60.0,98.0,,false
3105,60.0,84.0,,false
3106,100.0,198.0,,false
3107,100.0,243.0,,false
3108,900.0,9.0,,false
3109,1150.0,14.0,,false
3110,1000.0,7.0,,false
3111,1350.0,46.0,,true
3112,500.0,60.0,,true
3113,5000.0,17.0,,true
3114,2200.0,137.0,,true
3115,3500.0,314.0,,true
3116,5000.0,600.0,,true
3117,500.0,151.0,,true
3118,125.0,456.0,,true
3119,40.0,359.0,,true
3120,350.0,161.0,,true
3121,500.0,197.0,,false
3122,500.0,501.0,,false
3123,3300.0,21.0,,false
3124,3300.0,23.0,,false
3125,3300.0,23.0,,false
3126,60.0,184.0,,false
3127,60.0,239.0,,false
3128,60.0,166.0,,false
3129,60.0,249.0,,false
3130,800.0,5.0,,false
3131,60.0,83.0,,false
3132,60.0,98.0,,false
3133,60.0,102.0,,false
3134,60.0,95.0,,false
3135,60.0,96.0,,false
3136,60.0,117.0,,false
3137,100.0,224.0,,false
3138,100.0,238.0,,false
3139,900.0,8.0,,false
3140,1150.0,15.0,,false
3141,1000.0,7.0,,false
3142,1350.0,49.0,,true
3143,500.0,57.0,,true
3144,5000.0,19.0,,true
3145,2200.0,134.0,,true
3146,3500.0,367.0,,true
3147,5000.0,600.0,,true
3148,500.0,160.0,,true
3149,125.0,537.0,,true
3150,40.0,437.0,,true
3151,350.0,155.0,,true
3152,500.0,177.0,,false
3153,500.0,354.0,,false
3154,3300.0,30.0,,false
3155,3300.0,25.0,,false
3156,3300.0,22.0,,false
3157,60.0,173.0,,false
3158,60.0,198.0,,false
3159,60.0,159.0,,false
3160,60.0,219.0,,false
3161,800.0,5.0,,false
3162,60.0,110.0,,false
3163,60.0,96.0,,false
3164,60.0,103.0,,false
3165,60.0,91.0,,false
3166,60.0,120.0,,false
3167,60.0,91.0,,false
3168,60.0,99.0,,false
3169,60.0,89.0,,false
3170,100.0,224.0,,false
3171,100.0,197.0,,false
3172,900.0,9.0,,false
3173,1150.0,14.0,,false
3174,1000.0,6.0,,false
3175,1350.0,48.0,,true
3176,500.0,57.0,,true
3177,5000.0,17.0,,true
3178,2200.0,138.0,,true
3179,3500.0,223.0,,true
3180,5000.0,600.0,,true
3181,500.0,149.0,,true
3182,125.0,497.0,,true
3183,40.0,372.0,,true
3184,350.0,180.0,,true
3185,500.0,176.0,,false
3186,500.0,376.0,,false
3187,3300.0,23.0,,false
3188,3300.0,28.0,,false
3189,3300.0,30.0,,false
3190,60.0,220.0,,false
3191,60.0,222.0,,false
3192,60.0,240.0,,false
3193,800.0,5.0,,false
3194,60.0,93.0,,false
3195,60.0,83.0,,false
3196,60.0,84.0,,false
3197,60.0,105.0,,false
3198,60.0,90.0,,false
3199,60.0,85.0,,false
3200,60.0,110.0,,false
3201,100.0,198.0,,false
3202,100.0,239.0,,false
3203,900.0,9.0,,false
3204,1150.0,16.0,,false
3205,1000.0,8.0,,false
3206,1350.0,50.0,,true
3207,500.0,60.0,,true
3208,5000.0,17.0,,true
3209,2200.0,139.0,,true
3210,3500.0,305.0,,true
3211,5000.0,600.0,,true
3212,500.0,145.0,,true
3213,125.0,516.0,,true
3214,40.0,448.0,,true
3215,350.0,169.0,,true
3216,500.0,199.0,,false
3217,500.0,434.0,,false
3218,3300.0,25.0,,false
3219,3300.0,24.0,,false
3220,3300.0,21.0,,false
3221,60.0,190.0,,false
3222,60.0,176.0,,false
3223,60.0,215.0,,false
3224,60.0,226.0,,false
3225,800.0,5.0,,false
3226,60.0,116.0,,false
3227,60.0,114.0,,false
3228,60.0,112.0,,false
3229,60.0,112.0,,false
3230,60.0,100.0,,false
3231,60.0,104.0,,false
3232,60.0,104.0,,false
3233,60.0,96.0,,false
3234,60.0,99.0,,false
3235,60.0,95.0,,false
3236,100.0,206.0,,false
3237,100.0,236.0,,false
3238,900.0,7.0,,false
3239,1150.0,18.0,,false
3240,1000.0,8.0,,false
3241,1350.0,49.0,,true
3242,500.0,59.0,,true
3243,5000.0,18.0,,true
3244,2200.0,137.0,,true
3245,3500.0,257.0,,true
3246,5000.0,600.0,,true
3247,500.0,153.0,,true
3248,125.0,490.0,,true
3249,40.0,354.0,,true
3250,350.0,178.0,,true
3251,500.0,181.0,,false
3252,500.0,340.0,,false
3253,3300.0,28.0,,false
3254,3300.0,21.0,,false
3255,3300.0,28.0,,false
3256,60.0,216.0,,false
3257,60.0,164.0,,false
3258,60.0,248.0,,false
3259,60.0,206.0,,false
3260,800.0,5.0,,false
3261,60.0,91.0,,false
3262,60.0,107.0,,false
3263,60.0,112.0,,false
3264,60.0,100.0,,false
3265,60.0,84.0,,false
3266,60.0,111.0,,false
3267,60.0,88.0,,false
3268,100.0,240.0,,false
3269,100.0,235.0,,false
3270,900.0,10.0,,false
3271,1150.0,14.0,,false
3272,1000.0,7.0,,false
