Reference,height,width,stripwidth,preemptable
1,1350.0,49.0,720,true
2,500.0,56.0,,true
3,5000.0,20.0,,true
4,2200.0,139.0,,true
5,3500.0,313.0,,true
6,5000.0,600.0,,true
7,500.0,144.0,,true
8,125.0,494.0,,true
9,40.0,362.0,,true
10,350.0,176.0,,true
11,500.0,200.0,,false
12,500.0,408.0,,false
13,3300.0,26.0,,false
14,3300.0,21.0,,false
15,3300.0,28.0,,false
16,60.0,207.0,,false
17,60.0,167.0,,false
18,60.0,219.0,,false
19,800.0,4.0,,false
20,60.0,83.0,,false
21,60.0,107.0,,false
22,60.0,101.0,,false
23,60.0,83.0,,false
24,60.0,81.0,,false
25,60.0,81.0,,false
26,60.0,120.0,,false
27,60.0,100.0,,false
28,60.0,108.0,,false
29,100.0,201.0,,false
30,100.0,189.0,,false
31,900.0,7.0,,false
32,1150.0,13.0,,false
33,1000.0,7.0,,false
34,1350.0,49.0,,true
35,500.0,59.0,,true
36,5000.0,19.0,,true
37,2200.0,135.0,,true
38,3500.0,225.0,,true
39,5000.0,600.0,,true
40,500.0,149.0,,true
41,125.0,484.0,,true
42,40.0,439.0,,true
43,350.0,146.0,,true
44,500.0,192.0,,false
45,500.0,440.0,,false
46,3300.0,21.0,,false
47,3300.0,28.0,,false
48,3300.0,29.0,,false
49,60.0,230.0,,false
50,60.0,158.0,,false
51,60.0,177.0,,false
52,60.0,158.0,,false
53,800.0,6.0,,false
54,60.0,96.0,,false
55,60.0,104.0,,false
56,60.0,114.0,,false
57,60.0,102.0,,false
58,60.0,96.0,,false
59,60.0,109.0,,false
60,60.0,99.0,,false
61,60.0,88.0,,false
62,100.0,246.0,,false
63,100.0,234.0,,false
64,900.0,9.0,,false
65,1150.0,13.0,,false
66,1000.0,7.0,,false
67,1350.0,47.0,,true
68,500.0,57.0,,true
69,5000.0,19.0,,true
70,2200.0,136.0,,true
71,3500.0,208.0,,true
72,5000.0,600.0,,true
73,500.0,142.0,,true
74,125.0,531.0,,true
75,40.0,379.0,,true
76,350.0,153.0,,true
77,500.0,199.0,,false
78,500.0,385.0,,false
79,3300.0,27.0,,false
80,3300.0,23.0,,false
81,3300.0,29.0,,false
82,60.0,220.0,,false
83,60.0,187.0,,false
84,60.0,234.0,,false
85,60.0,220.0,,false
86,800.0,6.0,,false
87,60.0,87.0,,false
88,60.0,95.0,,false
89,60.0,104.0,,false
90,60.0,108.0,,false
91,60.0,84.0,,false
92,60.0,118.0,,false
93,100.0,215.0,,false
94,100.0,232.0,,false
95,900.0,10.0,,false
96,1150.0,14.0,,false
97,1000.0,5.0,,false
98,1350.0,49.0,,true
99,500.0,58.0,,true
100,5000.0,19.0,,true
101,2200.0,135.0,,true
102,3500.0,237.0,,true
103,5000.0,600.0,,true
104,500.0,155.0,,true
105,125.0,548.0,,true
106,40.0,371.0,,true
107,350.0,153.0,,true
108,500.0,198.0,,false
109,500.0,553.0,,false
110,3300.0,26.0,,false
111,3300.0,22.0,,false
112,3300.0,23.0,,false
113,60.0,209.0,,false
114,60.0,205.0,,false
115,60.0,161.0,,false
116,60.0,201.0,,false
117,800.0,4.0,,false
118,60.0,107.0,,false
119,60.0,109.0,,false
120,60.0,110.0,,false
121,60.0,88.0,,false
122,60.0,115.0,,false
123,60.0,91.0,,false
124,60.0,87.0,,false
125,60.0,120.0,,false
126,100.0,204.0,,false
127,100.0,235.0,,false
128,900.0,8.0,,false
129,1150.0,18.0,,false
130,1000.0,7.0,,false
131,1350.0,46.0,,true
132,500.0,60.0,,true
133,5000.0,20.0,,true
134,2200.0,133.0,,true
135,3500.0,274.0,,true
136,5000.0,600.0,,true
137,500.0,141.0,,true
138,125.0,458.0,,true
139,40.0,410.0,,true
140,350.0,159.0,,true
141,500.0,179.0,,false
142,500.0,354.0,,false
143,3300.0,25.0,,false
144,3300.0,28.0,,false
145,3300.0,25.0,,false
146,60.0,242.0,,false
147,60.0,245.0,,false
148,60.0,155.0,,false
149,60.0,193.0,,false
150,800.0,6.0,,false
151,60.0,108.0,,false
152,60.0,91.0,,false
153,60.0,117.0,,false
154,60.0,87.0,,false
155,60.0,81.0,,false
156,60.0,89.0,,false
157,60.0,117.0,,false
158,60.0,118.0,,false
159,60.0,101.0,,false
160,100.0,224.0,,false
161,100.0,231.0,,false
162,900.0,7.0,,false
163,1150.0,18.0,,false
164,1000.0,6.0,,false
165,1350.0,46.0,,true
166,500.0,60.0,,true
167,5000.0,20.0,,true
168,2200.0,136.0,,true
169,3500.0,225.0,,true
170,5000.0,600.0,,true
171,500.0,153.0,,true
172,125.0,499.0,,true
173,40.0,415.0,,true
174,350.0,152.0,,true
175,500.0,181.0,,false
176,500.0,339.0,,false
177,3300.0,26.0,,false
178,3300.0,29.0,,false
179,3300.0,30.0,,false
180,60.0,202.0,,false
181,60.0,192.0,,false
182,60.0,198.0,,false
183,60.0,201.0,,false
184,800.0,5.0,,false
185,60.0,92.0,,false
186,60.0,97.0,,false
187,60.0,84.0,,false
188,60.0,88.0,,false
189,60.0,99.0,,false
190,60.0,96.0,,false
191,100.0,192.0,,false
192,100.0,220.0,,false
193,900.0,8.0,,false
194,1150.0,13.0,,false
195,1000.0,5.0,,false
196,1350.0,48.0,,true
197,500.0,59.0,,true
198,5000.0,19.0,,true
199,2200.0,135.0,,true
200,3500.0,328.0,,true
201,5000.0,600.0,,true
202,500.0,157.0,,true
203,125.0,515.0,,true
204,40.0,431.0,,true
205,350.0,165.0,,true
206,500.0,182.0,,false
207,500.0,488.0,,false
208,3300.0,22.0,,false
209,3300.0,24.0,,false
210,3300.0,29.0,,false
211,60.0,184.0,,false
212,60.0,175.0,,false
213,60.0,221.0,,false
214,800.0,5.0,,false
215,60.0,93.0,,false
216,60.0,120.0,,false
217,60.0,110.0,,false
218,60.0,86.0,,false
219,60.0,117.0,,false
220,60.0,101.0,,false
221,100.0,196.0,,false
222,100.0,205.0,,false
223,900.0,9.0,,false
224,1150.0,17.0,,false
225,1000.0,8.0,,false
226,1350.0,47.0,,true
227,500.0,60.0,,true
228,5000.0,17.0,,true
229,2200.0,136.0,,true
230,3500.0,330.0,,true
231,5000.0,600.0,,true
232,500.0,149.0,,true
233,125.0,470.0,,true
234,40.0,403.0,,true
235,350.0,174.0,,true
236,500.0,175.0,,false
237,500.0,587.0,,false
238,3300.0,30.0,,false
239,3300.0,24.0,,false
240,3300.0,26.0,,false
241,60.0,166.0,,false
242,60.0,191.0,,false
243,60.0,230.0,,false
244,60.0,196.0,,false
245,800.0,6.0,,false
246,60.0,106.0,,false
247,60.0,113.0,,false
248,60.0,88.0,,false
249,60.0,116.0,,false
250,60.0,106.0,,false
251,60.0,112.0,,false
252,60.0,119.0,,false
253,60.0,90.0,,false
254,60.0,117.0,,false
255,100.0,236.0,,false
256,100.0,248.0,,false
257,900.0,8.0,,false
258,1150.0,18.0,,false
259,1000.0,6.0,,false
260,1350.0,48.0,,true
261,500.0,59.0,,true
262,5000.0,20.0,,true
263,2200.0,135.0,,true
264,3500.0,275.0,,true
265,5000.0,600.0,,true
266,500.0,155.0,,true
267,125.0,461.0,,true
268,40.0,423.0,,true
269,350.0,152.0,,true
270,500.0,177.0,,false
271,500.0,492.0,,false
272,3300.0,30.0,,false
273,3300.0,30.0,,false
274,3300.0,25.0,,false
275,60.0,192.0,,false
276,60.0,210.0,,false
277,60.0,194.0,,false
278,60.0,160.0,,false
279,800.0,4.0,,false
280,60.0,117.0,,false
281,60.0,116.0,,false
282,60.0,117.0,,false
283,60.0,99.0,,false
284,60.0,93.0,,false
285,60.0,91.0,,false
286,100.0,214.0,,false
287,100.0,198.0,,false
288,900.0,10.0,,false
289,1150.0,13.0,,false
290,1000.0,8.0,,false
291,1350.0,50.0,,true
292,500.0,56.0,,true
293,5000.0,18.0,,true
294,2200.0,133.0,,true
295,3500.0,211.0,,true
296,5000.0,600.0,,true
297,500.0,141.0,,true
298,125.0,547.0,,true
299,40.0,421.0,,true
300,350.0,172.0,,true
301,500.0,176.0,,false
302,500.0,574.0,,false
303,3300.0,26.0,,false
304,3300.0,22.0,,false
305,3300.0,27.0,,false
306,60.0,204.0,,false
307,60.0,215.0,,false
308,60.0,157.0,,false
309,800.0,4.0,,false
310,60.0,120.0,,false
311,60.0,98.0,,false
312,60.0,97.0,,false
313,60.0,95.0,,false
314,60.0,109.0,,false
315,60.0,89.0,,false
316,100.0,229.0,,false
317,100.0,185.0,,false
318,900.0,10.0,,false
319,1150.0,13.0,,false
320,1000.0,7.0,,false
321,1350.0,46.0,,true
322,500.0,58.0,,true
323,5000.0,17.0,,true
324,2200.0,140.0,,true
325,3500.0,249.0,,true
326,5000.0,600.0,,true
327,500.0,152.0,,true
328,125.0,530.0,,true
329,40.0,455.0,,true
330,350.0,152.0,,true
331,500.0,192.0,,false
332,500.0,564.0,,false
333,3300.0,30.0,,false
334,3300.0,27.0,,false
335,3300.0,23.0,,false
336,60.0,173.0,,false
337,60.0,188.0,,false
338,60.0,154.0,,false
339,800.0,4.0,,false
340,60.0,119.0,,false
341,60.0,86.0,,false
342,60.0,100.0,,false
343,60.0,112.0,,false
344,60.0,81.0,,false
345,60.0,100.0,,false
346,60.0,92.0,,false
347,60.0,110.0,,false
348,60.0,104.0,,false
349,100.0,230.0,,false
350,100.0,227.0,,false
351,900.0,7.0,,false
352,1150.0,18.0,,false
353,1000.0,6.0,,false
354,1350.0,48.0,,true
355,500.0,58.0,,true
356,5000.0,20.0,,true
357,2200.0,139.0,,true
358,3500.0,327.0,,true
359,5000.0,600.0,,true
360,500.0,147.0,,true
361,125.0,454.0,,true
362,40.0,408.0,,true
363,350.0,178.0,,true
364,500.0,196.0,,false
365,500.0,443.0,,false
366,3300.0,27.0,,false
367,3300.0,28.0,,false
368,3300.0,28.0,,false
369,60.0,232.0,,false
370,60.0,170.0,,false
371,60.0,165.0,,false
372,60.0,224.0,,false
373,800.0,4.0,,false
374,60.0,82.0,,false
375,60.0,102.0,,false
376,60.0,95.0,,false
377,60.0,89.0,,false
378,60.0,98.0,,false
379,60.0,118.0,,false
380,100.0,192.0,,false
381,100.0,247.0,,false
382,900.0,9.0,,false
383,1150.0,15.0,,false
384,1000.0,7.0,,false
385,1350.0,49.0,,true
386,500.0,56.0,,true
387,5000.0,16.0,,true
388,2200.0,135.0,,true
389,3500.0,378.0,,true
390,5000.0,600.0,,true
391,500.0,143.0,,true
392,125.0,478.0,,true
393,40.0,421.0,,true
394,350.0,161.0,,true
395,500.0,172.0,,false
396,500.0,435.0,,false
397,3300.0,21.0,,false
398,3300.0,28.0,,false
399,3300.0,26.0,,false
400,60.0,174.0,,false
401,60.0,211.0,,false
402,60.0,151.0,,false
403,60.0,153.0,,false
404,800.0,4.0,,false
405,60.0,110.0,,false
406,60.0,92.0,,false
407,60.0,116.0,,false
408,60.0,117.0,,false
409,60.0,120.0,,false
410,60.0,112.0,,false
411,60.0,99.0,,false
412,60.0,102.0,,false
413,60.0,94.0,,false
414,100.0,214.0,,false
415,100.0,249.0,,false
416,900.0,10.0,,false
417,1150.0,17.0,,false
418,1000.0,8.0,,false
419,1350.0,48.0,,true
420,500.0,58.0,,true
421,5000.0,18.0,,true
422,2200.0,131.0,,true
423,3500.0,276.0,,true
424,5000.0,600.0,,true
425,500.0,155.0,,true
426,125.0,486.0,,true
427,40.0,448.0,,true
428,350.0,169.0,,true
429,500.0,186.0,,false
430,500.0,439.0,,false
431,3300.0,23.0,,false
432,3300.0,28.0,,false
433,3300.0,25.0,,false
434,60.0,212.0,,false
435,60.0,242.0,,false
436,60.0,222.0,,false
437,800.0,6.0,,false
438,60.0,118.0,,false
439,60.0,92.0,,false
440,60.0,108.0,,false
441,60.0,111.0,,false
442,60.0,113.0,,false
443,60.0,104.0,,false
444,60.0,110.0,,false
445,60.0,99.0,,false
446,60.0,119.0,,false
447,100.0,212.0,,false
448,100.0,237.0,,false
449,900.0,7.0,,false
450,1150.0,13.0,,false
451,1000.0,5.0,,false
452,1350.0,48.0,,true
453,500.0,57.0,,true
454,5000.0,19.0,,true
455,2200.0,132.0,,true
456,3500.0,267.0,,true
457,5000.0,600.0,,true
458,500.0,149.0,,true
459,125.0,544.0,,true
460,40.0,355.0,,true
461,350.0,180.0,,true
462,500.0,180.0,,false
463,500.0,577.0,,false
464,3300.0,29.0,,false
465,3300.0,27.0,,false
466,3300.0,28.0,,false
467,60.0,227.0,,false
468,60.0,249.0,,false
469,60.0,221.0,,false
470,800.0,6.0,,false
471,60.0,95.0,,false
472,60.0,112.0,,false
473,60.0,109.0,,false
474,60.0,83.0,,false
475,60.0,102.0,,false
476,60.0,99.0,,false
477,60.0,101.0,,false
478,100.0,206.0,,false
479,100.0,217.0,,false
480,900.0,7.0,,false
481,1150.0,16.0,,false
482,1000.0,6.0,,false
483,1350.0,48.0,,true
484,500.0,58.0,,true
485,5000.0,16.0,,true
486,2200.0,134.0,,true
487,3500.0,204.0,,true
488,5000.0,600.0,,true
489,500.0,149.0,,true
490,125.0,451.0,,true
491,40.0,431.0,,true
492,350.0,160.0,,true
493,500.0,178.0,,false
494,500.0,424.0,,false
495,3300.0,25.0,,false
496,3300.0,25.0,,false
497,3300.0,28.0,,false
498,60.0,235.0,,false
499,60.0,249.0,,false
500,60.0,246.0,,false
501,60.0,241.0,,false
502,800.0,6.0,,false
503,60.0,87.0,,false
504,60.0,87.0,,false
505,60.0,96.0,,false
506,60.0,101.0,,false
507,60.0,96.0,,false
508,60.0,95.0,,false
509,60.0,83.0,,false
510,60.0,85.0,,false
511,60.0,114.0,,false
512,100.0,203.0,,false
513,100.0,195.0,,false
514,900.0,9.0,,false
515,1150.0,18.0,,false
516,1000.0,6.0,,false
517,1350.0,47.0,,true
518,500.0,58.0,,true
519,5000.0,18.0,,true
520,2200.0,138.0,,true
521,3500.0,344.0,,true
522,5000.0,600.0,,true
523,500.0,159.0,,true
524,125.0,490.0,,true
525,40.0,451.0,,true
526,350.0,155.0,,true
527,500.0,198.0,,false
528,500.0,560.0,,false
529,3300.0,24.0,,false
530,3300.0,30.0,,false
531,3300.0,29.0,,false
532,60.0,207.0,,false
533,60.0,223.0,,false
534,60.0,188.0,,false
535,60.0,228.0,,false
536,800.0,6.0,,false
537,60.0,106.0,,false
538,60.0,82.0,,false
539,60.0,119.0,,false
540,60.0,82.0,,false
541,60.0,106.0,,false
542,60.0,109.0,,false
543,60.0,83.0,,false
544,60.0,120.0,,false
545,60.0,119.0,,false
546,100.0,228.0,,false
547,100.0,240.0,,false
548,900.0,8.0,,false
549,1150.0,17.0,,false
550,1000.0,7.0,,false
551,1350.0,48.0,,true
552,500.0,57.0,,true
553,5000.0,17.0,,true
554,2200.0,140.0,,true
555,3500.0,267.0,,true
556,5000.0,600.0,,true
557,500.0,145.0,,true
558,125.0,498.0,,true
559,40.0,355.0,,true
560,350.0,155.0,,true
561,500.0,200.0,,false
562,500.0,329.0,,false
563,3300.0,29.0,,false
564,3300.0,21.0,,false
565,3300.0,22.0,,false
566,60.0,181.0,,false
567,60.0,204.0,,false
568,60.0,248.0,,false
569,800.0,5.0,,false
570,60.0,90.0,,false
571,60.0,103.0,,false
572,60.0,110.0,,false
573,60.0,87.0,,false
574,60.0,113.0,,false
575,60.0,83.0,,false
576,100.0,232.0,,false
577,100.0,205.0,,false
578,900.0,10.0,,false
579,1150.0,13.0,,false
580,1000.0,6.0,,false
581,1350.0,48.0,,true
582,500.0,56.0,,true
583,5000.0,17.0,,true
584,2200.0,137.0,,true
585,3500.0,214.0,,true
586,5000.0,600.0,,true
587,500.0,147.0,,true
588,125.0,534.0,,true
589,40.0,366.0,,true
590,350.0,170.0,,true
591,500.0,194.0,,false
592,500.0,514.0,,false
593,3300.0,25.0,,false
594,3300.0,23.0,,false
595,3300.0,27.0,,false
596,60.0,223.0,,false
597,60.0,193.0,,false
598,60.0,164.0,,false
599,800.0,5.0,,false
600,60.0,85.0,,false
601,60.0,113.0,,false
602,60.0,95.0,,false
603,60.0,103.0,,false
604,60.0,118.0,,false
605,60.0,86.0,,false
606,60.0,104.0,,false
607,60.0,83.0,,false
608,100.0,222.0,,false
609,100.0,188.0,,false
610,900.0,9.0,,false
611,1150.0,18.0,,false
612,1000.0,5.0,,false
613,1350.0,48.0,,true
614,500.0,59.0,,true
615,5000.0,20.0,,true
616,2200.0,139.0,,true
617,3500.0,318.0,,true
618,5000.0,600.0,,true
619,500.0,145.0,,true
620,125.0,469.0,,true
621,40.0,361.0,,true
622,350.0,150.0,,true
623,500.0,200.0,,false
624,500.0,521.0,,false
625,3300.0,27.0,,false
626,3300.0,26.0,,false
627,3300.0,26.0,,false
628,60.0,152.0,,false
629,60.0,232.0,,false
630,60.0,219.0,,false
631,60.0,228.0,,false
632,800.0,5.0,,false
633,60.0,111.0,,false
634,60.0,106.0,,false
635,60.0,108.0,,false
636,60.0,113.0,,false
637,60.0,102.0,,false
638,60.0,109.0,,false
639,60.0,100.0,,false
640,60.0,120.0,,false
641,60.0,118.0,,false
642,100.0,225.0,,false
643,100.0,208.0,,false
644,900.0,9.0,,false
645,1150.0,18.0,,false
646,1000.0,5.0,,false
647,1350.0,50.0,,true
648,500.0,57.0,,true
649,5000.0,20.0,,true
650,2200.0,140.0,,true
651,3500.0,314.0,,true
652,5000.0,600.0,,true
653,500.0,153.0,,true
654,125.0,493.0,,true
655,40.0,393.0,,true
656,350.0,155.0,,true
657,500.0,191.0,,false
658,500.0,493.0,,false
659,3300.0,28.0,,false
660,3300.0,26.0,,false
661,3300.0,23.0,,false
662,60.0,173.0,,false
663,60.0,199.0,,false
664,60.0,163.0,,false
665,60.0,199.0,,false
666,800.0,4.0,,false
667,60.0,113.0,,false
668,60.0,119.0,,false
669,60.0,84.0,,false
670,60.0,120.0,,false
671,60.0,105.0,,false
672,60.0,81.0,,false
673,60.0,85.0,,false
674,100.0,202.0,,false
675,100.0,204.0,,false
676,900.0,10.0,,false
677,1150.0,17.0,,false
678,1000.0,7.0,,false
679,1350.0,46.0,,true
680,500.0,56.0,,true
681,5000.0,17.0,,true
682,2200.0,131.0,,true
683,3500.0,359.0,,true
684,5000.0,600.0,,true
685,500.0,142.0,,true
686,125.0,470.0,,true
687,40.0,357.0,,true
688,350.0,150.0,,true
689,500.0,171.0,,false
690,500.0,351.0,,false
691,3300.0,25.0,,false
692,3300.0,30.0,,false
693,3300.0,29.0,,false
694,60.0,234.0,,false
695,60.0,179.0,,false
696,60.0,201.0,,false
697,800.0,6.0,,false
698,60.0,82.0,,false
699,60.0,104.0,,false
700,60.0,95.0,,false
701,60.0,91.0,,false
702,60.0,90.0,,false
703,60.0,84.0,,false
704,60.0,109.0,,false
705,60.0,114.0,,false
706,60.0,101.0,,false
707,100.0,243.0,,false
708,100.0,217.0,,false
709,900.0,10.0,,false
710,1150.0,14.0,,false
711,1000.0,5.0,,false
712,1350.0,50.0,,true
713,500.0,58.0,,true
714,5000.0,16.0,,true
715,2200.0,140.0,,true
716,3500.0,308.0,,true
717,5000.0,600.0,,true
718,500.0,141.0,,true
719,125.0,500.0,,true
720,40.0,425.0,,true
721,350.0,158.0,,true
722,500.0,192.0,,false
723,500.0,564.0,,false
724,3300.0,24.0,,false
725,3300.0,28.0,,false
726,3300.0,27.0,,false
727,60.0,174.0,,false
728,60.0,186.0,,false
729,60.0,226.0,,false
730,60.0,238.0,,false
731,800.0,5.0,,false
732,60.0,114.0,,false
733,60.0,115.0,,false
734,60.0,85.0,,false
735,60.0,106.0,,false
736,60.0,95.0,,false
737,60.0,120.0,,false
738,100.0,235.0,,false
739,100.0,186.0,,false
740,900.0,8.0,,false
741,1150.0,13.0,,false
742,1000.0,5.0,,false
743,1350.0,50.0,,true
744,500.0,60.0,,true
745,5000.0,17.0,,true
746,2200.0,131.0,,true
747,3500.0,262.0,,true
748,5000.0,600.0,,true
749,500.0,158.0,,true
750,125.0,456.0,,true
751,40.0,388.0,,true
752,350.0,171.0,,true
753,500.0,186.0,,false
754,500.0,556.0,,false
755,3300.0,28.0,,false
756,3300.0,27.0,,false
757,3300.0,21.0,,false
758,60.0,170.0,,false
759,60.0,234.0,,false
760,60.0,250.0,,false
761,800.0,4.0,,false
762,60.0,117.0,,false
763,60.0,103.0,,false
764,60.0,102.0,,false
765,60.0,101.0,,false
766,60.0,85.0,,false
767,60.0,103.0,,false
768,60.0,108.0,,false
769,60.0,88.0,,false
770,100.0,202.0,,false
771,100.0,237.0,,false
772,900.0,9.0,,false
773,1150.0,13.0,,false
774,1000.0,6.0,,false
775,1350.0,50.0,,true
776,500.0,57.0,,true
777,5000.0,20.0,,true
778,2200.0,138.0,,true
779,3500.0,326.0,,true
780,5000.0,600.0,,true
781,500.0,159.0,,true
782,125.0,454.0,,true
783,40.0,416.0,,true
784,350.0,141.0,,true
785,500.0,184.0,,false
786,500.0,535.0,,false
787,3300.0,30.0,,false
788,3300.0,25.0,,false
789,3300.0,29.0,,false
790,60.0,164.0,,false
791,60.0,243.0,,false
792,60.0,191.0,,false
793,60.0,233.0,,false
794,800.0,6.0,,false
795,60.0,107.0,,false
796,60.0,99.0,,false
797,60.0,92.0,,false
798,60.0,113.0,,false
799,60.0,100.0,,false
800,60.0,113.0,,false
801,60.0,102.0,,false
802,60.0,83.0,,false
803,100.0,222.0,,false
804,100.0,249.0,,false
805,900.0,9.0,,false
806,1150.0,14.0,,false
807,1000.0,6.0,,false
808,1350.0,50.0,,true
809,500.0,57.0,,true
810,5000.0,19.0,,true
811,2200.0,134.0,,true
812,3500.0,242.0,,true
813,5000.0,600.0,,true
814,500.0,156.0,,true
815,125.0,523.0,,true
816,40.0,449.0,,true
817,350.0,159.0,,true
818,500.0,172.0,,false
819,500.0,554.0,,false
820,3300.0,26.0,,false
821,3300.0,23.0,,false
822,3300.0,30.0,,false
823,60.0,180.0,,false
824,60.0,167.0,,false
825,60.0,180.0,,false
826,60.0,159.0,,false
827,800.0,5.0,,false
828,60.0,83.0,,false
829,60.0,88.0,,false
830,60.0,116.0,,false
831,60.0,117.0,,false
832,60.0,119.0,,false
833,60.0,85.0,,false
834,60.0,97.0,,false
835,60.0,87.0,,false
836,60.0,83.0,,false
837,100.0,226.0,,false
838,100.0,227.0,,false
839,900.0,9.0,,false
840,1150.0,15.0,,false
841,1000.0,7.0,,false
842,1350.0,47.0,,true
843,500.0,58.0,,true
844,5000.0,19.0,,true
845,2200.0,133.0,,true
846,3500.0,277.0,,true
847,5000.0,600.0,,true
848,500.0,153.0,,true
849,125.0,463.0,,true
850,40.0,424.0,,true
851,350.0,162.0,,true
852,500.0,194.0,,false
853,500.0,367.0,,false
854,3300.0,23.0,,false
855,3300.0,25.0,,false
856,3300.0,30.0,,false
857,60.0,239.0,,false
858,60.0,185.0,,false
859,60.0,209.0,,false
860,60.0,168.0,,false
861,800.0,5.0,,false
862,60.0,111.0,,false
863,60.0,116.0,,false
864,60.0,110.0,,false
865,60.0,102.0,,false
866,60.0,117.0,,false
867,60.0,115.0,,false
868,100.0,185.0,,false
869,100.0,191.0,,false
870,900.0,8.0,,false
871,1150.0,17.0,,false
872,1000.0,6.0,,false
873,1350.0,47.0,,true
874,500.0,58.0,,true
875,5000.0,18.0,,true
876,2200.0,134.0,,true
877,3500.0,215.0,,true
878,5000.0,600.0,,true
879,500.0,145.0,,true
880,125.0,550.0,,true
881,40.0,442.0,,true
882,350.0,171.0,,true
883,500.0,196.0,,false
884,500.0,372.0,,false
885,3300.0,25.0,,false
886,3300.0,24.0,,false
887,3300.0,24.0,,false
888,60.0,188.0,,false
889,60.0,151.0,,false
890,60.0,238.0,,false
891,60.0,187.0,,false
892,800.0,5.0,,false
893,60.0,105.0,,false
894,60.0,92.0,,false
895,60.0,119.0,,false
896,60.0,82.0,,false
897,60.0,82.0,,false
898,60.0,110.0,,false
899,60.0,94.0,,false
900,60.0,85.0,,false
901,60.0,106.0,,false
902,100.0,238.0,,false
903,100.0,222.0,,false
904,900.0,10.0,,false
905,1150.0,17.0,,false
906,1000.0,8.0,,false
907,1350.0,49.0,,true
908,500.0,60.0,,true
909,5000.0,16.0,,true
910,2200.0,139.0,,true
911,3500.0,316.0,,true
912,5000.0,600.0,,true
913,500.0,148.0,,true
914,125.0,468.0,,true
915,40.0,402.0,,true
916,350.0,172.0,,true
917,500.0,178.0,,false
918,500.0,454.0,,false
919,3300.0,24.0,,false
920,3300.0,21.0,,false
921,3300.0,22.0,,false
922,60.0,170.0,,false
923,60.0,180.0,,false
924,60.0,249.0,,false
925,60.0,171.0,,false
926,800.0,4.0,,false
927,60.0,89.0,,false
928,60.0,110.0,,false
929,60.0,95.0,,false
930,60.0,101.0,,false
931,60.0,103.0,,false
932,60.0,87.0,,false
933,60.0,91.0,,false
934,60.0,112.0,,false
935,60.0,117.0,,false
936,60.0,90.0,,false
937,100.0,248.0,,false
938,100.0,244.0,,false
939,900.0,10.0,,false
940,1150.0,14.0,,false
941,1000.0,5.0,,false
942,1350.0,46.0,,true
943,500.0,56.0,,true
944,5000.0,19.0,,true
945,2200.0,138.0,,true
946,3500.0,379.0,,true
947,5000.0,600.0,,true
948,500.0,147.0,,true
949,125.0,491.0,,true
950,40.0,446.0,,true
951,350.0,180.0,,true
952,500.0,198.0,,false
953,500.0,417.0,,false
954,3300.0,30.0,,false
955,3300.0,28.0,,false
956,3300.0,29.0,,false
957,60.0,182.0,,false
958,60.0,224.0,,false
959,60.0,231.0,,false
960,60.0,190.0,,false
961,800.0,4.0,,false
962,60.0,85.0,,false
963,60.0,120.0,,false
964,60.0,109.0,,false
965,60.0,99.0,,false
966,60.0,117.0,,false
967,60.0,107.0,,false
968,60.0,96.0,,false
969,100.0,239.0,,false
970,100.0,231.0,,false
971,900.0,8.0,,false
972,1150.0,13.0,,false
973,1000.0,6.0,,false
974,1350.0,49.0,,true
975,500.0,58.0,,true
976,5000.0,19.0,,true
977,2200.0,136.0,,true
978,3500.0,343.0,,true
979,5000.0,600.0,,true
980,500.0,150.0,,true
981,125.0,483.0,,true
982,40.0,362.0,,true
983,350.0,156.0,,true
984,500.0,190.0,,false
985,500.0,385.0,,false
986,3300.0,28.0,,false
987,3300.0,29.0,,false
988,3300.0,30.0,,false
989,60.0,243.0,,false
990,60.0,242.0,,false
991,60.0,191.0,,false
992,800.0,6.0,,false
993,60.0,109.0,,false
994,60.0,92.0,,false
995,60.0,99.0,,false
996,60.0,84.0,,false
997,60.0,90.0,,false
998,60.0,88.0,,false
999,60.0,88.0,,false
1000,60.0,100.0,,false
1001,60.0,106.0,,false
1002,60.0,111.0,,false
1003,100.0,207.0,,false
1004,100.0,217.0,,false
1005,900.0,7.0,,false
1006,1150.0,13.0,,false
1007,1000.0,6.0,,false
1008,1350.0,49.0,,true
1009,500.0,57.0,,true
1010,5000.0,17.0,,true
1011,2200.0,139.0,,true
1012,3500.0,262.0,,true
1013,5000.0,600.0,,true
1014,500.0,143.0,,true
1015,125.0,487.0,,true
1016,40.0,422.0,,true
1017,350.0,157.0,,true
1018,500.0,195.0,,false
1019,500.0,372.0,,false
1020,3300.0,30.0,,false
1021,3300.0,24.0,,false
1022,3300.0,26.0,,false
1023,60.0,172.0,,false
1024,60.0,240.0,,false
1025,60.0,248.0,,false
1026,60.0,162.0,,false
1027,800.0,4.0,,false
1028,60.0,112.0,,false
1029,60.0,90.0,,false
1030,60.0,114.0,,false
1031,60.0,97.0,,false
1032,60.0,113.0,,false
1033,60.0,88.0,,false
1034,60.0,97.0,,false
1035,60.0,83.0,,false
1036,60.0,103.0,,false
1037,60.0,92.0,,false
1038,100.0,239.0,,false
1039,100.0,233.0,,false
1040,900.0,9.0,,false
1041,1150.0,15.0,,false
1042,1000.0,5.0,,false
1043,1350.0,46.0,,true
1044,500.0,59.0,,true
1045,5000.0,18.0,,true
1046,2200.0,132.0,,true
1047,3500.0,270.0,,true
1048,5000.0,600.0,,true
1049,500.0,142.0,,true
1050,125.0,528.0,,true
1051,40.0,445.0,,true
1052,350.0,159.0,,true
1053,500.0,173.0,,false
1054,500.0,401.0,,false
1055,3300.0,21.0,,false
1056,3300.0,23.0,,false
1057,3300.0,28.0,,false
1058,60.0,212.0,,false
1059,60.0,166.0,,false
1060,60.0,164.0,,false
1061,800.0,5.0,,false
1062,60.0,89.0,,false
1063,60.0,82.0,,false
1064,60.0,96.0,,false
1065,60.0,98.0,,false
1066,60.0,107.0,,false
1067,60.0,119.0,,false
1068,60.0,113.0,,false
1069,100.0,213.0,,false
1070,100.0,182.0,,false
1071,900.0,7.0,,false
1072,1150.0,14.0,,false
1073,1000.0,8.0,,false
1074,1350.0,49.0,,true
1075,500.0,56.0,,true
1076,5000.0,17.0,,true
1077,2200.0,135.0,,true
1078,3500.0,258.0,,true
1079,5000.0,600.0,,true
1080,500.0,146.0,,true
1081,125.0,483.0,,true
1082,40.0,351.0,,true
1083,350.0,159.0,,true
1084,500.0,184.0,,false
1085,500.0,527.0,,false
1086,3300.0,22.0,,false
1087,3300.0,23.0,,false
1088,3300.0,30.0,,false
1089,60.0,216.0,,false
1090,60.0,222.0,,false
1091,60.0,207.0,,false
1092,800.0,6.0,,false
1093,60.0,105.0,,false
1094,60.0,114.0,,false
1095,60.0,96.0,,false
1096,60.0,111.0,,false
1097,60.0,87.0,,false
1098,60.0,82.0,,false
1099,60.0,106.0,,false
1100,60.0,88.0,,false
1101,60.0,83.0,,false
1102,100.0,239.0,,false
1103,100.0,195.0,,false
1104,900.0,8.0,,false
1105,1150.0,15.0,,false
1106,1000.0,7.0,,false
1107,1350.0,46.0,,true
1108,500.0,56.0,,true
1109,5000.0,19.0,,true
1110,2200.0,133.0,,true
1111,3500.0,256.0,,true
1112,5000.0,600.0,,true
1113,500.0,146.0,,true
1114,125.0,518.0,,true
1115,40.0,397.0,,true
1116,350.0,175.0,,true
1117,500.0,185.0,,false
1118,500.0,415.0,,false
1119,3300.0,27.0,,false
1120,3300.0,30.0,,false
1121,3300.0,30.0,,false
1122,60.0,186.0,,false
1123,60.0,208.0,,false
1124,60.0,245.0,,false
1125,60.0,201.0,,false
1126,800.0,6.0,,false
1127,60.0,112.0,,false
1128,60.0,115.0,,false
1129,60.0,119.0,,false
1130,60.0,99.0,,false
1131,60.0,100.0,,false
1132,60.0,82.0,,false
1133,60.0,109.0,,false
1134,100.0,237.0,,false
1135,100.0,196.0,,false
1136,900.0,9.0,,false
1137,1150.0,17.0,,false
1138,1000.0,5.0,,false
1139,1350.0,47.0,,true
1140,500.0,59.0,,true
1141,5000.0,16.0,,true
1142,2200.0,131.0,,true
1143,3500.0,268.0,,true
1144,5000.0,600.0,,true
1145,500.0,157.0,,true
1146,125.0,508.0,,true
1147,40.0,383.0,,true
1148,350.0,157.0,,true
1149,500.0,195.0,,false
1150,500.0,331.0,,false
1151,3300.0,24.0,,false
1152,3300.0,30.0,,false
1153,3300.0,24.0,,false
1154,60.0,225.0,,false
1155,60.0,214.0,,false
1156,60.0,227.0,,false
1157,800.0,4.0,,false
1158,60.0,81.0,,false
1159,60.0,102.0,,false
1160,60.0,84.0,,false
1161,60.0,104.0,,false
1162,60.0,85.0,,false
1163,60.0,110.0,,false
1164,60.0,94.0,,false
1165,60.0,103.0,,false
1166,60.0,86.0,,false
1167,60.0,97.0,,false
1168,100.0,241.0,,false
1169,100.0,235.0,,false
1170,900.0,8.0,,false
1171,1150.0,13.0,,false
1172,1000.0,6.0,,false
1173,1350.0,48.0,,true
1174,500.0,56.0,,true
1175,5000.0,20.0,,true
1176,2200.0,131.0,,true
1177,3500.0,278.0,,true
1178,5000.0,600.0,,true
1179,500.0,156.0,,true
1180,125.0,473.0,,true
1181,40.0,421.0,,true
1182,350.0,152.0,,true
1183,500.0,188.0,,false
1184,500.0,405.0,,false
1185,3300.0,30.0,,false
1186,3300.0,22.0,,false
1187,3300.0,25.0,,false
1188,60.0,245.0,,false
1189,60.0,250.0,,false
1190,60.0,208.0,,false
1191,60.0,208.0,,false
1192,800.0,6.0,,false
1193,60.0,113.0,,false
1194,60.0,101.0,,false
1195,60.0,117.0,,false
1196,60.0,94.0,,false
1197,60.0,91.0,,false
1198,60.0,92.0,,false
1199,60.0,112.0,,false
1200,60.0,81.0,,false
1201,60.0,119.0,,false
1202,60.0,120.0,,false
1203,100.0,240.0,,false
1204,100.0,190.0,,false
1205,900.0,8.0,,false
1206,1150.0,17.0,,false
1207,1000.0,6.0,,false
1208,1350.0,47.0,,true
1209,500.0,57.0,,true
1210,5000.0,16.0,,true
1211,2200.0,138.0,,true
1212,3500.0,380.0,,true
1213,5000.0,600.0,,true
1214,500.0,150.0,,true
1215,125.0,471.0,,true
1216,40.0,418.0,,true
1217,350.0,165.0,,true
1218,500.0,198.0,,false
1219,500.0,468.0,,false
1220,3300.0,22.0,,false
1221,3300.0,21.0,,false
1222,3300.0,28.0,,false
1223,60.0,153.0,,false
1224,60.0,209.0,,false
1225,60.0,201.0,,false
1226,800.0,4.0,,false
1227,60.0,103.0,,false
1228,60.0,119.0,,false
1229,60.0,115.0,,false
1230,60.0,110.0,,false
1231,60.0,102.0,,false
1232,60.0,93.0,,false
1233,100.0,248.0,,false
1234,100.0,199.0,,false
1235,900.0,9.0,,false
1236,1150.0,16.0,,false
1237,1000.0,6.0,,false
1238,1350.0,48.0,,true
1239,500.0,60.0,,true
1240,5000.0,17.0,,true
1241,2200.0,140.0,,true
1242,3500.0,266.0,,true
1243,5000.0,600.0,,true
1244,500.0,155.0,,true
1245,125.0,504.0,,true
1246,40.0,358.0,,true
1247,350.0,147.0,,true
1248,500.0,195.0,,false
1249,500.0,313.0,,false
1250,3300.0,25.0,,false
1251,3300.0,30.0,,false
1252,3300.0,28.0,,false
1253,60.0,165.0,,false
1254,60.0,224.0,,false
1255,60.0,202.0,,false
1256,60.0,227.0,,false
1257,800.0,5.0,,false
1258,60.0,118.0,,false
1259,60.0,120.0,,false
1260,60.0,109.0,,false
1261,60.0,92.0,,false
1262,60.0,83.0,,false
1263,60.0,108.0,,false
1264,60.0,90.0,,false
1265,100.0,198.0,,false
1266,100.0,230.0,,false
1267,900.0,8.0,,false
1268,1150.0,18.0,,false
1269,1000.0,6.0,,false
1270,1350.0,46.0,,true
1271,500.0,57.0,,true
1272,5000.0,18.0,,true
1273,2200.0,131.0,,true
1274,3500.0,239.0,,true
1275,5000.0,600.0,,true
1276,500.0,147.0,,true
1277,125.0,510.0,,true
1278,40.0,402.0,,true
1279,350.0,150.0,,true
1280,500.0,190.0,,false
1281,500.0,565.0,,false
1282,3300.0,27.0,,false
1283,3300.0,29.0,,false
1284,3300.0,22.0,,false
1285,60.0,169.0,,false
1286,60.0,226.0,,false
1287,60.0,214.0,,false
1288,60.0,242.0,,false
1289,800.0,5.0,,false
1290,60.0,119.0,,false
1291,60.0,102.0,,false
1292,60.0,85.0,,false
1293,60.0,98.0,,false
1294,60.0,89.0,,false
1295,60.0,103.0,,false
1296,100.0,202.0,,false
1297,100.0,192.0,,false
1298,900.0,7.0,,false
1299,1150.0,15.0,,false
1300,1000.0,7.0,,false
1301,1350.0,48.0,,true
1302,500.0,57.0,,true
1303,5000.0,20.0,,true
1304,2200.0,139.0,,true
1305,3500.0,370.0,,true
1306,5000.0,600.0,,true
1307,500.0,154.0,,true
1308,125.0,544.0,,true
1309,40.0,418.0,,true
1310,350.0,142.0,,true
1311,500.0,186.0,,false
1312,500.0,318.0,,false
1313,3300.0,21.0,,false
1314,3300.0,24.0,,false
1315,3300.0,26.0,,false
1316,60.0,248.0,,false
1317,60.0,186.0,,false
1318,60.0,181.0,,false
1319,60.0,243.0,,false
1320,800.0,5.0,,false
1321,60.0,88.0,,false
1322,60.0,95.0,,false
1323,60.0,82.0,,false
1324,60.0,88.0,,false
1325,60.0,99.0,,false
1326,60.0,98.0,,false
1327,60.0,85.0,,false
1328,60.0,95.0,,false
1329,60.0,105.0,,false
1330,60.0,83.0,,false
1331,100.0,231.0,,false
1332,100.0,246.0,,false
1333,900.0,9.0,,false
1334,1150.0,18.0,,false
1335,1000.0,6.0,,false
1336,1350.0,46.0,,true
1337,500.0,56.0,,true
1338,5000.0,20.0,,true
1339,2200.0,135.0,,true
1340,3500.0,230.0,,true
1341,5000.0,600.0,,true
1342,500.0,151.0,,true
1343,125.0,492.0,,true
1344,40.0,401.0,,true
1345,350.0,173.0,,true
1346,500.0,197.0,,false
1347,500.0,565.0,,false
1348,3300.0,24.0,,false
1349,3300.0,27.0,,false
1350,3300.0,21.0,,false
1351,60.0,208.0,,false
1352,60.0,242.0,,false
1353,60.0,205.0,,false
1354,60.0,225.0,,false
1355,800.0,6.0,,false
1356,60.0,103.0,,false
1357,60.0,94.0,,false
1358,60.0,100.0,,false
1359,60.0,117.0,,false
1360,60.0,84.0,,false
1361,60.0,109.0,,false
1362,60.0,105.0,,false
1363,60.0,84.0,,false
1364,100.0,195.0,,false
1365,100.0,222.0,,false
1366,900.0,9.0,,false
1367,1150.0,13.0,,false
1368,1000.0,8.0,,false
1369,1350.0,48.0,,true
1370,500.0,57.0,,true
1371,5000.0,19.0,,true
1372,2200.0,139.0,,true
1373,3500.0,385.0,,true
1374,5000.0,600.0,,true
1375,500.0,156.0,,true
1376,125.0,472.0,,true
1377,40.0,455.0,,true
1378,350.0,178.0,,true
1379,500.0,184.0,,false
1380,500.0,510.0,,false
1381,3300.0,26.0,,false
1382,3300.0,30.0,,false
1383,3300.0,30.0,,false
1384,60.0,212.0,,false
1385,60.0,222.0,,false
1386,60.0,227.0,,false
1387,60.0,244.0,,false
1388,800.0,5.0,,false
1389,60.0,93.0,,false
1390,60.0,84.0,,false
1391,60.0,81.0,,false
1392,60.0,97.0,,false
1393,60.0,83.0,,false
1394,60.0,120.0,,false
1395,60.0,92.0,,false
1396,100.0,225.0,,false
1397,100.0,216.0,,false
1398,900.0,7.0,,false
1399,1150.0,13.0,,false
1400,1000.0,8.0,,false
1401,1350.0,47.0,,true
1402,500.0,57.0,,true
1403,5000.0,19.0,,true
1404,2200.0,135.0,,true
1405,3500.0,311.0,,true
1406,5000.0,600.0,,true
1407,500.0,153.0,,true
1408,125.0,461.0,,true
1409,40.0,425.0,,true
1410,350.0,143.0,,true
1411,500.0,191.0,,false
1412,500.0,388.0,,false
1413,3300.0,23.0,,false
1414,3300.0,30.0,,false
1415,3300.0,25.0,,false
1416,60.0,160.0,,false
1417,60.0,180.0,,false
1418,60.0,163.0,,false
1419,60.0,222.0,,false
1420,800.0,6.0,,false
1421,60.0,98.0,,false
1422,60.0,110.0,,false
1423,60.0,117.0,,false
1424,60.0,95.0,,false
1425,60.0,100.0,,false
1426,60.0,99.0,,false
1427,60.0,114.0,,false
1428,100.0,230.0,,false
1429,100.0,222.0,,false
1430,900.0,7.0,,false
1431,1150.0,17.0,,false
1432,1000.0,5.0,,false
1433,1350.0,50.0,,true
1434,500.0,60.0,,true
1435,5000.0,17.0,,true
1436,2200.0,131.0,,true
1437,3500.0,214.0,,true
1438,5000.0,600.0,,true
1439,500.0,155.0,,true
1440,125.0,520.0,,true
1441,40.0,353.0,,true
1442,350.0,141.0,,true
1443,500.0,193.0,,false
1444,500.0,349.0,,false
1445,3300.0,30.0,,false
1446,3300.0,28.0,,false
1447,3300.0,23.0,,false
1448,60.0,239.0,,false
1449,60.0,228.0,,false
1450,60.0,202.0,,false
1451,800.0,5.0,,false
1452,60.0,99.0,,false
1453,60.0,107.0,,false
1454,60.0,95.0,,false
1455,60.0,118.0,,false
1456,60.0,88.0,,false
1457,60.0,86.0,,false
1458,60.0,81.0,,false
1459,100.0,221.0,,false
1460,100.0,208.0,,false
1461,900.0,10.0,,false
1462,1150.0,18.0,,false
1463,1000.0,7.0,,false
1464,1350.0,47.0,,true
1465,500.0,60.0,,true
1466,5000.0,16.0,,true
1467,2200.0,137.0,,true
1468,3500.0,246.0,,true
1469,5000.0,600.0,,true
1470,500.0,144.0,,true
1471,125.0,498.0,,true
1472,40.0,440.0,,true
1473,350.0,173.0,,true
1474,500.0,172.0,,false
1475,500.0,338.0,,false
1476,3300.0,30.0,,false
1477,3300.0,24.0,,false
1478,3300.0,22.0,,false
1479,60.0,189.0,,false
1480,60.0,245.0,,false
1481,60.0,191.0,,false
1482,800.0,5.0,,false
1483,60.0,95.0,,false
1484,60.0,96.0,,false
1485,60.0,119.0,,false
1486,60.0,106.0,,false
1487,60.0,93.0,,false
1488,60.0,119.0,,false
1489,100.0,216.0,,false
1490,100.0,202.0,,false
1491,900.0,7.0,,false
1492,1150.0,13.0,,false
1493,1000.0,5.0,,false
1494,1350.0,48.0,,true
1495,500.0,60.0,,true
1496,5000.0,18.0,,true
1497,2200.0,138.0,,true
1498,3500.0,284.0,,true
1499,5000.0,600.0,,true
1500,500.0,149.0,,true
1501,125.0,472.0,,true
1502,40.0,417.0,,true
1503,350.0,153.0,,true
1504,500.0,173.0,,false
1505,500.0,470.0,,false
1506,3300.0,22.0,,false
1507,3300.0,28.0,,false
1508,3300.0,28.0,,false
1509,60.0,152.0,,false
1510,60.0,176.0,,false
1511,60.0,210.0,,false
1512,60.0,160.0,,false
1513,800.0,6.0,,false
1514,60.0,100.0,,false
1515,60.0,119.0,,false
1516,60.0,109.0,,false
1517,60.0,94.0,,false
1518,60.0,81.0,,false
1519,60.0,81.0,,false
1520,60.0,109.0,,false
1521,60.0,117.0,,false
1522,100.0,220.0,,false
1523,100.0,230.0,,false
1524,900.0,10.0,,false
1525,1150.0,18.0,,false
1526,1000.0,6.0,,false
1527,1350.0,49.0,,true
1528,500.0,56.0,,true
1529,5000.0,19.0,,true
1530,2200.0,135.0,,true
1531,3500.0,204.0,,true
1532,5000.0,600.0,,true
1533,500.0,141.0,,true
1534,125.0,532.0,,true
1535,40.0,395.0,,true
1536,350.0,166.0,,true
1537,500.0,199.0,,false
1538,500.0,505.0,,false
1539,3300.0,21.0,,false
1540,3300.0,22.0,,false
1541,3300.0,25.0,,false
1542,60.0,173.0,,false
1543,60.0,193.0,,false
1544,60.0,173.0,,false
1545,800.0,5.0,,false
1546,60.0,120.0,,false
1547,60.0,107.0,,false
1548,60.0,88.0,,false
1549,60.0,91.0,,false
1550,60.0,109.0,,false
1551,60.0,92.0,,false
1552,60.0,82.0,,false
1553,60.0,120.0,,false
1554,60.0,118.0,,false
1555,60.0,85.0,,false
1556,100.0,241.0,,false
1557,100.0,238.0,,false
1558,900.0,8.0,,false
1559,1150.0,15.0,,false
1560,1000.0,5.0,,false
1561,1350.0,47.0,,true
1562,500.0,59.0,,true
1563,5000.0,17.0,,true
1564,2200.0,140.0,,true
1565,3500.0,279.0,,true
1566,5000.0,600.0,,true
1567,500.0,159.0,,true
1568,125.0,501.0,,true
1569,40.0,424.0,,true
1570,350.0,143.0,,true
1571,500.0,200.0,,false
1572,500.0,509.0,,false
1573,3300.0,23.0,,false
1574,3300.0,30.0,,false
1575,3300.0,29.0,,false
1576,60.0,170.0,,false
1577,60.0,175.0,,false
1578,60.0,196.0,,false
1579,800.0,5.0,,false
1580,60.0,88.0,,false
1581,60.0,98.0,,false
1582,60.0,111.0,,false
1583,60.0,87.0,,false
1584,60.0,99.0,,false
1585,60.0,96.0,,false
1586,100.0,192.0,,false
1587,100.0,189.0,,false
1588,900.0,9.0,,false
1589,1150.0,15.0,,false
1590,1000.0,5.0,,false
1591,1350.0,46.0,,true
1592,500.0,58.0,,true
1593,5000.0,17.0,,true
1594,2200.0,135.0,,true
1595,3500.0,340.0,,true
1596,5000.0,600.0,,true
1597,500.0,156.0,,true
1598,125.0,471.0,,true
1599,40.0,387.0,,true
1600,350.0,142.0,,true
1601,500.0,178.0,,false
1602,500.0,522.0,,false
1603,3300.0,24.0,,false
1604,3300.0,22.0,,false
1605,3300.0,23.0,,false
1606,60.0,230.0,,false
1607,60.0,194.0,,false
1608,60.0,202.0,,false
1609,60.0,153.0,,false
1610,800.0,4.0,,false
1611,60.0,96.0,,false
1612,60.0,93.0,,false
1613,60.0,85.0,,false
1614,60.0,84.0,,false
1615,60.0,112.0,,false
1616,60.0,108.0,,false
1617,60.0,112.0,,false
1618,60.0,90.0,,false
1619,60.0,95.0,,false
1620,60.0,111.0,,false
1621,100.0,191.0,,false
1622,100.0,245.0,,false
1623,900.0,10.0,,false
1624,1150.0,13.0,,false
1625,1000.0,8.0,,false
1626,1350.0,46.0,,true
1627,500.0,56.0,,true
1628,5000.0,17.0,,true
1629,2200.0,138.0,,true
1630,3500.0,221.0,,true
1631,5000.0,600.0,,true
1632,500.0,141.0,,true
1633,125.0,488.0,,true
1634,40.0,355.0,,true
1635,350.0,158.0,,true
1636,500.0,189.0,,false
1637,500.0,353.0,,false
1638,3300.0,21.0,,false
1639,3300.0,25.0,,false
1640,3300.0,22.0,,false
1641,60.0,210.0,,false
1642,60.0,200.0,,false
1643,60.0,168.0,,false
1644,800.0,5.0,,false
1645,60.0,99.0,,false
1646,60.0,117.0,,false
1647,60.0,81.0,,false
1648,60.0,81.0,,false
1649,60.0,109.0,,false
1650,60.0,93.0,,false
1651,60.0,109.0,,false
1652,60.0,119.0,,false
1653,60.0,119.0,,false
1654,100.0,224.0,,false
1655,100.0,221.0,,false
1656,900.0,8.0,,false
1657,1150.0,16.0,,false
1658,1000.0,8.0,,false
1659,1350.0,50.0,,true
1660,500.0,59.0,,true
1661,5000.0,17.0,,true
1662,2200.0,134.0,,true
1663,3500.0,260.0,,true
1664,5000.0,600.0,,true
1665,500.0,143.0,,true
1666,125.0,531.0,,true
1667,40.0,423.0,,true
1668,350.0,163.0,,true
1669,500.0,176.0,,false
1670,500.0,501.0,,false
1671,3300.0,24.0,,false
1672,3300.0,26.0,,false
1673,3300.0,28.0,,false
1674,60.0,243.0,,false
1675,60.0,164.0,,false
1676,60.0,225.0,,false
1677,60.0,236.0,,false
1678,800.0,6.0,,false
1679,60.0,100.0,,false
1680,60.0,113.0,,false
1681,60.0,101.0,,false
1682,60.0,86.0,,false
1683,60.0,97.0,,false
1684,60.0,106.0,,false
1685,60.0,91.0,,false
1686,100.0,212.0,,false
1687,100.0,202.0,,false
1688,900.0,7.0,,false
1689,1150.0,15.0,,false
1690,1000.0,7.0,,false
1691,1350.0,50.0,,true
1692,500.0,60.0,,true
1693,5000.0,19.0,,true
1694,2200.0,134.0,,true
1695,3500.0,335.0,,true
1696,5000.0,600.0,,true
1697,500.0,151.0,,true
1698,125.0,546.0,,true
1699,40.0,410.0,,true
1700,350.0,145.0,,true
1701,500.0,199.0,,false
1702,500.0,565.0,,false
1703,3300.0,25.0,,false
1704,3300.0,21.0,,false
1705,3300.0,29.0,,false
1706,60.0,227.0,,false
1707,60.0,228.0,,false
1708,60.0,194.0,,false
1709,800.0,4.0,,false
1710,60.0,110.0,,false
1711,60.0,86.0,,false
1712,60.0,101.0,,false
1713,60.0,108.0,,false
1714,60.0,88.0,,false
1715,60.0,95.0,,false
1716,60.0,109.0,,false
1717,100.0,242.0,,false
1718,100.0,196.0,,false
1719,900.0,7.0,,false
1720,1150.0,16.0,,false
1721,1000.0,6.0,,false
1722,1350.0,46.0,,true
1723,500.0,59.0,,true
1724,5000.0,16.0,,true
1725,2200.0,137.0,,true
1726,3500.0,224.0,,true
1727,5000.0,600.0,,true
1728,500.0,155.0,,true
1729,125.0,529.0,,true
1730,40.0,451.0,,true
1731,350.0,143.0,,true
1732,500.0,188.0,,false
1733,500.0,450.0,,false
1734,3300.0,27.0,,false
1735,3300.0,21.0,,false
1736,3300.0,29.0,,false
1737,60.0,189.0,,false
1738,60.0,166.0,,false
1739,60.0,154.0,,false
1740,800.0,5.0,,false
1741,60.0,92.0,,false
1742,60.0,83.0,,false
1743,60.0,102.0,,false
1744,60.0,120.0,,false
1745,60.0,109.0,,false
1746,60.0,102.0,,false
1747,60.0,85.0,,false
1748,60.0,111.0,,false
1749,60.0,86.0,,false
1750,100.0,209.0,,false
1751,100.0,230.0,,false
1752,900.0,7.0,,false
1753,1150.0,13.0,,false
1754,1000.0,5.0,,false
1755,1350.0,48.0,,true
1756,500.0,57.0,,true
1757,5000.0,19.0,,true
1758,2200.0,133.0,,true
1759,3500.0,271.0,,true
1760,5000.0,600.0,,true
1761,500.0,141.0,,true
1762,125.0,467.0,,true
1763,40.0,444.0,,true
1764,350.0,172.0,,true
1765,500.0,197.0,,false
1766,500.0,574.0,,false
1767,3300.0,25.0,,false
1768,3300.0,30.0,,false
1769,3300.0,25.0,,false
1770,60.0,165.0,,false
1771,60.0,168.0,,false
1772,60.0,209.0,,false
1773,800.0,5.0,,false
1774,60.0,104.0,,false
1775,60.0,102.0,,false
1776,60.0,81.0,,false
1777,60.0,111.0,,false
1778,60.0,102.0,,false
1779,60.0,113.0,,false
1780,60.0,106.0,,false
1781,100.0,227.0,,false
1782,100.0,238.0,,false
1783,900.0,9.0,,false
1784,1150.0,17.0,,false
1785,1000.0,6.0,,false
1786,1350.0,49.0,,true
1787,500.0,59.0,,true
1788,5000.0,20.0,,true
1789,2200.0,134.0,,true
1790,3500.0,338.0,,true
1791,5000.0,600.0,,true
1792,500.0,159.0,,true
1793,125.0,503.0,,true
1794,40.0,427.0,,true
1795,350.0,179.0,,true
1796,500.0,185.0,,false
1797,500.0,467.0,,false
1798,3300.0,22.0,,false
1799,3300.0,22.0,,false
1800,3300.0,25.0,,false
1801,60.0,188.0,,false
1802,60.0,152.0,,false
1803,60.0,182.0,,false
1804,60.0,243.0,,false
1805,800.0,6.0,,false
1806,60.0,86.0,,false
1807,60.0,83.0,,false
1808,60.0,110.0,,false
1809,60.0,92.0,,false
1810,60.0,108.0,,false
1811,60.0,113.0,,false
1812,60.0,85.0,,false
1813,60.0,93.0,,false
1814,100.0,231.0,,false
1815,100.0,186.0,,false
1816,900.0,9.0,,false
1817,1150.0,18.0,,false
1818,1000.0,8.0,,false
1819,1350.0,50.0,,true
1820,500.0,56.0,,true
1821,5000.0,20.0,,true
1822,2200.0,137.0,,true
1823,3500.0,338.0,,true
1824,5000.0,600.0,,true
1825,500.0,150.0,,true
1826,125.0,517.0,,true
1827,40.0,393.0,,true
1828,350.0,172.0,,true
1829,500.0,173.0,,false
1830,500.0,331.0,,false
1831,3300.0,26.0,,false
1832,3300.0,29.0,,false
1833,3300.0,21.0,,false
1834,60.0,248.0,,false
1835,60.0,195.0,,false
1836,60.0,243.0,,false
1837,800.0,5.0,,false
1838,60.0,88.0,,false
1839,60.0,110.0,,false
1840,60.0,113.0,,false
1841,60.0,93.0,,false
1842,60.0,84.0,,false
1843,60.0,82.0,,false
1844,60.0,83.0,,false
1845,60.0,110.0,,false
1846,60.0,110.0,,false
1847,60.0,120.0,,false
1848,100.0,250.0,,false
1849,100.0,198.0,,false
1850,900.0,7.0,,false
1851,1150.0,14.0,,false
1852,1000.0,5.0,,false
1853,1350.0,48.0,,true
1854,500.0,58.0,,true
1855,5000.0,18.0,,true
1856,2200.0,132.0,,true
1857,3500.0,270.0,,true
1858,5000.0,600.0,,true
1859,500.0,158.0,,true
1860,125.0,479.0,,true
1861,40.0,356.0,,true
1862,350.0,175.0,,true
1863,500.0,176.0,,false
1864,500.0,424.0,,false
1865,3300.0,23.0,,false
1866,3300.0,23.0,,false
1867,3300.0,22.0,,false
1868,60.0,221.0,,false
1869,60.0,214.0,,false
1870,60.0,210.0,,false
1871,60.0,155.0,,false
1872,800.0,4.0,,false
1873,60.0,96.0,,false
1874,60.0,120.0,,false
1875,60.0,112.0,,false
1876,60.0,101.0,,false
1877,60.0,96.0,,false
1878,60.0,96.0,,false
1879,60.0,91.0,,false
1880,60.0,89.0,,false
1881,60.0,96.0,,false
1882,60.0,88.0,,false
1883,100.0,197.0,,false
1884,100.0,195.0,,false
1885,900.0,7.0,,false
1886,1150.0,18.0,,false
1887,1000.0,5.0,,false
1888,1350.0,50.0,,true
1889,500.0,57.0,,true
1890,5000.0,18.0,,true
1891,2200.0,140.0,,true
1892,3500.0,211.0,,true
1893,5000.0,600.0,,true
1894,500.0,141.0,,true
1895,125.0,483.0,,true
1896,40.0,364.0,,true
1897,350.0,145.0,,true
1898,500.0,190.0,,false
1899,500.0,420.0,,false
1900,3300.0,29.0,,false
1901,3300.0,29.0,,false
1902,3300.0,28.0,,false
1903,60.0,182.0,,false
1904,60.0,184.0,,false
1905,60.0,220.0,,false
1906,800.0,6.0,,false
1907,60.0,103.0,,false
1908,60.0,86.0,,false
1909,60.0,102.0,,false
1910,60.0,97.0,,false
1911,60.0,109.0,,false
1912,60.0,112.0,,false
1913,100.0,214.0,,false
1914,100.0,223.0,,false
1915,900.0,9.0,,false
1916,1150.0,18.0,,false
1917,1000.0,7.0,,false
1918,1350.0,49.0,,true
1919,500.0,56.0,,true
1920,5000.0,18.0,,true
1921,2200.0,134.0,,true
1922,3500.0,250.0,,true
1923,5000.0,600.0,,true
1924,500.0,159.0,,true
1925,125.0,524.0,,true
1926,40.0,448.0,,true
1927,350.0,165.0,,true
1928,500.0,196.0,,false
1929,500.0,368.0,,false
1930,3300.0,30.0,,false
1931,3300.0,27.0,,false
1932,3300.0,25.0,,false
1933,60.0,177.0,,false
1934,60.0,250.0,,false
1935,60.0,241.0,,false
1936,60.0,151.0,,false
1937,800.0,4.0,,false
1938,60.0,107.0,,false
1939,60.0,106.0,,false
1940,60.0,86.0,,false
1941,60.0,102.0,,false
1942,60.0,101.0,,false
1943,60.0,87.0,,false
1944,60.0,112.0,,false
1945,60.0,92.0,,false
1946,60.0,95.0,,false
1947,100.0,208.0,,false
1948,100.0,191.0,,false
1949,900.0,7.0,,false
1950,1150.0,15.0,,false
1951,1000.0,6.0,,false
1952,1350.0,46.0,,true
1953,500.0,59.0,,true
1954,5000.0,17.0,,true
1955,2200.0,132.0,,true
1956,3500.0,356.0,,true
1957,5000.0,600.0,,true
1958,500.0,154.0,,true
1959,125.0,524.0,,true
1960,40.0,415.0,,true
1961,350.0,159.0,,true
1962,500.0,183.0,,false
1963,500.0,359.0,,false
1964,3300.0,24.0,,false
1965,3300.0,21.0,,false
1966,3300.0,26.0,,false
1967,60.0,238.0,,false
1968,60.0,158.0,,false
1969,60.0,194.0,,false
1970,800.0,4.0,,false
1971,60.0,110.0,,false
1972,60.0,115.0,,false
1973,60.0,100.0,,false
1974,60.0,85.0,,false
1975,60.0,110.0,,false
1976,60.0,84.0,,false
1977,60.0,99.0,,false
1978,100.0,210.0,,false
1979,100.0,193.0,,false
1980,900.0,7.0,,false
1981,1150.0,17.0,,false
1982,1000.0,8.0,,false
1983,1350.0,49.0,,true
1984,500.0,58.0,,true
1985,5000.0,19.0,,true
1986,2200.0,133.0,,true
1987,3500.0,388.0,,true
1988,5000.0,600.0,,true
1989,500.0,146.0,,true
1990,125.0,531.0,,true
1991,40.0,428.0,,true
1992,350.0,148.0,,true
1993,500.0,193.0,,false
1994,500.0,576.0,,false
1995,3300.0,27.0,,false
1996,3300.0,30.0,,false
1997,3300.0,26.0,,false
1998,60.0,207.0,,false
1999,60.0,211.0,,false
2000,60.0,188.0,,false
2001,60.0,152.0,,false
2002,800.0,4.0,,false
2003,60.0,104.0,,false
2004,60.0,88.0,,false
2005,60.0,103.0,,false
2006,60.0,103.0,,false
2007,60.0,118.0,,false
2008,60.0,118.0,,false
2009,60.0,87.0,,false
2010,60.0,106.0,,false
2011,60.0,103.0,,false
2012,100.0,223.0,,false
2013,100.0,185.0,,false
2014,900.0,10.0,,false
2015,1150.0,14.0,,false
2016,1000.0,7.0,,false
2017,1350.0,49.0,,true
2018,500.0,59.0,,true
2019,5000.0,16.0,,true
2020,2200.0,132.0,,true
2021,3500.0,239.0,,true
2022,5000.0,600.0,,true
2023,500.0,145.0,,true
2024,125.0,451.0,,true
2025,40.0,363.0,,true
2026,350.0,176.0,,true
2027,500.0,198.0,,false
2028,500.0,372.0,,false
2029,3300.0,22.0,,false
2030,3300.0,24.0,,false
2031,3300.0,29.0,,false
2032,60.0,247.0,,false
2033,60.0,169.0,,false
2034,60.0,224.0,,false
2035,60.0,249.0,,false
2036,800.0,4.0,,false
2037,60.0,95.0,,false
2038,60.0,104.0,,false
2039,60.0,114.0,,false
2040,60.0,101.0,,false
2041,60.0,117.0,,false
2042,60.0,118.0,,false
2043,60.0,120.0,,false
2044,60.0,100.0,,false
2045,60.0,96.0,,false
2046,100.0,183.0,,false
2047,100.0,192.0,,false
2048,900.0,7.0,,false
2049,1150.0,15.0,,false
2050,1000.0,7.0,,false
2051,1350.0,47.0,,true
2052,500.0,57.0,,true
2053,5000.0,18.0,,true
2054,2200.0,138.0,,true
2055,3500.0,377.0,,true
2056,5000.0,600.0,,true
2057,500.0,149.0,,true
2058,125.0,457.0,,true
2059,40.0,459.0,,true
2060,350.0,168.0,,true
2061,500.0,176.0,,false
2062,500.0,542.0,,false
2063,3300.0,30.0,,false
2064,3300.0,28.0,,false
2065,3300.0,25.0,,false
2066,60.0,249.0,,false
2067,60.0,153.0,,false
2068,60.0,212.0,,false
2069,800.0,4.0,,false
2070,60.0,90.0,,false
2071,60.0,117.0,,false
2072,60.0,113.0,,false
2073,60.0,118.0,,false
2074,60.0,106.0,,false
2075,60.0,93.0,,false
2076,60.0,102.0,,false
2077,60.0,97.0,,false
2078,60.0,101.0,,false
2079,60.0,110.0,,false
2080,100.0,189.0,,false
2081,100.0,248.0,,false
2082,900.0,10.0,,false
2083,1150.0,15.0,,false
2084,1000.0,8.0,,false
2085,1350.0,49.0,,true
2086,500.0,60.0,,true
2087,5000.0,20.0,,true
2088,2200.0,138.0,,true
2089,3500.0,373.0,,true
2090,5000.0,600.0,,true
2091,500.0,149.0,,true
2092,125.0,493.0,,true
2093,40.0,445.0,,true
2094,350.0,150.0,,true
2095,500.0,200.0,,false
2096,500.0,427.0,,false
2097,3300.0,23.0,,false
2098,3300.0,25.0,,false
2099,3300.0,30.0,,false
2100,60.0,245.0,,false
2101,60.0,222.0,,false
2102,60.0,154.0,,false
2103,60.0,241.0,,false
2104,800.0,5.0,,false
2105,60.0,116.0,,false
2106,60.0,109.0,,false
2107,60.0,97.0,,false
2108,60.0,106.0,,false
2109,60.0,96.0,,false
2110,60.0,85.0,,false
2111,60.0,88.0,,false
2112,100.0,241.0,,false
2113,100.0,193.0,,false
2114,900.0,7.0,,false
2115,1150.0,14.0,,false
2116,1000.0,6.0,,false
2117,1350.0,50.0,,true
2118,500.0,60.0,,true
2119,5000.0,17.0,,true
2120,2200.0,140.0,,true
2121,3500.0,260.0,,true
2122,5000.0,600.0,,true
2123,500.0,141.0,,true
2124,125.0,459.0,,true
2125,40.0,448.0,,true
2126,350.0,152.0,,true
2127,500.0,199.0,,false
2128,500.0,440.0,,false
2129,3300.0,25.0,,false
2130,3300.0,24.0,,false
2131,3300.0,24.0,,false
2132,60.0,227.0,,false
2133,60.0,250.0,,false
2134,60.0,174.0,,false
2135,800.0,5.0,,false
2136,60.0,117.0,,false
2137,60.0,86.0,,false
2138,60.0,94.0,,false
2139,60.0,93.0,,false
2140,60.0,98.0,,false
2141,60.0,95.0,,false
2142,100.0,199.0,,false
2143,100.0,221.0,,false
2144,900.0,10.0,,false
2145,1150.0,14.0,,false
2146,1000.0,7.0,,false
2147,1350.0,46.0,,true
2148,500.0,57.0,,true
2149,5000.0,17.0,,true
2150,2200.0,136.0,,true
2151,3500.0,292.0,,true
2152,5000.0,600.0,,true
2153,500.0,147.0,,true
2154,125.0,472.0,,true
2155,40.0,428.0,,true
2156,350.0,175.0,,true
2157,500.0,197.0,,false
2158,500.0,372.0,,false
2159,3300.0,23.0,,false
2160,3300.0,25.0,,false
2161,3300.0,23.0,,false
2162,60.0,229.0,,false
2163,60.0,158.0,,false
2164,60.0,215.0,,false
2165,60.0,155.0,,false
2166,800.0,4.0,,false
2167,60.0,86.0,,false
2168,60.0,104.0,,false
2169,60.0,113.0,,false
2170,60.0,93.0,,false
2171,60.0,106.0,,false
2172,60.0,116.0,,false
2173,100.0,210.0,,false
2174,100.0,196.0,,false
2175,900.0,9.0,,false
2176,1150.0,15.0,,false
2177,1000.0,6.0,,false
2178,1350.0,48.0,,true
2179,500.0,58.0,,true
2180,5000.0,19.0,,true
2181,2200.0,136.0,,true
2182,3500.0,250.0,,true
2183,5000.0,600.0,,true
2184,500.0,144.0,,true
2185,125.0,521.0,,true
2186,40.0,446.0,,true
2187,350.0,179.0,,true
2188,500.0,195.0,,false
2189,500.0,379.0,,false
2190,3300.0,22.0,,false
2191,3300.0,29.0,,false
2192,3300.0,30.0,,false
2193,60.0,248.0,,false
2194,60.0,218.0,,false
2195,60.0,162.0,,false
2196,800.0,5.0,,false
2197,60.0,101.0,,false
2198,60.0,92.0,,false
2199,60.0,120.0,,false
2200,60.0,101.0,,false
2201,60.0,87.0,,false
2202,60.0,112.0,,false
2203,60.0,101.0,,false
2204,60.0,112.0,,false
2205,60.0,99.0,,false
2206,60.0,118.0,,false
2207,100.0,235.0,,false
2208,100.0,222.0,,false
2209,900.0,9.0,,false
2210,1150.0,14.0,,false
2211,1000.0,5.0,,false
2212,1350.0,46.0,,true
2213,500.0,60.0,,true
2214,5000.0,17.0,,true
2215,2200.0,138.0,,true
2216,3500.0,386.0,,true
2217,5000.0,600.0,,true
2218,500.0,158.0,,true
2219,125.0,469.0,,true
2220,40.0,414.0,,true
2221,350.0,169.0,,true
2222,500.0,174.0,,false
2223,500.0,547.0,,false
2224,3300.0,22.0,,false
2225,3300.0,28.0,,false
2226,3300.0,30.0,,false
2227,60.0,224.0,,false
2228,60.0,227.0,,false
2229,60.0,189.0,,false
2230,800.0,6.0,,false
2231,60.0,115.0,,false
2232,60.0,119.0,,false
2233,60.0,110.0,,false
2234,60.0,117.0,,false
2235,60.0,114.0,,false
2236,60.0,98.0,,false
2237,60.0,101.0,,false
2238,60.0,91.0,,false
2239,100.0,188.0,,false
2240,100.0,243.0,,false
2241,900.0,7.0,,false
2242,1150.0,14.0,,false
2243,1000.0,7.0,,false
2244,1350.0,48.0,,true
2245,500.0,60.0,,true
2246,5000.0,20.0,,true
2247,2200.0,134.0,,true
2248,3500.0,380.0,,true
2249,5000.0,600.0,,true
2250,500.0,151.0,,true
2251,125.0,518.0,,true
2252,40.0,425.0,,true
2253,350.0,155.0,,true
2254,500.0,197.0,,false
2255,500.0,463.0,,false
2256,3300.0,22.0,,false
2257,3300.0,30.0,,false
2258,3300.0,22.0,,false
2259,60.0,189.0,,false
2260,60.0,245.0,,false
2261,60.0,180.0,,false
2262,60.0,220.0,,false
2263,800.0,5.0,,false
2264,60.0,108.0,,false
2265,60.0,109.0,,false
2266,60.0,118.0,,false
2267,60.0,90.0,,false
2268,60.0,84.0,,false
2269,60.0,83.0,,false
2270,60.0,91.0,,false
2271,60.0,85.0,,false
2272,60.0,109.0,,false
2273,60.0,105.0,,false
2274,100.0,200.0,,false
2275,100.0,189.0,,false
2276,900.0,10.0,,false
2277,1150.0,16.0,,false
2278,1000.0,6.0,,false
2279,1350.0,48.0,,true
2280,500.0,56.0,,true
2281,5000.0,17.0,,true
2282,2200.0,134.0,,true
2283,3500.0,290.0,,true
2284,5000.0,600.0,,true
2285,500.0,149.0,,true
2286,125.0,518.0,,true
2287,40.0,382.0,,true
2288,350.0,175.0,,true
2289,500.0,175.0,,false
2290,500.0,560.0,,false
2291,3300.0,25.0,,false
2292,3300.0,28.0,,false
2293,3300.0,27.0,,false
2294,60.0,222.0,,false
2295,60.0,236.0,,false
2296,60.0,248.0,,false
2297,60.0,176.0,,false
2298,800.0,6.0,,false
2299,60.0,93.0,,false
2300,60.0,102.0,,false
2301,60.0,100.0,,false
2302,60.0,112.0,,false
2303,60.0,108.0,,false
2304,60.0,85.0,,false
2305,100.0,237.0,,false
2306,100.0,187.0,,false
2307,900.0,8.0,,false
2308,1150.0,14.0,,false
2309,1000.0,5.0,,false
2310,1350.0,46.0,,true
2311,500.0,58.0,,true
2312,5000.0,19.0,,true
2313,2200.0,135.0,,true
2314,3500.0,291.0,,true
2315,5000.0,600.0,,true
2316,500.0,152.0,,true
2317,125.0,462.0,,true
2318,40.0,458.0,,true
2319,350.0,175.0,,true
2320,500.0,175.0,,false
2321,500.0,510.0,,false
2322,3300.0,27.0,,false
2323,3300.0,25.0,,false
2324,3300.0,22.0,,false
2325,60.0,163.0,,false
2326,60.0,184.0,,false
2327,60.0,202.0,,false
2328,800.0,6.0,,false
2329,60.0,86.0,,false
2330,60.0,108.0,,false
2331,60.0,103.0,,false
2332,60.0,119.0,,false
2333,60.0,110.0,,false
2334,60.0,86.0,,false
2335,60.0,118.0,,false
2336,60.0,88.0,,false
2337,60.0,108.0,,false
2338,100.0,214.0,,false
2339,100.0,196.0,,false
2340,900.0,8.0,,false
2341,1150.0,14.0,,false
2342,1000.0,6.0,,false
2343,1350.0,50.0,,true
2344,500.0,58.0,,true
2345,5000.0,16.0,,true
2346,2200.0,137.0,,true
2347,3500.0,272.0,,true
2348,5000.0,600.0,,true
2349,500.0,155.0,,true
2350,125.0,483.0,,true
2351,40.0,457.0,,true
2352,350.0,155.0,,true
2353,500.0,171.0,,false
2354,500.0,536.0,,false
2355,3300.0,28.0,,false
2356,3300.0,26.0,,false
2357,3300.0,22.0,,false
2358,60.0,154.0,,false
2359,60.0,241.0,,false
2360,60.0,161.0,,false
2361,60.0,250.0,,false
2362,800.0,4.0,,false
2363,60.0,95.0,,false
2364,60.0,92.0,,false
2365,60.0,90.0,,false
2366,60.0,109.0,,false
2367,60.0,111.0,,false
2368,60.0,116.0,,false
2369,60.0,88.0,,false
2370,100.0,185.0,,false
2371,100.0,221.0,,false
2372,900.0,7.0,,false
2373,1150.0,14.0,,false
2374,1000.0,7.0,,false
2375,1350.0,48.0,,true
2376,500.0,56.0,,true
2377,5000.0,18.0,,true
2378,2200.0,132.0,,true
2379,3500.0,275.0,,true
2380,5000.0,600.0,,true
2381,500.0,157.0,,true
2382,125.0,512.0,,true
2383,40.0,404.0,,true
2384,350.0,156.0,,true
2385,500.0,197.0,,false
2386,500.0,488.0,,false
2387,3300.0,28.0,,false
2388,3300.0,30.0,,false
2389,3300.0,28.0,,false
2390,60.0,194.0,,false
2391,60.0,214.0,,false
2392,60.0,217.0,,false
2393,800.0,5.0,,false
2394,60.0,82.0,,false
2395,60.0,111.0,,false
2396,60.0,115.0,,false
2397,60.0,120.0,,false
2398,60.0,88.0,,false
2399,60.0,104.0,,false
2400,60.0,95.0,,false
2401,60.0,101.0,,false
2402,60.0,117.0,,false
2403,60.0,107.0,,false
2404,100.0,197.0,,false
2405,100.0,236.0,,false
2406,900.0,8.0,,false
2407,1150.0,18.0,,false
2408,1000.0,8.0,,false
2409,1350.0,50.0,,true
2410,500.0,59.0,,true
2411,5000.0,18.0,,true
2412,2200.0,137.0,,true
2413,3500.0,346.0,,true
2414,5000.0,600.0,,true
2415,500.0,147.0,,true
2416,125.0,462.0,,true
2417,40.0,354.0,,true
2418,350.0,155.0,,true
2419,500.0,188.0,,false
2420,500.0,424.0,,false
2421,3300.0,23.0,,false
2422,3300.0,27.0,,false
2423,3300.0,29.0,,false
2424,60.0,247.0,,false
2425,60.0,199.0,,false
2426,60.0,232.0,,false
2427,60.0,196.0,,false
2428,800.0,5.0,,false
2429,60.0,115.0,,false
2430,60.0,99.0,,false
2431,60.0,96.0,,false
2432,60.0,119.0,,false
2433,60.0,92.0,,false
2434,60.0,117.0,,false
2435,100.0,199.0,,false
2436,100.0,226.0,,false
2437,900.0,9.0,,false
2438,1150.0,13.0,,false
2439,1000.0,6.0,,false
2440,1350.0,48.0,,true
2441,500.0,60.0,,true
2442,5000.0,17.0,,true
2443,2200.0,131.0,,true
2444,3500.0,326.0,,true
2445,5000.0,600.0,,true
2446,500.0,157.0,,true
2447,125.0,474.0,,true
2448,40.0,370.0,,true
2449,350.0,151.0,,true
2450,500.0,178.0,,false
2451,500.0,364.0,,false
2452,3300.0,28.0,,false
2453,3300.0,29.0,,false
2454,3300.0,23.0,,false
2455,60.0,228.0,,false
2456,60.0,239.0,,false
2457,60.0,188.0,,false
2458,60.0,217.0,,false
2459,800.0,5.0,,false
2460,60.0,84.0,,false
2461,60.0,90.0,,false
2462,60.0,98.0,,false
2463,60.0,84.0,,false
2464,60.0,113.0,,false
2465,60.0,84.0,,false
2466,60.0,101.0,,false
2467,100.0,185.0,,false
2468,100.0,223.0,,false
2469,900.0,7.0,,false
2470,1150.0,18.0,,false
2471,1000.0,8.0,,false
2472,1350.0,50.0,,true
2473,500.0,59.0,,true
2474,5000.0,16.0,,true
2475,2200.0,135.0,,true
2476,3500.0,215.0,,true
2477,5000.0,600.0,,true
2478,500.0,148.0,,true
2479,125.0,465.0,,true
2480,40.0,421.0,,true
2481,350.0,172.0,,true
2482,500.0,196.0,,false
2483,500.0,438.0,,false
2484,3300.0,25.0,,false
2485,3300.0,21.0,,false
2486,3300.0,22.0,,false
2487,60.0,236.0,,false
2488,60.0,217.0,,false
2489,60.0,218.0,,false
2490,60.0,228.0,,false
2491,800.0,4.0,,false
2492,60.0,84.0,,false
2493,60.0,102.0,,false
2494,60.0,117.0,,false
2495,60.0,87.0,,false
2496,60.0,85.0,,false
2497,60.0,106.0,,false
2498,60.0,110.0,,false
2499,100.0,188.0,,false
2500,100.0,246.0,,false
2501,900.0,10.0,,false
2502,1150.0,14.0,,false
2503,1000.0,6.0,,false
2504,1350.0,47.0,,true
2505,500.0,57.0,,true
2506,5000.0,19.0,,true
2507,2200.0,132.0,,true
2508,3500.0,286.0,,true
2509,5000.0,600.0,,true
2510,500.0,147.0,,true
2511,125.0,550.0,,true
2512,40.0,411.0,,true
2513,350.0,153.0,,true
2514,500.0,174.0,,false
2515,500.0,317.0,,false
2516,3300.0,30.0,,false
2517,3300.0,26.0,,false
2518,3300.0,26.0,,false
2519,60.0,186.0,,false
2520,60.0,235.0,,false
2521,60.0,184.0,,false
2522,60.0,231.0,,false
2523,800.0,5.0,,false
2524,60.0,107.0,,false
2525,60.0,85.0,,false
2526,60.0,83.0,,false
2527,60.0,91.0,,false
2528,60.0,106.0,,false
2529,60.0,101.0,,false
2530,60.0,109.0,,false
2531,100.0,219.0,,false
2532,100.0,225.0,,false
2533,900.0,7.0,,false
2534,1150.0,13.0,,false
2535,1000.0,5.0,,false
2536,1350.0,48.0,,true
2537,500.0,56.0,,true
2538,5000.0,16.0,,true
2539,2200.0,134.0,,true
2540,3500.0,399.0,,true
2541,5000.0,600.0,,true
2542,500.0,146.0,,true
2543,125.0,461.0,,true
2544,40.0,367.0,,true
2545,350.0,144.0,,true
2546,500.0,189.0,,false
2547,500.0,494.0,,false
2548,3300.0,24.0,,false
2549,3300.0,24.0,,false
2550,3300.0,24.0,,false
2551,60.0,199.0,,false
2552,60.0,154.0,,false
2553,60.0,156.0,,false
2554,60.0,231.0,,false
2555,800.0,6.0,,false
2556,60.0,106.0,,false
2557,60.0,118.0,,false
2558,60.0,109.0,,false
2559,60.0,93.0,,false
2560,60.0,93.0,,false
2561,60.0,100.0,,false
2562,60.0,114.0,,false
2563,60.0,87.0,,false
2564,60.0,108.0,,false
2565,60.0,90.0,,false
2566,100.0,234.0,,false
2567,100.0,231.0,,false
2568,900.0,9.0,,false
2569,1150.0,13.0,,false
2570,1000.0,5.0,,false
2571,1350.0,50.0,,true
2572,500.0,57.0,,true
2573,5000.0,19.0,,true
2574,2200.0,139.0,,true
2575,3500.0,291.0,,true
2576,5000.0,600.0,,true
2577,500.0,148.0,,true
2578,125.0,535.0,,true
2579,40.0,385.0,,true
2580,350.0,176.0,,true
2581,500.0,171.0,,false
2582,500.0,361.0,,false
2583,3300.0,23.0,,false
2584,3300.0,25.0,,false
2585,3300.0,27.0,,false
2586,60.0,192.0,,false
2587,60.0,176.0,,false
2588,60.0,200.0,,false
2589,60.0,211.0,,false
2590,800.0,6.0,,false
2591,60.0,87.0,,false
2592,60.0,102.0,,false
2593,60.0,89.0,,false
2594,60.0,101.0,,false
2595,60.0,94.0,,false
2596,60.0,95.0,,false
2597,60.0,108.0,,false
2598,60.0,89.0,,false
2599,60.0,96.0,,false
2600,60.0,113.0,,false
2601,100.0,241.0,,false
2602,100.0,230.0,,false
2603,900.0,8.0,,false
2604,1150.0,13.0,,false
2605,1000.0,7.0,,false
2606,1350.0,48.0,,true
2607,500.0,58.0,,true
2608,5000.0,19.0,,true
2609,2200.0,132.0,,true
2610,3500.0,242.0,,true
2611,5000.0,600.0,,true
2612,500.0,154.0,,true
2613,125.0,525.0,,true
2614,40.0,437.0,,true
2615,350.0,142.0,,true
2616,500.0,182.0,,false
2617,500.0,576.0,,false
2618,3300.0,27.0,,false
2619,3300.0,24.0,,false
2620,3300.0,24.0,,false
2621,60.0,212.0,,false
2622,60.0,207.0,,false
2623,60.0,230.0,,false
2624,800.0,5.0,,false
2625,60.0,113.0,,false
2626,60.0,102.0,,false
2627,60.0,81.0,,false
2628,60.0,105.0,,false
2629,60.0,120.0,,false
2630,60.0,93.0,,false
2631,60.0,88.0,,false
2632,100.0,186.0,,false
2633,100.0,248.0,,false
2634,900.0,7.0,,false
2635,1150.0,15.0,,false
2636,1000.0,8.0,,false
2637,1350.0,47.0,,true
2638,500.0,59.0,,true
2639,5000.0,20.0,,true
2640,2200.0,134.0,,true
2641,3500.0,273.0,,true
2642,5000.0,600.0,,true
2643,500.0,155.0,,true
2644,125.0,511.0,,true
2645,40.0,354.0,,true
2646,350.0,143.0,,true
2647,500.0,171.0,,false
2648,500.0,420.0,,false
2649,3300.0,30.0,,false
2650,3300.0,24.0,,false
2651,3300.0,27.0,,false
2652,60.0,182.0,,false
2653,60.0,210.0,,false
2654,60.0,212.0,,false
2655,800.0,5.0,,false
2656,60.0,99.0,,false
2657,60.0,109.0,,false
2658,60.0,100.0,,false
2659,60.0,81.0,,false
2660,60.0,87.0,,false
2661,60.0,84.0,,false
2662,100.0,228.0,,false
2663,100.0,216.0,,false
2664,900.0,7.0,,false
2665,1150.0,18.0,,false
2666,1000.0,5.0,,false
2667,1350.0,50.0,,true
2668,500.0,58.0,,true
2669,5000.0,18.0,,true
2670,2200.0,131.0,,true
2671,3500.0,266.0,,true
2672,5000.0,600.0,,true
2673,500.0,146.0,,true
2674,125.0,503.0,,true
2675,40.0,426.0,,true
2676,350.0,160.0,,true
2677,500.0,194.0,,false
2678,500.0,526.0,,false
2679,3300.0,28.0,,false
2680,3300.0,30.0,,false
2681,3300.0,22.0,,false
2682,60.0,218.0,,false
2683,60.0,235.0,,false
2684,60.0,223.0,,false
2685,800.0,5.0,,false
2686,60.0,96.0,,false
2687,60.0,106.0,,false
2688,60.0,120.0,,false
2689,60.0,92.0,,false
2690,60.0,115.0,,false
2691,60.0,114.0,,false
2692,60.0,83.0,,false
2693,100.0,211.0,,false
2694,100.0,236.0,,false
2695,900.0,9.0,,false
2696,1150.0,15.0,,false
2697,1000.0,6.0,,false
2698,1350.0,47.0,,true
2699,500.0,56.0,,true
2700,5000.0,18.0,,true
2701,2200.0,139.0,,true
2702,3500.0,363.0,,true
2703,5000.0,600.0,,true
2704,500.0,160.0,,true
2705,125.0,468.0,,true
2706,40.0,373.0,,true
2707,350.0,147.0,,true
2708,500.0,200.0,,false
2709,500.0,462.0,,false
2710,3300.0,24.0,,false
2711,3300.0,25.0,,false
2712,3300.0,23.0,,false
2713,60.0,178.0,,false
2714,60.0,208.0,,false
2715,60.0,231.0,,false
2716,60.0,184.0,,false
2717,800.0,5.0,,false
2718,60.0,99.0,,false
2719,60.0,110.0,,false
2720,60.0,104.0,,false
2721,60.0,93.0,,false
2722,60.0,108.0,,false
2723,60.0,95.0,,false
2724,100.0,208.0,,false
2725,100.0,190.0,,false
2726,900.0,8.0,,false
2727,1150.0,15.0,,false
2728,1000.0,6.0,,false
2729,1350.0,48.0,,true
2730,500.0,57.0,,true
2731,5000.0,17.0,,true
2732,2200.0,131.0,,true
2733,3500.0,399.0,,true
2734,5000.0,600.0,,true
2735,500.0,150.0,,true
2736,125.0,542.0,,true
2737,40.0,421.0,,true
2738,350.0,161.0,,true
2739,500.0,184.0,,false
2740,500.0,561.0,,false
2741,3300.0,24.0,,false
2742,3300.0,23.0,,false
2743,3300.0,27.0,,false
2744,60.0,157.0,,false
2745,60.0,191.0,,false
2746,60.0,151.0,,false
2747,60.0,192.0,,false
2748,800.0,6.0,,false
2749,60.0,86.0,,false
2750,60.0,108.0,,false
2751,60.0,98.0,,false
2752,60.0,81.0,,false
2753,60.0,119.0,,false
2754,60.0,96.0,,false
2755,60.0,93.0,,false
2756,60.0,116.0,,false
2757,100.0,235.0,,false
2758,100.0,223.0,,false
2759,900.0,8.0,,false
2760,1150.0,15.0,,false
2761,1000.0,8.0,,false
2762,1350.0,49.0,,true
2763,500.0,59.0,,true
2764,5000.0,19.0,,true
2765,2200.0,135.0,,true
2766,3500.0,305.0,,true
2767,5000.0,600.0,,true
2768,500.0,144.0,,true
2769,125.0,548.0,,true
2770,40.0,442.0,,true
2771,350.0,155.0,,true
2772,500.0,179.0,,false
2773,500.0,595.0,,false
2774,3300.0,23.0,,false
2775,3300.0,21.0,,false
2776,3300.0,29.0,,false
2777,60.0,240.0,,false
2778,60.0,178.0,,false
2779,60.0,196.0,,false
2780,800.0,4.0,,false
2781,60.0,98.0,,false
2782,60.0,99.0,,false
2783,60.0,94.0,,false
2784,60.0,100.0,,false
2785,60.0,87.0,,false
2786,60.0,118.0,,false
2787,60.0,95.0,,false
2788,100.0,227.0,,false
2789,100.0,191.0,,false
2790,900.0,9.0,,false
2791,1150.0,15.0,,false
2792,1000.0,8.0,,false
2793,1350.0,47.0,,true
2794,500.0,59.0,,true
2795,5000.0,18.0,,true
2796,2200.0,138.0,,true
2797,3500.0,201.0,,true
2798,5000.0,600.0,,true
2799,500.0,146.0,,true
2800,125.0,465.0,,true
2801,40.0,437.0,,true
2802,350.0,154.0,,true
2803,500.0,188.0,,false
2804,500.0,420.0,,false
2805,3300.0,27.0,,false
2806,3300.0,29.0,,false
2807,3300.0,30.0,,false
2808,60.0,190.0,,false
2809,60.0,220.0,,false
2810,60.0,240.0,,false
2811,60.0,213.0,,false
2812,800.0,6.0,,false
2813,60.0,116.0,,false
2814,60.0,104.0,,false
2815,60.0,102.0,,false
2816,60.0,86.0,,false
2817,60.0,81.0,,false
2818,60.0,86.0,,false
2819,60.0,110.0,,false
2820,60.0,102.0,,false
2821,60.0,102.0,,false
2822,100.0,218.0,,false
2823,100.0,229.0,,false
2824,900.0,7.0,,false
2825,1150.0,18.0,,false
2826,1000.0,5.0,,false
2827,1350.0,48.0,,true
2828,500.0,56.0,,true
2829,5000.0,18.0,,true
2830,2200.0,131.0,,true
2831,3500.0,239.0,,true
2832,5000.0,600.0,,true
2833,500.0,143.0,,true
2834,125.0,530.0,,true
2835,40.0,364.0,,true
2836,350.0,143.0,,true
2837,500.0,191.0,,false
2838,500.0,330.0,,false
2839,3300.0,25.0,,false
2840,3300.0,23.0,,false
2841,3300.0,21.0,,false
2842,60.0,219.0,,false
2843,60.0,248.0,,false
2844,60.0,207.0,,false
2845,800.0,5.0,,false
2846,60.0,82.0,,false
2847,60.0,91.0,,false
2848,60.0,114.0,,false
2849,60.0,99.0,,false
2850,60.0,104.0,,false
2851,60.0,98.0,,false
2852,60.0,98.0,,false
2853,60.0,107.0,,false
2854,60.0,83.0,,false
2855,60.0,115.0,,false
2856,100.0,184.0,,false
2857,100.0,195.0,,false
2858,900.0,7.0,,false
2859,1150.0,17.0,,false
2860,1000.0,7.0,,false
2861,1350.0,47.0,,true
2862,500.0,57.0,,true
2863,5000.0,18.0,,true
2864,2200.0,131.0,,true
2865,3500.0,287.0,,true
2866,5000.0,600.0,,true
2867,500.0,142.0,,true
2868,125.0,485.0,,true
2869,40.0,413.0,,true
2870,350.0,179.0,,true
2871,500.0,195.0,,false
2872,500.0,521.0,,false
2873,3300.0,28.0,,false
2874,3300.0,27.0,,false
2875,3300.0,24.0,,false
2876,60.0,159.0,,false
2877,60.0,182.0,,false
2878,60.0,236.0,,false
2879,60.0,212.0,,false
2880,800.0,6.0,,false
2881,60.0,117.0,,false
2882,60.0,107.0,,false
2883,60.0,94.0,,false
2884,60.0,119.0,,false
2885,60.0,88.0,,false
2886,60.0,112.0,,false
2887,60.0,93.0,,false
2888,100.0,191.0,,false
2889,100.0,234.0,,false
2890,900.0,8.0,,false
2891,1150.0,15.0,,false
2892,1000.0,7.0,,false
2893,1350.0,46.0,,true
2894,500.0,59.0,,true
2895,5000.0,18.0,,true
2896,2200.0,131.0,,true
2897,3500.0,309.0,,true
2898,5000.0,600.0,,true
2899,500.0,153.0,,true
2900,125.0,495.0,,true
2901,40.0,382.0,,true
2902,350.0,142.0,,true
2903,500.0,189.0,,false
2904,500.0,576.0,,false
2905,3300.0,29.0,,false
2906,3300.0,29.0,,false
2907,3300.0,23.0,,false
2908,60.0,181.0,,false
2909,60.0,177.0,,false
2910,60.0,228.0,,false
2911,800.0,6.0,,false
2912,60.0,85.0,,false
2913,60.0,92.0,,false
2914,60.0,88.0,,false
2915,60.0,109.0,,false
2916,60.0,97.0,,false
2917,60.0,118.0,,false
2918,60.0,103.0,,false
2919,60.0,96.0,,false
2920,100.0,225.0,,false
2921,100.0,189.0,,false
2922,900.0,8.0,,false
2923,1150.0,15.0,,false
2924,1000.0,7.0,,false
2925,1350.0,47.0,,true
2926,500.0,59.0,,true
2927,5000.0,19.0,,true
2928,2200.0,135.0,,true
2929,3500.0,252.0,,true
2930,5000.0,600.0,,true
2931,500.0,151.0,,true
2932,125.0,516.0,,true
2933,40.0,401.0,,true
2934,350.0,153.0,,true
2935,500.0,198.0,,false
2936,500.0,541.0,,false
2937,3300.0,25.0,,false
2938,3300.0,21.0,,false
2939,3300.0,27.0,,false
2940,60.0,192.0,,false
2941,60.0,208.0,,false
2942,60.0,202.0,,false
2943,800.0,4.0,,false
2944,60.0,106.0,,false
2945,60.0,112.0,,false
2946,60.0,118.0,,false
2947,60.0,109.0,,false
2948,60.0,117.0,,false
2949,60.0,85.0,,false
2950,60.0,113.0,,false
2951,60.0,113.0,,false
2952,60.0,95.0,,false
2953,60.0,97.0,,false
2954,100.0,249.0,,false
2955,100.0,207.0,,false
2956,900.0,7.0,,false
2957,1150.0,17.0,,false
2958,1000.0,8.0,,false
2959,1350.0,46.0,,true
2960,500.0,60.0,,true
2961,5000.0,17.0,,true
2962,2200.0,131.0,,true
2963,3500.0,391.0,,true
2964,5000.0,600.0,,true
2965,500.0,158.0,,true
2966,125.0,469.0,,true
2967,40.0,405.0,,true
2968,350.0,155.0,,true
2969,500.0,178.0,,false
2970,500.0,525.0,,false
2971,3300.0,30.0,,false
2972,3300.0,25.0,,false
2973,3300.0,24.0,,false
2974,60.0,167.0,,false
2975,60.0,207.0,,false
2976,60.0,188.0,,false
2977,800.0,5.0,,false
2978,60.0,105.0,,false
2979,60.0,97.0,,false
2980,60.0,95.0,,false
2981,60.0,87.0,,false
2982,60.0,92.0,,false
2983,60.0,86.0,,false
2984,60.0,102.0,,false
2985,100.0,221.0,,false
2986,100.0,246.0,,false
2987,900.0,7.0,,false
2988,1150.0,17.0,,false
2989,1000.0,8.0,,false
2990,1350.0,48.0,,true
2991,500.0,57.0,,true
2992,5000.0,19.0,,true
2993,2200.0,131.0,,true
2994,3500.0,371.0,,true
2995,5000.0,600.0,,true
2996,500.0,155.0,,true
2997,125.0,491.0,,true
2998,40.0,416.0,,true
2999,350.0,143.0,,true
3000,500.0,192.0,,false
3001,500.0,401.0,,false
3002,3300.0,21.0,,false
3003,3300.0,21.0,,false
3004,3300.0,30.0,,false
3005,60.0,157.0,,false
3006,60.0,171.0,,false
3007,60.0,172.0,,false
3008,800.0,6.0,,false
3009,60.0,87.0,,false
3010,60.0,118.0,,false
3011,60.0,85.0,,false
3012,60.0,95.0,,false
3013,60.0,120.0,,false
3014,60.0,102.0,,false
3015,60.0,119.0,,false
3016,60.0,102.0,,false
3017,100.0,244.0,,false
3018,100.0,211.0,,false
3019,900.0,8.0,,false
3020,1150.0,13.0,,false
3021,1000.0,6.0,,false
3022,1350.0,48.0,,true
3023,500.0,60.0,,true
3024,5000.0,18.0,,true
3025,2200.0,137.0,,true
3026,3500.0,381.0,,true
3027,5000.0,600.0,,true
3028,500.0,155.0,,true
3029,125.0,492.0,,true
3030,40.0,391.0,,true
3031,350.0,151.0,,true
3032,500.0,180.0,,false
3033,500.0,524.0,,false
3034,3300.0,30.0,,false
3035,3300.0,26.0,,false
3036,3300.0,27.0,,false
3037,60.0,216.0,,false
3038,60.0,226.0,,false
3039,60.0,225.0,,false
3040,60.0,168.0,,false
3041,800.0,4.0,,false
3042,60.0,91.0,,false
3043,60.0,99.0,,false
3044,60.0,107.0,,false
3045,60.0,81.0,,false
3046,60.0,100.0,,false
3047,60.0,108.0,,false
3048,60.0,120.0,,false
3049,60.0,93.0,,false
3050,100.0,221.0,,false
3051,100.0,194.0,,false
3052,900.0,10.0,,false
3053,1150.0,14.0,,false
3054,1000.0,7.0,,false
3055,1350.0,47.0,,true
3056,500.0,57.0,,true
3057,5000.0,20.0,,true
3058,2200.0,140.0,,true
3059,3500.0,364.0,,true
3060,5000.0,600.0,,true
3061,500.0,152.0,,true
3062,125.0,452.0,,true
3063,40.0,435.0,,true
3064,350.0,159.0,,true
3065,500.0,184.0,,false
3066,500.0,442.0,,false
3067,3300.0,23.0,,false
3068,3300.0,30.0,,false
3069,3300.0,25.0,,false
3070,60.0,166.0,,false
3071,60.0,218.0,,false
3072,60.0,243.0,,false
3073,800.0,6.0,,false
3074,60.0,103.0,,false
3075,60.0,94.0,,false
3076,60.0,86.0,,false
3077,60.0,100.0,,false
3078,60.0,118.0,,false
3079,60.0,117.0,,false
3080,60.0,95.0,,false
3081,60.0,87.0,,false
3082,60.0,120.0,,false
3083,100.0,192.0,,false
3084,100.0,246.0,,false
3085,900.0,10.0,,false
3086,1150.0,15.0,,false
3087,1000.0,7.0,,false
3088,1350.0,46.0,,true
3089,500.0,57.0,,true
3090,5000.0,17.0,,true
3091,2200.0,140.0,,true
3092,3500.0,286.0,,true
3093,5000.0,600.0,,true
3094,500.0,153.0,,true
3095,125.0,479.0,,true
3096,40.0,389.0,,true
3097,350.0,177.0,,true
3098,500.0,174.0,,false
3099,500.0,497.0,,false
3100,3300.0,23.0,,false
3101,3300.0,22.0,,false
3102,3300.0,25.0,,false
3103,60.0,220.0,,false
3104,60.0,201.0,,false
3105,60.0,191.0,,false
3106,800.0,4.0,,false
3107,60.0,102.0,,false
3108,60.0,89.0,,false
3109,60.0,90.0,,false
3110,60.0,116.0,,false
3111,60.0,108.0,,false
3112,60.0,101.0,,false
3113,60.0,87.0,,false
3114,60.0,113.0,,false
3115,60.0,115.0,,false
3116,60.0,112.0,,false
3117,100.0,229.0,,false
3118,100.0,183.0,,false
3119,900.0,8.0,,false
3120,1150.0,15.0,,false
3121,1000.0,7.0,,false
3122,1350.0,49.0,,true
3123,500.0,59.0,,true
3124,5000.0,20.0,,true
3125,2200.0,133.0,,true
3126,3500.0,376.0,,true
3127,5000.0,600.0,,true
3128,500.0,156.0,,true
3129,125.0,536.0,,true
3130,40.0,435.0,,true
3131,350.0,169.0,,true
3132,500.0,189.0,,false
3133,500.0,312.0,,false
3134,3300.0,30.0,,false
3135,3300.0,21.0,,false
3136,3300.0,24.0,,false
3137,60.0,172.0,,false
3138,60.0,226.0,,false
3139,60.0,187.0,,false
3140,800.0,6.0,,false
3141,60.0,108.0,,false
3142,60.0,83.0,,false
3143,60.0,114.0,,false
3144,60.0,95.0,,false
3145,60.0,95.0,,false
3146,60.0,88.0,,false
3147,60.0,97.0,,false
3148,60.0,92.0,,false
3149,60.0,95.0,,false
3150,100.0,224.0,,false
3151,100.0,239.0,,false
3152,900.0,7.0,,false
3153,1150.0,16.0,,false
3154,1000.0,5.0,,false
3155,1350.0,49.0,,true
3156,500.0,60.0,,true
3157,5000.0,17.0,,true
3158,2200.0,136.0,,true
3159,3500.0,387.0,,true
3160,5000.0,600.0,,true
3161,500.0,145.0,,true
3162,125.0,473.0,,true
3163,40.0,456.0,,true
3164,350.0,170.0,,true
3165,500.0,181.0,,false
3166,500.0,352.0,,false
3167,3300.0,22.0,,false
3168,3300.0,30.0,,false
3169,3300.0,30.0,,false
3170,60.0,243.0,,false
3171,60.0,229.0,,false
3172,60.0,238.0,,false
3173,800.0,6.0,,false
3174,60.0,84.0,,false
3175,60.0,85.0,,false
3176,60.0,102.0,,false
3177,60.0,85.0,,false
3178,60.0,93.0,,false
3179,60.0,109.0,,false
3180,100.0,197.0,,false
3181,100.0,217.0,,false
3182,900.0,9.0,,false
3183,1150.0,14.0,,false
3184,1000.0,8.0,,false
3185,1350.0,47.0,,true
3186,500.0,56.0,,true
3187,5000.0,20.0,,true
3188,2200.0,135.0,,true
3189,3500.0,239.0,,true
3190,5000.0,600.0,,true
3191,500.0,145.0,,true
3192,125.0,505.0,,true
3193,40.0,449.0,,true
3194,350.0,159.0,,true
3195,500.0,198.0,,false
3196,500.0,302.0,,false
3197,3300.0,27.0,,false
3198,3300.0,30.0,,false
3199,3300.0,26.0,,false
3200,60.0,231.0,,false
3201,60.0,195.0,,false
3202,60.0,161.0,,false
3203,60.0,186.0,,false
3204,800.0,5.0,,false
3205,60.0,106.0,,false
3206,60.0,112.0,,false
3207,60.0,90.0,,false
3208,60.0,88.0,,false
3209,60.0,95.0,,false
3210,60.0,112.0,,false
3211,60.0,117.0,,false
3212,60.0,91.0,,false
3213,100.0,237.0,,false
3214,100.0,239.0,,false
3215,900.0,7.0,,false
3216,1150.0,18.0,,false
3217,1000.0,7.0,,false
3218,1350.0,50.0,,true
3219,500.0,60.0,,true
3220,5000.0,17.0,,true
3221,2200.0,138.0,,true
3222,3500.0,307.0,,true
3223,5000.0,600.0,,true
3224,500.0,160.0,,true
3225,125.0,511.0,,true
3226,40.0,357.0,,true
3227,350.0,150.0,,true
3228,500.0,183.0,,false
3229,500.0,429.0,,false
3230,3300.0,21.0,,false
3231,3300.0,30.0,,false
3232,3300.0,22.0,,false
3233,60.0,189.0,,false
3234,60.0,192.0,,false
3235,60.0,171.0,,false
3236,800.0,5.0,,false
3237,60.0,113.0,,false
3238,60.0,110.0,,false
3239,60.0,86.0,,false
3240,60.0,82.0,,false
3241,60.0,104.0,,false
3242,60.0,91.0,,false
3243,60.0,106.0,,false
3244,60.0,84.0,,false
3245,60.0,94.0,,false
3246,100.0,204.0,,false
3247,100.0,236.0,,false
3248,900.0,10.0,,false
3249,1150.0,16.0,,false
3250,1000.0,6.0,,false
