Reference,height,width,stripwidth,preemptable
1,1350.0,48.0,720,true
2,500.0,57.0,,true
3,5000.0,20.0,,true
4,2200.0,137.0,,true
5,3500.0,249.0,,true
6,5000.0,600.0,,true
7,500.0,155.0,,true
8,125.0,455.0,,true
9,40.0,447.0,,true
10,350.0,156.0,,true
11,500.0,188.0,,false
12,500.0,526.0,,false
13,3300.0,22.0,,false
14,3300.0,21.0,,false
15,3300.0,23.0,,false
16,60.0,224.0,,false
17,60.0,171.0,,false
18,60.0,179.0,,false
19,60.0,212.0,,false
20,800.0,4.0,,false
21,60.0,112.0,,false
22,60.0,105.0,,false
23,60.0,83.0,,false
24,60.0,95.0,,false
25,60.0,104.0,,false
26,60.0,103.0,,false
27,60.0,96.0,,false
28,100.0,214.0,,false
29,100.0,246.0,,false
30,900.0,8.0,,false
31,1150.0,18.0,,false
32,1000.0,7.0,,false
33,1350.0,48.0,,true
34,500.0,57.0,,true
35,5000.0,16.0,,true
36,2200.0,140.0,,true
37,3500.0,366.0,,true
38,5000.0,600.0,,true
39,500.0,146.0,,true
40,125.0,510.0,,true
41,40.0,401.0,,true
42,350.0,158.0,,true
43,500.0,183.0,,false
44,500.0,530.0,,false
45,3300.0,26.0,,false
46,3300.0,30.0,,false
47,3300.0,21.0,,false
48,60.0,165.0,,false
49,60.0,153.0,,false
50,60.0,191.0,,false
51,800.0,6.0,,false
52,60.0,106.0,,false
53,60.0,81.0,,false
54,60.0,117.0,,false
55,60.0,83.0,,false
56,60.0,98.0,,false
57,60.0,86.0,,false
58,60.0,97.0,,false
59,60.0,89.0,,false
60,100.0,229.0,,false
61,100.0,240.0,,false
62,900.0,9.0,,false
63,1150.0,16.0,,false
64,1000.0,5.0,,false
65,1350.0,49.0,,true
66,500.0,58.0,,true
67,5000.0,16.0,,true
68,2200.0,140.0,,true
69,3500.0,252.0,,true
70,5000.0,600.0,,true
71,500.0,142.0,,true
72,125.0,470.0,,true
73,40.0,414.0,,true
74,350.0,156.0,,true
75,500.0,194.0,,false
76,500.0,382.0,,false
77,3300.0,30.0,,false
78,3300.0,30.0,,false
79,3300.0,30.0,,false
80,60.0,184.0,,false
81,60.0,152.0,,false
82,60.0,153.0,,false
83,60.0,208.0,,false
84,800.0,5.0,,false
85,60.0,92.0,,false
86,60.0,103.0,,false
87,60.0,84.0,,false
88,60.0,94.0,,false
89,60.0,86.0,,false
90,60.0,85.0,,false
91,60.0,103.0,,false
92,60.0,83.0,,false
93,60.0,113.0,,false
94,100.0,194.0,,false
95,100.0,216.0,,false
96,900.0,9.0,,false
97,1150.0,13.0,,false
98,1000.0,8.0,,false
99,1350.0,50.0,,true
100,500.0,59.0,,true
101,5000.0,19.0,,true
102,2200.0,139.0,,true
103,3500.0,346.0,,true
104,5000.0,600.0,,true
105,500.0,146.0,,true
106,125.0,548.0,,true
107,40.0,428.0,,true
108,350.0,158.0,,true
109,500.0,191.0,,false
110,500.0,337.0,,false
111,3300.0,21.0,,false
112,3300.0,28.0,,false
113,3300.0,26.0,,false
114,60.0,220.0,,false
115,60.0,224.0,,false
116,60.0,204.0,,false
117,60.0,247.0,,false
118,800.0,6.0,,false
119,60.0,87.0,,false
120,60.0,100.0,,false
121,60.0,119.0,,false
122,60.0,92.0,,false
123,60.0,81.0,,false
124,60.0,82.0,,false
125,60.0,86.0,,false
126,100.0,200.0,,false
127,100.0,195.0,,false
128,900.0,7.0,,false
129,1150.0,15.0,,false
130,1000.0,8.0,,false
131,1350.0,48.0,,true
132,500.0,60.0,,true
133,5000.0,16.0,,true
134,2200.0,132.0,,true
135,3500.0,297.0,,true
136,5000.0,600.0,,true
137,500.0,158.0,,true
138,125.0,497.0,,true
139,40.0,356.0,,true
140,350.0,176.0,,true
141,500.0,187.0,,false
142,500.0,359.0,,false
143,3300.0,21.0,,false
144,3300.0,27.0,,false
145,3300.0,29.0,,false
146,60.0,203.0,,false
147,60.0,174.0,,false
148,60.0,230.0,,false
149,60.0,229.0,,false
150,800.0,5.0,,false
151,60.0,94.0,,false
152,60.0,110.0,,false
153,60.0,97.0,,false
154,60.0,86.0,,false
155,60.0,109.0,,false
156,60.0,97.0,,false
157,60.0,120.0,,false
158,60.0,119.0,,false
159,60.0,115.0,,false
160,60.0,111.0,,false
161,100.0,235.0,,false
162,100.0,249.0,,false
163,900.0,7.0,,false
164,1150.0,18.0,,false
165,1000.0,8.0,,false
166,1350.0,47.0,,true
167,500.0,60.0,,true
168,5000.0,18.0,,true
169,2200.0,138.0,,true
170,3500.0,350.0,,true
171,5000.0,600.0,,true
172,500.0,150.0,,true
173,125.0,469.0,,true
174,40.0,393.0,,true
175,350.0,173.0,,true
176,500.0,186.0,,false
177,500.0,350.0,,false
178,3300.0,23.0,,false
179,3300.0,28.0,,false
180,3300.0,30.0,,false
181,60.0,250.0,,false
182,60.0,201.0,,false
183,60.0,156.0,,false
184,60.0,198.0,,false
185,800.0,5.0,,false
186,60.0,93.0,,false
187,60.0,113.0,,false
188,60.0,109.0,,false
189,60.0,87.0,,false
190,60.0,114.0,,false
191,60.0,81.0,,false
192,60.0,88.0,,false
193,60.0,116.0,,false
194,60.0,102.0,,false
195,60.0,86.0,,false
196,100.0,198.0,,false
197,100.0,211.0,,false
198,900.0,9.0,,false
199,1150.0,16.0,,false
200,1000.0,7.0,,false
201,1350.0,49.0,,true
202,500.0,60.0,,true
203,5000.0,16.0,,true
204,2200.0,140.0,,true
205,3500.0,367.0,,true
206,5000.0,600.0,,true
207,500.0,156.0,,true
208,125.0,452.0,,true
209,40.0,372.0,,true
210,350.0,153.0,,true
211,500.0,200.0,,false
212,500.0,556.0,,false
213,3300.0,25.0,,false
214,3300.0,25.0,,false
215,3300.0,30.0,,false
216,60.0,190.0,,false
217,60.0,218.0,,false
218,60.0,220.0,,false
219,800.0,5.0,,false
220,60.0,101.0,,false
221,60.0,86.0,,false
222,60.0,120.0,,false
223,60.0,118.0,,false
224,60.0,89.0,,false
225,60.0,103.0,,false
226,60.0,97.0,,false
227,60.0,97.0,,false
228,60.0,109.0,,false
229,100.0,193.0,,false
230,100.0,198.0,,false
231,900.0,7.0,,false
232,1150.0,16.0,,false
233,1000.0,6.0,,false
234,1350.0,47.0,,true
235,500.0,56.0,,true
236,5000.0,19.0,,true
237,2200.0,132.0,,true
238,3500.0,265.0,,true
239,5000.0,600.0,,true
240,500.0,147.0,,true
241,125.0,545.0,,true
242,40.0,396.0,,true
243,350.0,149.0,,true
244,500.0,186.0,,false
245,500.0,491.0,,false
246,3300.0,22.0,,false
247,3300.0,23.0,,false
248,3300.0,25.0,,false
249,60.0,199.0,,false
250,60.0,198.0,,false
251,60.0,166.0,,false
252,800.0,6.0,,false
253,60.0,111.0,,false
254,60.0,116.0,,false
255,60.0,111.0,,false
256,60.0,90.0,,false
257,60.0,102.0,,false
258,60.0,101.0,,false
259,60.0,85.0,,false
260,60.0,105.0,,false
261,60.0,105.0,,false
262,60.0,103.0,,false
263,100.0,233.0,,false
264,100.0,198.0,,false
265,900.0,10.0,,false
266,1150.0,13.0,,false
267,1000.0,6.0,,false
268,1350.0,49.0,,true
269,500.0,60.0,,true
270,5000.0,20.0,,true
271,2200.0,138.0,,true
272,3500.0,361.0,,true
273,5000.0,600.0,,true
274,500.0,154.0,,true
275,125.0,504.0,,true
276,40.0,423.0,,true
277,350.0,147.0,,true
278,500.0,200.0,,false
279,500.0,598.0,,false
280,3300.0,28.0,,false
281,3300.0,29.0,,false
282,3300.0,28.0,,false
283,60.0,194.0,,false
284,60.0,203.0,,false
285,60.0,163.0,,false
286,800.0,4.0,,false
287,60.0,88.0,,false
288,60.0,109.0,,false
289,60.0,111.0,,false
290,60.0,110.0,,false
291,60.0,109.0,,false
292,60.0,99.0,,false
293,60.0,109.0,,false
294,60.0,111.0,,false
295,60.0,119.0,,false
296,60.0,119.0,,false
297,100.0,212.0,,false
298,100.0,209.0,,false
299,900.0,7.0,,false
300,1150.0,13.0,,false
301,1000.0,5.0,,false
302,1350.0,48.0,,true
303,500.0,57.0,,true
304,5000.0,17.0,,true
305,2200.0,135.0,,true
306,3500.0,201.0,,true
307,5000.0,600.0,,true
308,500.0,158.0,,true
309,125.0,509.0,,true
310,40.0,439.0,,true
311,350.0,164.0,,true
312,500.0,174.0,,false
313,500.0,409.0,,false
314,3300.0,24.0,,false
315,3300.0,30.0,,false
316,3300.0,26.0,,false
317,60.0,166.0,,false
318,60.0,209.0,,false
319,60.0,222.0,,false
320,60.0,194.0,,false
321,800.0,6.0,,false
322,60.0,112.0,,false
323,60.0,109.0,,false
324,60.0,81.0,,false
325,60.0,116.0,,false
326,60.0,102.0,,false
327,60.0,116.0,,false
328,60.0,104.0,,false
329,60.0,88.0,,false
330,60.0,105.0,,false
331,100.0,195.0,,false
332,100.0,218.0,,false
333,900.0,9.0,,false
334,1150.0,14.0,,false
335,1000.0,5.0,,false
336,1350.0,50.0,,true
337,500.0,56.0,,true
338,5000.0,19.0,,true
339,2200.0,136.0,,true
340,3500.0,290.0,,true
341,5000.0,600.0,,true
342,500.0,143.0,,true
343,125.0,485.0,,true
344,40.0,441.0,,true
345,350.0,173.0,,true
346,500.0,199.0,,false
347,500.0,442.0,,false
348,3300.0,29.0,,false
349,3300.0,28.0,,false
350,3300.0,22.0,,false
351,60.0,245.0,,false
352,60.0,201.0,,false
353,60.0,240.0,,false
354,60.0,177.0,,false
355,800.0,5.0,,false
356,60.0,110.0,,false
357,60.0,105.0,,false
358,60.0,101.0,,false
359,60.0,105.0,,false
360,60.0,92.0,,false
361,60.0,108.0,,false
362,100.0,209.0,,false
363,100.0,185.0,,false
364,900.0,8.0,,false
365,1150.0,18.0,,false
366,1000.0,5.0,,false
367,1350.0,49.0,,true
368,500.0,59.0,,true
369,5000.0,20.0,,true
370,2200.0,132.0,,true
371,3500.0,271.0,,true
372,5000.0,600.0,,true
373,500.0,141.0,,true
374,125.0,545.0,,true
375,40.0,398.0,,true
376,350.0,152.0,,true
377,500.0,191.0,,false
378,500.0,359.0,,false
379,3300.0,29.0,,false
380,3300.0,24.0,,false
381,3300.0,24.0,,false
382,60.0,196.0,,false
383,60.0,163.0,,false
384,60.0,178.0,,false
385,60.0,179.0,,false
386,800.0,4.0,,false
387,60.0,118.0,,false
388,60.0,114.0,,false
389,60.0,110.0,,false
390,60.0,101.0,,false
391,60.0,103.0,,false
392,60.0,83.0,,false
393,60.0,100.0,,false
394,60.0,84.0,,false
395,60.0,109.0,,false
396,60.0,91.0,,false
397,100.0,238.0,,false
398,100.0,245.0,,false
399,900.0,9.0,,false
400,1150.0,13.0,,false
401,1000.0,6.0,,false
402,1350.0,48.0,,true
403,500.0,58.0,,true
404,5000.0,18.0,,true
405,2200.0,140.0,,true
406,3500.0,316.0,,true
407,5000.0,600.0,,true
408,500.0,160.0,,true
409,125.0,529.0,,true
410,40.0,364.0,,true
411,350.0,179.0,,true
412,500.0,171.0,,false
413,500.0,368.0,,false
414,3300.0,26.0,,false
415,3300.0,27.0,,false
416,3300.0,22.0,,false
417,60.0,219.0,,false
418,60.0,205.0,,false
419,60.0,240.0,,false
420,800.0,6.0,,false
421,60.0,92.0,,false
422,60.0,84.0,,false
423,60.0,102.0,,false
424,60.0,82.0,,false
425,60.0,104.0,,false
426,60.0,81.0,,false
427,60.0,103.0,,false
428,60.0,107.0,,false
429,100.0,182.0,,false
430,100.0,210.0,,false
431,900.0,9.0,,false
432,1150.0,16.0,,false
433,1000.0,7.0,,false
434,1350.0,48.0,,true
435,500.0,60.0,,true
436,5000.0,17.0,,true
437,2200.0,140.0,,true
438,3500.0,308.0,,true
439,5000.0,600.0,,true
440,500.0,158.0,,true
441,125.0,455.0,,true
442,40.0,444.0,,true
443,350.0,154.0,,true
444,500.0,176.0,,false
445,500.0,379.0,,false
446,3300.0,25.0,,false
447,3300.0,26.0,,false
448,3300.0,27.0,,false
449,60.0,190.0,,false
450,60.0,235.0,,false
451,60.0,242.0,,false
452,800.0,4.0,,false
453,60.0,111.0,,false
454,60.0,81.0,,false
455,60.0,92.0,,false
456,60.0,94.0,,false
457,60.0,114.0,,false
458,60.0,94.0,,false
459,60.0,94.0,,false
460,100.0,236.0,,false
461,100.0,219.0,,false
462,900.0,8.0,,false
463,1150.0,16.0,,false
464,1000.0,5.0,,false
465,1350.0,49.0,,true
466,500.0,57.0,,true
467,5000.0,18.0,,true
468,2200.0,138.0,,true
469,3500.0,369.0,,true
470,5000.0,600.0,,true
471,500.0,159.0,,true
472,125.0,527.0,,true
473,40.0,362.0,,true
474,350.0,146.0,,true
475,500.0,183.0,,false
476,500.0,309.0,,false
477,3300.0,25.0,,false
478,3300.0,30.0,,false
479,3300.0,23.0,,false
480,60.0,160.0,,false
481,60.0,156.0,,false
482,60.0,240.0,,false
483,60.0,171.0,,false
484,800.0,5.0,,false
485,60.0,118.0,,false
486,60.0,105.0,,false
487,60.0,104.0,,false
488,60.0,98.0,,false
489,60.0,106.0,,false
490,60.0,98.0,,false
491,60.0,94.0,,false
492,60.0,91.0,,false
493,60.0,102.0,,false
494,60.0,86.0,,false
495,100.0,214.0,,false
496,100.0,193.0,,false
497,900.0,10.0,,false
498,1150.0,16.0,,false
499,1000.0,7.0,,false
500,1350.0,47.0,,true
501,500.0,58.0,,true
502,5000.0,20.0,,true
503,2200.0,135.0,,true
504,3500.0,358.0,,true
505,5000.0,600.0,,true
506,500.0,157.0,,true
507,125.0,495.0,,true
508,40.0,422.0,,true
509,350.0,162.0,,true
510,500.0,177.0,,false
511,500.0,558.0,,false
512,3300.0,27.0,,false
513,3300.0,29.0,,false
514,3300.0,28.0,,false
515,60.0,224.0,,false
516,60.0,170.0,,false
517,60.0,240.0,,false
518,800.0,4.0,,false
519,60.0,93.0,,false
520,60.0,84.0,,false
521,60.0,87.0,,false
522,60.0,89.0,,false
523,60.0,103.0,,false
524,60.0,83.0,,false
525,60.0,87.0,,false
526,60.0,94.0,,false
527,60.0,96.0,,false
528,60.0,117.0,,false
529,100.0,181.0,,false
530,100.0,243.0,,false
531,900.0,9.0,,false
532,1150.0,16.0,,false
533,1000.0,7.0,,false
534,1350.0,46.0,,true
535,500.0,57.0,,true
536,5000.0,20.0,,true
537,2200.0,133.0,,true
538,3500.0,276.0,,true
539,5000.0,600.0,,true
540,500.0,147.0,,true
541,125.0,506.0,,true
542,40.0,435.0,,true
543,350.0,173.0,,true
544,500.0,188.0,,false
545,500.0,449.0,,false
546,3300.0,24.0,,false
547,3300.0,22.0,,false
548,3300.0,23.0,,false
549,60.0,173.0,,false
550,60.0,166.0,,false
551,60.0,235.0,,false
552,800.0,5.0,,false
553,60.0,102.0,,false
554,60.0,112.0,,false
555,60.0,115.0,,false
556,60.0,114.0,,false
557,60.0,89.0,,false
558,60.0,88.0,,false
559,100.0,240.0,,false
560,100.0,223.0,,false
561,900.0,8.0,,false
562,1150.0,16.0,,false
563,1000.0,7.0,,false
564,1350.0,48.0,,true
565,500.0,60.0,,true
566,5000.0,17.0,,true
567,2200.0,134.0,,true
568,3500.0,213.0,,true
569,5000.0,600.0,,true
570,500.0,149.0,,true
571,125.0,543.0,,true
572,40.0,373.0,,true
573,350.0,174.0,,true
574,500.0,198.0,,false
575,500.0,313.0,,false
576,3300.0,25.0,,false
577,3300.0,29.0,,false
578,3300.0,24.0,,false
579,60.0,196.0,,false
580,60.0,233.0,,false
581,60.0,155.0,,false
582,800.0,4.0,,false
583,60.0,91.0,,false
584,60.0,105.0,,false
585,60.0,87.0,,false
586,60.0,102.0,,false
587,60.0,99.0,,false
588,60.0,93.0,,false
589,60.0,106.0,,false
590,60.0,88.0,,false
591,60.0,115.0,,false
592,60.0,109.0,,false
593,100.0,221.0,,false
594,100.0,212.0,,false
595,900.0,8.0,,false
596,1150.0,15.0,,false
597,1000.0,7.0,,false
598,1350.0,47.0,,true
599,500.0,56.0,,true
600,5000.0,17.0,,true
601,2200.0,138.0,,true
602,3500.0,232.0,,true
603,5000.0,600.0,,true
604,500.0,141.0,,true
605,125.0,471.0,,true
606,40.0,385.0,,true
607,350.0,171.0,,true
608,500.0,172.0,,false
609,500.0,398.0,,false
610,3300.0,22.0,,false
611,3300.0,28.0,,false
612,3300.0,29.0,,false
613,60.0,156.0,,false
614,60.0,162.0,,false
615,60.0,182.0,,false
616,60.0,167.0,,false
617,800.0,6.0,,false
618,60.0,112.0,,false
619,60.0,81.0,,false
620,60.0,95.0,,false
621,60.0,101.0,,false
622,60.0,111.0,,false
623,60.0,107.0,,false
624,60.0,120.0,,false
625,60.0,91.0,,false
626,60.0,109.0,,false
627,100.0,193.0,,false
628,100.0,204.0,,false
629,900.0,7.0,,false
630,1150.0,16.0,,false
631,1000.0,5.0,,false
632,1350.0,49.0,,true
633,500.0,58.0,,true
634,5000.0,20.0,,true
635,2200.0,140.0,,true
636,3500.0,353.0,,true
637,5000.0,600.0,,true
638,500.0,160.0,,true
639,125.0,488.0,,true
640,40.0,365.0,,true
641,350.0,147.0,,true
642,500.0,179.0,,false
643,500.0,394.0,,false
644,3300.0,23.0,,false
645,3300.0,26.0,,false
646,3300.0,24.0,,false
647,60.0,160.0,,false
648,60.0,152.0,,false
649,60.0,158.0,,false
650,60.0,216.0,,false
651,800.0,5.0,,false
652,60.0,86.0,,false
653,60.0,116.0,,false
654,60.0,119.0,,false
655,60.0,112.0,,false
656,60.0,82.0,,false
657,60.0,85.0,,false
658,60.0,116.0,,false
659,60.0,117.0,,false
660,60.0,115.0,,false
661,100.0,245.0,,false
662,100.0,183.0,,false
663,900.0,9.0,,false
664,1150.0,16.0,,false
665,1000.0,7.0,,false
666,1350.0,46.0,,true
667,500.0,60.0,,true
668,5000.0,19.0,,true
669,2200.0,136.0,,true
670,3500.0,216.0,,true
671,5000.0,600.0,,true
672,500.0,146.0,,true
673,125.0,550.0,,true
674,40.0,436.0,,true
675,350.0,173.0,,true
676,500.0,187.0,,false
677,500.0,478.0,,false
678,3300.0,30.0,,false
679,3300.0,22.0,,false
680,3300.0,25.0,,false
681,60.0,154.0,,false
682,60.0,205.0,,false
683,60.0,204.0,,false
684,800.0,6.0,,false
685,60.0,113.0,,false
686,60.0,106.0,,false
687,60.0,85.0,,false
688,60.0,107.0,,false
689,60.0,101.0,,false
690,60.0,108.0,,false
691,60.0,81.0,,false
692,100.0,192.0,,false
693,100.0,191.0,,false
694,900.0,10.0,,false
695,1150.0,14.0,,false
696,1000.0,6.0,,false
697,1350.0,50.0,,true
698,500.0,60.0,,true
699,5000.0,18.0,,true
700,2200.0,131.0,,true
701,3500.0,293.0,,true
702,5000.0,600.0,,true
703,500.0,141.0,,true
704,125.0,456.0,,true
705,40.0,415.0,,true
706,350.0,169.0,,true
707,500.0,182.0,,false
708,500.0,486.0,,false
709,3300.0,22.0,,false
710,3300.0,21.0,,false
711,3300.0,21.0,,false
712,60.0,249.0,,false
713,60.0,249.0,,false
714,60.0,192.0,,false
715,60.0,234.0,,false
716,800.0,4.0,,false
717,60.0,94.0,,false
718,60.0,108.0,,false
719,60.0,110.0,,false
720,60.0,106.0,,false
721,60.0,98.0,,false
722,60.0,105.0,,false
723,60.0,109.0,,false
724,60.0,97.0,,false
725,100.0,192.0,,false
726,100.0,237.0,,false
727,900.0,7.0,,false
728,1150.0,18.0,,false
729,1000.0,8.0,,false
730,1350.0,47.0,,true
731,500.0,57.0,,true
732,5000.0,16.0,,true
733,2200.0,140.0,,true
734,3500.0,211.0,,true
735,5000.0,600.0,,true
736,500.0,144.0,,true
737,125.0,543.0,,true
738,40.0,381.0,,true
739,350.0,176.0,,true
740,500.0,171.0,,false
741,500.0,316.0,,false
742,3300.0,26.0,,false
743,3300.0,30.0,,false
744,3300.0,23.0,,false
745,60.0,225.0,,false
746,60.0,203.0,,false
747,60.0,220.0,,false
748,60.0,216.0,,false
749,800.0,6.0,,false
750,60.0,98.0,,false
751,60.0,106.0,,false
752,60.0,109.0,,false
753,60.0,81.0,,false
754,60.0,95.0,,false
755,60.0,94.0,,false
756,60.0,97.0,,false
757,60.0,114.0,,false
758,100.0,198.0,,false
759,100.0,192.0,,false
760,900.0,7.0,,false
761,1150.0,17.0,,false
762,1000.0,5.0,,false
763,1350.0,47.0,,true
764,500.0,58.0,,true
765,5000.0,17.0,,true
766,2200.0,134.0,,true
767,3500.0,385.0,,true
768,5000.0,600.0,,true
769,500.0,145.0,,true
770,125.0,510.0,,true
771,40.0,459.0,,true
772,350.0,146.0,,true
773,500.0,178.0,,false
774,500.0,463.0,,false
775,3300.0,24.0,,false
776,3300.0,21.0,,false
777,3300.0,22.0,,false
778,60.0,185.0,,false
779,60.0,211.0,,false
780,60.0,229.0,,false
781,60.0,221.0,,false
782,800.0,4.0,,false
783,60.0,113.0,,false
784,60.0,108.0,,false
785,60.0,111.0,,false
786,60.0,96.0,,false
787,60.0,93.0,,false
788,60.0,84.0,,false
789,60.0,94.0,,false
790,60.0,102.0,,false
791,60.0,111.0,,false
792,60.0,120.0,,false
793,100.0,238.0,,false
794,100.0,248.0,,false
795,900.0,9.0,,false
796,1150.0,14.0,,false
797,1000.0,6.0,,false
798,1350.0,47.0,,true
799,500.0,58.0,,true
800,5000.0,19.0,,true
801,2200.0,138.0,,true
802,3500.0,301.0,,true
803,5000.0,600.0,,true
804,500.0,158.0,,true
805,125.0,467.0,,true
806,40.0,443.0,,true
807,350.0,178.0,,true
808,500.0,176.0,,false
809,500.0,536.0,,false
810,3300.0,28.0,,false
811,3300.0,29.0,,false
812,3300.0,30.0,,false
813,60.0,236.0,,false
814,60.0,246.0,,false
815,60.0,159.0,,false
816,60.0,226.0,,false
817,800.0,5.0,,false
818,60.0,97.0,,false
819,60.0,86.0,,false
820,60.0,95.0,,false
821,60.0,87.0,,false
822,60.0,118.0,,false
823,60.0,101.0,,false
824,100.0,191.0,,false
825,100.0,190.0,,false
826,900.0,8.0,,false
827,1150.0,14.0,,false
828,1000.0,6.0,,false
829,1350.0,47.0,,true
830,500.0,60.0,,true
831,5000.0,19.0,,true
832,2200.0,134.0,,true
833,3500.0,323.0,,true
834,5000.0,600.0,,true
835,500.0,145.0,,true
836,125.0,501.0,,true
837,40.0,399.0,,true
838,350.0,178.0,,true
839,500.0,179.0,,false
840,500.0,351.0,,false
841,3300.0,30.0,,false
842,3300.0,28.0,,false
843,3300.0,25.0,,false
844,60.0,221.0,,false
845,60.0,239.0,,false
846,60.0,219.0,,false
847,800.0,5.0,,false
848,60.0,87.0,,false
849,60.0,107.0,,false
850,60.0,101.0,,false
851,60.0,115.0,,false
852,60.0,97.0,,false
853,60.0,104.0,,false
854,60.0,91.0,,false
855,100.0,185.0,,false
856,100.0,211.0,,false
857,900.0,10.0,,false
858,1150.0,18.0,,false
859,1000.0,8.0,,false
860,1350.0,48.0,,true
861,500.0,58.0,,true
862,5000.0,17.0,,true
863,2200.0,137.0,,true
864,3500.0,305.0,,true
865,5000.0,600.0,,true
866,500.0,146.0,,true
867,125.0,497.0,,true
868,40.0,387.0,,true
869,350.0,175.0,,true
870,500.0,185.0,,false
871,500.0,328.0,,false
872,3300.0,21.0,,false
873,3300.0,24.0,,false
874,3300.0,29.0,,false
875,60.0,250.0,,false
876,60.0,216.0,,false
877,60.0,214.0,,false
878,60.0,192.0,,false
879,800.0,4.0,,false
880,60.0,88.0,,false
881,60.0,117.0,,false
882,60.0,114.0,,false
883,60.0,81.0,,false
884,60.0,106.0,,false
885,60.0,114.0,,false
886,60.0,81.0,,false
887,100.0,181.0,,false
888,100.0,249.0,,false
889,900.0,10.0,,false
890,1150.0,14.0,,false
891,1000.0,5.0,,false
892,1350.0,50.0,,true
893,500.0,60.0,,true
894,5000.0,17.0,,true
895,2200.0,131.0,,true
896,3500.0,314.0,,true
897,5000.0,600.0,,true
898,500.0,153.0,,true
899,125.0,477.0,,true
900,40.0,377.0,,true
901,350.0,154.0,,true
902,500.0,176.0,,false
903,500.0,489.0,,false
904,3300.0,27.0,,false
905,3300.0,25.0,,false
906,3300.0,29.0,,false
907,60.0,213.0,,false
908,60.0,164.0,,false
909,60.0,157.0,,false
910,800.0,6.0,,false
911,60.0,112.0,,false
912,60.0,93.0,,false
913,60.0,117.0,,false
914,60.0,117.0,,false
915,60.0,105.0,,false
916,60.0,83.0,,false
917,60.0,97.0,,false
918,60.0,104.0,,false
919,100.0,249.0,,false
920,100.0,216.0,,false
921,900.0,10.0,,false
922,1150.0,14.0,,false
923,1000.0,5.0,,false
924,1350.0,47.0,,true
925,500.0,60.0,,true
926,5000.0,20.0,,true
927,2200.0,137.0,,true
928,3500.0,398.0,,true
929,5000.0,600.0,,true
930,500.0,157.0,,true
931,125.0,531.0,,true
932,40.0,398.0,,true
933,350.0,141.0,,true
934,500.0,194.0,,false
935,500.0,524.0,,false
936,3300.0,30.0,,false
937,3300.0,23.0,,false
938,3300.0,30.0,,false
939,60.0,166.0,,false
940,60.0,188.0,,false
941,60.0,190.0,,false
942,800.0,4.0,,false
943,60.0,94.0,,false
944,60.0,97.0,,false
945,60.0,93.0,,false
946,60.0,95.0,,false
947,60.0,87.0,,false
948,60.0,95.0,,false
949,60.0,91.0,,false
950,60.0,84.0,,false
951,60.0,89.0,,false
952,60.0,108.0,,false
953,100.0,193.0,,false
954,100.0,221.0,,false
955,900.0,9.0,,false
956,1150.0,16.0,,false
957,1000.0,7.0,,false
958,1350.0,48.0,,true
959,500.0,60.0,,true
960,5000.0,20.0,,true
961,2200.0,139.0,,true
962,3500.0,388.0,,true
963,5000.0,600.0,,true
964,500.0,156.0,,true
965,125.0,544.0,,true
966,40.0,363.0,,true
967,350.0,160.0,,true
968,500.0,175.0,,false
969,500.0,458.0,,false
970,3300.0,22.0,,false
971,3300.0,27.0,,false
972,3300.0,27.0,,false
973,60.0,176.0,,false
974,60.0,202.0,,false
975,60.0,175.0,,false
976,60.0,199.0,,false
977,800.0,6.0,,false
978,60.0,97.0,,false
979,60.0,98.0,,false
980,60.0,112.0,,false
981,60.0,114.0,,false
982,60.0,89.0,,false
983,60.0,94.0,,false
984,60.0,109.0,,false
985,100.0,195.0,,false
986,100.0,245.0,,false
987,900.0,9.0,,false
988,1150.0,17.0,,false
989,1000.0,7.0,,false
990,1350.0,47.0,,true
991,500.0,58.0,,true
992,5000.0,18.0,,true
993,2200.0,139.0,,true
994,3500.0,318.0,,true
995,5000.0,600.0,,true
996,500.0,141.0,,true
997,125.0,453.0,,true
998,40.0,353.0,,true
999,350.0,161.0,,true
1000,500.0,199.0,,false
1001,500.0,379.0,,false
1002,3300.0,24.0,,false
1003,3300.0,23.0,,false
1004,3300.0,26.0,,false
1005,60.0,182.0,,false
1006,60.0,209.0,,false
1007,60.0,219.0,,false
1008,60.0,227.0,,false
1009,800.0,6.0,,false
1010,60.0,115.0,,false
1011,60.0,89.0,,false
1012,60.0,118.0,,false
1013,60.0,115.0,,false
1014,60.0,114.0,,false
1015,60.0,105.0,,false
1016,60.0,85.0,,false
1017,100.0,224.0,,false
1018,100.0,199.0,,false
1019,900.0,8.0,,false
1020,1150.0,16.0,,false
1021,1000.0,5.0,,false
1022,1350.0,48.0,,true
1023,500.0,58.0,,true
1024,5000.0,17.0,,true
1025,2200.0,137.0,,true
1026,3500.0,258.0,,true
1027,5000.0,600.0,,true
1028,500.0,150.0,,true
1029,125.0,505.0,,true
1030,40.0,421.0,,true
1031,350.0,163.0,,true
1032,500.0,177.0,,false
1033,500.0,537.0,,false
1034,3300.0,24.0,,false
1035,3300.0,27.0,,false
1036,3300.0,21.0,,false
1037,60.0,226.0,,false
1038,60.0,237.0,,false
1039,60.0,195.0,,false
1040,800.0,5.0,,false
1041,60.0,102.0,,false
1042,60.0,110.0,,false
1043,60.0,113.0,,false
1044,60.0,111.0,,false
1045,60.0,87.0,,false
1046,60.0,111.0,,false
1047,60.0,110.0,,false
1048,60.0,118.0,,false
1049,100.0,222.0,,false
1050,100.0,242.0,,false
1051,900.0,9.0,,false
1052,1150.0,17.0,,false
1053,1000.0,7.0,,false
1054,1350.0,50.0,,true
1055,500.0,56.0,,true
1056,5000.0,18.0,,true
1057,2200.0,132.0,,true
1058,3500.0,353.0,,true
1059,5000.0,600.0,,true
1060,500.0,141.0,,true
1061,125.0,518.0,,true
1062,40.0,418.0,,true
1063,350.0,166.0,,true
1064,500.0,176.0,,false
1065,500.0,540.0,,false
1066,3300.0,27.0,,false
1067,3300.0,26.0,,false
1068,3300.0,28.0,,false
1069,60.0,193.0,,false
1070,60.0,162.0,,false
1071,60.0,243.0,,false
1072,60.0,198.0,,false
1073,800.0,4.0,,false
1074,60.0,83.0,,false
1075,60.0,103.0,,false
1076,60.0,97.0,,false
1077,60.0,117.0,,false
1078,60.0,120.0,,false
1079,60.0,110.0,,false
1080,60.0,102.0,,false
1081,60.0,108.0,,false
1082,60.0,99.0,,false
1083,100.0,233.0,,false
1084,100.0,201.0,,false
1085,900.0,9.0,,false
1086,1150.0,17.0,,false
1087,1000.0,6.0,,false
1088,1350.0,46.0,,true
1089,500.0,58.0,,true
1090,5000.0,19.0,,true
1091,2200.0,137.0,,true
1092,3500.0,302.0,,true
1093,5000.0,600.0,,true
1094,500.0,155.0,,true
1095,125.0,493.0,,true
1096,40.0,390.0,,true
1097,350.0,162.0,,true
1098,500.0,177.0,,false
1099,500.0,308.0,,false
1100,3300.0,25.0,,false
1101,3300.0,25.0,,false
1102,3300.0,23.0,,false
1103,60.0,197.0,,false
1104,60.0,159.0,,false
1105,60.0,223.0,,false
1106,800.0,4.0,,false
1107,60.0,85.0,,false
1108,60.0,86.0,,false
1109,60.0,100.0,,false
1110,60.0,93.0,,false
1111,60.0,87.0,,false
1112,60.0,89.0,,false
1113,100.0,230.0,,false
1114,100.0,243.0,,false
1115,900.0,8.0,,false
1116,1150.0,16.0,,false
1117,1000.0,7.0,,false
1118,1350.0,50.0,,true
1119,500.0,60.0,,true
1120,5000.0,19.0,,true
1121,2200.0,140.0,,true
1122,3500.0,348.0,,true
1123,5000.0,600.0,,true
1124,500.0,156.0,,true
1125,125.0,471.0,,true
1126,40.0,426.0,,true
1127,350.0,150.0,,true
1128,500.0,191.0,,false
1129,500.0,598.0,,false
1130,3300.0,27.0,,false
1131,3300.0,25.0,,false
1132,3300.0,25.0,,false
1133,60.0,236.0,,false
1134,60.0,246.0,,false
1135,60.0,160.0,,false
1136,800.0,6.0,,false
1137,60.0,106.0,,false
1138,60.0,115.0,,false
1139,60.0,105.0,,false
1140,60.0,88.0,,false
1141,60.0,82.0,,false
1142,60.0,84.0,,false
1143,60.0,112.0,,false
1144,60.0,82.0,,false
1145,100.0,206.0,,false
1146,100.0,202.0,,false
1147,900.0,7.0,,false
1148,1150.0,16.0,,false
1149,1000.0,5.0,,false
1150,1350.0,46.0,,true
1151,500.0,59.0,,true
1152,5000.0,18.0,,true
1153,2200.0,138.0,,true
1154,3500.0,241.0,,true
1155,5000.0,600.0,,true
1156,500.0,150.0,,true
1157,125.0,475.0,,true
1158,40.0,371.0,,true
1159,350.0,160.0,,true
1160,500.0,196.0,,false
1161,500.0,350.0,,false
1162,3300.0,29.0,,false
1163,3300.0,22.0,,false
1164,3300.0,24.0,,false
1165,60.0,213.0,,false
1166,60.0,185.0,,false
1167,60.0,209.0,,false
1168,800.0,6.0,,false
1169,60.0,98.0,,false
1170,60.0,96.0,,false
1171,60.0,120.0,,false
1172,60.0,89.0,,false
1173,60.0,84.0,,false
1174,60.0,92.0,,false
1175,100.0,212.0,,false
1176,100.0,227.0,,false
1177,900.0,10.0,,false
1178,1150.0,17.0,,false
1179,1000.0,8.0,,false
1180,1350.0,47.0,,true
1181,500.0,56.0,,true
1182,5000.0,18.0,,true
1183,2200.0,132.0,,true
1184,3500.0,223.0,,true
1185,5000.0,600.0,,true
1186,500.0,152.0,,true
1187,125.0,523.0,,true
1188,40.0,374.0,,true
1189,350.0,155.0,,true
1190,500.0,179.0,,false
1191,500.0,587.0,,false
1192,3300.0,29.0,,false
1193,3300.0,24.0,,false
1194,3300.0,28.0,,false
1195,60.0,238.0,,false
1196,60.0,173.0,,false
1197,60.0,181.0,,false
1198,60.0,152.0,,false
1199,800.0,6.0,,false
1200,60.0,97.0,,false
1201,60.0,87.0,,false
1202,60.0,108.0,,false
1203,60.0,92.0,,false
1204,60.0,111.0,,false
1205,60.0,118.0,,false
1206,100.0,218.0,,false
1207,100.0,227.0,,false
1208,900.0,8.0,,false
1209,1150.0,16.0,,false
1210,1000.0,5.0,,false
1211,1350.0,47.0,,true
1212,500.0,57.0,,true
1213,5000.0,17.0,,true
1214,2200.0,137.0,,true
1215,3500.0,291.0,,true
1216,5000.0,600.0,,true
1217,500.0,150.0,,true
1218,125.0,486.0,,true
1219,40.0,445.0,,true
1220,350.0,154.0,,true
1221,500.0,182.0,,false
1222,500.0,496.0,,false
1223,3300.0,27.0,,false
1224,3300.0,26.0,,false
1225,3300.0,21.0,,false
1226,60.0,193.0,,false
1227,60.0,240.0,,false
1228,60.0,199.0,,false
1229,800.0,6.0,,false
1230,60.0,95.0,,false
1231,60.0,100.0,,false
1232,60.0,94.0,,false
1233,60.0,115.0,,false
1234,60.0,93.0,,false
1235,60.0,100.0,,false
1236,60.0,92.0,,false
1237,100.0,243.0,,false
1238,100.0,222.0,,false
1239,900.0,8.0,,false
1240,1150.0,14.0,,false
1241,1000.0,8.0,,false
1242,1350.0,49.0,,true
1243,500.0,57.0,,true
1244,5000.0,20.0,,true
1245,2200.0,139.0,,true
1246,3500.0,310.0,,true
1247,5000.0,600.0,,true
1248,500.0,143.0,,true
1249,125.0,481.0,,true
1250,40.0,366.0,,true
1251,350.0,173.0,,true
1252,500.0,198.0,,false
1253,500.0,432.0,,false
1254,3300.0,30.0,,false
1255,3300.0,30.0,,false
1256,3300.0,24.0,,false
1257,60.0,155.0,,false
1258,60.0,207.0,,false
1259,60.0,247.0,,false
1260,60.0,185.0,,false
1261,800.0,6.0,,false
1262,60.0,106.0,,false
1263,60.0,91.0,,false
1264,60.0,117.0,,false
1265,60.0,98.0,,false
1266,60.0,86.0,,false
1267,60.0,87.0,,false
1268,60.0,97.0,,false
1269,100.0,202.0,,false
1270,100.0,208.0,,false
1271,900.0,8.0,,false
1272,1150.0,18.0,,false
1273,1000.0,5.0,,false
1274,1350.0,49.0,,true
1275,500.0,57.0,,true
1276,5000.0,16.0,,true
1277,2200.0,131.0,,true
1278,3500.0,323.0,,true
1279,5000.0,600.0,,true
1280,500.0,151.0,,true
1281,125.0,509.0,,true
1282,40.0,450.0,,true
1283,350.0,150.0,,true
1284,500.0,176.0,,false
1285,500.0,549.0,,false
1286,3300.0,26.0,,false
1287,3300.0,23.0,,false
1288,3300.0,24.0,,false
1289,60.0,228.0,,false
1290,60.0,250.0,,false
1291,60.0,164.0,,false
1292,60.0,182.0,,false
1293,800.0,6.0,,false
1294,60.0,92.0,,false
1295,60.0,81.0,,false
1296,60.0,93.0,,false
1297,60.0,99.0,,false
1298,60.0,93.0,,false
1299,60.0,85.0,,false
1300,60.0,108.0,,false
1301,100.0,236.0,,false
1302,100.0,225.0,,false
1303,900.0,9.0,,false
1304,1150.0,16.0,,false
1305,1000.0,6.0,,false
1306,1350.0,47.0,,true
1307,500.0,59.0,,true
1308,5000.0,20.0,,true
1309,2200.0,134.0,,true
1310,3500.0,296.0,,true
1311,5000.0,600.0,,true
1312,500.0,148.0,,true
1313,125.0,461.0,,true
1314,40.0,431.0,,true
1315,350.0,158.0,,true
1316,500.0,178.0,,false
1317,500.0,309.0,,false
1318,3300.0,24.0,,false
1319,3300.0,26.0,,false
1320,3300.0,24.0,,false
1321,60.0,238.0,,false
1322,60.0,222.0,,false
1323,60.0,201.0,,false
1324,60.0,187.0,,false
1325,800.0,5.0,,false
1326,60.0,97.0,,false
1327,60.0,81.0,,false
1328,60.0,82.0,,false
1329,60.0,120.0,,false
1330,60.0,105.0,,false
1331,60.0,91.0,,false
1332,100.0,230.0,,false
1333,100.0,189.0,,false
1334,900.0,9.0,,false
1335,1150.0,17.0,,false
1336,1000.0,7.0,,false
1337,1350.0,50.0,,true
1338,500.0,59.0,,true
1339,5000.0,18.0,,true
1340,2200.0,136.0,,true
1341,3500.0,204.0,,true
1342,5000.0,600.0,,true
1343,500.0,157.0,,true
1344,125.0,482.0,,true
1345,40.0,438.0,,true
1346,350.0,161.0,,true
1347,500.0,194.0,,false
1348,500.0,428.0,,false
1349,3300.0,22.0,,false
1350,3300.0,22.0,,false
1351,3300.0,26.0,,false
1352,60.0,202.0,,false
1353,60.0,155.0,,false
1354,60.0,160.0,,false
1355,800.0,5.0,,false
1356,60.0,87.0,,false
1357,60.0,107.0,,false
1358,60.0,106.0,,false
1359,60.0,104.0,,false
1360,60.0,109.0,,false
1361,60.0,83.0,,false
1362,60.0,102.0,,false
1363,60.0,85.0,,false
1364,60.0,108.0,,false
1365,60.0,99.0,,false
1366,100.0,225.0,,false
1367,100.0,182.0,,false
1368,900.0,10.0,,false
1369,1150.0,14.0,,false
1370,1000.0,7.0,,false
1371,1350.0,50.0,,true
1372,500.0,57.0,,true
1373,5000.0,18.0,,true
1374,2200.0,136.0,,true
1375,3500.0,320.0,,true
1376,5000.0,600.0,,true
1377,500.0,146.0,,true
1378,125.0,520.0,,true
1379,40.0,422.0,,true
1380,350.0,180.0,,true
1381,500.0,190.0,,false
1382,500.0,437.0,,false
1383,3300.0,30.0,,false
1384,3300.0,28.0,,false
1385,3300.0,25.0,,false
1386,60.0,163.0,,false
1387,60.0,191.0,,false
1388,60.0,249.0,,false
1389,60.0,167.0,,false
1390,800.0,5.0,,false
1391,60.0,102.0,,false
1392,60.0,81.0,,false
1393,60.0,111.0,,false
1394,60.0,98.0,,false
1395,60.0,103.0,,false
1396,60.0,96.0,,false
1397,60.0,111.0,,false
1398,60.0,97.0,,false
1399,60.0,100.0,,false
1400,60.0,101.0,,false
1401,100.0,229.0,,false
1402,100.0,197.0,,false
1403,900.0,9.0,,false
1404,1150.0,15.0,,false
1405,1000.0,6.0,,false
1406,1350.0,46.0,,true
1407,500.0,56.0,,true
1408,5000.0,17.0,,true
1409,2200.0,139.0,,true
1410,3500.0,259.0,,true
1411,5000.0,600.0,,true
1412,500.0,153.0,,true
1413,125.0,492.0,,true
1414,40.0,379.0,,true
1415,350.0,156.0,,true
1416,500.0,191.0,,false
1417,500.0,478.0,,false
1418,3300.0,25.0,,false
1419,3300.0,30.0,,false
1420,3300.0,27.0,,false
1421,60.0,212.0,,false
1422,60.0,233.0,,false
1423,60.0,215.0,,false
1424,800.0,4.0,,false
1425,60.0,104.0,,false
1426,60.0,99.0,,false
1427,60.0,85.0,,false
1428,60.0,107.0,,false
1429,60.0,84.0,,false
1430,60.0,86.0,,false
1431,60.0,91.0,,false
1432,60.0,91.0,,false
1433,60.0,117.0,,false
1434,60.0,87.0,,false
1435,100.0,230.0,,false
1436,100.0,225.0,,false
1437,900.0,8.0,,false
1438,1150.0,13.0,,false
1439,1000.0,7.0,,false
1440,1350.0,46.0,,true
1441,500.0,56.0,,true
1442,5000.0,19.0,,true
1443,2200.0,140.0,,true
1444,3500.0,329.0,,true
1445,5000.0,600.0,,true
1446,500.0,153.0,,true
1447,125.0,466.0,,true
1448,40.0,425.0,,true
1449,350.0,170.0,,true
1450,500.0,184.0,,false
1451,500.0,542.0,,false
1452,3300.0,25.0,,false
1453,3300.0,24.0,,false
1454,3300.0,22.0,,false
1455,60.0,167.0,,false
1456,60.0,215.0,,false
1457,60.0,154.0,,false
1458,800.0,6.0,,false
1459,60.0,115.0,,false
1460,60.0,108.0,,false
1461,60.0,88.0,,false
1462,60.0,95.0,,false
1463,60.0,91.0,,false
1464,60.0,97.0,,false
1465,100.0,221.0,,false
1466,100.0,232.0,,false
1467,900.0,10.0,,false
1468,1150.0,13.0,,false
1469,1000.0,5.0,,false
1470,1350.0,49.0,,true
1471,500.0,59.0,,true
1472,5000.0,16.0,,true
1473,2200.0,131.0,,true
1474,3500.0,227.0,,true
1475,5000.0,600.0,,true
1476,500.0,146.0,,true
1477,125.0,523.0,,true
1478,40.0,379.0,,true
1479,350.0,180.0,,true
1480,500.0,194.0,,false
1481,500.0,582.0,,false
1482,3300.0,27.0,,false
1483,3300.0,27.0,,false
1484,3300.0,27.0,,false
1485,60.0,183.0,,false
1486,60.0,242.0,,false
1487,60.0,198.0,,false
1488,800.0,4.0,,false
1489,60.0,89.0,,false
1490,60.0,92.0,,false
1491,60.0,113.0,,false
1492,60.0,81.0,,false
1493,60.0,89.0,,false
1494,60.0,95.0,,false
1495,60.0,101.0,,false
1496,100.0,216.0,,false
1497,100.0,242.0,,false
1498,900.0,8.0,,false
1499,1150.0,17.0,,false
1500,1000.0,8.0,,false
1501,1350.0,49.0,,true
1502,500.0,58.0,,true
1503,5000.0,18.0,,true
1504,2200.0,136.0,,true
1505,3500.0,238.0,,true
1506,5000.0,600.0,,true
1507,500.0,151.0,,true
1508,125.0,463.0,,true
1509,40.0,431.0,,true
1510,350.0,153.0,,true
1511,500.0,189.0,,false
1512,500.0,470.0,,false
1513,3300.0,26.0,,false
1514,3300.0,23.0,,false
1515,3300.0,25.0,,false
1516,60.0,197.0,,false
1517,60.0,232.0,,false
1518,60.0,161.0,,false
1519,800.0,4.0,,false
1520,60.0,93.0,,false
1521,60.0,96.0,,false
1522,60.0,86.0,,false
1523,60.0,106.0,,false
1524,60.0,113.0,,false
1525,60.0,98.0,,false
1526,60.0,116.0,,false
1527,100.0,212.0,,false
1528,100.0,229.0,,false
1529,900.0,8.0,,false
1530,1150.0,13.0,,false
1531,1000.0,6.0,,false
1532,1350.0,46.0,,true
1533,500.0,58.0,,true
1534,5000.0,20.0,,true
1535,2200.0,133.0,,true
1536,3500.0,226.0,,true
1537,5000.0,600.0,,true
1538,500.0,156.0,,true
1539,125.0,526.0,,true
1540,40.0,380.0,,true
1541,350.0,157.0,,true
1542,500.0,176.0,,false
1543,500.0,534.0,,false
1544,3300.0,21.0,,false
1545,3300.0,22.0,,false
1546,3300.0,22.0,,false
1547,60.0,185.0,,false
1548,60.0,151.0,,false
1549,60.0,163.0,,false
1550,800.0,6.0,,false
1551,60.0,84.0,,false
1552,60.0,112.0,,false
1553,60.0,117.0,,false
1554,60.0,110.0,,false
1555,60.0,89.0,,false
1556,60.0,85.0,,false
1557,100.0,188.0,,false
1558,100.0,203.0,,false
1559,900.0,9.0,,false
1560,1150.0,18.0,,false
1561,1000.0,7.0,,false
1562,1350.0,46.0,,true
1563,500.0,58.0,,true
1564,5000.0,17.0,,true
1565,2200.0,132.0,,true
1566,3500.0,291.0,,true
1567,5000.0,600.0,,true
1568,500.0,158.0,,true
1569,125.0,529.0,,true
1570,40.0,405.0,,true
1571,350.0,170.0,,true
1572,500.0,199.0,,false
1573,500.0,422.0,,false
1574,3300.0,25.0,,false
1575,3300.0,27.0,,false
1576,3300.0,29.0,,false
1577,60.0,233.0,,false
1578,60.0,166.0,,false
1579,60.0,190.0,,false
1580,800.0,4.0,,false
1581,60.0,97.0,,false
1582,60.0,90.0,,false
1583,60.0,97.0,,false
1584,60.0,101.0,,false
1585,60.0,113.0,,false
1586,60.0,102.0,,false
1587,60.0,105.0,,false
1588,60.0,87.0,,false
1589,60.0,91.0,,false
1590,60.0,91.0,,false
1591,100.0,239.0,,false
1592,100.0,238.0,,false
1593,900.0,9.0,,false
1594,1150.0,14.0,,false
1595,1000.0,7.0,,false
1596,1350.0,49.0,,true
1597,500.0,56.0,,true
1598,5000.0,17.0,,true
1599,2200.0,136.0,,true
1600,3500.0,290.0,,true
1601,5000.0,600.0,,true
1602,500.0,148.0,,true
1603,125.0,486.0,,true
1604,40.0,439.0,,true
1605,350.0,179.0,,true
1606,500.0,173.0,,false
1607,500.0,404.0,,false
1608,3300.0,26.0,,false
1609,3300.0,21.0,,false
1610,3300.0,30.0,,false
1611,60.0,225.0,,false
1612,60.0,187.0,,false
1613,60.0,184.0,,false
1614,60.0,216.0,,false
1615,800.0,5.0,,false
1616,60.0,95.0,,false
1617,60.0,99.0,,false
1618,60.0,111.0,,false
1619,60.0,113.0,,false
1620,60.0,101.0,,false
1621,60.0,95.0,,false
1622,100.0,194.0,,false
1623,100.0,211.0,,false
1624,900.0,8.0,,false
1625,1150.0,14.0,,false
1626,1000.0,5.0,,false
1627,1350.0,48.0,,true
1628,500.0,56.0,,true
1629,5000.0,18.0,,true
1630,2200.0,134.0,,true
1631,3500.0,383.0,,true
1632,5000.0,600.0,,true
1633,500.0,154.0,,true
1634,125.0,544.0,,true
1635,40.0,390.0,,true
1636,350.0,155.0,,true
1637,500.0,197.0,,false
1638,500.0,389.0,,false
1639,3300.0,29.0,,false
1640,3300.0,21.0,,false
1641,3300.0,30.0,,false
1642,60.0,242.0,,false
1643,60.0,178.0,,false
1644,60.0,214.0,,false
1645,800.0,4.0,,false
1646,60.0,90.0,,false
1647,60.0,84.0,,false
1648,60.0,84.0,,false
1649,60.0,84.0,,false
1650,60.0,99.0,,false
1651,60.0,93.0,,false
1652,60.0,115.0,,false
1653,60.0,114.0,,false
1654,100.0,207.0,,false
1655,100.0,190.0,,false
1656,900.0,10.0,,false
1657,1150.0,16.0,,false
1658,1000.0,7.0,,false
1659,1350.0,46.0,,true
1660,500.0,59.0,,true
1661,5000.0,20.0,,true
1662,2200.0,139.0,,true
1663,3500.0,341.0,,true
1664,5000.0,600.0,,true
1665,500.0,152.0,,true
1666,125.0,533.0,,true
1667,40.0,414.0,,true
1668,350.0,162.0,,true
1669,500.0,187.0,,false
1670,500.0,413.0,,false
1671,3300.0,24.0,,false
1672,3300.0,23.0,,false
1673,3300.0,25.0,,false
1674,60.0,210.0,,false
1675,60.0,176.0,,false
1676,60.0,210.0,,false
1677,800.0,5.0,,false
1678,60.0,96.0,,false
1679,60.0,119.0,,false
1680,60.0,95.0,,false
1681,60.0,109.0,,false
1682,60.0,118.0,,false
1683,60.0,93.0,,false
1684,60.0,85.0,,false
1685,100.0,204.0,,false
1686,100.0,244.0,,false
1687,900.0,8.0,,false
1688,1150.0,13.0,,false
1689,1000.0,6.0,,false
1690,1350.0,49.0,,true
1691,500.0,59.0,,true
1692,5000.0,17.0,,true
1693,2200.0,132.0,,true
1694,3500.0,281.0,,true
1695,5000.0,600.0,,true
1696,500.0,154.0,,true
1697,125.0,454.0,,true
1698,40.0,403.0,,true
1699,350.0,158.0,,true
1700,500.0,192.0,,false
1701,500.0,301.0,,false
1702,3300.0,29.0,,false
1703,3300.0,30.0,,false
1704,3300.0,28.0,,false
1705,60.0,191.0,,false
1706,60.0,237.0,,false
1707,60.0,195.0,,false
1708,60.0,172.0,,false
1709,800.0,4.0,,false
1710,60.0,82.0,,false
1711,60.0,81.0,,false
1712,60.0,110.0,,false
1713,60.0,97.0,,false
1714,60.0,86.0,,false
1715,60.0,81.0,,false
1716,60.0,86.0,,false
1717,60.0,96.0,,false
1718,100.0,249.0,,false
1719,100.0,184.0,,false
1720,900.0,9.0,,false
1721,1150.0,16.0,,false
1722,1000.0,6.0,,false
1723,1350.0,49.0,,true
1724,500.0,58.0,,true
1725,5000.0,20.0,,true
1726,2200.0,137.0,,true
1727,3500.0,369.0,,true
1728,5000.0,600.0,,true
1729,500.0,149.0,,true
1730,125.0,465.0,,true
1731,40.0,378.0,,true
1732,350.0,146.0,,true
1733,500.0,183.0,,false
1734,500.0,309.0,,false
1735,3300.0,22.0,,false
1736,3300.0,26.0,,false
1737,3300.0,26.0,,false
1738,60.0,161.0,,false
1739,60.0,220.0,,false
1740,60.0,151.0,,false
1741,60.0,194.0,,false
1742,800.0,6.0,,false
1743,60.0,112.0,,false
1744,60.0,102.0,,false
1745,60.0,99.0,,false
1746,60.0,102.0,,false
1747,60.0,113.0,,false
1748,60.0,101.0,,false
1749,60.0,113.0,,false
1750,60.0,96.0,,false
1751,60.0,118.0,,false
1752,60.0,81.0,,false
1753,100.0,195.0,,false
1754,100.0,202.0,,false
1755,900.0,8.0,,false
1756,1150.0,15.0,,false
1757,1000.0,7.0,,false
1758,1350.0,47.0,,true
1759,500.0,59.0,,true
1760,5000.0,20.0,,true
1761,2200.0,136.0,,true
1762,3500.0,261.0,,true
1763,5000.0,600.0,,true
1764,500.0,146.0,,true
1765,125.0,464.0,,true
1766,40.0,456.0,,true
1767,350.0,176.0,,true
1768,500.0,177.0,,false
1769,500.0,454.0,,false
1770,3300.0,23.0,,false
1771,3300.0,21.0,,false
1772,3300.0,27.0,,false
1773,60.0,204.0,,false
1774,60.0,187.0,,false
1775,60.0,189.0,,false
1776,60.0,168.0,,false
1777,800.0,5.0,,false
1778,60.0,97.0,,false
1779,60.0,116.0,,false
1780,60.0,107.0,,false
1781,60.0,113.0,,false
1782,60.0,82.0,,false
1783,60.0,108.0,,false
1784,100.0,241.0,,false
1785,100.0,184.0,,false
1786,900.0,8.0,,false
1787,1150.0,18.0,,false
1788,1000.0,8.0,,false
1789,1350.0,48.0,,true
1790,500.0,57.0,,true
1791,5000.0,18.0,,true
1792,2200.0,137.0,,true
1793,3500.0,204.0,,true
1794,5000.0,600.0,,true
1795,500.0,148.0,,true
1796,125.0,475.0,,true
1797,40.0,380.0,,true
1798,350.0,157.0,,true
1799,500.0,191.0,,false
1800,500.0,561.0,,false
1801,3300.0,25.0,,false
1802,3300.0,29.0,,false
1803,3300.0,28.0,,false
1804,60.0,183.0,,false
1805,60.0,153.0,,false
1806,60.0,161.0,,false
1807,800.0,5.0,,false
1808,60.0,101.0,,false
1809,60.0,117.0,,false
1810,60.0,81.0,,false
1811,60.0,93.0,,false
1812,60.0,93.0,,false
1813,60.0,94.0,,false
1814,60.0,81.0,,false
1815,60.0,90.0,,false
1816,60.0,103.0,,false
1817,60.0,112.0,,false
1818,100.0,192.0,,false
1819,100.0,212.0,,false
1820,900.0,8.0,,false
1821,1150.0,18.0,,false
1822,1000.0,7.0,,false
1823,1350.0,49.0,,true
1824,500.0,60.0,,true
1825,5000.0,17.0,,true
1826,2200.0,133.0,,true
1827,3500.0,350.0,,true
1828,5000.0,600.0,,true
1829,500.0,157.0,,true
1830,125.0,462.0,,true
1831,40.0,369.0,,true
1832,350.0,147.0,,true
1833,500.0,183.0,,false
1834,500.0,324.0,,false
1835,3300.0,28.0,,false
1836,3300.0,21.0,,false
1837,3300.0,27.0,,false
1838,60.0,211.0,,false
1839,60.0,205.0,,false
1840,60.0,210.0,,false
1841,60.0,219.0,,false
1842,800.0,4.0,,false
1843,60.0,110.0,,false
1844,60.0,114.0,,false
1845,60.0,91.0,,false
1846,60.0,91.0,,false
1847,60.0,115.0,,false
1848,60.0,119.0,,false
1849,60.0,107.0,,false
1850,60.0,108.0,,false
1851,60.0,120.0,,false
1852,100.0,228.0,,false
1853,100.0,219.0,,false
1854,900.0,9.0,,false
1855,1150.0,18.0,,false
1856,1000.0,8.0,,false
1857,1350.0,50.0,,true
1858,500.0,60.0,,true
1859,5000.0,19.0,,true
1860,2200.0,135.0,,true
1861,3500.0,386.0,,true
1862,5000.0,600.0,,true
1863,500.0,157.0,,true
1864,125.0,456.0,,true
1865,40.0,407.0,,true
1866,350.0,145.0,,true
1867,500.0,194.0,,false
1868,500.0,516.0,,false
1869,3300.0,23.0,,false
1870,3300.0,26.0,,false
1871,3300.0,23.0,,false
1872,60.0,206.0,,false
1873,60.0,160.0,,false
1874,60.0,243.0,,false
1875,800.0,6.0,,false
1876,60.0,101.0,,false
1877,60.0,83.0,,false
1878,60.0,93.0,,false
1879,60.0,115.0,,false
1880,60.0,82.0,,false
1881,60.0,99.0,,false
1882,100.0,207.0,,false
1883,100.0,227.0,,false
1884,900.0,8.0,,false
1885,1150.0,17.0,,false
1886,1000.0,5.0,,false
1887,1350.0,49.0,,true
1888,500.0,58.0,,true
1889,5000.0,16.0,,true
1890,2200.0,138.0,,true
1891,3500.0,364.0,,true
1892,5000.0,600.0,,true
1893,500.0,146.0,,true
1894,125.0,502.0,,true
1895,40.0,450.0,,true
1896,350.0,171.0,,true
1897,500.0,196.0,,false
1898,500.0,453.0,,false
1899,3300.0,28.0,,false
1900,3300.0,24.0,,false
1901,3300.0,22.0,,false
1902,60.0,219.0,,false
1903,60.0,223.0,,false
1904,60.0,213.0,,false
1905,800.0,4.0,,false
1906,60.0,102.0,,false
1907,60.0,110.0,,false
1908,60.0,83.0,,false
1909,60.0,98.0,,false
1910,60.0,83.0,,false
1911,60.0,114.0,,false
1912,100.0,207.0,,false
1913,100.0,226.0,,false
1914,900.0,10.0,,false
1915,1150.0,15.0,,false
1916,1000.0,5.0,,false
1917,1350.0,47.0,,true
1918,500.0,58.0,,true
1919,5000.0,17.0,,true
1920,2200.0,134.0,,true
1921,3500.0,247.0,,true
1922,5000.0,600.0,,true
1923,500.0,150.0,,true
1924,125.0,488.0,,true
1925,40.0,441.0,,true
1926,350.0,177.0,,true
1927,500.0,180.0,,false
1928,500.0,374.0,,false
1929,3300.0,29.0,,false
1930,3300.0,25.0,,false
1931,3300.0,21.0,,false
1932,60.0,240.0,,false
1933,60.0,197.0,,false
1934,60.0,198.0,,false
1935,800.0,6.0,,false
1936,60.0,108.0,,false
1937,60.0,106.0,,false
1938,60.0,109.0,,false
1939,60.0,104.0,,false
1940,60.0,110.0,,false
1941,60.0,87.0,,false
1942,100.0,241.0,,false
1943,100.0,196.0,,false
1944,900.0,7.0,,false
1945,1150.0,18.0,,false
1946,1000.0,7.0,,false
1947,1350.0,50.0,,true
1948,500.0,60.0,,true
1949,5000.0,17.0,,true
1950,2200.0,137.0,,true
1951,3500.0,400.0,,true
1952,5000.0,600.0,,true
1953,500.0,156.0,,true
1954,125.0,548.0,,true
1955,40.0,418.0,,true
1956,350.0,149.0,,true
1957,500.0,176.0,,false
1958,500.0,584.0,,false
1959,3300.0,27.0,,false
1960,3300.0,28.0,,false
1961,3300.0,24.0,,false
1962,60.0,224.0,,false
1963,60.0,158.0,,false
1964,60.0,242.0,,false
1965,60.0,151.0,,false
1966,800.0,6.0,,false
1967,60.0,109.0,,false
1968,60.0,111.0,,false
1969,60.0,93.0,,false
1970,60.0,98.0,,false
1971,60.0,105.0,,false
1972,60.0,89.0,,false
1973,60.0,115.0,,false
1974,60.0,89.0,,false
1975,60.0,100.0,,false
1976,60.0,117.0,,false
1977,100.0,200.0,,false
1978,100.0,212.0,,false
1979,900.0,7.0,,false
1980,1150.0,15.0,,false
1981,1000.0,5.0,,false
1982,1350.0,46.0,,true
1983,500.0,58.0,,true
1984,5000.0,20.0,,true
1985,2200.0,139.0,,true
1986,3500.0,202.0,,true
1987,5000.0,600.0,,true
1988,500.0,156.0,,true
1989,125.0,521.0,,true
1990,40.0,452.0,,true
1991,350.0,150.0,,true
1992,500.0,194.0,,false
1993,500.0,575.0,,false
1994,3300.0,26.0,,false
1995,3300.0,21.0,,false
1996,3300.0,29.0,,false
1997,60.0,191.0,,false
1998,60.0,230.0,,false
1999,60.0,241.0,,false
2000,800.0,4.0,,false
2001,60.0,111.0,,false
2002,60.0,112.0,,false
2003,60.0,115.0,,false
2004,60.0,116.0,,false
2005,60.0,109.0,,false
2006,60.0,85.0,,false
2007,60.0,103.0,,false
2008,60.0,92.0,,false
2009,60.0,112.0,,false
2010,100.0,224.0,,false
2011,100.0,209.0,,false
2012,900.0,8.0,,false
2013,1150.0,15.0,,false
2014,1000.0,7.0,,false
2015,1350.0,48.0,,true
2016,500.0,60.0,,true
2017,5000.0,16.0,,true
2018,2200.0,134.0,,true
2019,3500.0,381.0,,true
2020,5000.0,600.0,,true
2021,500.0,158.0,,true
2022,125.0,500.0,,true
2023,40.0,379.0,,true
2024,350.0,153.0,,true
2025,500.0,186.0,,false
2026,500.0,560.0,,false
2027,3300.0,24.0,,false
2028,3300.0,21.0,,false
2029,3300.0,25.0,,false
2030,60.0,194.0,,false
2031,60.0,236.0,,false
2032,60.0,200.0,,false
2033,800.0,4.0,,false
2034,60.0,102.0,,false
2035,60.0,97.0,,false
2036,60.0,98.0,,false
2037,60.0,94.0,,false
2038,60.0,96.0,,false
2039,60.0,118.0,,false
2040,100.0,183.0,,false
2041,100.0,223.0,,false
2042,900.0,8.0,,false
2043,1150.0,16.0,,false
2044,1000.0,6.0,,false
2045,1350.0,47.0,,true
2046,500.0,56.0,,true
2047,5000.0,18.0,,true
2048,2200.0,136.0,,true
2049,3500.0,251.0,,true
2050,5000.0,600.0,,true
2051,500.0,157.0,,true
2052,125.0,473.0,,true
2053,40.0,379.0,,true
2054,350.0,141.0,,true
2055,500.0,172.0,,false
2056,500.0,378.0,,false
2057,3300.0,29.0,,false
2058,3300.0,22.0,,false
2059,3300.0,27.0,,false
2060,60.0,210.0,,false
2061,60.0,213.0,,false
2062,60.0,239.0,,false
2063,800.0,4.0,,false
2064,60.0,88.0,,false
2065,60.0,104.0,,false
2066,60.0,117.0,,false
2067,60.0,103.0,,false
2068,60.0,115.0,,false
2069,60.0,86.0,,false
2070,60.0,109.0,,false
2071,100.0,202.0,,false
2072,100.0,213.0,,false
2073,900.0,10.0,,false
2074,1150.0,18.0,,false
2075,1000.0,6.0,,false
2076,1350.0,47.0,,true
2077,500.0,60.0,,true
2078,5000.0,18.0,,true
2079,2200.0,140.0,,true
2080,3500.0,389.0,,true
2081,5000.0,600.0,,true
2082,500.0,157.0,,true
2083,125.0,465.0,,true
2084,40.0,427.0,,true
2085,350.0,147.0,,true
2086,500.0,196.0,,false
2087,500.0,444.0,,false
2088,3300.0,24.0,,false
2089,3300.0,24.0,,false
2090,3300.0,29.0,,false
2091,60.0,152.0,,false
2092,60.0,170.0,,false
2093,60.0,186.0,,false
2094,60.0,219.0,,false
2095,800.0,6.0,,false
2096,60.0,102.0,,false
2097,60.0,117.0,,false
2098,60.0,89.0,,false
2099,60.0,109.0,,false
2100,60.0,101.0,,false
2101,60.0,104.0,,false
2102,60.0,88.0,,false
2103,60.0,82.0,,false
2104,60.0,112.0,,false
2105,60.0,96.0,,false
2106,100.0,245.0,,false
2107,100.0,250.0,,false
2108,900.0,7.0,,false
2109,1150.0,14.0,,false
2110,1000.0,5.0,,false
2111,1350.0,47.0,,true
2112,500.0,56.0,,true
2113,5000.0,17.0,,true
2114,2200.0,136.0,,true
2115,3500.0,344.0,,true
2116,5000.0,600.0,,true
2117,500.0,155.0,,true
2118,125.0,458.0,,true
2119,40.0,375.0,,true
2120,350.0,154.0,,true
2121,500.0,185.0,,false
2122,500.0,433.0,,false
2123,3300.0,23.0,,false
2124,3300.0,21.0,,false
2125,3300.0,22.0,,false
2126,60.0,223.0,,false
2127,60.0,213.0,,false
2128,60.0,176.0,,false
2129,60.0,216.0,,false
2130,800.0,5.0,,false
2131,60.0,102.0,,false
2132,60.0,116.0,,false
2133,60.0,105.0,,false
2134,60.0,97.0,,false
2135,60.0,116.0,,false
2136,60.0,105.0,,false
2137,60.0,115.0,,false
2138,100.0,243.0,,false
2139,100.0,237.0,,false
2140,900.0,7.0,,false
2141,1150.0,13.0,,false
2142,1000.0,5.0,,false
2143,1350.0,48.0,,true
2144,500.0,60.0,,true
2145,5000.0,20.0,,true
2146,2200.0,135.0,,true
2147,3500.0,383.0,,true
2148,5000.0,600.0,,true
2149,500.0,149.0,,true
2150,125.0,541.0,,true
2151,40.0,428.0,,true
2152,350.0,145.0,,true
2153,500.0,196.0,,false
2154,500.0,409.0,,false
2155,3300.0,30.0,,false
2156,3300.0,21.0,,false
2157,3300.0,23.0,,false
2158,60.0,191.0,,false
2159,60.0,230.0,,false
2160,60.0,229.0,,false
2161,60.0,170.0,,false
2162,800.0,4.0,,false
2163,60.0,81.0,,false
2164,60.0,104.0,,false
2165,60.0,115.0,,false
2166,60.0,110.0,,false
2167,60.0,101.0,,false
2168,60.0,102.0,,false
2169,100.0,249.0,,false
2170,100.0,201.0,,false
2171,900.0,9.0,,false
2172,1150.0,14.0,,false
2173,1000.0,8.0,,false
2174,1350.0,49.0,,true
2175,500.0,58.0,,true
2176,5000.0,18.0,,true
2177,2200.0,131.0,,true
2178,3500.0,218.0,,true
2179,5000.0,600.0,,true
2180,500.0,144.0,,true
2181,125.0,483.0,,true
2182,40.0,438.0,,true
2183,350.0,175.0,,true
2184,500.0,182.0,,false
2185,500.0,513.0,,false
2186,3300.0,25.0,,false
2187,3300.0,22.0,,false
2188,3300.0,26.0,,false
2189,60.0,231.0,,false
2190,60.0,163.0,,false
2191,60.0,234.0,,false
2192,60.0,232.0,,false
2193,800.0,6.0,,false
2194,60.0,100.0,,false
2195,60.0,92.0,,false
2196,60.0,105.0,,false
2197,60.0,93.0,,false
2198,60.0,108.0,,false
2199,60.0,92.0,,false
2200,100.0,241.0,,false
2201,100.0,192.0,,false
2202,900.0,8.0,,false
2203,1150.0,17.0,,false
2204,1000.0,6.0,,false
2205,1350.0,49.0,,true
2206,500.0,57.0,,true
2207,5000.0,20.0,,true
2208,2200.0,134.0,,true
2209,3500.0,344.0,,true
2210,5000.0,600.0,,true
2211,500.0,155.0,,true
2212,125.0,465.0,,true
2213,40.0,408.0,,true
2214,350.0,160.0,,true
2215,500.0,173.0,,false
2216,500.0,419.0,,false
2217,3300.0,26.0,,false
2218,3300.0,30.0,,false
2219,3300.0,29.0,,false
2220,60.0,223.0,,false
2221,60.0,193.0,,false
2222,60.0,163.0,,false
2223,60.0,157.0,,false
2224,800.0,4.0,,false
2225,60.0,91.0,,false
2226,60.0,86.0,,false
2227,60.0,88.0,,false
2228,60.0,116.0,,false
2229,60.0,117.0,,false
2230,60.0,108.0,,false
2231,60.0,91.0,,false
2232,60.0,112.0,,false
2233,100.0,200.0,,false
2234,100.0,202.0,,false
2235,900.0,8.0,,false
2236,1150.0,16.0,,false
2237,1000.0,5.0,,false
2238,1350.0,46.0,,true
2239,500.0,56.0,,true
2240,5000.0,19.0,,true
2241,2200.0,134.0,,true
2242,3500.0,239.0,,true
2243,5000.0,600.0,,true
2244,500.0,156.0,,true
2245,125.0,481.0,,true
2246,40.0,447.0,,true
2247,350.0,153.0,,true
2248,500.0,193.0,,false
2249,500.0,417.0,,false
2250,3300.0,27.0,,false
2251,3300.0,29.0,,false
2252,3300.0,21.0,,false
2253,60.0,180.0,,false
2254,60.0,190.0,,false
2255,60.0,202.0,,false
2256,800.0,6.0,,false
2257,60.0,112.0,,false
2258,60.0,105.0,,false
2259,60.0,94.0,,false
2260,60.0,102.0,,false
2261,60.0,113.0,,false
2262,60.0,111.0,,false
2263,60.0,89.0,,false
2264,60.0,98.0,,false
2265,100.0,183.0,,false
2266,100.0,183.0,,false
2267,900.0,9.0,,false
2268,1150.0,18.0,,false
2269,1000.0,5.0,,false
2270,1350.0,47.0,,true
2271,500.0,60.0,,true
2272,5000.0,19.0,,true
2273,2200.0,136.0,,true
2274,3500.0,248.0,,true
2275,5000.0,600.0,,true
2276,500.0,153.0,,true
2277,125.0,543.0,,true
2278,40.0,408.0,,true
2279,350.0,174.0,,true
2280,500.0,182.0,,false
2281,500.0,397.0,,false
2282,3300.0,26.0,,false
2283,3300.0,23.0,,false
2284,3300.0,25.0,,false
2285,60.0,192.0,,false
2286,60.0,203.0,,false
2287,60.0,161.0,,false
2288,60.0,152.0,,false
2289,800.0,4.0,,false
2290,60.0,99.0,,false
2291,60.0,88.0,,false
2292,60.0,115.0,,false
2293,60.0,109.0,,false
2294,60.0,110.0,,false
2295,60.0,117.0,,false
2296,60.0,87.0,,false
2297,60.0,106.0,,false
2298,60.0,85.0,,false
2299,100.0,198.0,,false
2300,100.0,193.0,,false
2301,900.0,7.0,,false
2302,1150.0,17.0,,false
2303,1000.0,7.0,,false
2304,1350.0,48.0,,true
2305,500.0,60.0,,true
2306,5000.0,20.0,,true
2307,2200.0,139.0,,true
2308,3500.0,217.0,,true
2309,5000.0,600.0,,true
2310,500.0,146.0,,true
2311,125.0,499.0,,true
2312,40.0,405.0,,true
2313,350.0,157.0,,true
2314,500.0,175.0,,false
2315,500.0,329.0,,false
2316,3300.0,28.0,,false
2317,3300.0,22.0,,false
2318,3300.0,28.0,,false
2319,60.0,217.0,,false
2320,60.0,247.0,,false
2321,60.0,155.0,,false
2322,60.0,170.0,,false
2323,800.0,4.0,,false
2324,60.0,113.0,,false
2325,60.0,97.0,,false
2326,60.0,119.0,,false
2327,60.0,83.0,,false
2328,60.0,102.0,,false
2329,60.0,86.0,,false
2330,60.0,113.0,,false
2331,60.0,107.0,,false
2332,60.0,88.0,,false
2333,60.0,107.0,,false
2334,100.0,218.0,,false
2335,100.0,236.0,,false
2336,900.0,7.0,,false
2337,1150.0,17.0,,false
2338,1000.0,8.0,,false
2339,1350.0,47.0,,true
2340,500.0,56.0,,true
2341,5000.0,20.0,,true
2342,2200.0,133.0,,true
2343,3500.0,296.0,,true
2344,5000.0,600.0,,true
2345,500.0,159.0,,true
2346,125.0,536.0,,true
2347,40.0,430.0,,true
2348,350.0,169.0,,true
2349,500.0,186.0,,false
2350,500.0,532.0,,false
2351,3300.0,27.0,,false
2352,3300.0,26.0,,false
2353,3300.0,26.0,,false
2354,60.0,250.0,,false
2355,60.0,246.0,,false
2356,60.0,242.0,,false
2357,60.0,154.0,,false
2358,800.0,5.0,,false
2359,60.0,108.0,,false
2360,60.0,101.0,,false
2361,60.0,84.0,,false
2362,60.0,113.0,,false
2363,60.0,118.0,,false
2364,60.0,106.0,,false
2365,60.0,95.0,,false
2366,60.0,116.0,,false
2367,60.0,90.0,,false
2368,60.0,113.0,,false
2369,100.0,196.0,,false
2370,100.0,209.0,,false
2371,900.0,8.0,,false
2372,1150.0,14.0,,false
2373,1000.0,6.0,,false
2374,1350.0,49.0,,true
2375,500.0,57.0,,true
2376,5000.0,18.0,,true
2377,2200.0,132.0,,true
2378,3500.0,312.0,,true
2379,5000.0,600.0,,true
2380,500.0,155.0,,true
2381,125.0,547.0,,true
2382,40.0,445.0,,true
2383,350.0,163.0,,true
2384,500.0,193.0,,false
2385,500.0,339.0,,false
2386,3300.0,30.0,,false
2387,3300.0,24.0,,false
2388,3300.0,25.0,,false
2389,60.0,157.0,,false
2390,60.0,226.0,,false
2391,60.0,205.0,,false
2392,60.0,168.0,,false
2393,800.0,4.0,,false
2394,60.0,107.0,,false
2395,60.0,92.0,,false
2396,60.0,115.0,,false
2397,60.0,112.0,,false
2398,60.0,106.0,,false
2399,60.0,99.0,,false
2400,60.0,94.0,,false
2401,60.0,89.0,,false
2402,60.0,86.0,,false
2403,100.0,196.0,,false
2404,100.0,227.0,,false
2405,900.0,8.0,,false
2406,1150.0,18.0,,false
2407,1000.0,5.0,,false
2408,1350.0,47.0,,true
2409,500.0,58.0,,true
2410,5000.0,18.0,,true
2411,2200.0,139.0,,true
2412,3500.0,213.0,,true
2413,5000.0,600.0,,true
2414,500.0,145.0,,true
2415,125.0,501.0,,true
2416,40.0,398.0,,true
2417,350.0,146.0,,true
2418,500.0,181.0,,false
2419,500.0,319.0,,false
2420,3300.0,28.0,,false
2421,3300.0,30.0,,false
2422,3300.0,26.0,,false
2423,60.0,198.0,,false
2424,60.0,174.0,,false
2425,60.0,168.0,,false
2426,60.0,191.0,,false
2427,800.0,4.0,,false
2428,60.0,110.0,,false
2429,60.0,101.0,,false
2430,60.0,95.0,,false
2431,60.0,100.0,,false
2432,60.0,114.0,,false
2433,60.0,109.0,,false
2434,60.0,114.0,,false
2435,60.0,88.0,,false
2436,100.0,199.0,,false
2437,100.0,226.0,,false
2438,900.0,9.0,,false
2439,1150.0,18.0,,false
2440,1000.0,8.0,,false
2441,1350.0,50.0,,true
2442,500.0,60.0,,true
2443,5000.0,20.0,,true
2444,2200.0,134.0,,true
2445,3500.0,378.0,,true
2446,5000.0,600.0,,true
2447,500.0,156.0,,true
2448,125.0,507.0,,true
2449,40.0,426.0,,true
2450,350.0,166.0,,true
2451,500.0,198.0,,false
2452,500.0,447.0,,false
2453,3300.0,26.0,,false
2454,3300.0,29.0,,false
2455,3300.0,22.0,,false
2456,60.0,185.0,,false
2457,60.0,167.0,,false
2458,60.0,224.0,,false
2459,60.0,238.0,,false
2460,800.0,5.0,,false
2461,60.0,87.0,,false
2462,60.0,100.0,,false
2463,60.0,111.0,,false
2464,60.0,110.0,,false
2465,60.0,84.0,,false
2466,60.0,92.0,,false
2467,60.0,120.0,,false
2468,100.0,217.0,,false
2469,100.0,226.0,,false
2470,900.0,9.0,,false
2471,1150.0,15.0,,false
2472,1000.0,6.0,,false
2473,1350.0,49.0,,true
2474,500.0,58.0,,true
2475,5000.0,19.0,,true
2476,2200.0,131.0,,true
2477,3500.0,350.0,,true
2478,5000.0,600.0,,true
2479,500.0,153.0,,true
2480,125.0,528.0,,true
2481,40.0,452.0,,true
2482,350.0,160.0,,true
2483,500.0,190.0,,false
2484,500.0,470.0,,false
2485,3300.0,30.0,,false
2486,3300.0,30.0,,false
2487,3300.0,22.0,,false
2488,60.0,217.0,,false
2489,60.0,200.0,,false
2490,60.0,182.0,,false
2491,800.0,5.0,,false
2492,60.0,111.0,,false
2493,60.0,87.0,,false
2494,60.0,120.0,,false
2495,60.0,92.0,,false
2496,60.0,100.0,,false
2497,60.0,95.0,,false
2498,60.0,110.0,,false
2499,60.0,110.0,,false
2500,100.0,192.0,,false
2501,100.0,224.0,,false
2502,900.0,8.0,,false
2503,1150.0,13.0,,false
2504,1000.0,7.0,,false
2505,1350.0,47.0,,true
2506,500.0,57.0,,true
2507,5000.0,20.0,,true
2508,2200.0,137.0,,true
2509,3500.0,369.0,,true
2510,5000.0,600.0,,true
2511,500.0,141.0,,true
2512,125.0,486.0,,true
2513,40.0,388.0,,true
2514,350.0,144.0,,true
2515,500.0,191.0,,false
2516,500.0,358.0,,false
2517,3300.0,28.0,,false
2518,3300.0,23.0,,false
2519,3300.0,29.0,,false
2520,60.0,202.0,,false
2521,60.0,248.0,,false
2522,60.0,247.0,,false
2523,60.0,159.0,,false
2524,800.0,5.0,,false
2525,60.0,93.0,,false
2526,60.0,97.0,,false
2527,60.0,89.0,,false
2528,60.0,86.0,,false
2529,60.0,115.0,,false
2530,60.0,108.0,,false
2531,60.0,81.0,,false
2532,60.0,118.0,,false
2533,100.0,239.0,,false
2534,100.0,183.0,,false
2535,900.0,7.0,,false
2536,1150.0,13.0,,false
2537,1000.0,8.0,,false
2538,1350.0,48.0,,true
2539,500.0,56.0,,true
2540,5000.0,16.0,,true
2541,2200.0,139.0,,true
2542,3500.0,340.0,,true
2543,5000.0,600.0,,true
2544,500.0,142.0,,true
2545,125.0,489.0,,true
2546,40.0,425.0,,true
2547,350.0,152.0,,true
2548,500.0,183.0,,false
2549,500.0,424.0,,false
2550,3300.0,27.0,,false
2551,3300.0,24.0,,false
2552,3300.0,30.0,,false
2553,60.0,196.0,,false
2554,60.0,225.0,,false
2555,60.0,205.0,,false
2556,800.0,5.0,,false
2557,60.0,99.0,,false
2558,60.0,100.0,,false
2559,60.0,95.0,,false
2560,60.0,105.0,,false
2561,60.0,102.0,,false
2562,60.0,81.0,,false
2563,60.0,100.0,,false
2564,60.0,109.0,,false
2565,100.0,213.0,,false
2566,100.0,250.0,,false
2567,900.0,8.0,,false
2568,1150.0,14.0,,false
2569,1000.0,7.0,,false
2570,1350.0,48.0,,true
2571,500.0,60.0,,true
2572,5000.0,17.0,,true
2573,2200.0,131.0,,true
2574,3500.0,322.0,,true
2575,5000.0,600.0,,true
2576,500.0,143.0,,true
2577,125.0,459.0,,true
2578,40.0,389.0,,true
2579,350.0,168.0,,true
2580,500.0,196.0,,false
2581,500.0,502.0,,false
2582,3300.0,28.0,,false
2583,3300.0,21.0,,false
2584,3300.0,22.0,,false
2585,60.0,195.0,,false
2586,60.0,156.0,,false
2587,60.0,234.0,,false
2588,60.0,202.0,,false
2589,800.0,6.0,,false
2590,60.0,117.0,,false
2591,60.0,107.0,,false
2592,60.0,108.0,,false
2593,60.0,96.0,,false
2594,60.0,120.0,,false
2595,60.0,101.0,,false
2596,60.0,101.0,,false
2597,60.0,110.0,,false
2598,60.0,110.0,,false
2599,100.0,228.0,,false
2600,100.0,207.0,,false
2601,900.0,7.0,,false
2602,1150.0,15.0,,false
2603,1000.0,5.0,,false
2604,1350.0,47.0,,true
2605,500.0,59.0,,true
2606,5000.0,16.0,,true
2607,2200.0,134.0,,true
2608,3500.0,288.0,,true
2609,5000.0,600.0,,true
2610,500.0,158.0,,true
2611,125.0,515.0,,true
2612,40.0,358.0,,true
2613,350.0,164.0,,true
2614,500.0,189.0,,false
2615,500.0,594.0,,false
2616,3300.0,22.0,,false
2617,3300.0,28.0,,false
2618,3300.0,21.0,,false
2619,60.0,226.0,,false
2620,60.0,170.0,,false
2621,60.0,171.0,,false
2622,60.0,236.0,,false
2623,800.0,5.0,,false
2624,60.0,97.0,,false
2625,60.0,108.0,,false
2626,60.0,90.0,,false
2627,60.0,103.0,,false
2628,60.0,116.0,,false
2629,60.0,94.0,,false
2630,60.0,117.0,,false
2631,100.0,216.0,,false
2632,100.0,185.0,,false
2633,900.0,7.0,,false
2634,1150.0,17.0,,false
2635,1000.0,6.0,,false
2636,1350.0,47.0,,true
2637,500.0,57.0,,true
2638,5000.0,17.0,,true
2639,2200.0,134.0,,true
2640,3500.0,274.0,,true
2641,5000.0,600.0,,true
2642,500.0,154.0,,true
2643,125.0,497.0,,true
2644,40.0,411.0,,true
2645,350.0,160.0,,true
2646,500.0,195.0,,false
2647,500.0,568.0,,false
2648,3300.0,28.0,,false
2649,3300.0,29.0,,false
2650,3300.0,30.0,,false
2651,60.0,230.0,,false
2652,60.0,186.0,,false
2653,60.0,165.0,,false
2654,800.0,5.0,,false
2655,60.0,103.0,,false
2656,60.0,99.0,,false
2657,60.0,108.0,,false
2658,60.0,119.0,,false
2659,60.0,83.0,,false
2660,60.0,109.0,,false
2661,60.0,120.0,,false
2662,60.0,88.0,,false
2663,100.0,235.0,,false
2664,100.0,203.0,,false
2665,900.0,10.0,,false
2666,1150.0,18.0,,false
2667,1000.0,7.0,,false
2668,1350.0,47.0,,true
2669,500.0,58.0,,true
2670,5000.0,18.0,,true
2671,2200.0,131.0,,true
2672,3500.0,370.0,,true
2673,5000.0,600.0,,true
2674,500.0,160.0,,true
2675,125.0,521.0,,true
2676,40.0,410.0,,true
2677,350.0,150.0,,true
2678,500.0,171.0,,false
2679,500.0,440.0,,false
2680,3300.0,23.0,,false
2681,3300.0,24.0,,false
2682,3300.0,23.0,,false
2683,60.0,170.0,,false
2684,60.0,188.0,,false
2685,60.0,189.0,,false
2686,60.0,193.0,,false
2687,800.0,6.0,,false
2688,60.0,113.0,,false
2689,60.0,86.0,,false
2690,60.0,118.0,,false
2691,60.0,91.0,,false
2692,60.0,109.0,,false
2693,60.0,102.0,,false
2694,60.0,103.0,,false
2695,60.0,110.0,,false
2696,100.0,197.0,,false
2697,100.0,226.0,,false
2698,900.0,7.0,,false
2699,1150.0,17.0,,false
2700,1000.0,8.0,,false
2701,1350.0,50.0,,true
2702,500.0,60.0,,true
2703,5000.0,18.0,,true
2704,2200.0,132.0,,true
2705,3500.0,389.0,,true
2706,5000.0,600.0,,true
2707,500.0,141.0,,true
2708,125.0,501.0,,true
2709,40.0,457.0,,true
2710,350.0,162.0,,true
2711,500.0,194.0,,false
2712,500.0,385.0,,false
2713,3300.0,26.0,,false
2714,3300.0,23.0,,false
2715,3300.0,23.0,,false
2716,60.0,183.0,,false
2717,60.0,197.0,,false
2718,60.0,246.0,,false
2719,60.0,172.0,,false
2720,800.0,6.0,,false
2721,60.0,105.0,,false
2722,60.0,94.0,,false
2723,60.0,89.0,,false
2724,60.0,97.0,,false
2725,60.0,100.0,,false
2726,60.0,106.0,,false
2727,60.0,118.0,,false
2728,60.0,81.0,,false
2729,100.0,218.0,,false
2730,100.0,213.0,,false
2731,900.0,7.0,,false
2732,1150.0,13.0,,false
2733,1000.0,8.0,,false
2734,1350.0,50.0,,true
2735,500.0,58.0,,true
2736,5000.0,18.0,,true
2737,2200.0,138.0,,true
2738,3500.0,271.0,,true
2739,5000.0,600.0,,true
2740,500.0,146.0,,true
2741,125.0,519.0,,true
2742,40.0,364.0,,true
2743,350.0,179.0,,true
2744,500.0,195.0,,false
2745,500.0,363.0,,false
2746,3300.0,21.0,,false
2747,3300.0,24.0,,false
2748,3300.0,22.0,,false
2749,60.0,161.0,,false
2750,60.0,242.0,,false
2751,60.0,213.0,,false
2752,800.0,5.0,,false
2753,60.0,92.0,,false
2754,60.0,114.0,,false
2755,60.0,100.0,,false
2756,60.0,101.0,,false
2757,60.0,107.0,,false
2758,60.0,87.0,,false
2759,60.0,118.0,,false
2760,100.0,250.0,,false
2761,100.0,204.0,,false
2762,900.0,10.0,,false
2763,1150.0,16.0,,false
2764,1000.0,8.0,,false
2765,1350.0,47.0,,true
2766,500.0,60.0,,true
2767,5000.0,20.0,,true
2768,2200.0,139.0,,true
2769,3500.0,302.0,,true
2770,5000.0,600.0,,true
2771,500.0,155.0,,true
2772,125.0,458.0,,true
2773,40.0,430.0,,true
2774,350.0,143.0,,true
2775,500.0,186.0,,false
2776,500.0,461.0,,false
2777,3300.0,28.0,,false
2778,3300.0,24.0,,false
2779,3300.0,30.0,,false
2780,60.0,220.0,,false
2781,60.0,214.0,,false
2782,60.0,162.0,,false
2783,800.0,6.0,,false
2784,60.0,109.0,,false
2785,60.0,119.0,,false
2786,60.0,110.0,,false
2787,60.0,97.0,,false
2788,60.0,92.0,,false
2789,60.0,83.0,,false
2790,60.0,117.0,,false
2791,100.0,248.0,,false
2792,100.0,204.0,,false
2793,900.0,10.0,,false
2794,1150.0,13.0,,false
2795,1000.0,8.0,,false
2796,1350.0,48.0,,true
2797,500.0,58.0,,true
2798,5000.0,17.0,,true
2799,2200.0,133.0,,true
2800,3500.0,366.0,,true
2801,5000.0,600.0,,true
2802,500.0,153.0,,true
2803,125.0,543.0,,true
2804,40.0,403.0,,true
2805,350.0,165.0,,true
2806,500.0,195.0,,false
2807,500.0,488.0,,false
2808,3300.0,24.0,,false
2809,3300.0,24.0,,false
2810,3300.0,28.0,,false
2811,60.0,197.0,,false
2812,60.0,162.0,,false
2813,60.0,161.0,,false
2814,800.0,5.0,,false
2815,60.0,114.0,,false
2816,60.0,114.0,,false
2817,60.0,104.0,,false
2818,60.0,110.0,,false
2819,60.0,99.0,,false
2820,60.0,93.0,,false
2821,60.0,83.0,,false
2822,100.0,235.0,,false
2823,100.0,208.0,,false
2824,900.0,7.0,,false
2825,1150.0,14.0,,false
2826,1000.0,6.0,,false
2827,1350.0,49.0,,true
2828,500.0,57.0,,true
2829,5000.0,20.0,,true
2830,2200.0,139.0,,true
2831,3500.0,301.0,,true
2832,5000.0,600.0,,true
2833,500.0,151.0,,true
2834,125.0,527.0,,true
2835,40.0,434.0,,true
2836,350.0,145.0,,true
2837,500.0,192.0,,false
2838,500.0,521.0,,false
2839,3300.0,30.0,,false
2840,3300.0,25.0,,false
2841,3300.0,27.0,,false
2842,60.0,179.0,,false
2843,60.0,166.0,,false
2844,60.0,241.0,,false
2845,60.0,155.0,,false
2846,800.0,5.0,,false
2847,60.0,102.0,,false
2848,60.0,95.0,,false
2849,60.0,100.0,,false
2850,60.0,81.0,,false
2851,60.0,95.0,,false
2852,60.0,81.0,,false
2853,60.0,113.0,,false
2854,100.0,187.0,,false
2855,100.0,221.0,,false
2856,900.0,8.0,,false
2857,1150.0,13.0,,false
2858,1000.0,5.0,,false
2859,1350.0,50.0,,true
2860,500.0,60.0,,true
2861,5000.0,18.0,,true
2862,2200.0,136.0,,true
2863,3500.0,361.0,,true
2864,5000.0,600.0,,true
2865,500.0,157.0,,true
2866,125.0,538.0,,true
2867,40.0,396.0,,true
2868,350.0,157.0,,true
2869,500.0,171.0,,false
2870,500.0,514.0,,false
2871,3300.0,22.0,,false
2872,3300.0,21.0,,false
2873,3300.0,21.0,,false
2874,60.0,152.0,,false
2875,60.0,230.0,,false
2876,60.0,247.0,,false
2877,60.0,225.0,,false
2878,800.0,4.0,,false
2879,60.0,108.0,,false
2880,60.0,99.0,,false
2881,60.0,112.0,,false
2882,60.0,118.0,,false
2883,60.0,106.0,,false
2884,60.0,103.0,,false
2885,60.0,97.0,,false
2886,60.0,94.0,,false
2887,60.0,107.0,,false
2888,100.0,236.0,,false
2889,100.0,231.0,,false
2890,900.0,9.0,,false
2891,1150.0,15.0,,false
2892,1000.0,6.0,,false
2893,1350.0,47.0,,true
2894,500.0,60.0,,true
2895,5000.0,18.0,,true
2896,2200.0,131.0,,true
2897,3500.0,366.0,,true
2898,5000.0,600.0,,true
2899,500.0,159.0,,true
2900,125.0,452.0,,true
2901,40.0,409.0,,true
2902,350.0,176.0,,true
2903,500.0,198.0,,false
2904,500.0,410.0,,false
2905,3300.0,23.0,,false
2906,3300.0,24.0,,false
2907,3300.0,28.0,,false
2908,60.0,195.0,,false
2909,60.0,183.0,,false
2910,60.0,198.0,,false
2911,800.0,6.0,,false
2912,60.0,81.0,,false
2913,60.0,83.0,,false
2914,60.0,94.0,,false
2915,60.0,112.0,,false
2916,60.0,102.0,,false
2917,60.0,111.0,,false
2918,60.0,84.0,,false
2919,60.0,94.0,,false
2920,100.0,196.0,,false
2921,100.0,240.0,,false
2922,900.0,7.0,,false
2923,1150.0,14.0,,false
2924,1000.0,6.0,,false
2925,1350.0,50.0,,true
2926,500.0,60.0,,true
2927,5000.0,19.0,,true
2928,2200.0,138.0,,true
2929,3500.0,344.0,,true
2930,5000.0,600.0,,true
2931,500.0,158.0,,true
2932,125.0,463.0,,true
2933,40.0,454.0,,true
2934,350.0,175.0,,true
2935,500.0,191.0,,false
2936,500.0,334.0,,false
2937,3300.0,25.0,,false
2938,3300.0,21.0,,false
2939,3300.0,25.0,,false
2940,60.0,194.0,,false
2941,60.0,193.0,,false
2942,60.0,167.0,,false
2943,800.0,5.0,,false
2944,60.0,105.0,,false
2945,60.0,82.0,,false
2946,60.0,94.0,,false
2947,60.0,86.0,,false
2948,60.0,85.0,,false
2949,60.0,112.0,,false
2950,60.0,99.0,,false
2951,60.0,92.0,,false
2952,60.0,114.0,,false
2953,100.0,204.0,,false
2954,100.0,219.0,,false
2955,900.0,8.0,,false
2956,1150.0,18.0,,false
2957,1000.0,8.0,,false
2958,1350.0,46.0,,true
2959,500.0,59.0,,true
2960,5000.0,19.0,,true
2961,2200.0,137.0,,true
2962,3500.0,378.0,,true
2963,5000.0,600.0,,true
2964,500.0,151.0,,true
2965,125.0,458.0,,true
2966,40.0,360.0,,true
2967,350.0,153.0,,true
2968,500.0,182.0,,false
2969,500.0,345.0,,false
2970,3300.0,21.0,,false
2971,3300.0,24.0,,false
2972,3300.0,21.0,,false
2973,60.0,222.0,,false
2974,60.0,191.0,,false
2975,60.0,167.0,,false
2976,800.0,6.0,,false
2977,60.0,120.0,,false
2978,60.0,105.0,,false
2979,60.0,93.0,,false
2980,60.0,92.0,,false
2981,60.0,92.0,,false
2982,60.0,101.0,,false
2983,60.0,116.0,,false
2984,60.0,111.0,,false
2985,60.0,99.0,,false
2986,100.0,207.0,,false
2987,100.0,181.0,,false
2988,900.0,10.0,,false
2989,1150.0,14.0,,false
2990,1000.0,6.0,,false
2991,1350.0,48.0,,true
2992,500.0,57.0,,true
2993,5000.0,20.0,,true
2994,2200.0,138.0,,true
2995,3500.0,340.0,,true
2996,5000.0,600.0,,true
2997,500.0,151.0,,true
2998,125.0,547.0,,true
2999,40.0,458.0,,true
3000,350.0,158.0,,true
3001,500.0,173.0,,false
3002,500.0,436.0,,false
3003,3300.0,27.0,,false
3004,3300.0,30.0,,false
3005,3300.0,25.0,,false
3006,60.0,161.0,,false
3007,60.0,241.0,,false
3008,60.0,196.0,,false
3009,800.0,4.0,,false
3010,60.0,116.0,,false
3011,60.0,94.0,,false
3012,60.0,113.0,,false
3013,60.0,83.0,,false
3014,60.0,91.0,,false
3015,60.0,92.0,,false
3016,100.0,240.0,,false
3017,100.0,197.0,,false
3018,900.0,9.0,,false
3019,1150.0,17.0,,false
3020,1000.0,7.0,,false
3021,1350.0,47.0,,true
3022,500.0,58.0,,true
3023,5000.0,19.0,,true
3024,2200.0,135.0,,true
3025,3500.0,201.0,,true
3026,5000.0,600.0,,true
3027,500.0,151.0,,true
3028,125.0,467.0,,true
3029,40.0,397.0,,true
3030,350.0,145.0,,true
3031,500.0,198.0,,false
3032,500.0,359.0,,false
3033,3300.0,30.0,,false
3034,3300.0,27.0,,false
3035,3300.0,30.0,,false
3036,60.0,204.0,,false
3037,60.0,224.0,,false
3038,60.0,226.0,,false
3039,60.0,152.0,,false
3040,800.0,5.0,,false
3041,60.0,120.0,,false
3042,60.0,82.0,,false
3043,60.0,95.0,,false
3044,60.0,92.0,,false
3045,60.0,88.0,,false
3046,60.0,90.0,,false
3047,60.0,106.0,,false
3048,100.0,221.0,,false
3049,100.0,247.0,,false
3050,900.0,10.0,,false
3051,1150.0,15.0,,false
3052,1000.0,8.0,,false
3053,1350.0,50.0,,true
3054,500.0,58.0,,true
3055,5000.0,16.0,,true
3056,2200.0,138.0,,true
3057,3500.0,240.0,,true
3058,5000.0,600.0,,true
3059,500.0,153.0,,true
3060,125.0,453.0,,true
3061,40.0,425.0,,true
3062,350.0,164.0,,true
3063,500.0,194.0,,false
3064,500.0,413.0,,false
3065,3300.0,27.0,,false
3066,3300.0,30.0,,false
3067,3300.0,23.0,,false
3068,60.0,221.0,,false
3069,60.0,161.0,,false
3070,60.0,215.0,,false
3071,60.0,247.0,,false
3072,800.0,5.0,,false
3073,60.0,87.0,,false
3074,60.0,88.0,,false
3075,60.0,104.0,,false
3076,60.0,90.0,,false
3077,60.0,117.0,,false
3078,60.0,115.0,,false
3079,100.0,213.0,,false
3080,100.0,228.0,,false
3081,900.0,9.0,,false
3082,1150.0,13.0,,false
3083,1000.0,7.0,,false
3084,1350.0,46.0,,true
3085,500.0,58.0,,true
3086,5000.0,20.0,,true
3087,2200.0,131.0,,true
3088,3500.0,395.0,,true
3089,5000.0,600.0,,true
3090,500.0,157.0,,true
3091,125.0,517.0,,true
3092,40.0,363.0,,true
3093,350.0,153.0,,true
3094,500.0,198.0,,false
3095,500.0,401.0,,false
3096,3300.0,23.0,,false
3097,3300.0,28.0,,false
3098,3300.0,23.0,,false
3099,60.0,177.0,,false
3100,60.0,195.0,,false
3101,60.0,244.0,,false
3102,60.0,189.0,,false
3103,800.0,5.0,,false
3104,60.0,109.0,,false
3105,60.0,115.0,,false
3106,60.0,89.0,,false
3107,60.0,87.0,,false
3108,60.0,120.0,,false
3109,60.0,120.0,,false
3110,100.0,229.0,,false
3111,100.0,235.0,,false
3112,900.0,8.0,,false
3113,1150.0,13.0,,false
3114,1000.0,6.0,,false
3115,1350.0,47.0,,true
3116,500.0,57.0,,true
3117,5000.0,17.0,,true
3118,2200.0,136.0,,true
3119,3500.0,280.0,,true
3120,5000.0,600.0,,true
3121,500.0,146.0,,true
3122,125.0,483.0,,true
3123,40.0,407.0,,true
3124,350.0,143.0,,true
3125,500.0,192.0,,false
3126,500.0,426.0,,false
3127,3300.0,24.0,,false
3128,3300.0,29.0,,false
3129,3300.0,25.0,,false
3130,60.0,167.0,,false
3131,60.0,199.0,,false
3132,60.0,164.0,,false
3133,60.0,191.0,,false
3134,800.0,6.0,,false
3135,60.0,86.0,,false
3136,60.0,111.0,,false
3137,60.0,88.0,,false
3138,60.0,108.0,,false
3139,60.0,89.0,,false
3140,60.0,86.0,,false
3141,100.0,206.0,,false
3142,100.0,212.0,,false
3143,900.0,9.0,,false
3144,1150.0,18.0,,false
3145,1000.0,5.0,,false
3146,1350.0,47.0,,true
3147,500.0,58.0,,true
3148,5000.0,20.0,,true
3149,2200.0,131.0,,true
3150,3500.0,320.0,,true
3151,5000.0,600.0,,true
3152,500.0,158.0,,true
3153,125.0,464.0,,true
3154,40.0,358.0,,true
3155,350.0,172.0,,true
3156,500.0,199.0,,false
3157,500.0,441.0,,false
3158,3300.0,26.0,,false
3159,3300.0,25.0,,false
3160,3300.0,21.0,,false
3161,60.0,153.0,,false
3162,60.0,165.0,,false
3163,60.0,249.0,,false
3164,60.0,156.0,,false
3165,800.0,6.0,,false
3166,60.0,109.0,,false
3167,60.0,120.0,,false
3168,60.0,107.0,,false
3169,60.0,112.0,,false
3170,60.0,119.0,,false
3171,60.0,87.0,,false
3172,60.0,111.0,,false
3173,60.0,117.0,,false
3174,100.0,212.0,,false
3175,100.0,187.0,,false
3176,900.0,9.0,,false
3177,1150.0,14.0,,false
3178,1000.0,7.0,,false
3179,1350.0,48.0,,true
3180,500.0,59.0,,true
3181,5000.0,18.0,,true
3182,2200.0,137.0,,true
3183,3500.0,271.0,,true
3184,5000.0,600.0,,true
3185,500.0,142.0,,true
3186,125.0,469.0,,true
3187,40.0,389.0,,true
3188,350.0,161.0,,true
3189,500.0,188.0,,false
3190,500.0,442.0,,false
3191,3300.0,28.0,,false
3192,3300.0,29.0,,false
3193,3300.0,28.0,,false
3194,60.0,219.0,,false
3195,60.0,178.0,,false
3196,60.0,219.0,,false
3197,60.0,233.0,,false
3198,800.0,5.0,,false
3199,60.0,109.0,,false
3200,60.0,119.0,,false
3201,60.0,90.0,,false
3202,60.0,109.0,,false
3203,60.0,83.0,,false
3204,60.0,87.0,,false
3205,100.0,233.0,,false
3206,100.0,224.0,,false
3207,900.0,7.0,,false
3208,1150.0,17.0,,false
3209,1000.0,8.0,,false
3210,1350.0,49.0,,true
3211,500.0,56.0,,true
3212,5000.0,17.0,,true
3213,2200.0,134.0,,true
3214,3500.0,267.0,,true
3215,5000.0,600.0,,true
3216,500.0,151.0,,true
3217,125.0,500.0,,true
3218,40.0,437.0,,true
3219,350.0,169.0,,true
3220,500.0,197.0,,false
3221,500.0,575.0,,false
3222,3300.0,22.0,,false
3223,3300.0,30.0,,false
3224,3300.0,28.0,,false
3225,60.0,219.0,,false
3226,60.0,212.0,,false
3227,60.0,220.0,,false
3228,800.0,6.0,,false
3229,60.0,111.0,,false
3230,60.0,106.0,,false
3231,60.0,101.0,,false
3232,60.0,109.0,,false
3233,60.0,89.0,,false
3234,60.0,105.0,,false
3235,60.0,83.0,,false
3236,100.0,181.0,,false
3237,100.0,193.0,,false
3238,900.0,7.0,,false
3239,1150.0,16.0,,false
3240,1000.0,8.0,,false
