Reference,height,width,stripwidth,preemptable
1,1350.0,47.0,720,true
2,500.0,59.0,,true
3,5000.0,17.0,,true
4,2200.0,135.0,,true
5,3500.0,368.0,,true
6,5000.0,600.0,,true
7,500.0,141.0,,true
8,125.0,530.0,,true
9,40.0,409.0,,true
10,350.0,177.0,,true
11,500.0,184.0,,false
12,500.0,412.0,,false
13,3300.0,28.0,,false
14,3300.0,24.0,,false
15,3300.0,24.0,,false
16,60.0,208.0,,false
17,60.0,162.0,,false
18,60.0,212.0,,false
19,60.0,217.0,,false
20,800.0,5.0,,false
21,60.0,108.0,,false
22,60.0,114.0,,false
23,60.0,110.0,,false
24,60.0,91.0,,false
25,60.0,112.0,,false
26,60.0,104.0,,false
27,60.0,116.0,,false
28,60.0,107.0,,false
29,100.0,206.0,,false
30,100.0,216.0,,false
31,900.0,8.0,,false
32,1150.0,17.0,,false
33,1000.0,7.0,,false
34,1350.0,50.0,,true
35,500.0,57.0,,true
36,5000.0,16.0,,true
37,2200.0,132.0,,true
38,3500.0,357.0,,true
39,5000.0,600.0,,true
40,500.0,142.0,,true
41,125.0,542.0,,true
42,40.0,399.0,,true
43,350.0,157.0,,true
44,500.0,176.0,,false
45,500.0,522.0,,false
46,3300.0,22.0,,false
47,3300.0,24.0,,false
48,3300.0,30.0,,false
49,60.0,232.0,,false
50,60.0,191.0,,false
51,60.0,167.0,,false
52,60.0,184.0,,false
53,800.0,4.0,,false
54,60.0,112.0,,false
55,60.0,90.0,,false
56,60.0,105.0,,false
57,60.0,115.0,,false
58,60.0,88.0,,false
59,60.0,99.0,,false
60,60.0,110.0,,false
61,60.0,96.0,,false
62,60.0,96.0,,false
63,60.0,85.0,,false
64,100.0,189.0,,false
65,100.0,250.0,,false
66,900.0,9.0,,false
67,1150.0,14.0,,false
68,1000.0,5.0,,false
69,1350.0,46.0,,true
70,500.0,57.0,,true
71,5000.0,18.0,,true
72,2200.0,140.0,,true
73,3500.0,244.0,,true
74,5000.0,600.0,,true
75,500.0,157.0,,true
76,125.0,476.0,,true
77,40.0,375.0,,true
78,350.0,158.0,,true
79,500.0,195.0,,false
80,500.0,584.0,,false
81,3300.0,26.0,,false
82,3300.0,28.0,,false
83,3300.0,24.0,,false
84,60.0,167.0,,false
85,60.0,233.0,,false
86,60.0,183.0,,false
87,800.0,6.0,,false
88,60.0,106.0,,false
89,60.0,100.0,,false
90,60.0,94.0,,false
91,60.0,105.0,,false
92,60.0,90.0,,false
93,60.0,115.0,,false
94,100.0,203.0,,false
95,100.0,182.0,,false
96,900.0,10.0,,false
97,1150.0,13.0,,false
98,1000.0,7.0,,false
99,1350.0,47.0,,true
100,500.0,58.0,,true
101,5000.0,19.0,,true
102,2200.0,134.0,,true
103,3500.0,254.0,,true
104,5000.0,600.0,,true
105,500.0,155.0,,true
106,125.0,527.0,,true
107,40.0,423.0,,true
108,350.0,175.0,,true
109,500.0,198.0,,false
110,500.0,404.0,,false
111,3300.0,30.0,,false
112,3300.0,28.0,,false
113,3300.0,23.0,,false
114,60.0,191.0,,false
115,60.0,152.0,,false
116,60.0,172.0,,false
117,800.0,4.0,,false
118,60.0,82.0,,false
119,60.0,97.0,,false
120,60.0,111.0,,false
121,60.0,105.0,,false
122,60.0,103.0,,false
123,60.0,95.0,,false
124,60.0,105.0,,false
125,60.0,109.0,,false
126,100.0,203.0,,false
127,100.0,221.0,,false
128,900.0,9.0,,false
129,1150.0,15.0,,false
130,1000.0,7.0,,false
131,1350.0,46.0,,true
132,500.0,58.0,,true
133,5000.0,17.0,,true
134,2200.0,134.0,,true
135,3500.0,349.0,,true
136,5000.0,600.0,,true
137,500.0,147.0,,true
138,125.0,522.0,,true
139,40.0,368.0,,true
140,350.0,152.0,,true
141,500.0,195.0,,false
142,500.0,334.0,,false
143,3300.0,24.0,,false
144,3300.0,29.0,,false
145,3300.0,27.0,,false
146,60.0,159.0,,false
147,60.0,248.0,,false
148,60.0,248.0,,false
149,800.0,4.0,,false
150,60.0,102.0,,false
151,60.0,104.0,,false
152,60.0,86.0,,false
153,60.0,113.0,,false
154,60.0,117.0,,false
155,60.0,110.0,,false
156,60.0,106.0,,false
157,100.0,186.0,,false
158,100.0,248.0,,false
159,900.0,8.0,,false
160,1150.0,14.0,,false
161,1000.0,6.0,,false
162,1350.0,50.0,,true
163,500.0,59.0,,true
164,5000.0,20.0,,true
165,2200.0,132.0,,true
166,3500.0,340.0,,true
167,5000.0,600.0,,true
168,500.0,149.0,,true
169,125.0,471.0,,true
170,40.0,358.0,,true
171,350.0,167.0,,true
172,500.0,187.0,,false
173,500.0,410.0,,false
174,3300.0,28.0,,false
175,3300.0,30.0,,false
176,3300.0,24.0,,false
177,60.0,220.0,,false
178,60.0,194.0,,false
179,60.0,214.0,,false
180,800.0,4.0,,false
181,60.0,96.0,,false
182,60.0,87.0,,false
183,60.0,85.0,,false
184,60.0,87.0,,false
185,60.0,93.0,,false
186,60.0,103.0,,false
187,60.0,118.0,,false
188,100.0,206.0,,false
189,100.0,214.0,,false
190,900.0,9.0,,false
191,1150.0,13.0,,false
192,1000.0,7.0,,false
193,1350.0,47.0,,true
194,500.0,60.0,,true
195,5000.0,17.0,,true
196,2200.0,139.0,,true
197,3500.0,389.0,,true
198,5000.0,600.0,,true
199,500.0,150.0,,true
200,125.0,460.0,,true
201,40.0,453.0,,true
202,350.0,169.0,,true
203,500.0,194.0,,false
204,500.0,385.0,,false
205,3300.0,22.0,,false
206,3300.0,24.0,,false
207,3300.0,26.0,,false
208,60.0,152.0,,false
209,60.0,155.0,,false
210,60.0,169.0,,false
211,60.0,200.0,,false
212,800.0,6.0,,false
213,60.0,89.0,,false
214,60.0,119.0,,false
215,60.0,107.0,,false
216,60.0,83.0,,false
217,60.0,105.0,,false
218,60.0,92.0,,false
219,60.0,101.0,,false
220,60.0,110.0,,false
221,100.0,182.0,,false
222,100.0,191.0,,false
223,900.0,7.0,,false
224,1150.0,18.0,,false
225,1000.0,6.0,,false
226,1350.0,47.0,,true
227,500.0,58.0,,true
228,5000.0,18.0,,true
229,2200.0,139.0,,true
230,3500.0,298.0,,true
231,5000.0,600.0,,true
232,500.0,157.0,,true
233,125.0,531.0,,true
234,40.0,368.0,,true
235,350.0,156.0,,true
236,500.0,182.0,,false
237,500.0,336.0,,false
238,3300.0,22.0,,false
239,3300.0,21.0,,false
240,3300.0,29.0,,false
241,60.0,205.0,,false
242,60.0,188.0,,false
243,60.0,187.0,,false
244,60.0,184.0,,false
245,800.0,4.0,,false
246,60.0,108.0,,false
247,60.0,119.0,,false
248,60.0,91.0,,false
249,60.0,102.0,,false
250,60.0,101.0,,false
251,60.0,104.0,,false
252,100.0,212.0,,false
253,100.0,227.0,,false
254,900.0,10.0,,false
255,1150.0,15.0,,false
256,1000.0,6.0,,false
257,1350.0,47.0,,true
258,500.0,56.0,,true
259,5000.0,20.0,,true
260,2200.0,138.0,,true
261,3500.0,398.0,,true
262,5000.0,600.0,,true
263,500.0,152.0,,true
264,125.0,519.0,,true
265,40.0,372.0,,true
266,350.0,160.0,,true
267,500.0,197.0,,false
268,500.0,355.0,,false
269,3300.0,27.0,,false
270,3300.0,29.0,,false
271,3300.0,25.0,,false
272,60.0,201.0,,false
273,60.0,241.0,,false
274,60.0,190.0,,false
275,60.0,159.0,,false
276,800.0,6.0,,false
277,60.0,120.0,,false
278,60.0,92.0,,false
279,60.0,120.0,,false
280,60.0,102.0,,false
281,60.0,83.0,,false
282,60.0,111.0,,false
283,60.0,111.0,,false
284,60.0,94.0,,false
285,60.0,100.0,,false
286,100.0,182.0,,false
287,100.0,218.0,,false
288,900.0,8.0,,false
289,1150.0,13.0,,false
290,1000.0,8.0,,false
291,1350.0,47.0,,true
292,500.0,59.0,,true
293,5000.0,16.0,,true
294,2200.0,135.0,,true
295,3500.0,338.0,,true
296,5000.0,600.0,,true
297,500.0,152.0,,true
298,125.0,537.0,,true
299,40.0,372.0,,true
300,350.0,178.0,,true
301,500.0,179.0,,false
302,500.0,459.0,,false
303,3300.0,24.0,,false
304,3300.0,21.0,,false
305,3300.0,26.0,,false
306,60.0,182.0,,false
307,60.0,155.0,,false
308,60.0,207.0,,false
309,60.0,171.0,,false
310,800.0,6.0,,false
311,60.0,104.0,,false
312,60.0,107.0,,false
313,60.0,96.0,,false
314,60.0,86.0,,false
315,60.0,108.0,,false
316,60.0,88.0,,false
317,60.0,120.0,,false
318,60.0,89.0,,false
319,60.0,91.0,,false
320,60.0,95.0,,false
321,100.0,220.0,,false
322,100.0,182.0,,false
323,900.0,9.0,,false
324,1150.0,13.0,,false
325,1000.0,7.0,,false
326,1350.0,49.0,,true
327,500.0,57.0,,true
328,5000.0,16.0,,true
329,2200.0,131.0,,true
330,3500.0,391.0,,true
331,5000.0,600.0,,true
332,500.0,145.0,,true
333,125.0,544.0,,true
334,40.0,426.0,,true
335,350.0,148.0,,true
336,500.0,177.0,,false
337,500.0,489.0,,false
338,3300.0,27.0,,false
339,3300.0,23.0,,false
340,3300.0,27.0,,false
341,60.0,215.0,,false
342,60.0,167.0,,false
343,60.0,220.0,,false
344,800.0,6.0,,false
345,60.0,82.0,,false
346,60.0,94.0,,false
347,60.0,93.0,,false
348,60.0,105.0,,false
349,60.0,101.0,,false
350,60.0,104.0,,false
351,60.0,93.0,,false
352,60.0,118.0,,false
353,60.0,108.0,,false
354,60.0,91.0,,false
355,100.0,215.0,,false
356,100.0,225.0,,false
357,900.0,10.0,,false
358,1150.0,14.0,,false
359,1000.0,8.0,,false
360,1350.0,47.0,,true
361,500.0,60.0,,true
362,5000.0,18.0,,true
363,2200.0,140.0,,true
364,3500.0,203.0,,true
365,5000.0,600.0,,true
366,500.0,153.0,,true
367,125.0,471.0,,true
368,40.0,352.0,,true
369,350.0,174.0,,true
370,500.0,177.0,,false
371,500.0,501.0,,false
372,3300.0,30.0,,false
373,3300.0,26.0,,false
374,3300.0,29.0,,false
375,60.0,230.0,,false
376,60.0,155.0,,false
377,60.0,170.0,,false
378,60.0,231.0,,false
379,800.0,5.0,,false
380,60.0,84.0,,false
381,60.0,89.0,,false
382,60.0,102.0,,false
383,60.0,109.0,,false
384,60.0,91.0,,false
385,60.0,87.0,,false
386,60.0,84.0,,false
387,60.0,98.0,,false
388,100.0,215.0,,false
389,100.0,183.0,,false
390,900.0,9.0,,false
391,1150.0,16.0,,false
392,1000.0,5.0,,false
393,1350.0,50.0,,true
394,500.0,59.0,,true
395,5000.0,17.0,,true
396,2200.0,135.0,,true
397,3500.0,359.0,,true
398,5000.0,600.0,,true
399,500.0,152.0,,true
400,125.0,480.0,,true
401,40.0,452.0,,true
402,350.0,175.0,,true
403,500.0,172.0,,false
404,500.0,331.0,,false
405,3300.0,27.0,,false
406,3300.0,30.0,,false
407,3300.0,28.0,,false
408,60.0,209.0,,false
409,60.0,247.0,,false
410,60.0,228.0,,false
411,60.0,246.0,,false
412,800.0,4.0,,false
413,60.0,118.0,,false
414,60.0,120.0,,false
415,60.0,103.0,,false
416,60.0,110.0,,false
417,60.0,97.0,,false
418,60.0,100.0,,false
419,60.0,115.0,,false
420,100.0,243.0,,false
421,100.0,227.0,,false
422,900.0,8.0,,false
423,1150.0,14.0,,false
424,1000.0,5.0,,false
425,1350.0,50.0,,true
426,500.0,59.0,,true
427,5000.0,20.0,,true
428,2200.0,131.0,,true
429,3500.0,330.0,,true
430,5000.0,600.0,,true
431,500.0,154.0,,true
432,125.0,460.0,,true
433,40.0,452.0,,true
434,350.0,151.0,,true
435,500.0,183.0,,false
436,500.0,357.0,,false
437,3300.0,23.0,,false
438,3300.0,29.0,,false
439,3300.0,23.0,,false
440,60.0,187.0,,false
441,60.0,155.0,,false
442,60.0,184.0,,false
443,800.0,4.0,,false
444,60.0,118.0,,false
445,60.0,105.0,,false
446,60.0,111.0,,false
447,60.0,106.0,,false
448,60.0,105.0,,false
449,60.0,81.0,,false
450,60.0,83.0,,false
451,60.0,113.0,,false
452,60.0,109.0,,false
453,100.0,202.0,,false
454,100.0,186.0,,false
455,900.0,10.0,,false
456,1150.0,16.0,,false
457,1000.0,8.0,,false
458,1350.0,46.0,,true
459,500.0,60.0,,true
460,5000.0,17.0,,true
461,2200.0,140.0,,true
462,3500.0,349.0,,true
463,5000.0,600.0,,true
464,500.0,141.0,,true
465,125.0,509.0,,true
466,40.0,455.0,,true
467,350.0,160.0,,true
468,500.0,189.0,,false
469,500.0,400.0,,false
470,3300.0,24.0,,false
471,3300.0,24.0,,false
472,3300.0,23.0,,false
473,60.0,198.0,,false
474,60.0,204.0,,false
475,60.0,192.0,,false
476,800.0,4.0,,false
477,60.0,104.0,,false
478,60.0,91.0,,false
479,60.0,120.0,,false
480,60.0,81.0,,false
481,60.0,99.0,,false
482,60.0,85.0,,false
483,100.0,227.0,,false
484,100.0,193.0,,false
485,900.0,10.0,,false
486,1150.0,18.0,,false
487,1000.0,6.0,,false
488,1350.0,48.0,,true
489,500.0,58.0,,true
490,5000.0,19.0,,true
491,2200.0,140.0,,true
492,3500.0,351.0,,true
493,5000.0,600.0,,true
494,500.0,141.0,,true
495,125.0,529.0,,true
496,40.0,377.0,,true
497,350.0,174.0,,true
498,500.0,194.0,,false
499,500.0,501.0,,false
500,3300.0,21.0,,false
501,3300.0,30.0,,false
502,3300.0,24.0,,false
503,60.0,192.0,,false
504,60.0,226.0,,false
505,60.0,191.0,,false
506,60.0,174.0,,false
507,800.0,4.0,,false
508,60.0,117.0,,false
509,60.0,83.0,,false
510,60.0,96.0,,false
511,60.0,82.0,,false
512,60.0,86.0,,false
513,60.0,95.0,,false
514,60.0,85.0,,false
515,60.0,101.0,,false
516,100.0,219.0,,false
517,100.0,218.0,,false
518,900.0,7.0,,false
519,1150.0,13.0,,false
520,1000.0,6.0,,false
521,1350.0,50.0,,true
522,500.0,59.0,,true
523,5000.0,20.0,,true
524,2200.0,133.0,,true
525,3500.0,245.0,,true
526,5000.0,600.0,,true
527,500.0,154.0,,true
528,125.0,461.0,,true
529,40.0,423.0,,true
530,350.0,159.0,,true
531,500.0,171.0,,false
532,500.0,320.0,,false
533,3300.0,26.0,,false
534,3300.0,25.0,,false
535,3300.0,24.0,,false
536,60.0,219.0,,false
537,60.0,248.0,,false
538,60.0,247.0,,false
539,60.0,172.0,,false
540,800.0,5.0,,false
541,60.0,87.0,,false
542,60.0,82.0,,false
543,60.0,84.0,,false
544,60.0,82.0,,false
545,60.0,93.0,,false
546,60.0,114.0,,false
547,60.0,112.0,,false
548,60.0,82.0,,false
549,60.0,103.0,,false
550,100.0,199.0,,false
551,100.0,207.0,,false
552,900.0,10.0,,false
553,1150.0,17.0,,false
554,1000.0,8.0,,false
555,1350.0,48.0,,true
556,500.0,60.0,,true
557,5000.0,17.0,,true
558,2200.0,137.0,,true
559,3500.0,263.0,,true
560,5000.0,600.0,,true
561,500.0,142.0,,true
562,125.0,505.0,,true
563,40.0,422.0,,true
564,350.0,148.0,,true
565,500.0,180.0,,false
566,500.0,311.0,,false
567,3300.0,25.0,,false
568,3300.0,28.0,,false
569,3300.0,24.0,,false
570,60.0,207.0,,false
571,60.0,168.0,,false
572,60.0,241.0,,false
573,800.0,5.0,,false
574,60.0,117.0,,false
575,60.0,91.0,,false
576,60.0,93.0,,false
577,60.0,97.0,,false
578,60.0,104.0,,false
579,60.0,116.0,,false
580,60.0,113.0,,false
581,60.0,104.0,,false
582,100.0,219.0,,false
583,100.0,239.0,,false
584,900.0,8.0,,false
585,1150.0,14.0,,false
586,1000.0,8.0,,false
587,1350.0,46.0,,true
588,500.0,56.0,,true
589,5000.0,20.0,,true
590,2200.0,132.0,,true
591,3500.0,233.0,,true
592,5000.0,600.0,,true
593,500.0,144.0,,true
594,125.0,456.0,,true
595,40.0,436.0,,true
596,350.0,165.0,,true
597,500.0,183.0,,false
598,500.0,344.0,,false
599,3300.0,27.0,,false
600,3300.0,29.0,,false
601,3300.0,26.0,,false
602,60.0,244.0,,false
603,60.0,212.0,,false
604,60.0,155.0,,false
605,800.0,6.0,,false
606,60.0,87.0,,false
607,60.0,112.0,,false
608,60.0,94.0,,false
609,60.0,83.0,,false
610,60.0,88.0,,false
611,60.0,91.0,,false
612,60.0,103.0,,false
613,100.0,201.0,,false
614,100.0,212.0,,false
615,900.0,7.0,,false
616,1150.0,15.0,,false
617,1000.0,8.0,,false
618,1350.0,49.0,,true
619,500.0,59.0,,true
620,5000.0,16.0,,true
621,2200.0,135.0,,true
622,3500.0,288.0,,true
623,5000.0,600.0,,true
624,500.0,159.0,,true
625,125.0,528.0,,true
626,40.0,388.0,,true
627,350.0,154.0,,true
628,500.0,180.0,,false
629,500.0,477.0,,false
630,3300.0,30.0,,false
631,3300.0,25.0,,false
632,3300.0,29.0,,false
633,60.0,204.0,,false
634,60.0,163.0,,false
635,60.0,216.0,,false
636,800.0,4.0,,false
637,60.0,97.0,,false
638,60.0,114.0,,false
639,60.0,106.0,,false
640,60.0,98.0,,false
641,60.0,96.0,,false
642,60.0,94.0,,false
643,60.0,81.0,,false
644,100.0,245.0,,false
645,100.0,239.0,,false
646,900.0,7.0,,false
647,1150.0,18.0,,false
648,1000.0,7.0,,false
649,1350.0,48.0,,true
650,500.0,59.0,,true
651,5000.0,18.0,,true
652,2200.0,131.0,,true
653,3500.0,316.0,,true
654,5000.0,600.0,,true
655,500.0,157.0,,true
656,125.0,518.0,,true
657,40.0,446.0,,true
658,350.0,150.0,,true
659,500.0,190.0,,false
660,500.0,441.0,,false
661,3300.0,25.0,,false
662,3300.0,29.0,,false
663,3300.0,24.0,,false
664,60.0,247.0,,false
665,60.0,220.0,,false
666,60.0,216.0,,false
667,800.0,4.0,,false
668,60.0,98.0,,false
669,60.0,105.0,,false
670,60.0,86.0,,false
671,60.0,93.0,,false
672,60.0,88.0,,false
673,60.0,109.0,,false
674,60.0,104.0,,false
675,60.0,98.0,,false
676,60.0,104.0,,false
677,60.0,109.0,,false
678,100.0,222.0,,false
679,100.0,208.0,,false
680,900.0,9.0,,false
681,1150.0,13.0,,false
682,1000.0,8.0,,false
683,1350.0,50.0,,true
684,500.0,58.0,,true
685,5000.0,20.0,,true
686,2200.0,134.0,,true
687,3500.0,251.0,,true
688,5000.0,600.0,,true
689,500.0,154.0,,true
690,125.0,477.0,,true
691,40.0,438.0,,true
692,350.0,162.0,,true
693,500.0,186.0,,false
694,500.0,487.0,,false
695,3300.0,25.0,,false
696,3300.0,28.0,,false
697,3300.0,29.0,,false
698,60.0,233.0,,false
699,60.0,172.0,,false
700,60.0,187.0,,false
701,800.0,6.0,,false
702,60.0,115.0,,false
703,60.0,119.0,,false
704,60.0,100.0,,false
705,60.0,89.0,,false
706,60.0,107.0,,false
707,60.0,81.0,,false
708,60.0,96.0,,false
709,100.0,208.0,,false
710,100.0,245.0,,false
711,900.0,7.0,,false
712,1150.0,17.0,,false
713,1000.0,5.0,,false
714,1350.0,48.0,,true
715,500.0,57.0,,true
716,5000.0,17.0,,true
717,2200.0,134.0,,true
718,3500.0,234.0,,true
719,5000.0,600.0,,true
720,500.0,152.0,,true
721,125.0,470.0,,true
722,40.0,384.0,,true
723,350.0,167.0,,true
724,500.0,193.0,,false
725,500.0,393.0,,false
726,3300.0,29.0,,false
727,3300.0,22.0,,false
728,3300.0,22.0,,false
729,60.0,160.0,,false
730,60.0,237.0,,false
731,60.0,207.0,,false
732,800.0,4.0,,false
733,60.0,113.0,,false
734,60.0,83.0,,false
735,60.0,83.0,,false
736,60.0,115.0,,false
737,60.0,81.0,,false
738,60.0,120.0,,false
739,60.0,86.0,,false
740,100.0,199.0,,false
741,100.0,182.0,,false
742,900.0,8.0,,false
743,1150.0,17.0,,false
744,1000.0,6.0,,false
745,1350.0,48.0,,true
746,500.0,59.0,,true
747,5000.0,19.0,,true
748,2200.0,139.0,,true
749,3500.0,311.0,,true
750,5000.0,600.0,,true
751,500.0,150.0,,true
752,125.0,465.0,,true
753,40.0,357.0,,true
754,350.0,141.0,,true
755,500.0,195.0,,false
756,500.0,321.0,,false
757,3300.0,24.0,,false
758,3300.0,27.0,,false
759,3300.0,26.0,,false
760,60.0,152.0,,false
761,60.0,217.0,,false
762,60.0,222.0,,false
763,800.0,4.0,,false
764,60.0,96.0,,false
765,60.0,96.0,,false
766,60.0,89.0,,false
767,60.0,118.0,,false
768,60.0,105.0,,false
769,60.0,95.0,,false
770,60.0,99.0,,false
771,60.0,97.0,,false
772,60.0,81.0,,false
773,60.0,105.0,,false
774,100.0,204.0,,false
775,100.0,217.0,,false
776,900.0,7.0,,false
777,1150.0,13.0,,false
778,1000.0,8.0,,false
779,1350.0,49.0,,true
780,500.0,60.0,,true
781,5000.0,18.0,,true
782,2200.0,132.0,,true
783,3500.0,310.0,,true
784,5000.0,600.0,,true
785,500.0,155.0,,true
786,125.0,501.0,,true
787,40.0,421.0,,true
788,350.0,147.0,,true
789,500.0,186.0,,false
790,500.0,416.0,,false
791,3300.0,26.0,,false
792,3300.0,28.0,,false
793,3300.0,27.0,,false
794,60.0,234.0,,false
795,60.0,214.0,,false
796,60.0,186.0,,false
797,800.0,5.0,,false
798,60.0,93.0,,false
799,60.0,116.0,,false
800,60.0,99.0,,false
801,60.0,89.0,,false
802,60.0,89.0,,false
803,60.0,97.0,,false
804,60.0,101.0,,false
805,60.0,100.0,,false
806,60.0,100.0,,false
807,60.0,105.0,,false
808,100.0,236.0,,false
809,100.0,214.0,,false
810,900.0,7.0,,false
811,1150.0,17.0,,false
812,1000.0,7.0,,false
813,1350.0,49.0,,true
814,500.0,56.0,,true
815,5000.0,19.0,,true
816,2200.0,140.0,,true
817,3500.0,333.0,,true
818,5000.0,600.0,,true
819,500.0,156.0,,true
820,125.0,463.0,,true
821,40.0,414.0,,true
822,350.0,179.0,,true
823,500.0,182.0,,false
824,500.0,533.0,,false
825,3300.0,25.0,,false
826,3300.0,30.0,,false
827,3300.0,21.0,,false
828,60.0,178.0,,false
829,60.0,231.0,,false
830,60.0,165.0,,false
831,60.0,169.0,,false
832,800.0,6.0,,false
833,60.0,113.0,,false
834,60.0,93.0,,false
835,60.0,103.0,,false
836,60.0,115.0,,false
837,60.0,100.0,,false
838,60.0,97.0,,false
839,100.0,227.0,,false
840,100.0,205.0,,false
841,900.0,9.0,,false
842,1150.0,13.0,,false
843,1000.0,6.0,,false
844,1350.0,50.0,,true
845,500.0,60.0,,true
846,5000.0,16.0,,true
847,2200.0,135.0,,true
848,3500.0,266.0,,true
849,5000.0,600.0,,true
850,500.0,145.0,,true
851,125.0,550.0,,true
852,40.0,405.0,,true
853,350.0,158.0,,true
854,500.0,200.0,,false
855,500.0,346.0,,false
856,3300.0,27.0,,false
857,3300.0,30.0,,false
858,3300.0,26.0,,false
859,60.0,237.0,,false
860,60.0,218.0,,false
861,60.0,188.0,,false
862,800.0,5.0,,false
863,60.0,89.0,,false
864,60.0,111.0,,false
865,60.0,115.0,,false
866,60.0,107.0,,false
867,60.0,109.0,,false
868,60.0,100.0,,false
869,60.0,110.0,,false
870,100.0,184.0,,false
871,100.0,194.0,,false
872,900.0,8.0,,false
873,1150.0,15.0,,false
874,1000.0,5.0,,false
875,1350.0,48.0,,true
876,500.0,58.0,,true
877,5000.0,17.0,,true
878,2200.0,134.0,,true
879,3500.0,278.0,,true
880,5000.0,600.0,,true
881,500.0,154.0,,true
882,125.0,502.0,,true
883,40.0,373.0,,true
884,350.0,162.0,,true
885,500.0,176.0,,false
886,500.0,506.0,,false
887,3300.0,25.0,,false
888,3300.0,28.0,,false
889,3300.0,24.0,,false
890,60.0,229.0,,false
891,60.0,223.0,,false
892,60.0,221.0,,false
893,60.0,219.0,,false
894,800.0,6.0,,false
895,60.0,94.0,,false
896,60.0,96.0,,false
897,60.0,118.0,,false
898,60.0,103.0,,false
899,60.0,104.0,,false
900,60.0,118.0,,false
901,60.0,101.0,,false
902,60.0,94.0,,false
903,60.0,113.0,,false
904,100.0,196.0,,false
905,100.0,249.0,,false
906,900.0,7.0,,false
907,1150.0,18.0,,false
908,1000.0,6.0,,false
909,1350.0,48.0,,true
910,500.0,58.0,,true
911,5000.0,17.0,,true
912,2200.0,134.0,,true
913,3500.0,400.0,,true
914,5000.0,600.0,,true
915,500.0,142.0,,true
916,125.0,485.0,,true
917,40.0,458.0,,true
918,350.0,174.0,,true
919,500.0,180.0,,false
920,500.0,510.0,,false
921,3300.0,26.0,,false
922,3300.0,22.0,,false
923,3300.0,28.0,,false
924,60.0,165.0,,false
925,60.0,171.0,,false
926,60.0,171.0,,false
927,60.0,242.0,,false
928,800.0,5.0,,false
929,60.0,81.0,,false
930,60.0,95.0,,false
931,60.0,114.0,,false
932,60.0,86.0,,false
933,60.0,114.0,,false
934,60.0,93.0,,false
935,60.0,81.0,,false
936,60.0,102.0,,false
937,100.0,240.0,,false
938,100.0,194.0,,false
939,900.0,8.0,,false
940,1150.0,15.0,,false
941,1000.0,5.0,,false
942,1350.0,47.0,,true
943,500.0,59.0,,true
944,5000.0,20.0,,true
945,2200.0,131.0,,true
946,3500.0,305.0,,true
947,5000.0,600.0,,true
948,500.0,143.0,,true
949,125.0,545.0,,true
950,40.0,425.0,,true
951,350.0,162.0,,true
952,500.0,184.0,,false
953,500.0,416.0,,false
954,3300.0,30.0,,false
955,3300.0,30.0,,false
956,3300.0,24.0,,false
957,60.0,226.0,,false
958,60.0,184.0,,false
959,60.0,192.0,,false
960,60.0,230.0,,false
961,800.0,5.0,,false
962,60.0,82.0,,false
963,60.0,91.0,,false
964,60.0,109.0,,false
965,60.0,93.0,,false
966,60.0,83.0,,false
967,60.0,86.0,,false
968,60.0,81.0,,false
969,60.0,87.0,,false
970,60.0,104.0,,false
971,60.0,92.0,,false
972,100.0,209.0,,false
973,100.0,238.0,,false
974,900.0,10.0,,false
975,1150.0,18.0,,false
976,1000.0,6.0,,false
977,1350.0,50.0,,true
978,500.0,60.0,,true
979,5000.0,19.0,,true
980,2200.0,133.0,,true
981,3500.0,338.0,,true
982,5000.0,600.0,,true
983,500.0,151.0,,true
984,125.0,530.0,,true
985,40.0,372.0,,true
986,350.0,154.0,,true
987,500.0,187.0,,false
988,500.0,405.0,,false
989,3300.0,28.0,,false
990,3300.0,30.0,,false
991,3300.0,22.0,,false
992,60.0,211.0,,false
993,60.0,174.0,,false
994,60.0,169.0,,false
995,800.0,4.0,,false
996,60.0,117.0,,false
997,60.0,94.0,,false
998,60.0,91.0,,false
999,60.0,82.0,,false
1000,60.0,115.0,,false
1001,60.0,115.0,,false
1002,60.0,82.0,,false
1003,60.0,113.0,,false
1004,60.0,85.0,,false
1005,100.0,203.0,,false
1006,100.0,245.0,,false
1007,900.0,8.0,,false
1008,1150.0,15.0,,false
1009,1000.0,6.0,,false
1010,1350.0,49.0,,true
1011,500.0,58.0,,true
1012,5000.0,18.0,,true
1013,2200.0,138.0,,true
1014,3500.0,342.0,,true
1015,5000.0,600.0,,true
1016,500.0,157.0,,true
1017,125.0,479.0,,true
1018,40.0,439.0,,true
1019,350.0,160.0,,true
1020,500.0,175.0,,false
1021,500.0,334.0,,false
1022,3300.0,30.0,,false
1023,3300.0,22.0,,false
1024,3300.0,25.0,,false
1025,60.0,154.0,,false
1026,60.0,154.0,,false
1027,60.0,214.0,,false
1028,60.0,163.0,,false
1029,800.0,6.0,,false
1030,60.0,86.0,,false
1031,60.0,106.0,,false
1032,60.0,105.0,,false
1033,60.0,88.0,,false
1034,60.0,91.0,,false
1035,60.0,102.0,,false
1036,60.0,113.0,,false
1037,100.0,236.0,,false
1038,100.0,244.0,,false
1039,900.0,10.0,,false
1040,1150.0,17.0,,false
1041,1000.0,7.0,,false
1042,1350.0,49.0,,true
1043,500.0,57.0,,true
1044,5000.0,20.0,,true
1045,2200.0,137.0,,true
1046,3500.0,378.0,,true
1047,5000.0,600.0,,true
1048,500.0,153.0,,true
1049,125.0,543.0,,true
1050,40.0,354.0,,true
1051,350.0,157.0,,true
1052,500.0,177.0,,false
1053,500.0,326.0,,false
1054,3300.0,27.0,,false
1055,3300.0,24.0,,false
1056,3300.0,27.0,,false
1057,60.0,225.0,,false
1058,60.0,242.0,,false
1059,60.0,189.0,,false
1060,800.0,5.0,,false
1061,60.0,118.0,,false
1062,60.0,83.0,,false
1063,60.0,87.0,,false
1064,60.0,117.0,,false
1065,60.0,103.0,,false
1066,60.0,88.0,,false
1067,100.0,200.0,,false
1068,100.0,193.0,,false
1069,900.0,10.0,,false
1070,1150.0,13.0,,false
1071,1000.0,5.0,,false
1072,1350.0,47.0,,true
1073,500.0,58.0,,true
1074,5000.0,18.0,,true
1075,2200.0,132.0,,true
1076,3500.0,362.0,,true
1077,5000.0,600.0,,true
1078,500.0,147.0,,true
1079,125.0,474.0,,true
1080,40.0,434.0,,true
1081,350.0,155.0,,true
1082,500.0,196.0,,false
1083,500.0,442.0,,false
1084,3300.0,28.0,,false
1085,3300.0,28.0,,false
1086,3300.0,25.0,,false
1087,60.0,224.0,,false
1088,60.0,223.0,,false
1089,60.0,163.0,,false
1090,800.0,5.0,,false
1091,60.0,105.0,,false
1092,60.0,92.0,,false
1093,60.0,120.0,,false
1094,60.0,101.0,,false
1095,60.0,98.0,,false
1096,60.0,120.0,,false
1097,60.0,112.0,,false
1098,100.0,198.0,,false
1099,100.0,217.0,,false
1100,900.0,9.0,,false
1101,1150.0,18.0,,false
1102,1000.0,5.0,,false
1103,1350.0,49.0,,true
1104,500.0,57.0,,true
1105,5000.0,19.0,,true
1106,2200.0,135.0,,true
1107,3500.0,356.0,,true
1108,5000.0,600.0,,true
1109,500.0,151.0,,true
1110,125.0,522.0,,true
1111,40.0,421.0,,true
1112,350.0,169.0,,true
1113,500.0,181.0,,false
1114,500.0,415.0,,false
1115,3300.0,29.0,,false
1116,3300.0,25.0,,false
1117,3300.0,21.0,,false
1118,60.0,178.0,,false
1119,60.0,159.0,,false
1120,60.0,191.0,,false
1121,800.0,5.0,,false
1122,60.0,93.0,,false
1123,60.0,90.0,,false
1124,60.0,87.0,,false
1125,60.0,83.0,,false
1126,60.0,106.0,,false
1127,60.0,98.0,,false
1128,60.0,97.0,,false
1129,100.0,221.0,,false
1130,100.0,229.0,,false
1131,900.0,10.0,,false
1132,1150.0,14.0,,false
1133,1000.0,7.0,,false
1134,1350.0,46.0,,true
1135,500.0,60.0,,true
1136,5000.0,16.0,,true
1137,2200.0,139.0,,true
1138,3500.0,391.0,,true
1139,5000.0,600.0,,true
1140,500.0,155.0,,true
1141,125.0,545.0,,true
1142,40.0,430.0,,true
1143,350.0,143.0,,true
1144,500.0,189.0,,false
1145,500.0,546.0,,false
1146,3300.0,23.0,,false
1147,3300.0,25.0,,false
1148,3300.0,21.0,,false
1149,60.0,190.0,,false
1150,60.0,229.0,,false
1151,60.0,180.0,,false
1152,60.0,203.0,,false
1153,800.0,6.0,,false
1154,60.0,102.0,,false
1155,60.0,86.0,,false
1156,60.0,111.0,,false
1157,60.0,94.0,,false
1158,60.0,105.0,,false
1159,60.0,91.0,,false
1160,60.0,95.0,,false
1161,60.0,117.0,,false
1162,60.0,119.0,,false
1163,60.0,119.0,,false
1164,100.0,214.0,,false
1165,100.0,220.0,,false
1166,900.0,10.0,,false
1167,1150.0,14.0,,false
1168,1000.0,7.0,,false
1169,1350.0,46.0,,true
1170,500.0,57.0,,true
1171,5000.0,20.0,,true
1172,2200.0,136.0,,true
1173,3500.0,218.0,,true
1174,5000.0,600.0,,true
1175,500.0,147.0,,true
1176,125.0,493.0,,true
1177,40.0,367.0,,true
1178,350.0,175.0,,true
1179,500.0,177.0,,false
1180,500.0,334.0,,false
1181,3300.0,28.0,,false
1182,3300.0,26.0,,false
1183,3300.0,29.0,,false
1184,60.0,216.0,,false
1185,60.0,243.0,,false
1186,60.0,161.0,,false
1187,60.0,181.0,,false
1188,800.0,5.0,,false
1189,60.0,82.0,,false
1190,60.0,101.0,,false
1191,60.0,115.0,,false
1192,60.0,98.0,,false
1193,60.0,84.0,,false
1194,60.0,81.0,,false
1195,60.0,86.0,,false
1196,100.0,183.0,,false
1197,100.0,248.0,,false
1198,900.0,10.0,,false
1199,1150.0,13.0,,false
1200,1000.0,7.0,,false
1201,1350.0,47.0,,true
1202,500.0,56.0,,true
1203,5000.0,17.0,,true
1204,2200.0,131.0,,true
1205,3500.0,299.0,,true
1206,5000.0,600.0,,true
1207,500.0,154.0,,true
1208,125.0,538.0,,true
1209,40.0,437.0,,true
1210,350.0,153.0,,true
1211,500.0,191.0,,false
1212,500.0,586.0,,false
1213,3300.0,28.0,,false
1214,3300.0,30.0,,false
1215,3300.0,24.0,,false
1216,60.0,188.0,,false
1217,60.0,160.0,,false
1218,60.0,225.0,,false
1219,800.0,5.0,,false
1220,60.0,112.0,,false
1221,60.0,102.0,,false
1222,60.0,117.0,,false
1223,60.0,106.0,,false
1224,60.0,117.0,,false
1225,60.0,115.0,,false
1226,60.0,95.0,,false
1227,100.0,246.0,,false
1228,100.0,212.0,,false
1229,900.0,8.0,,false
1230,1150.0,18.0,,false
1231,1000.0,8.0,,false
1232,1350.0,46.0,,true
1233,500.0,60.0,,true
1234,5000.0,16.0,,true
1235,2200.0,137.0,,true
1236,3500.0,237.0,,true
1237,5000.0,600.0,,true
1238,500.0,159.0,,true
1239,125.0,550.0,,true
1240,40.0,434.0,,true
1241,350.0,167.0,,true
1242,500.0,171.0,,false
1243,500.0,358.0,,false
1244,3300.0,22.0,,false
1245,3300.0,23.0,,false
1246,3300.0,21.0,,false
1247,60.0,182.0,,false
1248,60.0,190.0,,false
1249,60.0,160.0,,false
1250,60.0,175.0,,false
1251,800.0,4.0,,false
1252,60.0,106.0,,false
1253,60.0,111.0,,false
1254,60.0,116.0,,false
1255,60.0,106.0,,false
1256,60.0,91.0,,false
1257,60.0,100.0,,false
1258,60.0,85.0,,false
1259,100.0,233.0,,false
1260,100.0,231.0,,false
1261,900.0,8.0,,false
1262,1150.0,18.0,,false
1263,1000.0,8.0,,false
1264,1350.0,48.0,,true
1265,500.0,58.0,,true
1266,5000.0,20.0,,true
1267,2200.0,138.0,,true
1268,3500.0,270.0,,true
1269,5000.0,600.0,,true
1270,500.0,150.0,,true
1271,125.0,466.0,,true
1272,40.0,390.0,,true
1273,350.0,145.0,,true
1274,500.0,188.0,,false
1275,500.0,600.0,,false
1276,3300.0,22.0,,false
1277,3300.0,23.0,,false
1278,3300.0,21.0,,false
1279,60.0,155.0,,false
1280,60.0,170.0,,false
1281,60.0,226.0,,false
1282,60.0,203.0,,false
1283,800.0,4.0,,false
1284,60.0,82.0,,false
1285,60.0,117.0,,false
1286,60.0,102.0,,false
1287,60.0,118.0,,false
1288,60.0,89.0,,false
1289,60.0,100.0,,false
1290,100.0,233.0,,false
1291,100.0,245.0,,false
1292,900.0,9.0,,false
1293,1150.0,18.0,,false
1294,1000.0,7.0,,false
1295,1350.0,46.0,,true
1296,500.0,57.0,,true
1297,5000.0,16.0,,true
1298,2200.0,135.0,,true
1299,3500.0,230.0,,true
1300,5000.0,600.0,,true
1301,500.0,151.0,,true
1302,125.0,486.0,,true
1303,40.0,393.0,,true
1304,350.0,167.0,,true
1305,500.0,176.0,,false
1306,500.0,438.0,,false
1307,3300.0,22.0,,false
1308,3300.0,28.0,,false
1309,3300.0,30.0,,false
1310,60.0,215.0,,false
1311,60.0,235.0,,false
1312,60.0,241.0,,false
1313,800.0,5.0,,false
1314,60.0,85.0,,false
1315,60.0,86.0,,false
1316,60.0,108.0,,false
1317,60.0,116.0,,false
1318,60.0,102.0,,false
1319,60.0,120.0,,false
1320,60.0,112.0,,false
1321,100.0,250.0,,false
1322,100.0,185.0,,false
1323,900.0,7.0,,false
1324,1150.0,14.0,,false
1325,1000.0,5.0,,false
1326,1350.0,50.0,,true
1327,500.0,58.0,,true
1328,5000.0,17.0,,true
1329,2200.0,138.0,,true
1330,3500.0,347.0,,true
1331,5000.0,600.0,,true
1332,500.0,151.0,,true
1333,125.0,515.0,,true
1334,40.0,372.0,,true
1335,350.0,158.0,,true
1336,500.0,199.0,,false
1337,500.0,439.0,,false
1338,3300.0,25.0,,false
1339,3300.0,27.0,,false
1340,3300.0,24.0,,false
1341,60.0,203.0,,false
1342,60.0,187.0,,false
1343,60.0,168.0,,false
1344,800.0,5.0,,false
1345,60.0,85.0,,false
1346,60.0,110.0,,false
1347,60.0,111.0,,false
1348,60.0,119.0,,false
1349,60.0,107.0,,false
1350,60.0,87.0,,false
1351,60.0,109.0,,false
1352,100.0,222.0,,false
1353,100.0,219.0,,false
1354,900.0,7.0,,false
1355,1150.0,15.0,,false
1356,1000.0,5.0,,false
1357,1350.0,50.0,,true
1358,500.0,60.0,,true
1359,5000.0,20.0,,true
1360,2200.0,134.0,,true
1361,3500.0,317.0,,true
1362,5000.0,600.0,,true
1363,500.0,143.0,,true
1364,125.0,499.0,,true
1365,40.0,379.0,,true
1366,350.0,177.0,,true
1367,500.0,180.0,,false
1368,500.0,595.0,,false
1369,3300.0,27.0,,false
1370,3300.0,30.0,,false
1371,3300.0,24.0,,false
1372,60.0,179.0,,false
1373,60.0,240.0,,false
1374,60.0,244.0,,false
1375,800.0,6.0,,false
1376,60.0,86.0,,false
1377,60.0,100.0,,false
1378,60.0,111.0,,false
1379,60.0,100.0,,false
1380,60.0,95.0,,false
1381,60.0,89.0,,false
1382,60.0,106.0,,false
1383,60.0,110.0,,false
1384,100.0,198.0,,false
1385,100.0,206.0,,false
1386,900.0,10.0,,false
1387,1150.0,15.0,,false
1388,1000.0,5.0,,false
1389,1350.0,48.0,,true
1390,500.0,59.0,,true
1391,5000.0,20.0,,true
1392,2200.0,138.0,,true
1393,3500.0,216.0,,true
1394,5000.0,600.0,,true
1395,500.0,147.0,,true
1396,125.0,462.0,,true
1397,40.0,413.0,,true
1398,350.0,179.0,,true
1399,500.0,177.0,,false
1400,500.0,396.0,,false
1401,3300.0,26.0,,false
1402,3300.0,24.0,,false
1403,3300.0,25.0,,false
1404,60.0,229.0,,false
1405,60.0,158.0,,false
1406,60.0,167.0,,false
1407,60.0,237.0,,false
1408,800.0,6.0,,false
1409,60.0,98.0,,false
1410,60.0,120.0,,false
1411,60.0,96.0,,false
1412,60.0,103.0,,false
1413,60.0,98.0,,false
1414,60.0,96.0,,false
1415,60.0,109.0,,false
1416,60.0,91.0,,false
1417,60.0,95.0,,false
1418,100.0,204.0,,false
1419,100.0,236.0,,false
1420,900.0,9.0,,false
1421,1150.0,14.0,,false
1422,1000.0,7.0,,false
1423,1350.0,50.0,,true
1424,500.0,59.0,,true
1425,5000.0,17.0,,true
1426,2200.0,133.0,,true
1427,3500.0,316.0,,true
1428,5000.0,600.0,,true
1429,500.0,152.0,,true
1430,125.0,464.0,,true
1431,40.0,354.0,,true
1432,350.0,159.0,,true
1433,500.0,178.0,,false
1434,500.0,511.0,,false
1435,3300.0,27.0,,false
1436,3300.0,30.0,,false
1437,3300.0,21.0,,false
1438,60.0,223.0,,false
1439,60.0,179.0,,false
1440,60.0,173.0,,false
1441,60.0,173.0,,false
1442,800.0,6.0,,false
1443,60.0,101.0,,false
1444,60.0,82.0,,false
1445,60.0,114.0,,false
1446,60.0,83.0,,false
1447,60.0,98.0,,false
1448,60.0,84.0,,false
1449,60.0,82.0,,false
1450,60.0,90.0,,false
1451,60.0,115.0,,false
1452,60.0,96.0,,false
1453,100.0,188.0,,false
1454,100.0,182.0,,false
1455,900.0,9.0,,false
1456,1150.0,13.0,,false
1457,1000.0,6.0,,false
1458,1350.0,47.0,,true
1459,500.0,57.0,,true
1460,5000.0,20.0,,true
1461,2200.0,133.0,,true
1462,3500.0,350.0,,true
1463,5000.0,600.0,,true
1464,500.0,157.0,,true
1465,125.0,511.0,,true
1466,40.0,381.0,,true
1467,350.0,141.0,,true
1468,500.0,173.0,,false
1469,500.0,523.0,,false
1470,3300.0,27.0,,false
1471,3300.0,29.0,,false
1472,3300.0,24.0,,false
1473,60.0,214.0,,false
1474,60.0,200.0,,false
1475,60.0,213.0,,false
1476,60.0,214.0,,false
1477,800.0,4.0,,false
1478,60.0,87.0,,false
1479,60.0,97.0,,false
1480,60.0,81.0,,false
1481,60.0,109.0,,false
1482,60.0,85.0,,false
1483,60.0,119.0,,false
1484,60.0,101.0,,false
1485,60.0,119.0,,false
1486,100.0,192.0,,false
1487,100.0,221.0,,false
1488,900.0,8.0,,false
1489,1150.0,14.0,,false
1490,1000.0,8.0,,false
1491,1350.0,48.0,,true
1492,500.0,57.0,,true
1493,5000.0,17.0,,true
1494,2200.0,138.0,,true
1495,3500.0,396.0,,true
1496,5000.0,600.0,,true
1497,500.0,144.0,,true
1498,125.0,520.0,,true
1499,40.0,432.0,,true
1500,350.0,166.0,,true
1501,500.0,171.0,,false
1502,500.0,312.0,,false
1503,3300.0,23.0,,false
1504,3300.0,23.0,,false
1505,3300.0,29.0,,false
1506,60.0,157.0,,false
1507,60.0,249.0,,false
1508,60.0,162.0,,false
1509,800.0,4.0,,false
1510,60.0,86.0,,false
1511,60.0,98.0,,false
1512,60.0,98.0,,false
1513,60.0,119.0,,false
1514,60.0,110.0,,false
1515,60.0,117.0,,false
1516,60.0,100.0,,false
1517,60.0,101.0,,false
1518,60.0,81.0,,false
1519,100.0,232.0,,false
1520,100.0,227.0,,false
1521,900.0,9.0,,false
1522,1150.0,15.0,,false
1523,1000.0,6.0,,false
1524,1350.0,49.0,,true
1525,500.0,56.0,,true
1526,5000.0,17.0,,true
1527,2200.0,139.0,,true
1528,3500.0,301.0,,true
1529,5000.0,600.0,,true
1530,500.0,156.0,,true
1531,125.0,492.0,,true
1532,40.0,428.0,,true
1533,350.0,178.0,,true
1534,500.0,183.0,,false
1535,500.0,510.0,,false
1536,3300.0,22.0,,false
1537,3300.0,30.0,,false
1538,3300.0,26.0,,false
1539,60.0,183.0,,false
1540,60.0,232.0,,false
1541,60.0,153.0,,false
1542,800.0,5.0,,false
1543,60.0,113.0,,false
1544,60.0,117.0,,false
1545,60.0,98.0,,false
1546,60.0,95.0,,false
1547,60.0,101.0,,false
1548,60.0,84.0,,false
1549,60.0,83.0,,false
1550,60.0,96.0,,false
1551,100.0,224.0,,false
1552,100.0,187.0,,false
1553,900.0,7.0,,false
1554,1150.0,18.0,,false
1555,1000.0,6.0,,false
1556,1350.0,50.0,,true
1557,500.0,60.0,,true
1558,5000.0,16.0,,true
1559,2200.0,133.0,,true
1560,3500.0,336.0,,true
1561,5000.0,600.0,,true
1562,500.0,151.0,,true
1563,125.0,502.0,,true
1564,40.0,391.0,,true
1565,350.0,142.0,,true
1566,500.0,191.0,,false
1567,500.0,599.0,,false
1568,3300.0,22.0,,false
1569,3300.0,30.0,,false
1570,3300.0,24.0,,false
1571,60.0,176.0,,false
1572,60.0,179.0,,false
1573,60.0,180.0,,false
1574,800.0,6.0,,false
1575,60.0,97.0,,false
1576,60.0,84.0,,false
1577,60.0,117.0,,false
1578,60.0,107.0,,false
1579,60.0,101.0,,false
1580,60.0,111.0,,false
1581,60.0,102.0,,false
1582,60.0,120.0,,false
1583,60.0,117.0,,false
1584,100.0,194.0,,false
1585,100.0,250.0,,false
1586,900.0,8.0,,false
1587,1150.0,16.0,,false
1588,1000.0,5.0,,false
1589,1350.0,49.0,,true
1590,500.0,58.0,,true
1591,5000.0,18.0,,true
1592,2200.0,138.0,,true
1593,3500.0,360.0,,true
1594,5000.0,600.0,,true
1595,500.0,150.0,,true
1596,125.0,527.0,,true
1597,40.0,377.0,,true
1598,350.0,179.0,,true
1599,500.0,182.0,,false
1600,500.0,379.0,,false
1601,3300.0,30.0,,false
1602,3300.0,22.0,,false
1603,3300.0,28.0,,false
1604,60.0,171.0,,false
1605,60.0,172.0,,false
1606,60.0,171.0,,false
1607,800.0,6.0,,false
1608,60.0,103.0,,false
1609,60.0,104.0,,false
1610,60.0,97.0,,false
1611,60.0,105.0,,false
1612,60.0,116.0,,false
1613,60.0,95.0,,false
1614,60.0,85.0,,false
1615,60.0,115.0,,false
1616,100.0,219.0,,false
1617,100.0,218.0,,false
1618,900.0,9.0,,false
1619,1150.0,16.0,,false
1620,1000.0,6.0,,false
1621,1350.0,46.0,,true
1622,500.0,58.0,,true
1623,5000.0,19.0,,true
1624,2200.0,138.0,,true
1625,3500.0,243.0,,true
1626,5000.0,600.0,,true
1627,500.0,151.0,,true
1628,125.0,511.0,,true
1629,40.0,402.0,,true
1630,350.0,170.0,,true
1631,500.0,196.0,,false
1632,500.0,499.0,,false
1633,3300.0,29.0,,false
1634,3300.0,28.0,,false
1635,3300.0,22.0,,false
1636,60.0,232.0,,false
1637,60.0,188.0,,false
1638,60.0,182.0,,false
1639,60.0,179.0,,false
1640,800.0,4.0,,false
1641,60.0,105.0,,false
1642,60.0,89.0,,false
1643,60.0,114.0,,false
1644,60.0,114.0,,false
1645,60.0,112.0,,false
1646,60.0,118.0,,false
1647,100.0,235.0,,false
1648,100.0,247.0,,false
1649,900.0,9.0,,false
1650,1150.0,13.0,,false
1651,1000.0,8.0,,false
1652,1350.0,46.0,,true
1653,500.0,56.0,,true
1654,5000.0,18.0,,true
1655,2200.0,132.0,,true
1656,3500.0,248.0,,true
1657,5000.0,600.0,,true
1658,500.0,151.0,,true
1659,125.0,532.0,,true
1660,40.0,366.0,,true
1661,350.0,179.0,,true
1662,500.0,187.0,,false
1663,500.0,401.0,,false
1664,3300.0,21.0,,false
1665,3300.0,25.0,,false
1666,3300.0,21.0,,false
1667,60.0,185.0,,false
1668,60.0,244.0,,false
1669,60.0,198.0,,false
1670,800.0,5.0,,false
1671,60.0,84.0,,false
1672,60.0,101.0,,false
1673,60.0,112.0,,false
1674,60.0,81.0,,false
1675,60.0,101.0,,false
1676,60.0,116.0,,false
1677,60.0,83.0,,false
1678,60.0,86.0,,false
1679,100.0,186.0,,false
1680,100.0,230.0,,false
1681,900.0,7.0,,false
1682,1150.0,13.0,,false
1683,1000.0,7.0,,false
1684,1350.0,48.0,,true
1685,500.0,59.0,,true
1686,5000.0,18.0,,true
1687,2200.0,133.0,,true
1688,3500.0,282.0,,true
1689,5000.0,600.0,,true
1690,500.0,147.0,,true
1691,125.0,454.0,,true
1692,40.0,427.0,,true
1693,350.0,160.0,,true
1694,500.0,200.0,,false
1695,500.0,513.0,,false
1696,3300.0,25.0,,false
1697,3300.0,29.0,,false
1698,3300.0,28.0,,false
1699,60.0,159.0,,false
1700,60.0,234.0,,false
1701,60.0,234.0,,false
1702,800.0,4.0,,false
1703,60.0,92.0,,false
1704,60.0,99.0,,false
1705,60.0,98.0,,false
1706,60.0,114.0,,false
1707,60.0,91.0,,false
1708,60.0,108.0,,false
1709,60.0,99.0,,false
1710,100.0,212.0,,false
1711,100.0,248.0,,false
1712,900.0,9.0,,false
1713,1150.0,17.0,,false
1714,1000.0,8.0,,false
1715,1350.0,47.0,,true
1716,500.0,56.0,,true
1717,5000.0,16.0,,true
1718,2200.0,133.0,,true
1719,3500.0,372.0,,true
1720,5000.0,600.0,,true
1721,500.0,142.0,,true
1722,125.0,491.0,,true
1723,40.0,394.0,,true
1724,350.0,148.0,,true
1725,500.0,194.0,,false
1726,500.0,302.0,,false
1727,3300.0,25.0,,false
1728,3300.0,30.0,,false
1729,3300.0,24.0,,false
1730,60.0,207.0,,false
1731,60.0,238.0,,false
1732,60.0,243.0,,false
1733,60.0,215.0,,false
1734,800.0,6.0,,false
1735,60.0,89.0,,false
1736,60.0,114.0,,false
1737,60.0,83.0,,false
1738,60.0,113.0,,false
1739,60.0,83.0,,false
1740,60.0,110.0,,false
1741,100.0,242.0,,false
1742,100.0,247.0,,false
1743,900.0,7.0,,false
1744,1150.0,17.0,,false
1745,1000.0,5.0,,false
1746,1350.0,46.0,,true
1747,500.0,59.0,,true
1748,5000.0,17.0,,true
1749,2200.0,137.0,,true
1750,3500.0,284.0,,true
1751,5000.0,600.0,,true
1752,500.0,157.0,,true
1753,125.0,520.0,,true
1754,40.0,355.0,,true
1755,350.0,152.0,,true
1756,500.0,187.0,,false
1757,500.0,509.0,,false
1758,3300.0,30.0,,false
1759,3300.0,28.0,,false
1760,3300.0,22.0,,false
1761,60.0,206.0,,false
1762,60.0,156.0,,false
1763,60.0,216.0,,false
1764,60.0,177.0,,false
1765,800.0,4.0,,false
1766,60.0,107.0,,false
1767,60.0,96.0,,false
1768,60.0,94.0,,false
1769,60.0,82.0,,false
1770,60.0,92.0,,false
1771,60.0,104.0,,false
1772,100.0,243.0,,false
1773,100.0,242.0,,false
1774,900.0,7.0,,false
1775,1150.0,14.0,,false
1776,1000.0,8.0,,false
1777,1350.0,47.0,,true
1778,500.0,56.0,,true
1779,5000.0,20.0,,true
1780,2200.0,140.0,,true
1781,3500.0,379.0,,true
1782,5000.0,600.0,,true
1783,500.0,153.0,,true
1784,125.0,537.0,,true
1785,40.0,376.0,,true
1786,350.0,179.0,,true
1787,500.0,177.0,,false
1788,500.0,526.0,,false
1789,3300.0,29.0,,false
1790,3300.0,22.0,,false
1791,3300.0,26.0,,false
1792,60.0,176.0,,false
1793,60.0,164.0,,false
1794,60.0,239.0,,false
1795,60.0,158.0,,false
1796,800.0,5.0,,false
1797,60.0,81.0,,false
1798,60.0,99.0,,false
1799,60.0,119.0,,false
1800,60.0,91.0,,false
1801,60.0,96.0,,false
1802,60.0,103.0,,false
1803,100.0,245.0,,false
1804,100.0,204.0,,false
1805,900.0,10.0,,false
1806,1150.0,18.0,,false
1807,1000.0,7.0,,false
1808,1350.0,50.0,,true
1809,500.0,60.0,,true
1810,5000.0,19.0,,true
1811,2200.0,137.0,,true
1812,3500.0,296.0,,true
1813,5000.0,600.0,,true
1814,500.0,149.0,,true
1815,125.0,478.0,,true
1816,40.0,411.0,,true
1817,350.0,168.0,,true
1818,500.0,192.0,,false
1819,500.0,539.0,,false
1820,3300.0,22.0,,false
1821,3300.0,23.0,,false
1822,3300.0,29.0,,false
1823,60.0,236.0,,false
1824,60.0,240.0,,false
1825,60.0,217.0,,false
1826,800.0,6.0,,false
1827,60.0,89.0,,false
1828,60.0,93.0,,false
1829,60.0,85.0,,false
1830,60.0,96.0,,false
1831,60.0,117.0,,false
1832,60.0,88.0,,false
1833,60.0,119.0,,false
1834,100.0,223.0,,false
1835,100.0,241.0,,false
1836,900.0,8.0,,false
1837,1150.0,17.0,,false
1838,1000.0,8.0,,false
1839,1350.0,48.0,,true
1840,500.0,59.0,,true
1841,5000.0,19.0,,true
1842,2200.0,133.0,,true
1843,3500.0,299.0,,true
1844,5000.0,600.0,,true
1845,500.0,147.0,,true
1846,125.0,505.0,,true
1847,40.0,458.0,,true
1848,350.0,178.0,,true
1849,500.0,175.0,,false
1850,500.0,542.0,,false
1851,3300.0,28.0,,false
1852,3300.0,25.0,,false
1853,3300.0,28.0,,false
1854,60.0,233.0,,false
1855,60.0,229.0,,false
1856,60.0,223.0,,false
1857,800.0,6.0,,false
1858,60.0,93.0,,false
1859,60.0,108.0,,false
1860,60.0,99.0,,false
1861,60.0,109.0,,false
1862,60.0,116.0,,false
1863,60.0,88.0,,false
1864,60.0,101.0,,false
1865,100.0,218.0,,false
1866,100.0,240.0,,false
1867,900.0,9.0,,false
1868,1150.0,16.0,,false
1869,1000.0,7.0,,false
1870,1350.0,46.0,,true
1871,500.0,56.0,,true
1872,5000.0,17.0,,true
1873,2200.0,135.0,,true
1874,3500.0,279.0,,true
1875,5000.0,600.0,,true
1876,500.0,146.0,,true
1877,125.0,509.0,,true
1878,40.0,357.0,,true
1879,350.0,179.0,,true
1880,500.0,197.0,,false
1881,500.0,411.0,,false
1882,3300.0,24.0,,false
1883,3300.0,22.0,,false
1884,3300.0,23.0,,false
1885,60.0,247.0,,false
1886,60.0,184.0,,false
1887,60.0,217.0,,false
1888,60.0,189.0,,false
1889,800.0,4.0,,false
1890,60.0,111.0,,false
1891,60.0,99.0,,false
1892,60.0,90.0,,false
1893,60.0,99.0,,false
1894,60.0,113.0,,false
1895,60.0,118.0,,false
1896,60.0,106.0,,false
1897,60.0,117.0,,false
1898,60.0,86.0,,false
1899,60.0,107.0,,false
1900,100.0,195.0,,false
1901,100.0,211.0,,false
1902,900.0,7.0,,false
1903,1150.0,14.0,,false
1904,1000.0,5.0,,false
1905,1350.0,49.0,,true
1906,500.0,58.0,,true
1907,5000.0,19.0,,true
1908,2200.0,133.0,,true
1909,3500.0,343.0,,true
1910,5000.0,600.0,,true
1911,500.0,157.0,,true
1912,125.0,496.0,,true
1913,40.0,405.0,,true
1914,350.0,173.0,,true
1915,500.0,179.0,,false
1916,500.0,369.0,,false
1917,3300.0,21.0,,false
1918,3300.0,24.0,,false
1919,3300.0,22.0,,false
1920,60.0,246.0,,false
1921,60.0,184.0,,false
1922,60.0,236.0,,false
1923,800.0,4.0,,false
1924,60.0,119.0,,false
1925,60.0,89.0,,false
1926,60.0,99.0,,false
1927,60.0,90.0,,false
1928,60.0,109.0,,false
1929,60.0,98.0,,false
1930,60.0,110.0,,false
1931,100.0,197.0,,false
1932,100.0,246.0,,false
1933,900.0,10.0,,false
1934,1150.0,14.0,,false
1935,1000.0,5.0,,false
1936,1350.0,47.0,,true
1937,500.0,60.0,,true
1938,5000.0,18.0,,true
1939,2200.0,137.0,,true
1940,3500.0,327.0,,true
1941,5000.0,600.0,,true
1942,500.0,142.0,,true
1943,125.0,524.0,,true
1944,40.0,435.0,,true
1945,350.0,156.0,,true
1946,500.0,178.0,,false
1947,500.0,373.0,,false
1948,3300.0,30.0,,false
1949,3300.0,29.0,,false
1950,3300.0,22.0,,false
1951,60.0,228.0,,false
1952,60.0,228.0,,false
1953,60.0,179.0,,false
1954,60.0,212.0,,false
1955,800.0,5.0,,false
1956,60.0,107.0,,false
1957,60.0,119.0,,false
1958,60.0,91.0,,false
1959,60.0,91.0,,false
1960,60.0,110.0,,false
1961,60.0,93.0,,false
1962,100.0,217.0,,false
1963,100.0,238.0,,false
1964,900.0,7.0,,false
1965,1150.0,17.0,,false
1966,1000.0,5.0,,false
1967,1350.0,49.0,,true
1968,500.0,60.0,,true
1969,5000.0,18.0,,true
1970,2200.0,135.0,,true
1971,3500.0,392.0,,true
1972,5000.0,600.0,,true
1973,500.0,150.0,,true
1974,125.0,508.0,,true
1975,40.0,433.0,,true
1976,350.0,152.0,,true
1977,500.0,199.0,,false
1978,500.0,546.0,,false
1979,3300.0,27.0,,false
1980,3300.0,30.0,,false
1981,3300.0,28.0,,false
1982,60.0,162.0,,false
1983,60.0,208.0,,false
1984,60.0,154.0,,false
1985,60.0,212.0,,false
1986,800.0,4.0,,false
1987,60.0,107.0,,false
1988,60.0,89.0,,false
1989,60.0,115.0,,false
1990,60.0,83.0,,false
1991,60.0,93.0,,false
1992,60.0,100.0,,false
1993,60.0,99.0,,false
1994,60.0,102.0,,false
1995,60.0,119.0,,false
1996,60.0,110.0,,false
1997,100.0,181.0,,false
1998,100.0,187.0,,false
1999,900.0,8.0,,false
2000,1150.0,18.0,,false
2001,1000.0,6.0,,false
2002,1350.0,49.0,,true
2003,500.0,57.0,,true
2004,5000.0,18.0,,true
2005,2200.0,135.0,,true
2006,3500.0,275.0,,true
2007,5000.0,600.0,,true
2008,500.0,152.0,,true
2009,125.0,457.0,,true
2010,40.0,448.0,,true
2011,350.0,169.0,,true
2012,500.0,179.0,,false
2013,500.0,443.0,,false
2014,3300.0,26.0,,false
2015,3300.0,28.0,,false
2016,3300.0,22.0,,false
2017,60.0,193.0,,false
2018,60.0,237.0,,false
2019,60.0,227.0,,false
2020,60.0,174.0,,false
2021,800.0,6.0,,false
2022,60.0,89.0,,false
2023,60.0,96.0,,false
2024,60.0,107.0,,false
2025,60.0,92.0,,false
2026,60.0,106.0,,false
2027,60.0,89.0,,false
2028,100.0,189.0,,false
2029,100.0,221.0,,false
2030,900.0,7.0,,false
2031,1150.0,13.0,,false
2032,1000.0,6.0,,false
2033,1350.0,46.0,,true
2034,500.0,56.0,,true
2035,5000.0,18.0,,true
2036,2200.0,131.0,,true
2037,3500.0,400.0,,true
2038,5000.0,600.0,,true
2039,500.0,148.0,,true
2040,125.0,463.0,,true
2041,40.0,420.0,,true
2042,350.0,154.0,,true
2043,500.0,188.0,,false
2044,500.0,425.0,,false
2045,3300.0,22.0,,false
2046,3300.0,29.0,,false
2047,3300.0,30.0,,false
2048,60.0,221.0,,false
2049,60.0,229.0,,false
2050,60.0,227.0,,false
2051,60.0,208.0,,false
2052,800.0,4.0,,false
2053,60.0,109.0,,false
2054,60.0,95.0,,false
2055,60.0,115.0,,false
2056,60.0,83.0,,false
2057,60.0,119.0,,false
2058,60.0,108.0,,false
2059,60.0,91.0,,false
2060,60.0,112.0,,false
2061,100.0,235.0,,false
2062,100.0,209.0,,false
2063,900.0,8.0,,false
2064,1150.0,18.0,,false
2065,1000.0,8.0,,false
2066,1350.0,46.0,,true
2067,500.0,60.0,,true
2068,5000.0,18.0,,true
2069,2200.0,140.0,,true
2070,3500.0,274.0,,true
2071,5000.0,600.0,,true
2072,500.0,151.0,,true
2073,125.0,492.0,,true
2074,40.0,354.0,,true
2075,350.0,165.0,,true
2076,500.0,200.0,,false
2077,500.0,600.0,,false
2078,3300.0,23.0,,false
2079,3300.0,27.0,,false
2080,3300.0,25.0,,false
2081,60.0,194.0,,false
2082,60.0,243.0,,false
2083,60.0,211.0,,false
2084,800.0,5.0,,false
2085,60.0,120.0,,false
2086,60.0,113.0,,false
2087,60.0,87.0,,false
2088,60.0,111.0,,false
2089,60.0,114.0,,false
2090,60.0,113.0,,false
2091,100.0,240.0,,false
2092,100.0,210.0,,false
2093,900.0,9.0,,false
2094,1150.0,15.0,,false
2095,1000.0,8.0,,false
2096,1350.0,48.0,,true
2097,500.0,59.0,,true
2098,5000.0,19.0,,true
2099,2200.0,134.0,,true
2100,3500.0,400.0,,true
2101,5000.0,600.0,,true
2102,500.0,151.0,,true
2103,125.0,545.0,,true
2104,40.0,439.0,,true
2105,350.0,149.0,,true
2106,500.0,194.0,,false
2107,500.0,454.0,,false
2108,3300.0,28.0,,false
2109,3300.0,28.0,,false
2110,3300.0,24.0,,false
2111,60.0,229.0,,false
2112,60.0,198.0,,false
2113,60.0,204.0,,false
2114,60.0,185.0,,false
2115,800.0,4.0,,false
2116,60.0,99.0,,false
2117,60.0,89.0,,false
2118,60.0,83.0,,false
2119,60.0,104.0,,false
2120,60.0,119.0,,false
2121,60.0,104.0,,false
2122,60.0,93.0,,false
2123,60.0,94.0,,false
2124,60.0,90.0,,false
2125,100.0,242.0,,false
2126,100.0,190.0,,false
2127,900.0,8.0,,false
2128,1150.0,16.0,,false
2129,1000.0,7.0,,false
2130,1350.0,47.0,,true
2131,500.0,59.0,,true
2132,5000.0,17.0,,true
2133,2200.0,140.0,,true
2134,3500.0,229.0,,true
2135,5000.0,600.0,,true
2136,500.0,144.0,,true
2137,125.0,463.0,,true
2138,40.0,449.0,,true
2139,350.0,173.0,,true
2140,500.0,192.0,,false
2141,500.0,571.0,,false
2142,3300.0,25.0,,false
2143,3300.0,27.0,,false
2144,3300.0,22.0,,false
2145,60.0,221.0,,false
2146,60.0,186.0,,false
2147,60.0,156.0,,false
2148,60.0,154.0,,false
2149,800.0,5.0,,false
2150,60.0,83.0,,false
2151,60.0,102.0,,false
2152,60.0,103.0,,false
2153,60.0,112.0,,false
2154,60.0,96.0,,false
2155,60.0,87.0,,false
2156,60.0,109.0,,false
2157,60.0,112.0,,false
2158,100.0,235.0,,false
2159,100.0,191.0,,false
2160,900.0,10.0,,false
2161,1150.0,18.0,,false
2162,1000.0,8.0,,false
2163,1350.0,47.0,,true
2164,500.0,58.0,,true
2165,5000.0,19.0,,true
2166,2200.0,136.0,,true
2167,3500.0,303.0,,true
2168,5000.0,600.0,,true
2169,500.0,160.0,,true
2170,125.0,520.0,,true
2171,40.0,446.0,,true
2172,350.0,170.0,,true
2173,500.0,173.0,,false
2174,500.0,363.0,,false
2175,3300.0,28.0,,false
2176,3300.0,28.0,,false
2177,3300.0,27.0,,false
2178,60.0,208.0,,false
2179,60.0,169.0,,false
2180,60.0,158.0,,false
2181,60.0,174.0,,false
2182,800.0,4.0,,false
2183,60.0,111.0,,false
2184,60.0,110.0,,false
2185,60.0,92.0,,false
2186,60.0,90.0,,false
2187,60.0,108.0,,false
2188,60.0,98.0,,false
2189,60.0,115.0,,false
2190,60.0,117.0,,false
2191,100.0,217.0,,false
2192,100.0,245.0,,false
2193,900.0,9.0,,false
2194,1150.0,14.0,,false
2195,1000.0,6.0,,false
2196,1350.0,50.0,,true
2197,500.0,59.0,,true
2198,5000.0,16.0,,true
2199,2200.0,133.0,,true
2200,3500.0,389.0,,true
2201,5000.0,600.0,,true
2202,500.0,156.0,,true
2203,125.0,519.0,,true
2204,40.0,393.0,,true
2205,350.0,170.0,,true
2206,500.0,193.0,,false
2207,500.0,347.0,,false
2208,3300.0,26.0,,false
2209,3300.0,27.0,,false
2210,3300.0,24.0,,false
2211,60.0,227.0,,false
2212,60.0,159.0,,false
2213,60.0,194.0,,false
2214,60.0,176.0,,false
2215,800.0,4.0,,false
2216,60.0,119.0,,false
2217,60.0,102.0,,false
2218,60.0,94.0,,false
2219,60.0,112.0,,false
2220,60.0,87.0,,false
2221,60.0,110.0,,false
2222,60.0,101.0,,false
2223,60.0,109.0,,false
2224,60.0,110.0,,false
2225,60.0,110.0,,false
2226,100.0,187.0,,false
2227,100.0,229.0,,false
2228,900.0,9.0,,false
2229,1150.0,16.0,,false
2230,1000.0,6.0,,false
2231,1350.0,50.0,,true
2232,500.0,57.0,,true
2233,5000.0,17.0,,true
2234,2200.0,133.0,,true
2235,3500.0,400.0,,true
2236,5000.0,600.0,,true
2237,500.0,159.0,,true
2238,125.0,496.0,,true
2239,40.0,456.0,,true
2240,350.0,165.0,,true
2241,500.0,190.0,,false
2242,500.0,485.0,,false
2243,3300.0,23.0,,false
2244,3300.0,22.0,,false
2245,3300.0,24.0,,false
2246,60.0,226.0,,false
2247,60.0,246.0,,false
2248,60.0,200.0,,false
2249,60.0,244.0,,false
2250,800.0,4.0,,false
2251,60.0,119.0,,false
2252,60.0,87.0,,false
2253,60.0,104.0,,false
2254,60.0,117.0,,false
2255,60.0,106.0,,false
2256,60.0,90.0,,false
2257,60.0,91.0,,false
2258,60.0,82.0,,false
2259,60.0,87.0,,false
2260,100.0,246.0,,false
2261,100.0,189.0,,false
2262,900.0,9.0,,false
2263,1150.0,16.0,,false
2264,1000.0,7.0,,false
2265,1350.0,46.0,,true
2266,500.0,58.0,,true
2267,5000.0,16.0,,true
2268,2200.0,134.0,,true
2269,3500.0,295.0,,true
2270,5000.0,600.0,,true
2271,500.0,149.0,,true
2272,125.0,490.0,,true
2273,40.0,400.0,,true
2274,350.0,151.0,,true
2275,500.0,192.0,,false
2276,500.0,358.0,,false
2277,3300.0,22.0,,false
2278,3300.0,27.0,,false
2279,3300.0,29.0,,false
2280,60.0,180.0,,false
2281,60.0,181.0,,false
2282,60.0,181.0,,false
2283,60.0,239.0,,false
2284,800.0,4.0,,false
2285,60.0,106.0,,false
2286,60.0,91.0,,false
2287,60.0,93.0,,false
2288,60.0,90.0,,false
2289,60.0,104.0,,false
2290,60.0,81.0,,false
2291,60.0,114.0,,false
2292,100.0,184.0,,false
2293,100.0,197.0,,false
2294,900.0,10.0,,false
2295,1150.0,18.0,,false
2296,1000.0,8.0,,false
2297,1350.0,49.0,,true
2298,500.0,59.0,,true
2299,5000.0,16.0,,true
2300,2200.0,137.0,,true
2301,3500.0,274.0,,true
2302,5000.0,600.0,,true
2303,500.0,149.0,,true
2304,125.0,503.0,,true
2305,40.0,389.0,,true
2306,350.0,144.0,,true
2307,500.0,195.0,,false
2308,500.0,595.0,,false
2309,3300.0,26.0,,false
2310,3300.0,30.0,,false
2311,3300.0,24.0,,false
2312,60.0,178.0,,false
2313,60.0,201.0,,false
2314,60.0,195.0,,false
2315,800.0,6.0,,false
2316,60.0,95.0,,false
2317,60.0,107.0,,false
2318,60.0,112.0,,false
2319,60.0,98.0,,false
2320,60.0,97.0,,false
2321,60.0,105.0,,false
2322,60.0,98.0,,false
2323,60.0,85.0,,false
2324,100.0,245.0,,false
2325,100.0,206.0,,false
2326,900.0,9.0,,false
2327,1150.0,13.0,,false
2328,1000.0,6.0,,false
2329,1350.0,46.0,,true
2330,500.0,58.0,,true
2331,5000.0,20.0,,true
2332,2200.0,137.0,,true
2333,3500.0,217.0,,true
2334,5000.0,600.0,,true
2335,500.0,153.0,,true
2336,125.0,521.0,,true
2337,40.0,455.0,,true
2338,350.0,176.0,,true
2339,500.0,187.0,,false
2340,500.0,498.0,,false
2341,3300.0,23.0,,false
2342,3300.0,27.0,,false
2343,3300.0,25.0,,false
2344,60.0,176.0,,false
2345,60.0,188.0,,false
2346,60.0,229.0,,false
2347,800.0,5.0,,false
2348,60.0,109.0,,false
2349,60.0,101.0,,false
2350,60.0,109.0,,false
2351,60.0,99.0,,false
2352,60.0,103.0,,false
2353,60.0,100.0,,false
2354,60.0,114.0,,false
2355,60.0,115.0,,false
2356,60.0,92.0,,false
2357,60.0,107.0,,false
2358,100.0,238.0,,false
2359,100.0,190.0,,false
2360,900.0,10.0,,false
2361,1150.0,15.0,,false
2362,1000.0,5.0,,false
2363,1350.0,47.0,,true
2364,500.0,57.0,,true
2365,5000.0,16.0,,true
2366,2200.0,132.0,,true
2367,3500.0,286.0,,true
2368,5000.0,600.0,,true
2369,500.0,155.0,,true
2370,125.0,513.0,,true
2371,40.0,424.0,,true
2372,350.0,145.0,,true
2373,500.0,190.0,,false
2374,500.0,505.0,,false
2375,3300.0,27.0,,false
2376,3300.0,24.0,,false
2377,3300.0,24.0,,false
2378,60.0,237.0,,false
2379,60.0,215.0,,false
2380,60.0,167.0,,false
2381,800.0,6.0,,false
2382,60.0,87.0,,false
2383,60.0,82.0,,false
2384,60.0,109.0,,false
2385,60.0,85.0,,false
2386,60.0,104.0,,false
2387,60.0,115.0,,false
2388,60.0,97.0,,false
2389,60.0,112.0,,false
2390,60.0,118.0,,false
2391,100.0,246.0,,false
2392,100.0,243.0,,false
2393,900.0,9.0,,false
2394,1150.0,17.0,,false
2395,1000.0,5.0,,false
2396,1350.0,48.0,,true
2397,500.0,57.0,,true
2398,5000.0,16.0,,true
2399,2200.0,132.0,,true
2400,3500.0,280.0,,true
2401,5000.0,600.0,,true
2402,500.0,149.0,,true
2403,125.0,511.0,,true
2404,40.0,374.0,,true
2405,350.0,154.0,,true
2406,500.0,179.0,,false
2407,500.0,516.0,,false
2408,3300.0,27.0,,false
2409,3300.0,30.0,,false
2410,3300.0,26.0,,false
2411,60.0,219.0,,false
2412,60.0,226.0,,false
2413,60.0,235.0,,false
2414,60.0,214.0,,false
2415,800.0,4.0,,false
2416,60.0,111.0,,false
2417,60.0,84.0,,false
2418,60.0,90.0,,false
2419,60.0,119.0,,false
2420,60.0,113.0,,false
2421,60.0,107.0,,false
2422,60.0,109.0,,false
2423,100.0,200.0,,false
2424,100.0,191.0,,false
2425,900.0,8.0,,false
2426,1150.0,14.0,,false
2427,1000.0,8.0,,false
2428,1350.0,46.0,,true
2429,500.0,56.0,,true
2430,5000.0,17.0,,true
2431,2200.0,131.0,,true
2432,3500.0,390.0,,true
2433,5000.0,600.0,,true
2434,500.0,152.0,,true
2435,125.0,451.0,,true
2436,40.0,419.0,,true
2437,350.0,164.0,,true
2438,500.0,175.0,,false
2439,500.0,323.0,,false
2440,3300.0,26.0,,false
2441,3300.0,24.0,,false
2442,3300.0,26.0,,false
2443,60.0,186.0,,false
2444,60.0,152.0,,false
2445,60.0,245.0,,false
2446,60.0,153.0,,false
2447,800.0,6.0,,false
2448,60.0,84.0,,false
2449,60.0,111.0,,false
2450,60.0,100.0,,false
2451,60.0,97.0,,false
2452,60.0,94.0,,false
2453,60.0,111.0,,false
2454,60.0,91.0,,false
2455,60.0,83.0,,false
2456,60.0,97.0,,false
2457,60.0,102.0,,false
2458,100.0,248.0,,false
2459,100.0,181.0,,false
2460,900.0,7.0,,false
2461,1150.0,18.0,,false
2462,1000.0,7.0,,false
2463,1350.0,50.0,,true
2464,500.0,60.0,,true
2465,5000.0,18.0,,true
2466,2200.0,139.0,,true
2467,3500.0,331.0,,true
2468,5000.0,600.0,,true
2469,500.0,145.0,,true
2470,125.0,527.0,,true
2471,40.0,443.0,,true
2472,350.0,168.0,,true
2473,500.0,191.0,,false
2474,500.0,376.0,,false
2475,3300.0,21.0,,false
2476,3300.0,30.0,,false
2477,3300.0,27.0,,false
2478,60.0,213.0,,false
2479,60.0,159.0,,false
2480,60.0,191.0,,false
2481,60.0,250.0,,false
2482,800.0,5.0,,false
2483,60.0,83.0,,false
2484,60.0,109.0,,false
2485,60.0,97.0,,false
2486,60.0,110.0,,false
2487,60.0,109.0,,false
2488,60.0,92.0,,false
2489,60.0,93.0,,false
2490,60.0,112.0,,false
2491,100.0,202.0,,false
2492,100.0,218.0,,false
2493,900.0,7.0,,false
2494,1150.0,18.0,,false
2495,1000.0,6.0,,false
2496,1350.0,48.0,,true
2497,500.0,57.0,,true
2498,5000.0,20.0,,true
2499,2200.0,135.0,,true
2500,3500.0,281.0,,true
2501,5000.0,600.0,,true
2502,500.0,150.0,,true
2503,125.0,466.0,,true
2504,40.0,438.0,,true
2505,350.0,157.0,,true
2506,500.0,178.0,,false
2507,500.0,374.0,,false
2508,3300.0,21.0,,false
2509,3300.0,24.0,,false
2510,3300.0,30.0,,false
2511,60.0,245.0,,false
2512,60.0,214.0,,false
2513,60.0,207.0,,false
2514,800.0,4.0,,false
2515,60.0,103.0,,false
2516,60.0,83.0,,false
2517,60.0,113.0,,false
2518,60.0,85.0,,false
2519,60.0,103.0,,false
2520,60.0,98.0,,false
2521,60.0,86.0,,false
2522,100.0,218.0,,false
2523,100.0,201.0,,false
2524,900.0,8.0,,false
2525,1150.0,14.0,,false
2526,1000.0,8.0,,false
2527,1350.0,47.0,,true
2528,500.0,59.0,,true
2529,5000.0,20.0,,true
2530,2200.0,136.0,,true
2531,3500.0,220.0,,true
2532,5000.0,600.0,,true
2533,500.0,148.0,,true
2534,125.0,451.0,,true
2535,40.0,385.0,,true
2536,350.0,162.0,,true
2537,500.0,185.0,,false
2538,500.0,581.0,,false
2539,3300.0,22.0,,false
2540,3300.0,27.0,,false
2541,3300.0,26.0,,false
2542,60.0,211.0,,false
2543,60.0,197.0,,false
2544,60.0,183.0,,false
2545,800.0,4.0,,false
2546,60.0,93.0,,false
2547,60.0,103.0,,false
2548,60.0,97.0,,false
2549,60.0,108.0,,false
2550,60.0,82.0,,false
2551,60.0,114.0,,false
2552,100.0,215.0,,false
2553,100.0,182.0,,false
2554,900.0,8.0,,false
2555,1150.0,14.0,,false
2556,1000.0,8.0,,false
2557,1350.0,49.0,,true
2558,500.0,60.0,,true
2559,5000.0,17.0,,true
2560,2200.0,135.0,,true
2561,3500.0,245.0,,true
2562,5000.0,600.0,,true
2563,500.0,148.0,,true
2564,125.0,502.0,,true
2565,40.0,408.0,,true
2566,350.0,179.0,,true
2567,500.0,185.0,,false
2568,500.0,595.0,,false
2569,3300.0,25.0,,false
2570,3300.0,29.0,,false
2571,3300.0,23.0,,false
2572,60.0,179.0,,false
2573,60.0,248.0,,false
2574,60.0,222.0,,false
2575,60.0,241.0,,false
2576,800.0,5.0,,false
2577,60.0,117.0,,false
2578,60.0,106.0,,false
2579,60.0,120.0,,false
2580,60.0,114.0,,false
2581,60.0,88.0,,false
2582,60.0,99.0,,false
2583,60.0,97.0,,false
2584,60.0,100.0,,false
2585,100.0,188.0,,false
2586,100.0,248.0,,false
2587,900.0,8.0,,false
2588,1150.0,18.0,,false
2589,1000.0,7.0,,false
2590,1350.0,48.0,,true
2591,500.0,60.0,,true
2592,5000.0,17.0,,true
2593,2200.0,132.0,,true
2594,3500.0,203.0,,true
2595,5000.0,600.0,,true
2596,500.0,144.0,,true
2597,125.0,516.0,,true
2598,40.0,402.0,,true
2599,350.0,165.0,,true
2600,500.0,197.0,,false
2601,500.0,422.0,,false
2602,3300.0,21.0,,false
2603,3300.0,26.0,,false
2604,3300.0,26.0,,false
2605,60.0,217.0,,false
2606,60.0,226.0,,false
2607,60.0,229.0,,false
2608,800.0,5.0,,false
2609,60.0,109.0,,false
2610,60.0,118.0,,false
2611,60.0,118.0,,false
2612,60.0,119.0,,false
2613,60.0,97.0,,false
2614,60.0,81.0,,false
2615,60.0,100.0,,false
2616,60.0,118.0,,false
2617,60.0,115.0,,false
2618,100.0,194.0,,false
2619,100.0,238.0,,false
2620,900.0,9.0,,false
2621,1150.0,14.0,,false
2622,1000.0,5.0,,false
2623,1350.0,48.0,,true
2624,500.0,57.0,,true
2625,5000.0,17.0,,true
2626,2200.0,140.0,,true
2627,3500.0,317.0,,true
2628,5000.0,600.0,,true
2629,500.0,147.0,,true
2630,125.0,510.0,,true
2631,40.0,457.0,,true
2632,350.0,162.0,,true
2633,500.0,199.0,,false
2634,500.0,360.0,,false
2635,3300.0,30.0,,false
2636,3300.0,29.0,,false
2637,3300.0,28.0,,false
2638,60.0,206.0,,false
2639,60.0,186.0,,false
2640,60.0,227.0,,false
2641,800.0,5.0,,false
2642,60.0,110.0,,false
2643,60.0,90.0,,false
2644,60.0,84.0,,false
2645,60.0,103.0,,false
2646,60.0,96.0,,false
2647,60.0,82.0,,false
2648,60.0,120.0,,false
2649,100.0,182.0,,false
2650,100.0,196.0,,false
2651,900.0,10.0,,false
2652,1150.0,13.0,,false
2653,1000.0,5.0,,false
2654,1350.0,48.0,,true
2655,500.0,56.0,,true
2656,5000.0,20.0,,true
2657,2200.0,133.0,,true
2658,3500.0,360.0,,true
2659,5000.0,600.0,,true
2660,500.0,155.0,,true
2661,125.0,460.0,,true
2662,40.0,366.0,,true
2663,350.0,152.0,,true
2664,500.0,183.0,,false
2665,500.0,365.0,,false
2666,3300.0,30.0,,false
2667,3300.0,25.0,,false
2668,3300.0,25.0,,false
2669,60.0,176.0,,false
2670,60.0,163.0,,false
2671,60.0,189.0,,false
2672,800.0,5.0,,false
2673,60.0,94.0,,false
2674,60.0,101.0,,false
2675,60.0,111.0,,false
2676,60.0,115.0,,false
2677,60.0,109.0,,false
2678,60.0,91.0,,false
2679,100.0,217.0,,false
2680,100.0,222.0,,false
2681,900.0,7.0,,false
2682,1150.0,16.0,,false
2683,1000.0,5.0,,false
2684,1350.0,48.0,,true
2685,500.0,56.0,,true
2686,5000.0,17.0,,true
2687,2200.0,137.0,,true
2688,3500.0,202.0,,true
2689,5000.0,600.0,,true
2690,500.0,155.0,,true
2691,125.0,524.0,,true
2692,40.0,439.0,,true
2693,350.0,169.0,,true
2694,500.0,199.0,,false
2695,500.0,507.0,,false
2696,3300.0,22.0,,false
2697,3300.0,29.0,,false
2698,3300.0,30.0,,false
2699,60.0,153.0,,false
2700,60.0,210.0,,false
2701,60.0,219.0,,false
2702,800.0,5.0,,false
2703,60.0,85.0,,false
2704,60.0,117.0,,false
2705,60.0,99.0,,false
2706,60.0,118.0,,false
2707,60.0,94.0,,false
2708,60.0,82.0,,false
2709,60.0,81.0,,false
2710,100.0,243.0,,false
2711,100.0,229.0,,false
2712,900.0,9.0,,false
2713,1150.0,17.0,,false
2714,1000.0,7.0,,false
2715,1350.0,47.0,,true
2716,500.0,59.0,,true
2717,5000.0,17.0,,true
2718,2200.0,132.0,,true
2719,3500.0,286.0,,true
2720,5000.0,600.0,,true
2721,500.0,160.0,,true
2722,125.0,495.0,,true
2723,40.0,405.0,,true
2724,350.0,160.0,,true
2725,500.0,189.0,,false
2726,500.0,474.0,,false
2727,3300.0,29.0,,false
2728,3300.0,24.0,,false
2729,3300.0,27.0,,false
2730,60.0,220.0,,false
2731,60.0,192.0,,false
2732,60.0,237.0,,false
2733,60.0,184.0,,false
2734,800.0,4.0,,false
2735,60.0,90.0,,false
2736,60.0,98.0,,false
2737,60.0,115.0,,false
2738,60.0,120.0,,false
2739,60.0,83.0,,false
2740,60.0,113.0,,false
2741,60.0,97.0,,false
2742,100.0,201.0,,false
2743,100.0,193.0,,false
2744,900.0,8.0,,false
2745,1150.0,17.0,,false
2746,1000.0,8.0,,false
2747,1350.0,47.0,,true
2748,500.0,57.0,,true
2749,5000.0,17.0,,true
2750,2200.0,134.0,,true
2751,3500.0,318.0,,true
2752,5000.0,600.0,,true
2753,500.0,153.0,,true
2754,125.0,493.0,,true
2755,40.0,446.0,,true
2756,350.0,178.0,,true
2757,500.0,180.0,,false
2758,500.0,571.0,,false
2759,3300.0,29.0,,false
2760,3300.0,27.0,,false
2761,3300.0,26.0,,false
2762,60.0,186.0,,false
2763,60.0,200.0,,false
2764,60.0,169.0,,false
2765,800.0,5.0,,false
2766,60.0,98.0,,false
2767,60.0,87.0,,false
2768,60.0,112.0,,false
2769,60.0,85.0,,false
2770,60.0,96.0,,false
2771,60.0,116.0,,false
2772,100.0,195.0,,false
2773,100.0,181.0,,false
2774,900.0,7.0,,false
2775,1150.0,13.0,,false
2776,1000.0,8.0,,false
2777,1350.0,50.0,,true
2778,500.0,60.0,,true
2779,5000.0,20.0,,true
2780,2200.0,135.0,,true
2781,3500.0,220.0,,true
2782,5000.0,600.0,,true
2783,500.0,149.0,,true
2784,125.0,495.0,,true
2785,40.0,375.0,,true
2786,350.0,180.0,,true
2787,500.0,175.0,,false
2788,500.0,399.0,,false
2789,3300.0,28.0,,false
2790,3300.0,21.0,,false
2791,3300.0,27.0,,false
2792,60.0,176.0,,false
2793,60.0,213.0,,false
2794,60.0,238.0,,false
2795,60.0,184.0,,false
2796,800.0,6.0,,false
2797,60.0,111.0,,false
2798,60.0,109.0,,false
2799,60.0,90.0,,false
2800,60.0,82.0,,false
2801,60.0,112.0,,false
2802,60.0,108.0,,false
2803,100.0,211.0,,false
2804,100.0,195.0,,false
2805,900.0,8.0,,false
2806,1150.0,16.0,,false
2807,1000.0,6.0,,false
2808,1350.0,47.0,,true
2809,500.0,57.0,,true
2810,5000.0,19.0,,true
2811,2200.0,140.0,,true
2812,3500.0,336.0,,true
2813,5000.0,600.0,,true
2814,500.0,153.0,,true
2815,125.0,545.0,,true
2816,40.0,458.0,,true
2817,350.0,150.0,,true
2818,500.0,191.0,,false
2819,500.0,581.0,,false
2820,3300.0,25.0,,false
2821,3300.0,29.0,,false
2822,3300.0,23.0,,false
2823,60.0,178.0,,false
2824,60.0,174.0,,false
2825,60.0,225.0,,false
2826,800.0,5.0,,false
2827,60.0,120.0,,false
2828,60.0,104.0,,false
2829,60.0,113.0,,false
2830,60.0,103.0,,false
2831,60.0,103.0,,false
2832,60.0,101.0,,false
2833,100.0,212.0,,false
2834,100.0,220.0,,false
2835,900.0,7.0,,false
2836,1150.0,13.0,,false
2837,1000.0,5.0,,false
2838,1350.0,48.0,,true
2839,500.0,60.0,,true
2840,5000.0,16.0,,true
2841,2200.0,134.0,,true
2842,3500.0,233.0,,true
2843,5000.0,600.0,,true
2844,500.0,144.0,,true
2845,125.0,518.0,,true
2846,40.0,377.0,,true
2847,350.0,170.0,,true
2848,500.0,181.0,,false
2849,500.0,342.0,,false
2850,3300.0,21.0,,false
2851,3300.0,27.0,,false
2852,3300.0,22.0,,false
2853,60.0,174.0,,false
2854,60.0,243.0,,false
2855,60.0,199.0,,false
2856,60.0,170.0,,false
2857,800.0,6.0,,false
2858,60.0,116.0,,false
2859,60.0,113.0,,false
2860,60.0,106.0,,false
2861,60.0,100.0,,false
2862,60.0,94.0,,false
2863,60.0,110.0,,false
2864,100.0,184.0,,false
2865,100.0,201.0,,false
2866,900.0,7.0,,false
2867,1150.0,14.0,,false
2868,1000.0,6.0,,false
2869,1350.0,46.0,,true
2870,500.0,60.0,,true
2871,5000.0,16.0,,true
2872,2200.0,140.0,,true
2873,3500.0,294.0,,true
2874,5000.0,600.0,,true
2875,500.0,155.0,,true
2876,125.0,536.0,,true
2877,40.0,414.0,,true
2878,350.0,145.0,,true
2879,500.0,181.0,,false
2880,500.0,365.0,,false
2881,3300.0,29.0,,false
2882,3300.0,23.0,,false
2883,3300.0,21.0,,false
2884,60.0,202.0,,false
2885,60.0,167.0,,false
2886,60.0,214.0,,false
2887,800.0,4.0,,false
2888,60.0,104.0,,false
2889,60.0,82.0,,false
2890,60.0,102.0,,false
2891,60.0,86.0,,false
2892,60.0,117.0,,false
2893,60.0,83.0,,false
2894,60.0,96.0,,false
2895,60.0,116.0,,false
2896,60.0,97.0,,false
2897,100.0,192.0,,false
2898,100.0,206.0,,false
2899,900.0,9.0,,false
2900,1150.0,13.0,,false
2901,1000.0,7.0,,false
2902,1350.0,47.0,,true
2903,500.0,57.0,,true
2904,5000.0,17.0,,true
2905,2200.0,131.0,,true
2906,3500.0,213.0,,true
2907,5000.0,600.0,,true
2908,500.0,145.0,,true
2909,125.0,452.0,,true
2910,40.0,357.0,,true
2911,350.0,158.0,,true
2912,500.0,185.0,,false
2913,500.0,552.0,,false
2914,3300.0,24.0,,false
2915,3300.0,24.0,,false
2916,3300.0,22.0,,false
2917,60.0,172.0,,false
2918,60.0,155.0,,false
2919,60.0,189.0,,false
2920,60.0,192.0,,false
2921,800.0,6.0,,false
2922,60.0,110.0,,false
2923,60.0,108.0,,false
2924,60.0,112.0,,false
2925,60.0,96.0,,false
2926,60.0,96.0,,false
2927,60.0,120.0,,false
2928,100.0,232.0,,false
2929,100.0,199.0,,false
2930,900.0,8.0,,false
2931,1150.0,15.0,,false
2932,1000.0,7.0,,false
2933,1350.0,46.0,,true
2934,500.0,56.0,,true
2935,5000.0,19.0,,true
2936,2200.0,133.0,,true
2937,3500.0,283.0,,true
2938,5000.0,600.0,,true
2939,500.0,153.0,,true
2940,125.0,526.0,,true
2941,40.0,416.0,,true
2942,350.0,173.0,,true
2943,500.0,200.0,,false
2944,500.0,361.0,,false
2945,3300.0,26.0,,false
2946,3300.0,25.0,,false
2947,3300.0,30.0,,false
2948,60.0,201.0,,false
2949,60.0,153.0,,false
2950,60.0,174.0,,false
2951,60.0,160.0,,false
2952,800.0,6.0,,false
2953,60.0,89.0,,false
2954,60.0,105.0,,false
2955,60.0,88.0,,false
2956,60.0,81.0,,false
2957,60.0,100.0,,false
2958,60.0,81.0,,false
2959,100.0,188.0,,false
2960,100.0,242.0,,false
2961,900.0,8.0,,false
2962,1150.0,15.0,,false
2963,1000.0,5.0,,false
2964,1350.0,46.0,,true
2965,500.0,57.0,,true
2966,5000.0,20.0,,true
2967,2200.0,134.0,,true
2968,3500.0,259.0,,true
2969,5000.0,600.0,,true
2970,500.0,142.0,,true
2971,125.0,516.0,,true
2972,40.0,359.0,,true
2973,350.0,141.0,,true
2974,500.0,195.0,,false
2975,500.0,389.0,,false
2976,3300.0,27.0,,false
2977,3300.0,28.0,,false
2978,3300.0,28.0,,false
2979,60.0,160.0,,false
2980,60.0,191.0,,false
2981,60.0,168.0,,false
2982,60.0,211.0,,false
2983,800.0,4.0,,false
2984,60.0,100.0,,false
2985,60.0,86.0,,false
2986,60.0,120.0,,false
2987,60.0,88.0,,false
2988,60.0,101.0,,false
2989,60.0,103.0,,false
2990,60.0,108.0,,false
2991,100.0,242.0,,false
2992,100.0,186.0,,false
2993,900.0,8.0,,false
2994,1150.0,14.0,,false
2995,1000.0,8.0,,false
2996,1350.0,49.0,,true
2997,500.0,60.0,,true
2998,5000.0,20.0,,true
2999,2200.0,137.0,,true
3000,3500.0,321.0,,true
3001,5000.0,600.0,,true
3002,500.0,156.0,,true
3003,125.0,464.0,,true
3004,40.0,358.0,,true
3005,350.0,156.0,,true
3006,500.0,196.0,,false
3007,500.0,551.0,,false
3008,3300.0,24.0,,false
3009,3300.0,28.0,,false
3010,3300.0,25.0,,false
3011,60.0,234.0,,false
3012,60.0,153.0,,false
3013,60.0,177.0,,false
3014,800.0,6.0,,false
3015,60.0,92.0,,false
3016,60.0,109.0,,false
3017,60.0,104.0,,false
3018,60.0,116.0,,false
3019,60.0,102.0,,false
3020,60.0,99.0,,false
3021,100.0,218.0,,false
3022,100.0,212.0,,false
3023,900.0,10.0,,false
3024,1150.0,15.0,,false
3025,1000.0,8.0,,false
3026,1350.0,50.0,,true
3027,500.0,57.0,,true
3028,5000.0,17.0,,true
3029,2200.0,138.0,,true
3030,3500.0,326.0,,true
3031,5000.0,600.0,,true
3032,500.0,141.0,,true
3033,125.0,509.0,,true
3034,40.0,406.0,,true
3035,350.0,161.0,,true
3036,500.0,183.0,,false
3037,500.0,407.0,,false
3038,3300.0,28.0,,false
3039,3300.0,22.0,,false
3040,3300.0,29.0,,false
3041,60.0,161.0,,false
3042,60.0,187.0,,false
3043,60.0,155.0,,false
3044,60.0,237.0,,false
3045,800.0,5.0,,false
3046,60.0,101.0,,false
3047,60.0,118.0,,false
3048,60.0,112.0,,false
3049,60.0,101.0,,false
3050,60.0,116.0,,false
3051,60.0,117.0,,false
3052,100.0,211.0,,false
3053,100.0,249.0,,false
3054,900.0,8.0,,false
3055,1150.0,14.0,,false
3056,1000.0,8.0,,false
3057,1350.0,47.0,,true
3058,500.0,58.0,,true
3059,5000.0,18.0,,true
3060,2200.0,137.0,,true
3061,3500.0,358.0,,true
3062,5000.0,600.0,,true
3063,500.0,141.0,,true
3064,125.0,549.0,,true
3065,40.0,366.0,,true
3066,350.0,161.0,,true
3067,500.0,180.0,,false
3068,500.0,389.0,,false
3069,3300.0,21.0,,false
3070,3300.0,22.0,,false
3071,3300.0,27.0,,false
3072,60.0,176.0,,false
3073,60.0,178.0,,false
3074,60.0,162.0,,false
3075,800.0,6.0,,false
3076,60.0,114.0,,false
3077,60.0,100.0,,false
3078,60.0,105.0,,false
3079,60.0,118.0,,false
3080,60.0,89.0,,false
3081,60.0,93.0,,false
3082,60.0,88.0,,false
3083,60.0,96.0,,false
3084,100.0,245.0,,false
3085,100.0,213.0,,false
3086,900.0,7.0,,false
3087,1150.0,17.0,,false
3088,1000.0,7.0,,false
3089,1350.0,48.0,,true
3090,500.0,57.0,,true
3091,5000.0,17.0,,true
3092,2200.0,136.0,,true
3093,3500.0,293.0,,true
3094,5000.0,600.0,,true
3095,500.0,155.0,,true
3096,125.0,460.0,,true
3097,40.0,420.0,,true
3098,350.0,143.0,,true
3099,500.0,182.0,,false
3100,500.0,575.0,,false
3101,3300.0,24.0,,false
3102,3300.0,23.0,,false
3103,3300.0,25.0,,false
3104,60.0,189.0,,false
3105,60.0,219.0,,false
3106,60.0,219.0,,false
3107,800.0,5.0,,false
3108,60.0,89.0,,false
3109,60.0,87.0,,false
3110,60.0,100.0,,false
3111,60.0,84.0,,false
3112,60.0,108.0,,false
3113,60.0,83.0,,false
3114,100.0,238.0,,false
3115,100.0,238.0,,false
3116,900.0,10.0,,false
3117,1150.0,17.0,,false
3118,1000.0,7.0,,false
3119,1350.0,49.0,,true
3120,500.0,58.0,,true
3121,5000.0,16.0,,true
3122,2200.0,131.0,,true
3123,3500.0,237.0,,true
3124,5000.0,600.0,,true
3125,500.0,150.0,,true
3126,125.0,510.0,,true
3127,40.0,452.0,,true
3128,350.0,169.0,,true
3129,500.0,172.0,,false
3130,500.0,574.0,,false
3131,3300.0,23.0,,false
3132,3300.0,29.0,,false
3133,3300.0,25.0,,false
3134,60.0,227.0,,false
3135,60.0,215.0,,false
3136,60.0,241.0,,false
3137,800.0,4.0,,false
3138,60.0,88.0,,false
3139,60.0,92.0,,false
3140,60.0,83.0,,false
3141,60.0,92.0,,false
3142,60.0,114.0,,false
3143,60.0,88.0,,false
3144,60.0,88.0,,false
3145,60.0,84.0,,false
3146,100.0,216.0,,false
3147,100.0,218.0,,false
3148,900.0,8.0,,false
3149,1150.0,14.0,,false
3150,1000.0,6.0,,false
3151,1350.0,50.0,,true
3152,500.0,57.0,,true
3153,5000.0,19.0,,true
3154,2200.0,139.0,,true
3155,3500.0,386.0,,true
3156,5000.0,600.0,,true
3157,500.0,148.0,,true
3158,125.0,508.0,,true
3159,40.0,424.0,,true
3160,350.0,180.0,,true
3161,500.0,197.0,,false
3162,500.0,448.0,,false
3163,3300.0,22.0,,false
3164,3300.0,29.0,,false
3165,3300.0,29.0,,false
3166,60.0,171.0,,false
3167,60.0,152.0,,false
3168,60.0,197.0,,false
3169,800.0,5.0,,false
3170,60.0,93.0,,false
3171,60.0,98.0,,false
3172,60.0,97.0,,false
3173,60.0,106.0,,false
3174,60.0,115.0,,false
3175,60.0,81.0,,false
3176,60.0,114.0,,false
3177,60.0,85.0,,false
3178,60.0,95.0,,false
3179,100.0,202.0,,false
3180,100.0,239.0,,false
3181,900.0,7.0,,false
3182,1150.0,13.0,,false
3183,1000.0,6.0,,false
3184,1350.0,48.0,,true
3185,500.0,57.0,,true
3186,5000.0,18.0,,true
3187,2200.0,135.0,,true
3188,3500.0,355.0,,true
3189,5000.0,600.0,,true
3190,500.0,144.0,,true
3191,125.0,506.0,,true
3192,40.0,398.0,,true
3193,350.0,147.0,,true
3194,500.0,188.0,,false
3195,500.0,522.0,,false
3196,3300.0,25.0,,false
3197,3300.0,22.0,,false
3198,3300.0,29.0,,false
3199,60.0,206.0,,false
3200,60.0,183.0,,false
3201,60.0,179.0,,false
3202,60.0,239.0,,false
3203,800.0,4.0,,false
3204,60.0,97.0,,false
3205,60.0,83.0,,false
3206,60.0,114.0,,false
3207,60.0,82.0,,false
3208,60.0,112.0,,false
3209,60.0,119.0,,false
3210,60.0,94.0,,false
3211,60.0,99.0,,false
3212,60.0,81.0,,false
3213,100.0,213.0,,false
3214,100.0,232.0,,false
3215,900.0,7.0,,false
3216,1150.0,18.0,,false
3217,1000.0,8.0,,false
