Reference,height,width,stripwidth,preemptable
1,1350.0,47.0,720,true
2,500.0,56.0,,true
3,5000.0,19.0,,true
4,2200.0,133.0,,true
5,3500.0,280.0,,true
6,5000.0,600.0,,true
7,500.0,142.0,,true
8,125.0,495.0,,true
9,40.0,448.0,,true
10,350.0,141.0,,true
11,500.0,197.0,,false
12,500.0,518.0,,false
13,3300.0,29.0,,false
14,3300.0,24.0,,false
15,3300.0,27.0,,false
16,60.0,222.0,,false
17,60.0,164.0,,false
18,60.0,239.0,,false
19,60.0,248.0,,false
20,800.0,5.0,,false
21,60.0,96.0,,false
22,60.0,97.0,,false
23,60.0,109.0,,false
24,60.0,111.0,,false
25,60.0,89.0,,false
26,60.0,105.0,,false
27,60.0,108.0,,false
28,60.0,114.0,,false
29,60.0,118.0,,false
30,60.0,120.0,,false
31,100.0,182.0,,false
32,100.0,189.0,,false
33,900.0,10.0,,false
34,1150.0,15.0,,false
35,1000.0,6.0,,false
36,1350.0,46.0,,true
37,500.0,60.0,,true
38,5000.0,19.0,,true
39,2200.0,139.0,,true
40,3500.0,384.0,,true
41,5000.0,600.0,,true
42,500.0,143.0,,true
43,125.0,489.0,,true
44,40.0,451.0,,true
45,350.0,166.0,,true
46,500.0,197.0,,false
47,500.0,392.0,,false
48,3300.0,26.0,,false
49,3300.0,22.0,,false
50,3300.0,22.0,,false
51,60.0,198.0,,false
52,60.0,222.0,,false
53,60.0,170.0,,false
54,60.0,189.0,,false
55,800.0,6.0,,false
56,60.0,89.0,,false
57,60.0,112.0,,false
58,60.0,99.0,,false
59,60.0,84.0,,false
60,60.0,90.0,,false
61,60.0,94.0,,false
62,60.0,95.0,,false
63,60.0,87.0,,false
64,100.0,196.0,,false
65,100.0,240.0,,false
66,900.0,9.0,,false
67,1150.0,13.0,,false
68,1000.0,7.0,,false
69,1350.0,49.0,,true
70,500.0,59.0,,true
71,5000.0,17.0,,true
72,2200.0,133.0,,true
73,3500.0,249.0,,true
74,5000.0,600.0,,true
75,500.0,156.0,,true
76,125.0,521.0,,true
77,40.0,361.0,,true
78,350.0,141.0,,true
79,500.0,172.0,,false
80,500.0,414.0,,false
81,3300.0,21.0,,false
82,3300.0,26.0,,false
83,3300.0,21.0,,false
84,60.0,177.0,,false
85,60.0,194.0,,false
86,60.0,229.0,,false
87,60.0,173.0,,false
88,800.0,6.0,,false
89,60.0,102.0,,false
90,60.0,97.0,,false
91,60.0,95.0,,false
92,60.0,118.0,,false
93,60.0,106.0,,false
94,60.0,84.0,,false
95,100.0,244.0,,false
96,100.0,188.0,,false
97,900.0,8.0,,false
98,1150.0,14.0,,false
99,1000.0,5.0,,false
100,1350.0,47.0,,true
101,500.0,58.0,,true
102,5000.0,17.0,,true
103,2200.0,134.0,,true
104,3500.0,266.0,,true
105,5000.0,600.0,,true
106,500.0,143.0,,true
107,125.0,526.0,,true
108,40.0,402.0,,true
109,350.0,143.0,,true
110,500.0,171.0,,false
111,500.0,346.0,,false
112,3300.0,28.0,,false
113,3300.0,26.0,,false
114,3300.0,21.0,,false
115,60.0,173.0,,false
116,60.0,157.0,,false
117,60.0,230.0,,false
118,800.0,4.0,,false
119,60.0,98.0,,false
120,60.0,87.0,,false
121,60.0,85.0,,false
122,60.0,82.0,,false
123,60.0,103.0,,false
124,60.0,89.0,,false
125,60.0,108.0,,false
126,100.0,232.0,,false
127,100.0,203.0,,false
128,900.0,7.0,,false
129,1150.0,17.0,,false
130,1000.0,6.0,,false
131,1350.0,48.0,,true
132,500.0,60.0,,true
133,5000.0,20.0,,true
134,2200.0,140.0,,true
135,3500.0,379.0,,true
136,5000.0,600.0,,true
137,500.0,149.0,,true
138,125.0,458.0,,true
139,40.0,400.0,,true
140,350.0,152.0,,true
141,500.0,178.0,,false
142,500.0,389.0,,false
143,3300.0,23.0,,false
144,3300.0,30.0,,false
145,3300.0,27.0,,false
146,60.0,172.0,,false
147,60.0,181.0,,false
148,60.0,189.0,,false
149,60.0,226.0,,false
150,800.0,5.0,,false
151,60.0,85.0,,false
152,60.0,83.0,,false
153,60.0,97.0,,false
154,60.0,97.0,,false
155,60.0,83.0,,false
156,60.0,91.0,,false
157,60.0,113.0,,false
158,60.0,91.0,,false
159,100.0,211.0,,false
160,100.0,245.0,,false
161,900.0,9.0,,false
162,1150.0,15.0,,false
163,1000.0,7.0,,false
164,1350.0,50.0,,true
165,500.0,57.0,,true
166,5000.0,19.0,,true
167,2200.0,131.0,,true
168,3500.0,394.0,,true
169,5000.0,600.0,,true
170,500.0,158.0,,true
171,125.0,550.0,,true
172,40.0,447.0,,true
173,350.0,149.0,,true
174,500.0,198.0,,false
175,500.0,331.0,,false
176,3300.0,26.0,,false
177,3300.0,22.0,,false
178,3300.0,25.0,,false
179,60.0,238.0,,false
180,60.0,248.0,,false
181,60.0,188.0,,false
182,800.0,5.0,,false
183,60.0,89.0,,false
184,60.0,116.0,,false
185,60.0,93.0,,false
186,60.0,119.0,,false
187,60.0,103.0,,false
188,60.0,115.0,,false
189,60.0,118.0,,false
190,60.0,102.0,,false
191,60.0,92.0,,false
192,100.0,248.0,,false
193,100.0,200.0,,false
194,900.0,10.0,,false
195,1150.0,13.0,,false
196,1000.0,5.0,,false
197,1350.0,50.0,,true
198,500.0,57.0,,true
199,5000.0,18.0,,true
200,2200.0,133.0,,true
201,3500.0,325.0,,true
202,5000.0,600.0,,true
203,500.0,154.0,,true
204,125.0,529.0,,true
205,40.0,426.0,,true
206,350.0,172.0,,true
207,500.0,171.0,,false
208,500.0,490.0,,false
209,3300.0,21.0,,false
210,3300.0,27.0,,false
211,3300.0,23.0,,false
212,60.0,173.0,,false
213,60.0,215.0,,false
214,60.0,191.0,,false
215,60.0,240.0,,false
216,800.0,4.0,,false
217,60.0,107.0,,false
218,60.0,115.0,,false
219,60.0,83.0,,false
220,60.0,113.0,,false
221,60.0,105.0,,false
222,60.0,106.0,,false
223,60.0,97.0,,false
224,60.0,113.0,,false
225,60.0,99.0,,false
226,60.0,120.0,,false
227,100.0,182.0,,false
228,100.0,232.0,,false
229,900.0,7.0,,false
230,1150.0,14.0,,false
231,1000.0,6.0,,false
232,1350.0,47.0,,true
233,500.0,58.0,,true
234,5000.0,19.0,,true
235,2200.0,138.0,,true
236,3500.0,377.0,,true
237,5000.0,600.0,,true
238,500.0,152.0,,true
239,125.0,452.0,,true
240,40.0,395.0,,true
241,350.0,173.0,,true
242,500.0,185.0,,false
243,500.0,354.0,,false
244,3300.0,21.0,,false
245,3300.0,26.0,,false
246,3300.0,25.0,,false
247,60.0,178.0,,false
248,60.0,250.0,,false
249,60.0,181.0,,false
250,800.0,5.0,,false
251,60.0,119.0,,false
252,60.0,92.0,,false
253,60.0,101.0,,false
254,60.0,86.0,,false
255,60.0,105.0,,false
256,60.0,102.0,,false
257,60.0,98.0,,false
258,60.0,105.0,,false
259,60.0,111.0,,false
260,60.0,89.0,,false
261,100.0,203.0,,false
262,100.0,213.0,,false
263,900.0,10.0,,false
264,1150.0,17.0,,false
265,1000.0,7.0,,false
266,1350.0,49.0,,true
267,500.0,60.0,,true
268,5000.0,16.0,,true
269,2200.0,138.0,,true
270,3500.0,232.0,,true
271,5000.0,600.0,,true
272,500.0,156.0,,true
273,125.0,518.0,,true
274,40.0,437.0,,true
275,350.0,150.0,,true
276,500.0,188.0,,false
277,500.0,457.0,,false
278,3300.0,26.0,,false
279,3300.0,26.0,,false
280,3300.0,25.0,,false
281,60.0,195.0,,false
282,60.0,180.0,,false
283,60.0,185.0,,false
284,60.0,152.0,,false
285,800.0,6.0,,false
286,60.0,84.0,,false
287,60.0,88.0,,false
288,60.0,111.0,,false
289,60.0,111.0,,false
290,60.0,84.0,,false
291,60.0,90.0,,false
292,60.0,92.0,,false
293,60.0,91.0,,false
294,60.0,102.0,,false
295,100.0,249.0,,false
296,100.0,196.0,,false
297,900.0,8.0,,false
298,1150.0,15.0,,false
299,1000.0,5.0,,false
300,1350.0,50.0,,true
301,500.0,59.0,,true
302,5000.0,20.0,,true
303,2200.0,138.0,,true
304,3500.0,273.0,,true
305,5000.0,600.0,,true
306,500.0,151.0,,true
307,125.0,466.0,,true
308,40.0,424.0,,true
309,350.0,157.0,,true
310,500.0,200.0,,false
311,500.0,350.0,,false
312,3300.0,28.0,,false
313,3300.0,22.0,,false
314,3300.0,21.0,,false
315,60.0,168.0,,false
316,60.0,181.0,,false
317,60.0,210.0,,false
318,800.0,5.0,,false
319,60.0,83.0,,false
320,60.0,119.0,,false
321,60.0,96.0,,false
322,60.0,110.0,,false
323,60.0,91.0,,false
324,60.0,117.0,,false
325,60.0,111.0,,false
326,60.0,91.0,,false
327,100.0,190.0,,false
328,100.0,195.0,,false
329,900.0,7.0,,false
330,1150.0,13.0,,false
331,1000.0,7.0,,false
332,1350.0,50.0,,true
333,500.0,57.0,,true
334,5000.0,19.0,,true
335,2200.0,135.0,,true
336,3500.0,399.0,,true
337,5000.0,600.0,,true
338,500.0,155.0,,true
339,125.0,538.0,,true
340,40.0,433.0,,true
341,350.0,154.0,,true
342,500.0,190.0,,false
343,500.0,314.0,,false
344,3300.0,25.0,,false
345,3300.0,28.0,,false
346,3300.0,28.0,,false
347,60.0,180.0,,false
348,60.0,232.0,,false
349,60.0,236.0,,false
350,60.0,192.0,,false
351,800.0,6.0,,false
352,60.0,100.0,,false
353,60.0,115.0,,false
354,60.0,119.0,,false
355,60.0,94.0,,false
356,60.0,84.0,,false
357,60.0,95.0,,false
358,60.0,108.0,,false
359,100.0,214.0,,false
360,100.0,189.0,,false
361,900.0,10.0,,false
362,1150.0,14.0,,false
363,1000.0,8.0,,false
364,1350.0,46.0,,true
365,500.0,58.0,,true
366,5000.0,18.0,,true
367,2200.0,138.0,,true
368,3500.0,249.0,,true
369,5000.0,600.0,,true
370,500.0,159.0,,true
371,125.0,468.0,,true
372,40.0,451.0,,true
373,350.0,155.0,,true
374,500.0,176.0,,false
375,500.0,484.0,,false
376,3300.0,26.0,,false
377,3300.0,23.0,,false
378,3300.0,30.0,,false
379,60.0,240.0,,false
380,60.0,166.0,,false
381,60.0,182.0,,false
382,800.0,4.0,,false
383,60.0,97.0,,false
384,60.0,85.0,,false
385,60.0,111.0,,false
386,60.0,104.0,,false
387,60.0,90.0,,false
388,60.0,110.0,,false
389,60.0,85.0,,false
390,60.0,103.0,,false
391,60.0,117.0,,false
392,100.0,240.0,,false
393,100.0,239.0,,false
394,900.0,8.0,,false
395,1150.0,16.0,,false
396,1000.0,8.0,,false
397,1350.0,47.0,,true
398,500.0,60.0,,true
399,5000.0,20.0,,true
400,2200.0,133.0,,true
401,3500.0,218.0,,true
402,5000.0,600.0,,true
403,500.0,156.0,,true
404,125.0,527.0,,true
405,40.0,437.0,,true
406,350.0,159.0,,true
407,500.0,190.0,,false
408,500.0,330.0,,false
409,3300.0,25.0,,false
410,3300.0,30.0,,false
411,3300.0,29.0,,false
412,60.0,197.0,,false
413,60.0,151.0,,false
414,60.0,190.0,,false
415,60.0,213.0,,false
416,800.0,6.0,,false
417,60.0,96.0,,false
418,60.0,107.0,,false
419,60.0,97.0,,false
420,60.0,95.0,,false
421,60.0,101.0,,false
422,60.0,113.0,,false
423,60.0,95.0,,false
424,60.0,117.0,,false
425,60.0,86.0,,false
426,60.0,88.0,,false
427,100.0,213.0,,false
428,100.0,205.0,,false
429,900.0,9.0,,false
430,1150.0,18.0,,false
431,1000.0,8.0,,false
432,1350.0,48.0,,true
433,500.0,60.0,,true
434,5000.0,18.0,,true
435,2200.0,131.0,,true
436,3500.0,378.0,,true
437,5000.0,600.0,,true
438,500.0,157.0,,true
439,125.0,530.0,,true
440,40.0,354.0,,true
441,350.0,180.0,,true
442,500.0,177.0,,false
443,500.0,387.0,,false
444,3300.0,23.0,,false
445,3300.0,30.0,,false
446,3300.0,27.0,,false
447,60.0,238.0,,false
448,60.0,209.0,,false
449,60.0,180.0,,false
450,60.0,224.0,,false
451,800.0,5.0,,false
452,60.0,94.0,,false
453,60.0,111.0,,false
454,60.0,85.0,,false
455,60.0,104.0,,false
456,60.0,116.0,,false
457,60.0,111.0,,false
458,60.0,100.0,,false
459,100.0,200.0,,false
460,100.0,223.0,,false
461,900.0,9.0,,false
462,1150.0,15.0,,false
463,1000.0,7.0,,false
464,1350.0,46.0,,true
465,500.0,57.0,,true
466,5000.0,17.0,,true
467,2200.0,134.0,,true
468,3500.0,307.0,,true
469,5000.0,600.0,,true
470,500.0,147.0,,true
471,125.0,518.0,,true
472,40.0,408.0,,true
473,350.0,173.0,,true
474,500.0,186.0,,false
475,500.0,318.0,,false
476,3300.0,26.0,,false
477,3300.0,29.0,,false
478,3300.0,25.0,,false
479,60.0,244.0,,false
480,60.0,170.0,,false
481,60.0,245.0,,false
482,800.0,4.0,,false
483,60.0,82.0,,false
484,60.0,109.0,,false
485,60.0,92.0,,false
486,60.0,86.0,,false
487,60.0,108.0,,false
488,60.0,84.0,,false
489,60.0,116.0,,false
490,100.0,207.0,,false
491,100.0,191.0,,false
492,900.0,8.0,,false
493,1150.0,13.0,,false
494,1000.0,5.0,,false
495,1350.0,50.0,,true
496,500.0,57.0,,true
497,5000.0,19.0,,true
498,2200.0,136.0,,true
499,3500.0,241.0,,true
500,5000.0,600.0,,true
501,500.0,144.0,,true
502,125.0,451.0,,true
503,40.0,355.0,,true
504,350.0,143.0,,true
505,500.0,175.0,,false
506,500.0,377.0,,false
507,3300.0,30.0,,false
508,3300.0,22.0,,false
509,3300.0,24.0,,false
510,60.0,173.0,,false
511,60.0,243.0,,false
512,60.0,218.0,,false
513,60.0,244.0,,false
514,800.0,4.0,,false
515,60.0,83.0,,false
516,60.0,93.0,,false
517,60.0,81.0,,false
518,60.0,101.0,,false
519,60.0,94.0,,false
520,60.0,87.0,,false
521,60.0,97.0,,false
522,60.0,91.0,,false
523,100.0,238.0,,false
524,100.0,229.0,,false
525,900.0,8.0,,false
526,1150.0,18.0,,false
527,1000.0,6.0,,false
528,1350.0,49.0,,true
529,500.0,59.0,,true
530,5000.0,17.0,,true
531,2200.0,135.0,,true
532,3500.0,389.0,,true
533,5000.0,600.0,,true
534,500.0,147.0,,true
535,125.0,519.0,,true
536,40.0,458.0,,true
537,350.0,154.0,,true
538,500.0,192.0,,false
539,500.0,520.0,,false
540,3300.0,25.0,,false
541,3300.0,29.0,,false
542,3300.0,27.0,,false
543,60.0,224.0,,false
544,60.0,242.0,,false
545,60.0,160.0,,false
546,60.0,178.0,,false
547,800.0,4.0,,false
548,60.0,86.0,,false
549,60.0,114.0,,false
550,60.0,117.0,,false
551,60.0,118.0,,false
552,60.0,109.0,,false
553,60.0,116.0,,false
554,100.0,201.0,,false
555,100.0,188.0,,false
556,900.0,7.0,,false
557,1150.0,14.0,,false
558,1000.0,8.0,,false
559,1350.0,49.0,,true
560,500.0,56.0,,true
561,5000.0,19.0,,true
562,2200.0,140.0,,true
563,3500.0,309.0,,true
564,5000.0,600.0,,true
565,500.0,160.0,,true
566,125.0,477.0,,true
567,40.0,458.0,,true
568,350.0,168.0,,true
569,500.0,171.0,,false
570,500.0,582.0,,false
571,3300.0,25.0,,false
572,3300.0,30.0,,false
573,3300.0,28.0,,false
574,60.0,223.0,,false
575,60.0,166.0,,false
576,60.0,200.0,,false
577,800.0,6.0,,false
578,60.0,90.0,,false
579,60.0,105.0,,false
580,60.0,109.0,,false
581,60.0,113.0,,false
582,60.0,97.0,,false
583,60.0,107.0,,false
584,100.0,193.0,,false
585,100.0,234.0,,false
586,900.0,10.0,,false
587,1150.0,14.0,,false
588,1000.0,7.0,,false
589,1350.0,48.0,,true
590,500.0,59.0,,true
591,5000.0,20.0,,true
592,2200.0,139.0,,true
593,3500.0,229.0,,true
594,5000.0,600.0,,true
595,500.0,160.0,,true
596,125.0,510.0,,true
597,40.0,373.0,,true
598,350.0,161.0,,true
599,500.0,193.0,,false
600,500.0,574.0,,false
601,3300.0,21.0,,false
602,3300.0,28.0,,false
603,3300.0,22.0,,false
604,60.0,202.0,,false
605,60.0,177.0,,false
606,60.0,200.0,,false
607,60.0,182.0,,false
608,800.0,5.0,,false
609,60.0,102.0,,false
610,60.0,90.0,,false
611,60.0,89.0,,false
612,60.0,108.0,,false
613,60.0,84.0,,false
614,60.0,88.0,,false
615,100.0,187.0,,false
616,100.0,201.0,,false
617,900.0,7.0,,false
618,1150.0,18.0,,false
619,1000.0,5.0,,false
620,1350.0,50.0,,true
621,500.0,58.0,,true
622,5000.0,18.0,,true
623,2200.0,132.0,,true
624,3500.0,395.0,,true
625,5000.0,600.0,,true
626,500.0,150.0,,true
627,125.0,517.0,,true
628,40.0,353.0,,true
629,350.0,145.0,,true
630,500.0,185.0,,false
631,500.0,560.0,,false
632,3300.0,29.0,,false
633,3300.0,27.0,,false
634,3300.0,24.0,,false
635,60.0,243.0,,false
636,60.0,207.0,,false
637,60.0,226.0,,false
638,800.0,5.0,,false
639,60.0,89.0,,false
640,60.0,114.0,,false
641,60.0,118.0,,false
642,60.0,85.0,,false
643,60.0,89.0,,false
644,60.0,83.0,,false
645,60.0,83.0,,false
646,60.0,117.0,,false
647,60.0,82.0,,false
648,100.0,223.0,,false
649,100.0,206.0,,false
650,900.0,8.0,,false
651,1150.0,13.0,,false
652,1000.0,8.0,,false
653,1350.0,47.0,,true
654,500.0,57.0,,true
655,5000.0,18.0,,true
656,2200.0,137.0,,true
657,3500.0,266.0,,true
658,5000.0,600.0,,true
659,500.0,148.0,,true
660,125.0,512.0,,true
661,40.0,373.0,,true
662,350.0,180.0,,true
663,500.0,184.0,,false
664,500.0,561.0,,false
665,3300.0,25.0,,false
666,3300.0,21.0,,false
667,3300.0,24.0,,false
668,60.0,198.0,,false
669,60.0,245.0,,false
670,60.0,173.0,,false
671,800.0,4.0,,false
672,60.0,89.0,,false
673,60.0,91.0,,false
674,60.0,82.0,,false
675,60.0,119.0,,false
676,60.0,103.0,,false
677,60.0,120.0,,false
678,60.0,99.0,,false
679,60.0,86.0,,false
680,60.0,118.0,,false
681,100.0,202.0,,false
682,100.0,234.0,,false
683,900.0,8.0,,false
684,1150.0,16.0,,false
685,1000.0,5.0,,false
686,1350.0,47.0,,true
687,500.0,57.0,,true
688,5000.0,16.0,,true
689,2200.0,135.0,,true
690,3500.0,338.0,,true
691,5000.0,600.0,,true
692,500.0,150.0,,true
693,125.0,516.0,,true
694,40.0,388.0,,true
695,350.0,149.0,,true
696,500.0,196.0,,false
697,500.0,311.0,,false
698,3300.0,21.0,,false
699,3300.0,30.0,,false
700,3300.0,24.0,,false
701,60.0,244.0,,false
702,60.0,198.0,,false
703,60.0,191.0,,false
704,60.0,222.0,,false
705,800.0,5.0,,false
706,60.0,101.0,,false
707,60.0,82.0,,false
708,60.0,120.0,,false
709,60.0,120.0,,false
710,60.0,102.0,,false
711,60.0,89.0,,false
712,60.0,100.0,,false
713,100.0,198.0,,false
714,100.0,229.0,,false
715,900.0,10.0,,false
716,1150.0,17.0,,false
717,1000.0,7.0,,false
718,1350.0,50.0,,true
719,500.0,56.0,,true
720,5000.0,16.0,,true
721,2200.0,140.0,,true
722,3500.0,246.0,,true
723,5000.0,600.0,,true
724,500.0,146.0,,true
725,125.0,505.0,,true
726,40.0,446.0,,true
727,350.0,180.0,,true
728,500.0,190.0,,false
729,500.0,532.0,,false
730,3300.0,25.0,,false
731,3300.0,22.0,,false
732,3300.0,28.0,,false
733,60.0,175.0,,false
734,60.0,168.0,,false
735,60.0,234.0,,false
736,800.0,6.0,,false
737,60.0,116.0,,false
738,60.0,110.0,,false
739,60.0,110.0,,false
740,60.0,87.0,,false
741,60.0,99.0,,false
742,60.0,120.0,,false
743,60.0,116.0,,false
744,60.0,81.0,,false
745,60.0,90.0,,false
746,100.0,203.0,,false
747,100.0,190.0,,false
748,900.0,8.0,,false
749,1150.0,17.0,,false
750,1000.0,8.0,,false
751,1350.0,48.0,,true
752,500.0,57.0,,true
753,5000.0,19.0,,true
754,2200.0,134.0,,true
755,3500.0,261.0,,true
756,5000.0,600.0,,true
757,500.0,146.0,,true
758,125.0,513.0,,true
759,40.0,364.0,,true
760,350.0,143.0,,true
761,500.0,176.0,,false
762,500.0,515.0,,false
763,3300.0,30.0,,false
764,3300.0,27.0,,false
765,3300.0,27.0,,false
766,60.0,188.0,,false
767,60.0,191.0,,false
768,60.0,228.0,,false
769,60.0,151.0,,false
770,800.0,5.0,,false
771,60.0,92.0,,false
772,60.0,118.0,,false
773,60.0,88.0,,false
774,60.0,102.0,,false
775,60.0,113.0,,false
776,60.0,113.0,,false
777,60.0,84.0,,false
778,60.0,112.0,,false
779,60.0,100.0,,false
780,60.0,114.0,,false
781,100.0,197.0,,false
782,100.0,192.0,,false
783,900.0,7.0,,false
784,1150.0,15.0,,false
785,1000.0,5.0,,false
786,1350.0,50.0,,true
787,500.0,57.0,,true
788,5000.0,17.0,,true
789,2200.0,139.0,,true
790,3500.0,214.0,,true
791,5000.0,600.0,,true
792,500.0,141.0,,true
793,125.0,474.0,,true
794,40.0,380.0,,true
795,350.0,141.0,,true
796,500.0,191.0,,false
797,500.0,440.0,,false
798,3300.0,25.0,,false
799,3300.0,27.0,,false
800,3300.0,25.0,,false
801,60.0,223.0,,false
802,60.0,194.0,,false
803,60.0,249.0,,false
804,800.0,5.0,,false
805,60.0,95.0,,false
806,60.0,118.0,,false
807,60.0,118.0,,false
808,60.0,81.0,,false
809,60.0,103.0,,false
810,60.0,115.0,,false
811,60.0,97.0,,false
812,100.0,189.0,,false
813,100.0,225.0,,false
814,900.0,8.0,,false
815,1150.0,16.0,,false
816,1000.0,6.0,,false
817,1350.0,50.0,,true
818,500.0,56.0,,true
819,5000.0,16.0,,true
820,2200.0,140.0,,true
821,3500.0,256.0,,true
822,5000.0,600.0,,true
823,500.0,157.0,,true
824,125.0,519.0,,true
825,40.0,438.0,,true
826,350.0,160.0,,true
827,500.0,177.0,,false
828,500.0,383.0,,false
829,3300.0,22.0,,false
830,3300.0,22.0,,false
831,3300.0,30.0,,false
832,60.0,165.0,,false
833,60.0,151.0,,false
834,60.0,239.0,,false
835,60.0,214.0,,false
836,800.0,5.0,,false
837,60.0,83.0,,false
838,60.0,83.0,,false
839,60.0,83.0,,false
840,60.0,82.0,,false
841,60.0,115.0,,false
842,60.0,83.0,,false
843,60.0,116.0,,false
844,60.0,95.0,,false
845,60.0,114.0,,false
846,100.0,209.0,,false
847,100.0,228.0,,false
848,900.0,10.0,,false
849,1150.0,15.0,,false
850,1000.0,8.0,,false
851,1350.0,47.0,,true
852,500.0,57.0,,true
853,5000.0,20.0,,true
854,2200.0,131.0,,true
855,3500.0,231.0,,true
856,5000.0,600.0,,true
857,500.0,158.0,,true
858,125.0,459.0,,true
859,40.0,363.0,,true
860,350.0,165.0,,true
861,500.0,179.0,,false
862,500.0,394.0,,false
863,3300.0,23.0,,false
864,3300.0,27.0,,false
865,3300.0,26.0,,false
866,60.0,230.0,,false
867,60.0,233.0,,false
868,60.0,180.0,,false
869,800.0,4.0,,false
870,60.0,109.0,,false
871,60.0,114.0,,false
872,60.0,90.0,,false
873,60.0,99.0,,false
874,60.0,117.0,,false
875,60.0,105.0,,false
876,60.0,118.0,,false
877,100.0,189.0,,false
878,100.0,236.0,,false
879,900.0,9.0,,false
880,1150.0,17.0,,false
881,1000.0,8.0,,false
882,1350.0,49.0,,true
883,500.0,60.0,,true
884,5000.0,19.0,,true
885,2200.0,132.0,,true
886,3500.0,370.0,,true
887,5000.0,600.0,,true
888,500.0,143.0,,true
889,125.0,507.0,,true
890,40.0,404.0,,true
891,350.0,155.0,,true
892,500.0,197.0,,false
893,500.0,564.0,,false
894,3300.0,25.0,,false
895,3300.0,27.0,,false
896,3300.0,28.0,,false
897,60.0,187.0,,false
898,60.0,205.0,,false
899,60.0,203.0,,false
900,800.0,4.0,,false
901,60.0,108.0,,false
902,60.0,102.0,,false
903,60.0,100.0,,false
904,60.0,81.0,,false
905,60.0,120.0,,false
906,60.0,100.0,,false
907,60.0,102.0,,false
908,60.0,111.0,,false
909,100.0,236.0,,false
910,100.0,238.0,,false
911,900.0,7.0,,false
912,1150.0,13.0,,false
913,1000.0,7.0,,false
914,1350.0,48.0,,true
915,500.0,57.0,,true
916,5000.0,19.0,,true
917,2200.0,134.0,,true
918,3500.0,270.0,,true
919,5000.0,600.0,,true
920,500.0,146.0,,true
921,125.0,524.0,,true
922,40.0,384.0,,true
923,350.0,151.0,,true
924,500.0,179.0,,false
925,500.0,494.0,,false
926,3300.0,22.0,,false
927,3300.0,22.0,,false
928,3300.0,24.0,,false
929,60.0,180.0,,false
930,60.0,158.0,,false
931,60.0,237.0,,false
932,60.0,233.0,,false
933,800.0,6.0,,false
934,60.0,101.0,,false
935,60.0,116.0,,false
936,60.0,96.0,,false
937,60.0,91.0,,false
938,60.0,104.0,,false
939,60.0,103.0,,false
940,60.0,108.0,,false
941,60.0,112.0,,false
942,60.0,120.0,,false
943,100.0,220.0,,false
944,100.0,199.0,,false
945,900.0,9.0,,false
946,1150.0,18.0,,false
947,1000.0,6.0,,false
948,1350.0,47.0,,true
949,500.0,60.0,,true
950,5000.0,20.0,,true
951,2200.0,132.0,,true
952,3500.0,237.0,,true
953,5000.0,600.0,,true
954,500.0,144.0,,true
955,125.0,461.0,,true
956,40.0,443.0,,true
957,350.0,155.0,,true
958,500.0,184.0,,false
959,500.0,584.0,,false
960,3300.0,29.0,,false
961,3300.0,22.0,,false
962,3300.0,25.0,,false
963,60.0,172.0,,false
964,60.0,155.0,,false
965,60.0,219.0,,false
966,800.0,4.0,,false
967,60.0,113.0,,false
968,60.0,111.0,,false
969,60.0,88.0,,false
970,60.0,99.0,,false
971,60.0,119.0,,false
972,60.0,101.0,,false
973,60.0,107.0,,false
974,60.0,106.0,,false
975,60.0,94.0,,false
976,100.0,250.0,,false
977,100.0,209.0,,false
978,900.0,10.0,,false
979,1150.0,16.0,,false
980,1000.0,7.0,,false
981,1350.0,49.0,,true
982,500.0,58.0,,true
983,5000.0,17.0,,true
984,2200.0,132.0,,true
985,3500.0,288.0,,true
986,5000.0,600.0,,true
987,500.0,142.0,,true
988,125.0,477.0,,true
989,40.0,435.0,,true
990,350.0,178.0,,true
991,500.0,175.0,,false
992,500.0,425.0,,false
993,3300.0,27.0,,false
994,3300.0,28.0,,false
995,3300.0,28.0,,false
996,60.0,217.0,,false
997,60.0,167.0,,false
998,60.0,212.0,,false
999,800.0,5.0,,false
1000,60.0,88.0,,false
1001,60.0,115.0,,false
1002,60.0,99.0,,false
1003,60.0,96.0,,false
1004,60.0,114.0,,false
1005,60.0,120.0,,false
1006,60.0,106.0,,false
1007,60.0,109.0,,false
1008,100.0,187.0,,false
1009,100.0,247.0,,false
1010,900.0,7.0,,false
1011,1150.0,13.0,,false
1012,1000.0,7.0,,false
1013,1350.0,48.0,,true
1014,500.0,57.0,,true
1015,5000.0,16.0,,true
1016,2200.0,136.0,,true
1017,3500.0,343.0,,true
1018,5000.0,600.0,,true
1019,500.0,154.0,,true
1020,125.0,465.0,,true
1021,40.0,443.0,,true
1022,350.0,143.0,,true
1023,500.0,175.0,,false
1024,500.0,309.0,,false
1025,3300.0,23.0,,false
1026,3300.0,29.0,,false
1027,3300.0,21.0,,false
1028,60.0,188.0,,false
1029,60.0,231.0,,false
1030,60.0,205.0,,false
1031,60.0,221.0,,false
1032,800.0,6.0,,false
1033,60.0,118.0,,false
1034,60.0,93.0,,false
1035,60.0,107.0,,false
1036,60.0,84.0,,false
1037,60.0,109.0,,false
1038,60.0,106.0,,false
1039,100.0,193.0,,false
1040,100.0,229.0,,false
1041,900.0,10.0,,false
1042,1150.0,14.0,,false
1043,1000.0,7.0,,false
1044,1350.0,48.0,,true
1045,500.0,56.0,,true
1046,5000.0,18.0,,true
1047,2200.0,131.0,,true
1048,3500.0,232.0,,true
1049,5000.0,600.0,,true
1050,500.0,152.0,,true
1051,125.0,541.0,,true
1052,40.0,366.0,,true
1053,350.0,171.0,,true
1054,500.0,176.0,,false
1055,500.0,584.0,,false
1056,3300.0,26.0,,false
1057,3300.0,25.0,,false
1058,3300.0,30.0,,false
1059,60.0,198.0,,false
1060,60.0,207.0,,false
1061,60.0,214.0,,false
1062,800.0,6.0,,false
1063,60.0,96.0,,false
1064,60.0,98.0,,false
1065,60.0,106.0,,false
1066,60.0,104.0,,false
1067,60.0,91.0,,false
1068,60.0,110.0,,false
1069,60.0,102.0,,false
1070,60.0,83.0,,false
1071,100.0,192.0,,false
1072,100.0,181.0,,false
1073,900.0,8.0,,false
1074,1150.0,17.0,,false
1075,1000.0,7.0,,false
1076,1350.0,46.0,,true
1077,500.0,59.0,,true
1078,5000.0,17.0,,true
1079,2200.0,140.0,,true
1080,3500.0,367.0,,true
1081,5000.0,600.0,,true
1082,500.0,159.0,,true
1083,125.0,492.0,,true
1084,40.0,417.0,,true
1085,350.0,145.0,,true
1086,500.0,199.0,,false
1087,500.0,552.0,,false
1088,3300.0,25.0,,false
1089,3300.0,21.0,,false
1090,3300.0,21.0,,false
1091,60.0,181.0,,false
1092,60.0,152.0,,false
1093,60.0,215.0,,false
1094,800.0,5.0,,false
1095,60.0,103.0,,false
1096,60.0,84.0,,false
1097,60.0,117.0,,false
1098,60.0,82.0,,false
1099,60.0,89.0,,false
1100,60.0,120.0,,false
1101,60.0,94.0,,false
1102,100.0,214.0,,false
1103,100.0,190.0,,false
1104,900.0,7.0,,false
1105,1150.0,18.0,,false
1106,1000.0,6.0,,false
1107,1350.0,50.0,,true
1108,500.0,57.0,,true
1109,5000.0,19.0,,true
1110,2200.0,136.0,,true
1111,3500.0,254.0,,true
1112,5000.0,600.0,,true
1113,500.0,144.0,,true
1114,125.0,518.0,,true
1115,40.0,368.0,,true
1116,350.0,150.0,,true
1117,500.0,188.0,,false
1118,500.0,405.0,,false
1119,3300.0,30.0,,false
1120,3300.0,29.0,,false
1121,3300.0,30.0,,false
1122,60.0,184.0,,false
1123,60.0,249.0,,false
1124,60.0,215.0,,false
1125,800.0,5.0,,false
1126,60.0,113.0,,false
1127,60.0,118.0,,false
1128,60.0,81.0,,false
1129,60.0,109.0,,false
1130,60.0,102.0,,false
1131,60.0,115.0,,false
1132,60.0,85.0,,false
1133,60.0,90.0,,false
1134,100.0,220.0,,false
1135,100.0,191.0,,false
1136,900.0,10.0,,false
1137,1150.0,15.0,,false
1138,1000.0,6.0,,false
1139,1350.0,47.0,,true
1140,500.0,56.0,,true
1141,5000.0,16.0,,true
1142,2200.0,137.0,,true
1143,3500.0,266.0,,true
1144,5000.0,600.0,,true
1145,500.0,156.0,,true
1146,125.0,496.0,,true
1147,40.0,383.0,,true
1148,350.0,161.0,,true
1149,500.0,184.0,,false
1150,500.0,420.0,,false
1151,3300.0,21.0,,false
1152,3300.0,25.0,,false
1153,3300.0,30.0,,false
1154,60.0,214.0,,false
1155,60.0,229.0,,false
1156,60.0,190.0,,false
1157,60.0,175.0,,false
1158,800.0,6.0,,false
1159,60.0,107.0,,false
1160,60.0,110.0,,false
1161,60.0,108.0,,false
1162,60.0,118.0,,false
1163,60.0,84.0,,false
1164,60.0,95.0,,false
1165,60.0,108.0,,false
1166,60.0,87.0,,false
1167,60.0,90.0,,false
1168,100.0,234.0,,false
1169,100.0,215.0,,false
1170,900.0,8.0,,false
1171,1150.0,16.0,,false
1172,1000.0,5.0,,false
1173,1350.0,50.0,,true
1174,500.0,56.0,,true
1175,5000.0,17.0,,true
1176,2200.0,132.0,,true
1177,3500.0,249.0,,true
1178,5000.0,600.0,,true
1179,500.0,153.0,,true
1180,125.0,550.0,,true
1181,40.0,384.0,,true
1182,350.0,178.0,,true
1183,500.0,174.0,,false
1184,500.0,433.0,,false
1185,3300.0,22.0,,false
1186,3300.0,21.0,,false
1187,3300.0,22.0,,false
1188,60.0,156.0,,false
1189,60.0,241.0,,false
1190,60.0,246.0,,false
1191,60.0,190.0,,false
1192,800.0,4.0,,false
1193,60.0,95.0,,false
1194,60.0,102.0,,false
1195,60.0,84.0,,false
1196,60.0,101.0,,false
1197,60.0,107.0,,false
1198,60.0,108.0,,false
1199,60.0,116.0,,false
1200,60.0,105.0,,false
1201,100.0,222.0,,false
1202,100.0,246.0,,false
1203,900.0,8.0,,false
1204,1150.0,13.0,,false
1205,1000.0,5.0,,false
1206,1350.0,47.0,,true
1207,500.0,59.0,,true
1208,5000.0,18.0,,true
1209,2200.0,131.0,,true
1210,3500.0,288.0,,true
1211,5000.0,600.0,,true
1212,500.0,145.0,,true
1213,125.0,531.0,,true
1214,40.0,423.0,,true
1215,350.0,153.0,,true
1216,500.0,195.0,,false
1217,500.0,589.0,,false
1218,3300.0,22.0,,false
1219,3300.0,24.0,,false
1220,3300.0,30.0,,false
1221,60.0,232.0,,false
1222,60.0,231.0,,false
1223,60.0,200.0,,false
1224,800.0,6.0,,false
1225,60.0,114.0,,false
1226,60.0,116.0,,false
1227,60.0,96.0,,false
1228,60.0,105.0,,false
1229,60.0,107.0,,false
1230,60.0,116.0,,false
1231,60.0,115.0,,false
1232,60.0,106.0,,false
1233,100.0,197.0,,false
1234,100.0,198.0,,false
1235,900.0,7.0,,false
1236,1150.0,17.0,,false
1237,1000.0,8.0,,false
1238,1350.0,46.0,,true
1239,500.0,59.0,,true
1240,5000.0,18.0,,true
1241,2200.0,133.0,,true
1242,3500.0,295.0,,true
1243,5000.0,600.0,,true
1244,500.0,151.0,,true
1245,125.0,451.0,,true
1246,40.0,450.0,,true
1247,350.0,147.0,,true
1248,500.0,182.0,,false
1249,500.0,506.0,,false
1250,3300.0,27.0,,false
1251,3300.0,27.0,,false
1252,3300.0,26.0,,false
1253,60.0,164.0,,false
1254,60.0,210.0,,false
1255,60.0,220.0,,false
1256,60.0,249.0,,false
1257,800.0,4.0,,false
1258,60.0,104.0,,false
1259,60.0,109.0,,false
1260,60.0,110.0,,false
1261,60.0,116.0,,false
1262,60.0,109.0,,false
1263,60.0,119.0,,false
1264,100.0,189.0,,false
1265,100.0,190.0,,false
1266,900.0,7.0,,false
1267,1150.0,18.0,,false
1268,1000.0,5.0,,false
1269,1350.0,46.0,,true
1270,500.0,57.0,,true
1271,5000.0,17.0,,true
1272,2200.0,140.0,,true
1273,3500.0,300.0,,true
1274,5000.0,600.0,,true
1275,500.0,155.0,,true
1276,125.0,475.0,,true
1277,40.0,379.0,,true
1278,350.0,161.0,,true
1279,500.0,189.0,,false
1280,500.0,465.0,,false
1281,3300.0,28.0,,false
1282,3300.0,26.0,,false
1283,3300.0,29.0,,false
1284,60.0,197.0,,false
1285,60.0,232.0,,false
1286,60.0,156.0,,false
1287,60.0,155.0,,false
1288,800.0,6.0,,false
1289,60.0,100.0,,false
1290,60.0,84.0,,false
1291,60.0,82.0,,false
1292,60.0,112.0,,false
1293,60.0,116.0,,false
1294,60.0,111.0,,false
1295,60.0,88.0,,false
1296,60.0,120.0,,false
1297,60.0,102.0,,false
1298,100.0,237.0,,false
1299,100.0,217.0,,false
1300,900.0,8.0,,false
1301,1150.0,18.0,,false
1302,1000.0,6.0,,false
1303,1350.0,50.0,,true
1304,500.0,58.0,,true
1305,5000.0,18.0,,true
1306,2200.0,131.0,,true
1307,3500.0,359.0,,true
1308,5000.0,600.0,,true
1309,500.0,148.0,,true
1310,125.0,480.0,,true
1311,40.0,406.0,,true
1312,350.0,156.0,,true
1313,500.0,171.0,,false
1314,500.0,335.0,,false
1315,3300.0,27.0,,false
1316,3300.0,29.0,,false
1317,3300.0,28.0,,false
1318,60.0,180.0,,false
1319,60.0,243.0,,false
1320,60.0,196.0,,false
1321,60.0,182.0,,false
1322,800.0,6.0,,false
1323,60.0,104.0,,false
1324,60.0,115.0,,false
1325,60.0,100.0,,false
1326,60.0,107.0,,false
1327,60.0,108.0,,false
1328,60.0,105.0,,false
1329,100.0,194.0,,false
1330,100.0,192.0,,false
1331,900.0,7.0,,false
1332,1150.0,18.0,,false
1333,1000.0,8.0,,false
1334,1350.0,48.0,,true
1335,500.0,60.0,,true
1336,5000.0,16.0,,true
1337,2200.0,140.0,,true
1338,3500.0,280.0,,true
1339,5000.0,600.0,,true
1340,500.0,148.0,,true
1341,125.0,541.0,,true
1342,40.0,432.0,,true
1343,350.0,175.0,,true
1344,500.0,179.0,,false
1345,500.0,491.0,,false
1346,3300.0,29.0,,false
1347,3300.0,22.0,,false
1348,3300.0,24.0,,false
1349,60.0,218.0,,false
1350,60.0,178.0,,false
1351,60.0,198.0,,false
1352,800.0,4.0,,false
1353,60.0,96.0,,false
1354,60.0,105.0,,false
1355,60.0,83.0,,false
1356,60.0,86.0,,false
1357,60.0,97.0,,false
1358,60.0,90.0,,false
1359,60.0,95.0,,false
1360,60.0,116.0,,false
1361,100.0,233.0,,false
1362,100.0,205.0,,false
1363,900.0,10.0,,false
1364,1150.0,18.0,,false
1365,1000.0,8.0,,false
1366,1350.0,46.0,,true
1367,500.0,60.0,,true
1368,5000.0,19.0,,true
1369,2200.0,132.0,,true
1370,3500.0,331.0,,true
1371,5000.0,600.0,,true
1372,500.0,151.0,,true
1373,125.0,531.0,,true
1374,40.0,415.0,,true
1375,350.0,145.0,,true
1376,500.0,176.0,,false
1377,500.0,391.0,,false
1378,3300.0,30.0,,false
1379,3300.0,27.0,,false
1380,3300.0,24.0,,false
1381,60.0,212.0,,false
1382,60.0,159.0,,false
1383,60.0,197.0,,false
1384,60.0,190.0,,false
1385,800.0,5.0,,false
1386,60.0,88.0,,false
1387,60.0,85.0,,false
1388,60.0,89.0,,false
1389,60.0,120.0,,false
1390,60.0,98.0,,false
1391,60.0,105.0,,false
1392,60.0,105.0,,false
1393,60.0,93.0,,false
1394,60.0,117.0,,false
1395,100.0,232.0,,false
1396,100.0,237.0,,false
1397,900.0,10.0,,false
1398,1150.0,18.0,,false
1399,1000.0,7.0,,false
1400,1350.0,50.0,,true
1401,500.0,59.0,,true
1402,5000.0,18.0,,true
1403,2200.0,134.0,,true
1404,3500.0,311.0,,true
1405,5000.0,600.0,,true
1406,500.0,146.0,,true
1407,125.0,496.0,,true
1408,40.0,353.0,,true
1409,350.0,159.0,,true
1410,500.0,177.0,,false
1411,500.0,549.0,,false
1412,3300.0,27.0,,false
1413,3300.0,28.0,,false
1414,3300.0,24.0,,false
1415,60.0,231.0,,false
1416,60.0,189.0,,false
1417,60.0,247.0,,false
1418,800.0,4.0,,false
1419,60.0,106.0,,false
1420,60.0,118.0,,false
1421,60.0,97.0,,false
1422,60.0,89.0,,false
1423,60.0,84.0,,false
1424,60.0,96.0,,false
1425,60.0,88.0,,false
1426,60.0,98.0,,false
1427,60.0,99.0,,false
1428,60.0,115.0,,false
1429,100.0,189.0,,false
1430,100.0,197.0,,false
1431,900.0,8.0,,false
1432,1150.0,13.0,,false
1433,1000.0,6.0,,false
1434,1350.0,47.0,,true
1435,500.0,58.0,,true
1436,5000.0,18.0,,true
1437,2200.0,140.0,,true
1438,3500.0,362.0,,true
1439,5000.0,600.0,,true
1440,500.0,153.0,,true
1441,125.0,548.0,,true
1442,40.0,397.0,,true
1443,350.0,161.0,,true
1444,500.0,199.0,,false
1445,500.0,462.0,,false
1446,3300.0,24.0,,false
1447,3300.0,28.0,,false
1448,3300.0,22.0,,false
1449,60.0,181.0,,false
1450,60.0,178.0,,false
1451,60.0,246.0,,false
1452,60.0,192.0,,false
1453,800.0,6.0,,false
1454,60.0,105.0,,false
1455,60.0,115.0,,false
1456,60.0,87.0,,false
1457,60.0,91.0,,false
1458,60.0,83.0,,false
1459,60.0,86.0,,false
1460,60.0,107.0,,false
1461,60.0,89.0,,false
1462,100.0,236.0,,false
1463,100.0,227.0,,false
1464,900.0,9.0,,false
1465,1150.0,13.0,,false
1466,1000.0,5.0,,false
1467,1350.0,50.0,,true
1468,500.0,59.0,,true
1469,5000.0,16.0,,true
1470,2200.0,139.0,,true
1471,3500.0,316.0,,true
1472,5000.0,600.0,,true
1473,500.0,156.0,,true
1474,125.0,475.0,,true
1475,40.0,456.0,,true
1476,350.0,157.0,,true
1477,500.0,200.0,,false
1478,500.0,379.0,,false
1479,3300.0,26.0,,false
1480,3300.0,26.0,,false
1481,3300.0,22.0,,false
1482,60.0,181.0,,false
1483,60.0,206.0,,false
1484,60.0,200.0,,false
1485,60.0,215.0,,false
1486,800.0,4.0,,false
1487,60.0,84.0,,false
1488,60.0,86.0,,false
1489,60.0,107.0,,false
1490,60.0,115.0,,false
1491,60.0,88.0,,false
1492,60.0,88.0,,false
1493,60.0,107.0,,false
1494,100.0,186.0,,false
1495,100.0,242.0,,false
1496,900.0,7.0,,false
1497,1150.0,17.0,,false
1498,1000.0,8.0,,false
1499,1350.0,48.0,,true
1500,500.0,59.0,,true
1501,5000.0,19.0,,true
1502,2200.0,132.0,,true
1503,3500.0,321.0,,true
1504,5000.0,600.0,,true
1505,500.0,151.0,,true
1506,125.0,463.0,,true
1507,40.0,444.0,,true
1508,350.0,163.0,,true
1509,500.0,172.0,,false
1510,500.0,565.0,,false
1511,3300.0,26.0,,false
1512,3300.0,26.0,,false
1513,3300.0,30.0,,false
1514,60.0,248.0,,false
1515,60.0,156.0,,false
1516,60.0,159.0,,false
1517,800.0,6.0,,false
1518,60.0,107.0,,false
1519,60.0,99.0,,false
1520,60.0,101.0,,false
1521,60.0,106.0,,false
1522,60.0,120.0,,false
1523,60.0,107.0,,false
1524,60.0,117.0,,false
1525,60.0,119.0,,false
1526,100.0,227.0,,false
1527,100.0,222.0,,false
1528,900.0,7.0,,false
1529,1150.0,16.0,,false
1530,1000.0,7.0,,false
1531,1350.0,48.0,,true
1532,500.0,56.0,,true
1533,5000.0,19.0,,true
1534,2200.0,132.0,,true
1535,3500.0,258.0,,true
1536,5000.0,600.0,,true
1537,500.0,144.0,,true
1538,125.0,471.0,,true
1539,40.0,357.0,,true
1540,350.0,169.0,,true
1541,500.0,190.0,,false
1542,500.0,565.0,,false
1543,3300.0,21.0,,false
1544,3300.0,29.0,,false
1545,3300.0,28.0,,false
1546,60.0,169.0,,false
1547,60.0,236.0,,false
1548,60.0,154.0,,false
1549,800.0,6.0,,false
1550,60.0,116.0,,false
1551,60.0,82.0,,false
1552,60.0,113.0,,false
1553,60.0,87.0,,false
1554,60.0,91.0,,false
1555,60.0,83.0,,false
1556,60.0,87.0,,false
1557,60.0,82.0,,false
1558,60.0,101.0,,false
1559,100.0,250.0,,false
1560,100.0,247.0,,false
1561,900.0,9.0,,false
1562,1150.0,18.0,,false
1563,1000.0,7.0,,false
1564,1350.0,50.0,,true
1565,500.0,59.0,,true
1566,5000.0,16.0,,true
1567,2200.0,133.0,,true
1568,3500.0,388.0,,true
1569,5000.0,600.0,,true
1570,500.0,145.0,,true
1571,125.0,536.0,,true
1572,40.0,451.0,,true
1573,350.0,154.0,,true
1574,500.0,193.0,,false
1575,500.0,400.0,,false
1576,3300.0,26.0,,false
1577,3300.0,21.0,,false
1578,3300.0,25.0,,false
1579,60.0,197.0,,false
1580,60.0,156.0,,false
1581,60.0,248.0,,false
1582,800.0,6.0,,false
1583,60.0,94.0,,false
1584,60.0,103.0,,false
1585,60.0,115.0,,false
1586,60.0,86.0,,false
1587,60.0,116.0,,false
1588,60.0,103.0,,false
1589,100.0,218.0,,false
1590,100.0,222.0,,false
1591,900.0,10.0,,false
1592,1150.0,18.0,,false
1593,1000.0,6.0,,false
1594,1350.0,47.0,,true
1595,500.0,56.0,,true
1596,5000.0,18.0,,true
1597,2200.0,140.0,,true
1598,3500.0,357.0,,true
1599,5000.0,600.0,,true
1600,500.0,145.0,,true
1601,125.0,498.0,,true
1602,40.0,456.0,,true
1603,350.0,162.0,,true
1604,500.0,179.0,,false
1605,500.0,347.0,,false
1606,3300.0,30.0,,false
1607,3300.0,21.0,,false
1608,3300.0,24.0,,false
1609,60.0,166.0,,false
1610,60.0,240.0,,false
1611,60.0,205.0,,false
1612,60.0,222.0,,false
1613,800.0,4.0,,false
1614,60.0,105.0,,false
1615,60.0,109.0,,false
1616,60.0,101.0,,false
1617,60.0,88.0,,false
1618,60.0,86.0,,false
1619,60.0,118.0,,false
1620,60.0,101.0,,false
1621,60.0,97.0,,false
1622,100.0,249.0,,false
1623,100.0,206.0,,false
1624,900.0,10.0,,false
1625,1150.0,15.0,,false
1626,1000.0,6.0,,false
1627,1350.0,46.0,,true
1628,500.0,57.0,,true
1629,5000.0,16.0,,true
1630,2200.0,137.0,,true
1631,3500.0,274.0,,true
1632,5000.0,600.0,,true
1633,500.0,146.0,,true
1634,125.0,538.0,,true
1635,40.0,393.0,,true
1636,350.0,170.0,,true
1637,500.0,179.0,,false
1638,500.0,423.0,,false
1639,3300.0,23.0,,false
1640,3300.0,26.0,,false
1641,3300.0,27.0,,false
1642,60.0,241.0,,false
1643,60.0,177.0,,false
1644,60.0,199.0,,false
1645,60.0,151.0,,false
1646,800.0,5.0,,false
1647,60.0,103.0,,false
1648,60.0,120.0,,false
1649,60.0,113.0,,false
1650,60.0,103.0,,false
1651,60.0,86.0,,false
1652,60.0,87.0,,false
1653,60.0,115.0,,false
1654,60.0,82.0,,false
1655,60.0,94.0,,false
1656,60.0,81.0,,false
1657,100.0,186.0,,false
1658,100.0,191.0,,false
1659,900.0,10.0,,false
1660,1150.0,15.0,,false
1661,1000.0,7.0,,false
1662,1350.0,46.0,,true
1663,500.0,60.0,,true
1664,5000.0,19.0,,true
1665,2200.0,140.0,,true
1666,3500.0,353.0,,true
1667,5000.0,600.0,,true
1668,500.0,160.0,,true
1669,125.0,509.0,,true
1670,40.0,362.0,,true
1671,350.0,146.0,,true
1672,500.0,175.0,,false
1673,500.0,337.0,,false
1674,3300.0,25.0,,false
1675,3300.0,23.0,,false
1676,3300.0,23.0,,false
1677,60.0,161.0,,false
1678,60.0,154.0,,false
1679,60.0,249.0,,false
1680,800.0,5.0,,false
1681,60.0,119.0,,false
1682,60.0,119.0,,false
1683,60.0,116.0,,false
1684,60.0,117.0,,false
1685,60.0,97.0,,false
1686,60.0,102.0,,false
1687,60.0,84.0,,false
1688,60.0,95.0,,false
1689,60.0,115.0,,false
1690,60.0,93.0,,false
1691,100.0,187.0,,false
1692,100.0,235.0,,false
1693,900.0,10.0,,false
1694,1150.0,13.0,,false
1695,1000.0,5.0,,false
1696,1350.0,48.0,,true
1697,500.0,57.0,,true
1698,5000.0,19.0,,true
1699,2200.0,140.0,,true
1700,3500.0,313.0,,true
1701,5000.0,600.0,,true
1702,500.0,153.0,,true
1703,125.0,532.0,,true
1704,40.0,448.0,,true
1705,350.0,147.0,,true
1706,500.0,197.0,,false
1707,500.0,391.0,,false
1708,3300.0,23.0,,false
1709,3300.0,26.0,,false
1710,3300.0,29.0,,false
1711,60.0,178.0,,false
1712,60.0,194.0,,false
1713,60.0,226.0,,false
1714,60.0,241.0,,false
1715,800.0,4.0,,false
1716,60.0,108.0,,false
1717,60.0,86.0,,false
1718,60.0,110.0,,false
1719,60.0,107.0,,false
1720,60.0,93.0,,false
1721,60.0,87.0,,false
1722,60.0,120.0,,false
1723,60.0,107.0,,false
1724,100.0,182.0,,false
1725,100.0,212.0,,false
1726,900.0,9.0,,false
1727,1150.0,14.0,,false
1728,1000.0,7.0,,false
1729,1350.0,47.0,,true
1730,500.0,59.0,,true
1731,5000.0,16.0,,true
1732,2200.0,134.0,,true
1733,3500.0,348.0,,true
1734,5000.0,600.0,,true
1735,500.0,143.0,,true
1736,125.0,474.0,,true
1737,40.0,368.0,,true
1738,350.0,161.0,,true
1739,500.0,187.0,,false
1740,500.0,355.0,,false
1741,3300.0,29.0,,false
1742,3300.0,29.0,,false
1743,3300.0,27.0,,false
1744,60.0,244.0,,false
1745,60.0,231.0,,false
1746,60.0,167.0,,false
1747,60.0,201.0,,false
1748,800.0,5.0,,false
1749,60.0,98.0,,false
1750,60.0,100.0,,false
1751,60.0,103.0,,false
1752,60.0,84.0,,false
1753,60.0,85.0,,false
1754,60.0,106.0,,false
1755,60.0,85.0,,false
1756,60.0,112.0,,false
1757,60.0,106.0,,false
1758,60.0,100.0,,false
1759,100.0,243.0,,false
1760,100.0,227.0,,false
1761,900.0,7.0,,false
1762,1150.0,15.0,,false
1763,1000.0,8.0,,false
1764,1350.0,48.0,,true
1765,500.0,59.0,,true
1766,5000.0,16.0,,true
1767,2200.0,133.0,,true
1768,3500.0,255.0,,true
1769,5000.0,600.0,,true
1770,500.0,155.0,,true
1771,125.0,477.0,,true
1772,40.0,382.0,,true
1773,350.0,152.0,,true
1774,500.0,192.0,,false
1775,500.0,513.0,,false
1776,3300.0,24.0,,false
1777,3300.0,30.0,,false
1778,3300.0,26.0,,false
1779,60.0,246.0,,false
1780,60.0,210.0,,false
1781,60.0,229.0,,false
1782,800.0,4.0,,false
1783,60.0,117.0,,false
1784,60.0,90.0,,false
1785,60.0,84.0,,false
1786,60.0,107.0,,false
1787,60.0,117.0,,false
1788,60.0,91.0,,false
1789,60.0,105.0,,false
1790,60.0,105.0,,false
1791,60.0,107.0,,false
1792,100.0,239.0,,false
1793,100.0,203.0,,false
1794,900.0,7.0,,false
1795,1150.0,16.0,,false
1796,1000.0,7.0,,false
1797,1350.0,47.0,,true
1798,500.0,58.0,,true
1799,5000.0,18.0,,true
1800,2200.0,131.0,,true
1801,3500.0,377.0,,true
1802,5000.0,600.0,,true
1803,500.0,144.0,,true
1804,125.0,461.0,,true
1805,40.0,402.0,,true
1806,350.0,143.0,,true
1807,500.0,196.0,,false
1808,500.0,563.0,,false
1809,3300.0,26.0,,false
1810,3300.0,28.0,,false
1811,3300.0,29.0,,false
1812,60.0,226.0,,false
1813,60.0,225.0,,false
1814,60.0,178.0,,false
1815,60.0,156.0,,false
1816,800.0,6.0,,false
1817,60.0,101.0,,false
1818,60.0,87.0,,false
1819,60.0,113.0,,false
1820,60.0,103.0,,false
1821,60.0,90.0,,false
1822,60.0,103.0,,false
1823,60.0,114.0,,false
1824,100.0,246.0,,false
1825,100.0,241.0,,false
1826,900.0,9.0,,false
1827,1150.0,14.0,,false
1828,1000.0,5.0,,false
1829,1350.0,50.0,,true
1830,500.0,60.0,,true
1831,5000.0,16.0,,true
1832,2200.0,134.0,,true
1833,3500.0,269.0,,true
1834,5000.0,600.0,,true
1835,500.0,152.0,,true
1836,125.0,521.0,,true
1837,40.0,388.0,,true
1838,350.0,143.0,,true
1839,500.0,194.0,,false
1840,500.0,505.0,,false
1841,3300.0,23.0,,false
1842,3300.0,22.0,,false
1843,3300.0,25.0,,false
1844,60.0,247.0,,false
1845,60.0,241.0,,false
1846,60.0,175.0,,false
1847,60.0,220.0,,false
1848,800.0,5.0,,false
1849,60.0,98.0,,false
1850,60.0,106.0,,false
1851,60.0,114.0,,false
1852,60.0,110.0,,false
1853,60.0,102.0,,false
1854,60.0,97.0,,false
1855,60.0,113.0,,false
1856,60.0,89.0,,false
1857,100.0,182.0,,false
1858,100.0,201.0,,false
1859,900.0,10.0,,false
1860,1150.0,14.0,,false
1861,1000.0,8.0,,false
1862,1350.0,48.0,,true
1863,500.0,58.0,,true
1864,5000.0,20.0,,true
1865,2200.0,137.0,,true
1866,3500.0,257.0,,true
1867,5000.0,600.0,,true
1868,500.0,148.0,,true
1869,125.0,468.0,,true
1870,40.0,362.0,,true
1871,350.0,162.0,,true
1872,500.0,194.0,,false
1873,500.0,550.0,,false
1874,3300.0,26.0,,false
1875,3300.0,25.0,,false
1876,3300.0,24.0,,false
1877,60.0,216.0,,false
1878,60.0,178.0,,false
1879,60.0,186.0,,false
1880,800.0,4.0,,false
1881,60.0,119.0,,false
1882,60.0,118.0,,false
1883,60.0,96.0,,false
1884,60.0,104.0,,false
1885,60.0,94.0,,false
1886,60.0,88.0,,false
1887,60.0,81.0,,false
1888,100.0,204.0,,false
1889,100.0,234.0,,false
1890,900.0,9.0,,false
1891,1150.0,15.0,,false
1892,1000.0,5.0,,false
1893,1350.0,49.0,,true
1894,500.0,57.0,,true
1895,5000.0,19.0,,true
1896,2200.0,135.0,,true
1897,3500.0,370.0,,true
1898,5000.0,600.0,,true
1899,500.0,155.0,,true
1900,125.0,522.0,,true
1901,40.0,416.0,,true
1902,350.0,147.0,,true
1903,500.0,181.0,,false
1904,500.0,423.0,,false
1905,3300.0,26.0,,false
1906,3300.0,24.0,,false
1907,3300.0,22.0,,false
1908,60.0,224.0,,false
1909,60.0,250.0,,false
1910,60.0,201.0,,false
1911,60.0,183.0,,false
1912,800.0,4.0,,false
1913,60.0,93.0,,false
1914,60.0,104.0,,false
1915,60.0,119.0,,false
1916,60.0,91.0,,false
1917,60.0,91.0,,false
1918,60.0,82.0,,false
1919,100.0,245.0,,false
1920,100.0,201.0,,false
1921,900.0,7.0,,false
1922,1150.0,14.0,,false
1923,1000.0,5.0,,false
1924,1350.0,47.0,,true
1925,500.0,59.0,,true
1926,5000.0,20.0,,true
1927,2200.0,134.0,,true
1928,3500.0,378.0,,true
1929,5000.0,600.0,,true
1930,500.0,160.0,,true
1931,125.0,539.0,,true
1932,40.0,393.0,,true
1933,350.0,163.0,,true
1934,500.0,185.0,,false
1935,500.0,421.0,,false
1936,3300.0,30.0,,false
1937,3300.0,28.0,,false
1938,3300.0,29.0,,false
1939,60.0,196.0,,false
1940,60.0,179.0,,false
1941,60.0,248.0,,false
1942,60.0,245.0,,false
1943,800.0,4.0,,false
1944,60.0,95.0,,false
1945,60.0,108.0,,false
1946,60.0,115.0,,false
1947,60.0,112.0,,false
1948,60.0,101.0,,false
1949,60.0,117.0,,false
1950,60.0,116.0,,false
1951,60.0,82.0,,false
1952,100.0,240.0,,false
1953,100.0,236.0,,false
1954,900.0,10.0,,false
1955,1150.0,17.0,,false
1956,1000.0,7.0,,false
1957,1350.0,49.0,,true
1958,500.0,57.0,,true
1959,5000.0,19.0,,true
1960,2200.0,140.0,,true
1961,3500.0,281.0,,true
1962,5000.0,600.0,,true
1963,500.0,142.0,,true
1964,125.0,499.0,,true
1965,40.0,435.0,,true
1966,350.0,144.0,,true
1967,500.0,196.0,,false
1968,500.0,491.0,,false
1969,3300.0,21.0,,false
1970,3300.0,24.0,,false
1971,3300.0,24.0,,false
1972,60.0,239.0,,false
1973,60.0,201.0,,false
1974,60.0,158.0,,false
1975,800.0,6.0,,false
1976,60.0,116.0,,false
1977,60.0,100.0,,false
1978,60.0,104.0,,false
1979,60.0,112.0,,false
1980,60.0,97.0,,false
1981,60.0,116.0,,false
1982,60.0,96.0,,false
1983,60.0,96.0,,false
1984,100.0,229.0,,false
1985,100.0,234.0,,false
1986,900.0,8.0,,false
1987,1150.0,18.0,,false
1988,1000.0,5.0,,false
1989,1350.0,46.0,,true
1990,500.0,58.0,,true
1991,5000.0,16.0,,true
1992,2200.0,131.0,,true
1993,3500.0,210.0,,true
1994,5000.0,600.0,,true
1995,500.0,149.0,,true
1996,125.0,519.0,,true
1997,40.0,426.0,,true
1998,350.0,141.0,,true
1999,500.0,190.0,,false
2000,500.0,327.0,,false
2001,3300.0,21.0,,false
2002,3300.0,22.0,,false
2003,3300.0,28.0,,false
2004,60.0,239.0,,false
2005,60.0,175.0,,false
2006,60.0,200.0,,false
2007,800.0,6.0,,false
2008,60.0,83.0,,false
2009,60.0,112.0,,false
2010,60.0,100.0,,false
2011,60.0,120.0,,false
2012,60.0,82.0,,false
2013,60.0,104.0,,false
2014,100.0,233.0,,false
2015,100.0,209.0,,false
2016,900.0,10.0,,false
2017,1150.0,15.0,,false
2018,1000.0,7.0,,false
2019,1350.0,46.0,,true
2020,500.0,58.0,,true
2021,5000.0,19.0,,true
2022,2200.0,131.0,,true
2023,3500.0,251.0,,true
2024,5000.0,600.0,,true
2025,500.0,142.0,,true
2026,125.0,526.0,,true
2027,40.0,414.0,,true
2028,350.0,141.0,,true
2029,500.0,192.0,,false
2030,500.0,324.0,,false
2031,3300.0,25.0,,false
2032,3300.0,21.0,,false
2033,3300.0,23.0,,false
2034,60.0,194.0,,false
2035,60.0,186.0,,false
2036,60.0,176.0,,false
2037,800.0,5.0,,false
2038,60.0,85.0,,false
2039,60.0,90.0,,false
2040,60.0,114.0,,false
2041,60.0,102.0,,false
2042,60.0,94.0,,false
2043,60.0,113.0,,false
2044,60.0,81.0,,false
2045,60.0,88.0,,false
2046,100.0,244.0,,false
2047,100.0,225.0,,false
2048,900.0,8.0,,false
2049,1150.0,18.0,,false
2050,1000.0,7.0,,false
2051,1350.0,50.0,,true
2052,500.0,58.0,,true
2053,5000.0,20.0,,true
2054,2200.0,135.0,,true
2055,3500.0,230.0,,true
2056,5000.0,600.0,,true
2057,500.0,159.0,,true
2058,125.0,538.0,,true
2059,40.0,357.0,,true
2060,350.0,162.0,,true
2061,500.0,198.0,,false
2062,500.0,306.0,,false
2063,3300.0,25.0,,false
2064,3300.0,28.0,,false
2065,3300.0,22.0,,false
2066,60.0,176.0,,false
2067,60.0,244.0,,false
2068,60.0,243.0,,false
2069,60.0,243.0,,false
2070,800.0,4.0,,false
2071,60.0,108.0,,false
2072,60.0,115.0,,false
2073,60.0,84.0,,false
2074,60.0,88.0,,false
2075,60.0,86.0,,false
2076,60.0,93.0,,false
2077,60.0,110.0,,false
2078,100.0,247.0,,false
2079,100.0,207.0,,false
2080,900.0,10.0,,false
2081,1150.0,16.0,,false
2082,1000.0,7.0,,false
2083,1350.0,49.0,,true
2084,500.0,60.0,,true
2085,5000.0,18.0,,true
2086,2200.0,134.0,,true
2087,3500.0,378.0,,true
2088,5000.0,600.0,,true
2089,500.0,159.0,,true
2090,125.0,529.0,,true
2091,40.0,359.0,,true
2092,350.0,162.0,,true
2093,500.0,191.0,,false
2094,500.0,514.0,,false
2095,3300.0,23.0,,false
2096,3300.0,22.0,,false
2097,3300.0,30.0,,false
2098,60.0,178.0,,false
2099,60.0,244.0,,false
2100,60.0,210.0,,false
2101,60.0,224.0,,false
2102,800.0,5.0,,false
2103,60.0,103.0,,false
2104,60.0,113.0,,false
2105,60.0,110.0,,false
2106,60.0,91.0,,false
2107,60.0,88.0,,false
2108,60.0,110.0,,false
2109,60.0,82.0,,false
2110,60.0,92.0,,false
2111,60.0,106.0,,false
2112,60.0,117.0,,false
2113,100.0,191.0,,false
2114,100.0,226.0,,false
2115,900.0,8.0,,false
2116,1150.0,18.0,,false
2117,1000.0,7.0,,false
2118,1350.0,47.0,,true
2119,500.0,56.0,,true
2120,5000.0,16.0,,true
2121,2200.0,138.0,,true
2122,3500.0,288.0,,true
2123,5000.0,600.0,,true
2124,500.0,143.0,,true
2125,125.0,531.0,,true
2126,40.0,449.0,,true
2127,350.0,154.0,,true
2128,500.0,187.0,,false
2129,500.0,499.0,,false
2130,3300.0,30.0,,false
2131,3300.0,22.0,,false
2132,3300.0,29.0,,false
2133,60.0,197.0,,false
2134,60.0,208.0,,false
2135,60.0,223.0,,false
2136,60.0,166.0,,false
2137,800.0,5.0,,false
2138,60.0,90.0,,false
2139,60.0,110.0,,false
2140,60.0,99.0,,false
2141,60.0,95.0,,false
2142,60.0,95.0,,false
2143,60.0,95.0,,false
2144,60.0,104.0,,false
2145,60.0,104.0,,false
2146,60.0,118.0,,false
2147,60.0,92.0,,false
2148,100.0,228.0,,false
2149,100.0,234.0,,false
2150,900.0,7.0,,false
2151,1150.0,14.0,,false
2152,1000.0,8.0,,false
2153,1350.0,46.0,,true
2154,500.0,56.0,,true
2155,5000.0,17.0,,true
2156,2200.0,137.0,,true
2157,3500.0,338.0,,true
2158,5000.0,600.0,,true
2159,500.0,157.0,,true
2160,125.0,469.0,,true
2161,40.0,450.0,,true
2162,350.0,180.0,,true
2163,500.0,171.0,,false
2164,500.0,456.0,,false
2165,3300.0,27.0,,false
2166,3300.0,29.0,,false
2167,3300.0,24.0,,false
2168,60.0,235.0,,false
2169,60.0,231.0,,false
2170,60.0,155.0,,false
2171,800.0,6.0,,false
2172,60.0,100.0,,false
2173,60.0,98.0,,false
2174,60.0,105.0,,false
2175,60.0,102.0,,false
2176,60.0,90.0,,false
2177,60.0,101.0,,false
2178,60.0,93.0,,false
2179,60.0,109.0,,false
2180,100.0,222.0,,false
2181,100.0,237.0,,false
2182,900.0,7.0,,false
2183,1150.0,18.0,,false
2184,1000.0,8.0,,false
2185,1350.0,47.0,,true
2186,500.0,58.0,,true
2187,5000.0,17.0,,true
2188,2200.0,137.0,,true
2189,3500.0,214.0,,true
2190,5000.0,600.0,,true
2191,500.0,155.0,,true
2192,125.0,500.0,,true
2193,40.0,353.0,,true
2194,350.0,154.0,,true
2195,500.0,194.0,,false
2196,500.0,325.0,,false
2197,3300.0,23.0,,false
2198,3300.0,21.0,,false
2199,3300.0,27.0,,false
2200,60.0,239.0,,false
2201,60.0,214.0,,false
2202,60.0,174.0,,false
2203,800.0,4.0,,false
2204,60.0,102.0,,false
2205,60.0,103.0,,false
2206,60.0,95.0,,false
2207,60.0,117.0,,false
2208,60.0,93.0,,false
2209,60.0,81.0,,false
2210,60.0,111.0,,false
2211,60.0,104.0,,false
2212,60.0,94.0,,false
2213,100.0,229.0,,false
2214,100.0,207.0,,false
2215,900.0,7.0,,false
2216,1150.0,17.0,,false
2217,1000.0,6.0,,false
2218,1350.0,47.0,,true
2219,500.0,57.0,,true
2220,5000.0,20.0,,true
2221,2200.0,132.0,,true
2222,3500.0,318.0,,true
2223,5000.0,600.0,,true
2224,500.0,153.0,,true
2225,125.0,544.0,,true
2226,40.0,406.0,,true
2227,350.0,154.0,,true
2228,500.0,180.0,,false
2229,500.0,598.0,,false
2230,3300.0,27.0,,false
2231,3300.0,28.0,,false
2232,3300.0,21.0,,false
2233,60.0,226.0,,false
2234,60.0,242.0,,false
2235,60.0,231.0,,false
2236,800.0,5.0,,false
2237,60.0,91.0,,false
2238,60.0,81.0,,false
2239,60.0,103.0,,false
2240,60.0,105.0,,false
2241,60.0,102.0,,false
2242,60.0,108.0,,false
2243,60.0,104.0,,false
2244,60.0,107.0,,false
2245,60.0,107.0,,false
2246,100.0,230.0,,false
2247,100.0,250.0,,false
2248,900.0,10.0,,false
2249,1150.0,16.0,,false
2250,1000.0,5.0,,false
2251,1350.0,46.0,,true
2252,500.0,60.0,,true
2253,5000.0,16.0,,true
2254,2200.0,136.0,,true
2255,3500.0,310.0,,true
2256,5000.0,600.0,,true
2257,500.0,145.0,,true
2258,125.0,515.0,,true
2259,40.0,424.0,,true
2260,350.0,166.0,,true
2261,500.0,190.0,,false
2262,500.0,320.0,,false
2263,3300.0,23.0,,false
2264,3300.0,29.0,,false
2265,3300.0,28.0,,false
2266,60.0,178.0,,false
2267,60.0,242.0,,false
2268,60.0,200.0,,false
2269,60.0,244.0,,false
2270,800.0,4.0,,false
2271,60.0,86.0,,false
2272,60.0,118.0,,false
2273,60.0,96.0,,false
2274,60.0,111.0,,false
2275,60.0,84.0,,false
2276,60.0,87.0,,false
2277,100.0,229.0,,false
2278,100.0,185.0,,false
2279,900.0,9.0,,false
2280,1150.0,16.0,,false
2281,1000.0,8.0,,false
2282,1350.0,47.0,,true
2283,500.0,58.0,,true
2284,5000.0,18.0,,true
2285,2200.0,132.0,,true
2286,3500.0,211.0,,true
2287,5000.0,600.0,,true
2288,500.0,158.0,,true
2289,125.0,546.0,,true
2290,40.0,415.0,,true
2291,350.0,146.0,,true
2292,500.0,197.0,,false
2293,500.0,452.0,,false
2294,3300.0,24.0,,false
2295,3300.0,27.0,,false
2296,3300.0,21.0,,false
2297,60.0,211.0,,false
2298,60.0,241.0,,false
2299,60.0,239.0,,false
2300,60.0,180.0,,false
2301,800.0,4.0,,false
2302,60.0,100.0,,false
2303,60.0,111.0,,false
2304,60.0,117.0,,false
2305,60.0,104.0,,false
2306,60.0,120.0,,false
2307,60.0,117.0,,false
2308,60.0,104.0,,false
2309,100.0,250.0,,false
2310,100.0,185.0,,false
2311,900.0,10.0,,false
2312,1150.0,17.0,,false
2313,1000.0,8.0,,false
2314,1350.0,48.0,,true
2315,500.0,56.0,,true
2316,5000.0,20.0,,true
2317,2200.0,137.0,,true
2318,3500.0,363.0,,true
2319,5000.0,600.0,,true
2320,500.0,150.0,,true
2321,125.0,509.0,,true
2322,40.0,351.0,,true
2323,350.0,165.0,,true
2324,500.0,182.0,,false
2325,500.0,487.0,,false
2326,3300.0,23.0,,false
2327,3300.0,21.0,,false
2328,3300.0,21.0,,false
2329,60.0,178.0,,false
2330,60.0,203.0,,false
2331,60.0,198.0,,false
2332,60.0,228.0,,false
2333,800.0,5.0,,false
2334,60.0,96.0,,false
2335,60.0,81.0,,false
2336,60.0,93.0,,false
2337,60.0,87.0,,false
2338,60.0,104.0,,false
2339,60.0,85.0,,false
2340,60.0,102.0,,false
2341,60.0,119.0,,false
2342,60.0,90.0,,false
2343,60.0,100.0,,false
2344,100.0,219.0,,false
2345,100.0,223.0,,false
2346,900.0,7.0,,false
2347,1150.0,14.0,,false
2348,1000.0,7.0,,false
2349,1350.0,48.0,,true
2350,500.0,57.0,,true
2351,5000.0,19.0,,true
2352,2200.0,132.0,,true
2353,3500.0,355.0,,true
2354,5000.0,600.0,,true
2355,500.0,151.0,,true
2356,125.0,520.0,,true
2357,40.0,365.0,,true
2358,350.0,144.0,,true
2359,500.0,190.0,,false
2360,500.0,496.0,,false
2361,3300.0,29.0,,false
2362,3300.0,21.0,,false
2363,3300.0,22.0,,false
2364,60.0,198.0,,false
2365,60.0,201.0,,false
2366,60.0,249.0,,false
2367,60.0,203.0,,false
2368,800.0,6.0,,false
2369,60.0,93.0,,false
2370,60.0,115.0,,false
2371,60.0,90.0,,false
2372,60.0,98.0,,false
2373,60.0,90.0,,false
2374,60.0,103.0,,false
2375,60.0,91.0,,false
2376,60.0,99.0,,false
2377,60.0,103.0,,false
2378,60.0,108.0,,false
2379,100.0,190.0,,false
2380,100.0,184.0,,false
2381,900.0,8.0,,false
2382,1150.0,18.0,,false
2383,1000.0,6.0,,false
2384,1350.0,47.0,,true
2385,500.0,56.0,,true
2386,5000.0,16.0,,true
2387,2200.0,134.0,,true
2388,3500.0,267.0,,true
2389,5000.0,600.0,,true
2390,500.0,146.0,,true
2391,125.0,480.0,,true
2392,40.0,435.0,,true
2393,350.0,160.0,,true
2394,500.0,192.0,,false
2395,500.0,473.0,,false
2396,3300.0,22.0,,false
2397,3300.0,25.0,,false
2398,3300.0,24.0,,false
2399,60.0,239.0,,false
2400,60.0,231.0,,false
2401,60.0,179.0,,false
2402,60.0,202.0,,false
2403,800.0,5.0,,false
2404,60.0,96.0,,false
2405,60.0,107.0,,false
2406,60.0,84.0,,false
2407,60.0,92.0,,false
2408,60.0,105.0,,false
2409,60.0,96.0,,false
2410,60.0,85.0,,false
2411,60.0,112.0,,false
2412,60.0,110.0,,false
2413,60.0,105.0,,false
2414,100.0,183.0,,false
2415,100.0,214.0,,false
2416,900.0,10.0,,false
2417,1150.0,15.0,,false
2418,1000.0,7.0,,false
2419,1350.0,48.0,,true
2420,500.0,59.0,,true
2421,5000.0,19.0,,true
2422,2200.0,139.0,,true
2423,3500.0,371.0,,true
2424,5000.0,600.0,,true
2425,500.0,157.0,,true
2426,125.0,536.0,,true
2427,40.0,429.0,,true
2428,350.0,155.0,,true
2429,500.0,175.0,,false
2430,500.0,593.0,,false
2431,3300.0,21.0,,false
2432,3300.0,21.0,,false
2433,3300.0,25.0,,false
2434,60.0,187.0,,false
2435,60.0,154.0,,false
2436,60.0,234.0,,false
2437,60.0,176.0,,false
2438,800.0,4.0,,false
2439,60.0,84.0,,false
2440,60.0,85.0,,false
2441,60.0,98.0,,false
2442,60.0,116.0,,false
2443,60.0,85.0,,false
2444,60.0,83.0,,false
2445,60.0,84.0,,false
2446,60.0,116.0,,false
2447,60.0,85.0,,false
2448,100.0,230.0,,false
2449,100.0,233.0,,false
2450,900.0,7.0,,false
2451,1150.0,15.0,,false
2452,1000.0,5.0,,false
2453,1350.0,47.0,,true
2454,500.0,60.0,,true
2455,5000.0,17.0,,true
2456,2200.0,136.0,,true
2457,3500.0,201.0,,true
2458,5000.0,600.0,,true
2459,500.0,153.0,,true
2460,125.0,540.0,,true
2461,40.0,410.0,,true
2462,350.0,163.0,,true
2463,500.0,190.0,,false
2464,500.0,495.0,,false
2465,3300.0,24.0,,false
2466,3300.0,21.0,,false
2467,3300.0,24.0,,false
2468,60.0,159.0,,false
2469,60.0,171.0,,false
2470,60.0,164.0,,false
2471,800.0,4.0,,false
2472,60.0,91.0,,false
2473,60.0,119.0,,false
2474,60.0,99.0,,false
2475,60.0,120.0,,false
2476,60.0,86.0,,false
2477,60.0,100.0,,false
2478,60.0,113.0,,false
2479,60.0,104.0,,false
2480,60.0,91.0,,false
2481,60.0,113.0,,false
2482,100.0,212.0,,false
2483,100.0,181.0,,false
2484,900.0,10.0,,false
2485,1150.0,15.0,,false
2486,1000.0,5.0,,false
2487,1350.0,50.0,,true
2488,500.0,56.0,,true
2489,5000.0,18.0,,true
2490,2200.0,133.0,,true
2491,3500.0,366.0,,true
2492,5000.0,600.0,,true
2493,500.0,158.0,,true
2494,125.0,463.0,,true
2495,40.0,402.0,,true
2496,350.0,158.0,,true
2497,500.0,188.0,,false
2498,500.0,480.0,,false
2499,3300.0,28.0,,false
2500,3300.0,27.0,,false
2501,3300.0,21.0,,false
2502,60.0,233.0,,false
2503,60.0,188.0,,false
2504,60.0,226.0,,false
2505,60.0,245.0,,false
2506,800.0,5.0,,false
2507,60.0,81.0,,false
2508,60.0,116.0,,false
2509,60.0,112.0,,false
2510,60.0,86.0,,false
2511,60.0,101.0,,false
2512,60.0,106.0,,false
2513,60.0,81.0,,false
2514,60.0,83.0,,false
2515,60.0,93.0,,false
2516,60.0,92.0,,false
2517,100.0,202.0,,false
2518,100.0,225.0,,false
2519,900.0,8.0,,false
2520,1150.0,18.0,,false
2521,1000.0,7.0,,false
2522,1350.0,50.0,,true
2523,500.0,58.0,,true
2524,5000.0,17.0,,true
2525,2200.0,133.0,,true
2526,3500.0,278.0,,true
2527,5000.0,600.0,,true
2528,500.0,152.0,,true
2529,125.0,487.0,,true
2530,40.0,451.0,,true
2531,350.0,162.0,,true
2532,500.0,173.0,,false
2533,500.0,325.0,,false
2534,3300.0,30.0,,false
2535,3300.0,29.0,,false
2536,3300.0,27.0,,false
2537,60.0,185.0,,false
2538,60.0,212.0,,false
2539,60.0,234.0,,false
2540,60.0,223.0,,false
2541,800.0,4.0,,false
2542,60.0,97.0,,false
2543,60.0,119.0,,false
2544,60.0,92.0,,false
2545,60.0,106.0,,false
2546,60.0,90.0,,false
2547,60.0,97.0,,false
2548,60.0,118.0,,false
2549,60.0,107.0,,false
2550,60.0,85.0,,false
2551,60.0,96.0,,false
2552,100.0,235.0,,false
2553,100.0,231.0,,false
2554,900.0,10.0,,false
2555,1150.0,17.0,,false
2556,1000.0,8.0,,false
2557,1350.0,47.0,,true
2558,500.0,58.0,,true
2559,5000.0,16.0,,true
2560,2200.0,139.0,,true
2561,3500.0,333.0,,true
2562,5000.0,600.0,,true
2563,500.0,156.0,,true
2564,125.0,505.0,,true
2565,40.0,447.0,,true
2566,350.0,142.0,,true
2567,500.0,184.0,,false
2568,500.0,552.0,,false
2569,3300.0,23.0,,false
2570,3300.0,21.0,,false
2571,3300.0,26.0,,false
2572,60.0,173.0,,false
2573,60.0,166.0,,false
2574,60.0,227.0,,false
2575,800.0,4.0,,false
2576,60.0,85.0,,false
2577,60.0,94.0,,false
2578,60.0,113.0,,false
2579,60.0,93.0,,false
2580,60.0,111.0,,false
2581,60.0,83.0,,false
2582,60.0,88.0,,false
2583,60.0,104.0,,false
2584,60.0,120.0,,false
2585,100.0,192.0,,false
2586,100.0,223.0,,false
2587,900.0,10.0,,false
2588,1150.0,13.0,,false
2589,1000.0,5.0,,false
2590,1350.0,46.0,,true
2591,500.0,58.0,,true
2592,5000.0,16.0,,true
2593,2200.0,132.0,,true
2594,3500.0,400.0,,true
2595,5000.0,600.0,,true
2596,500.0,150.0,,true
2597,125.0,470.0,,true
2598,40.0,458.0,,true
2599,350.0,165.0,,true
2600,500.0,185.0,,false
2601,500.0,461.0,,false
2602,3300.0,24.0,,false
2603,3300.0,26.0,,false
2604,3300.0,28.0,,false
2605,60.0,180.0,,false
2606,60.0,193.0,,false
2607,60.0,154.0,,false
2608,800.0,5.0,,false
2609,60.0,111.0,,false
2610,60.0,85.0,,false
2611,60.0,99.0,,false
2612,60.0,89.0,,false
2613,60.0,118.0,,false
2614,60.0,98.0,,false
2615,60.0,98.0,,false
2616,100.0,201.0,,false
2617,100.0,202.0,,false
2618,900.0,10.0,,false
2619,1150.0,18.0,,false
2620,1000.0,5.0,,false
2621,1350.0,46.0,,true
2622,500.0,56.0,,true
2623,5000.0,20.0,,true
2624,2200.0,136.0,,true
2625,3500.0,269.0,,true
2626,5000.0,600.0,,true
2627,500.0,158.0,,true
2628,125.0,524.0,,true
2629,40.0,368.0,,true
2630,350.0,180.0,,true
2631,500.0,183.0,,false
2632,500.0,556.0,,false
2633,3300.0,22.0,,false
2634,3300.0,22.0,,false
2635,3300.0,23.0,,false
2636,60.0,153.0,,false
2637,60.0,235.0,,false
2638,60.0,227.0,,false
2639,60.0,232.0,,false
2640,800.0,4.0,,false
2641,60.0,81.0,,false
2642,60.0,100.0,,false
2643,60.0,82.0,,false
2644,60.0,117.0,,false
2645,60.0,119.0,,false
2646,60.0,81.0,,false
2647,100.0,229.0,,false
2648,100.0,185.0,,false
2649,900.0,10.0,,false
2650,1150.0,15.0,,false
2651,1000.0,6.0,,false
2652,1350.0,50.0,,true
2653,500.0,56.0,,true
2654,5000.0,19.0,,true
2655,2200.0,133.0,,true
2656,3500.0,281.0,,true
2657,5000.0,600.0,,true
2658,500.0,152.0,,true
2659,125.0,500.0,,true
2660,40.0,430.0,,true
2661,350.0,147.0,,true
2662,500.0,171.0,,false
2663,500.0,434.0,,false
2664,3300.0,22.0,,false
2665,3300.0,23.0,,false
2666,3300.0,29.0,,false
2667,60.0,222.0,,false
2668,60.0,181.0,,false
2669,60.0,198.0,,false
2670,800.0,6.0,,false
2671,60.0,97.0,,false
2672,60.0,110.0,,false
2673,60.0,82.0,,false
2674,60.0,107.0,,false
2675,60.0,113.0,,false
2676,60.0,116.0,,false
2677,60.0,113.0,,false
2678,60.0,89.0,,false
2679,60.0,103.0,,false
2680,100.0,182.0,,false
2681,100.0,242.0,,false
2682,900.0,7.0,,false
2683,1150.0,16.0,,false
2684,1000.0,6.0,,false
2685,1350.0,49.0,,true
2686,500.0,56.0,,true
2687,5000.0,19.0,,true
2688,2200.0,136.0,,true
2689,3500.0,362.0,,true
2690,5000.0,600.0,,true
2691,500.0,147.0,,true
2692,125.0,458.0,,true
2693,40.0,391.0,,true
2694,350.0,179.0,,true
2695,500.0,187.0,,false
2696,500.0,328.0,,false
2697,3300.0,28.0,,false
2698,3300.0,23.0,,false
2699,3300.0,25.0,,false
2700,60.0,188.0,,false
2701,60.0,211.0,,false
2702,60.0,177.0,,false
2703,800.0,5.0,,false
2704,60.0,99.0,,false
2705,60.0,108.0,,false
2706,60.0,94.0,,false
2707,60.0,88.0,,false
2708,60.0,113.0,,false
2709,60.0,94.0,,false
2710,60.0,92.0,,false
2711,60.0,108.0,,false
2712,60.0,113.0,,false
2713,60.0,114.0,,false
2714,100.0,249.0,,false
2715,100.0,186.0,,false
2716,900.0,7.0,,false
2717,1150.0,13.0,,false
2718,1000.0,5.0,,false
2719,1350.0,49.0,,true
2720,500.0,57.0,,true
2721,5000.0,18.0,,true
2722,2200.0,136.0,,true
2723,3500.0,300.0,,true
2724,5000.0,600.0,,true
2725,500.0,158.0,,true
2726,125.0,453.0,,true
2727,40.0,362.0,,true
2728,350.0,148.0,,true
2729,500.0,173.0,,false
2730,500.0,496.0,,false
2731,3300.0,24.0,,false
2732,3300.0,21.0,,false
2733,3300.0,26.0,,false
2734,60.0,194.0,,false
2735,60.0,223.0,,false
2736,60.0,196.0,,false
2737,60.0,208.0,,false
2738,800.0,4.0,,false
2739,60.0,111.0,,false
2740,60.0,116.0,,false
2741,60.0,114.0,,false
2742,60.0,98.0,,false
2743,60.0,94.0,,false
2744,60.0,92.0,,false
2745,60.0,110.0,,false
2746,100.0,242.0,,false
2747,100.0,243.0,,false
2748,900.0,9.0,,false
2749,1150.0,15.0,,false
2750,1000.0,5.0,,false
2751,1350.0,47.0,,true
2752,500.0,58.0,,true
2753,5000.0,18.0,,true
2754,2200.0,136.0,,true
2755,3500.0,386.0,,true
2756,5000.0,600.0,,true
2757,500.0,155.0,,true
2758,125.0,508.0,,true
2759,40.0,447.0,,true
2760,350.0,154.0,,true
2761,500.0,180.0,,false
2762,500.0,437.0,,false
2763,3300.0,22.0,,false
2764,3300.0,23.0,,false
2765,3300.0,30.0,,false
2766,60.0,192.0,,false
2767,60.0,177.0,,false
2768,60.0,176.0,,false
2769,60.0,214.0,,false
2770,800.0,4.0,,false
2771,60.0,112.0,,false
2772,60.0,108.0,,false
2773,60.0,118.0,,false
2774,60.0,93.0,,false
2775,60.0,93.0,,false
2776,60.0,116.0,,false
2777,100.0,226.0,,false
2778,100.0,199.0,,false
2779,900.0,7.0,,false
2780,1150.0,16.0,,false
2781,1000.0,6.0,,false
2782,1350.0,49.0,,true
2783,500.0,58.0,,true
2784,5000.0,19.0,,true
2785,2200.0,139.0,,true
2786,3500.0,263.0,,true
2787,5000.0,600.0,,true
2788,500.0,158.0,,true
2789,125.0,454.0,,true
2790,40.0,414.0,,true
2791,350.0,177.0,,true
2792,500.0,174.0,,false
2793,500.0,522.0,,false
2794,3300.0,23.0,,false
2795,3300.0,26.0,,false
2796,3300.0,28.0,,false
2797,60.0,220.0,,false
2798,60.0,226.0,,false
2799,60.0,224.0,,false
2800,800.0,6.0,,false
2801,60.0,92.0,,false
2802,60.0,100.0,,false
2803,60.0,119.0,,false
2804,60.0,102.0,,false
2805,60.0,82.0,,false
2806,60.0,108.0,,false
2807,100.0,234.0,,false
2808,100.0,228.0,,false
2809,900.0,10.0,,false
2810,1150.0,13.0,,false
2811,1000.0,7.0,,false
2812,1350.0,49.0,,true
2813,500.0,56.0,,true
2814,5000.0,20.0,,true
2815,2200.0,131.0,,true
2816,3500.0,291.0,,true
2817,5000.0,600.0,,true
2818,500.0,142.0,,true
2819,125.0,548.0,,true
2820,40.0,366.0,,true
2821,350.0,144.0,,true
2822,500.0,190.0,,false
2823,500.0,389.0,,false
2824,3300.0,30.0,,false
2825,3300.0,27.0,,false
2826,3300.0,30.0,,false
2827,60.0,224.0,,false
2828,60.0,244.0,,false
2829,60.0,158.0,,false
2830,800.0,5.0,,false
2831,60.0,119.0,,false
2832,60.0,86.0,,false
2833,60.0,116.0,,false
2834,60.0,84.0,,false
2835,60.0,102.0,,false
2836,60.0,106.0,,false
2837,60.0,102.0,,false
2838,100.0,204.0,,false
2839,100.0,187.0,,false
2840,900.0,9.0,,false
2841,1150.0,14.0,,false
2842,1000.0,8.0,,false
2843,1350.0,50.0,,true
2844,500.0,58.0,,true
2845,5000.0,17.0,,true
2846,2200.0,137.0,,true
2847,3500.0,381.0,,true
2848,5000.0,600.0,,true
2849,500.0,152.0,,true
2850,125.0,482.0,,true
2851,40.0,452.0,,true
2852,350.0,168.0,,true
2853,500.0,189.0,,false
2854,500.0,593.0,,false
2855,3300.0,28.0,,false
2856,3300.0,26.0,,false
2857,3300.0,27.0,,false
2858,60.0,158.0,,false
2859,60.0,207.0,,false
2860,60.0,182.0,,false
2861,60.0,160.0,,false
2862,800.0,5.0,,false
2863,60.0,104.0,,false
2864,60.0,101.0,,false
2865,60.0,94.0,,false
2866,60.0,116.0,,false
2867,60.0,102.0,,false
2868,60.0,86.0,,false
2869,60.0,120.0,,false
2870,60.0,104.0,,false
2871,100.0,237.0,,false
2872,100.0,241.0,,false
2873,900.0,10.0,,false
2874,1150.0,18.0,,false
2875,1000.0,7.0,,false
2876,1350.0,48.0,,true
2877,500.0,58.0,,true
2878,5000.0,16.0,,true
2879,2200.0,136.0,,true
2880,3500.0,308.0,,true
2881,5000.0,600.0,,true
2882,500.0,151.0,,true
2883,125.0,489.0,,true
2884,40.0,382.0,,true
2885,350.0,169.0,,true
2886,500.0,185.0,,false
2887,500.0,452.0,,false
2888,3300.0,21.0,,false
2889,3300.0,28.0,,false
2890,3300.0,24.0,,false
2891,60.0,247.0,,false
2892,60.0,228.0,,false
2893,60.0,215.0,,false
2894,800.0,5.0,,false
2895,60.0,97.0,,false
2896,60.0,111.0,,false
2897,60.0,99.0,,false
2898,60.0,94.0,,false
2899,60.0,106.0,,false
2900,60.0,82.0,,false
2901,60.0,86.0,,false
2902,60.0,112.0,,false
2903,100.0,249.0,,false
2904,100.0,196.0,,false
2905,900.0,7.0,,false
2906,1150.0,13.0,,false
2907,1000.0,7.0,,false
2908,1350.0,46.0,,true
2909,500.0,57.0,,true
2910,5000.0,19.0,,true
2911,2200.0,135.0,,true
2912,3500.0,303.0,,true
2913,5000.0,600.0,,true
2914,500.0,154.0,,true
2915,125.0,471.0,,true
2916,40.0,359.0,,true
2917,350.0,156.0,,true
2918,500.0,186.0,,false
2919,500.0,400.0,,false
2920,3300.0,28.0,,false
2921,3300.0,21.0,,false
2922,3300.0,23.0,,false
2923,60.0,173.0,,false
2924,60.0,224.0,,false
2925,60.0,246.0,,false
2926,60.0,157.0,,false
2927,800.0,4.0,,false
2928,60.0,90.0,,false
2929,60.0,93.0,,false
2930,60.0,81.0,,false
2931,60.0,83.0,,false
2932,60.0,110.0,,false
2933,60.0,89.0,,false
2934,60.0,109.0,,false
2935,60.0,86.0,,false
2936,100.0,218.0,,false
2937,100.0,241.0,,false
2938,900.0,10.0,,false
2939,1150.0,14.0,,false
2940,1000.0,8.0,,false
2941,1350.0,50.0,,true
2942,500.0,57.0,,true
2943,5000.0,20.0,,true
2944,2200.0,139.0,,true
2945,3500.0,388.0,,true
2946,5000.0,600.0,,true
2947,500.0,148.0,,true
2948,125.0,490.0,,true
2949,40.0,414.0,,true
2950,350.0,151.0,,true
2951,500.0,197.0,,false
2952,500.0,506.0,,false
2953,3300.0,27.0,,false
2954,3300.0,27.0,,false
2955,3300.0,23.0,,false
2956,60.0,187.0,,false
2957,60.0,240.0,,false
2958,60.0,171.0,,false
2959,60.0,177.0,,false
2960,800.0,5.0,,false
2961,60.0,107.0,,false
2962,60.0,94.0,,false
2963,60.0,91.0,,false
2964,60.0,111.0,,false
2965,60.0,84.0,,false
2966,60.0,81.0,,false
2967,60.0,118.0,,false
2968,100.0,197.0,,false
2969,100.0,205.0,,false
2970,900.0,9.0,,false
2971,1150.0,15.0,,false
2972,1000.0,5.0,,false
2973,1350.0,47.0,,true
2974,500.0,59.0,,true
2975,5000.0,20.0,,true
2976,2200.0,140.0,,true
2977,3500.0,273.0,,true
2978,5000.0,600.0,,true
2979,500.0,154.0,,true
2980,125.0,488.0,,true
2981,40.0,419.0,,true
2982,350.0,148.0,,true
2983,500.0,178.0,,false
2984,500.0,400.0,,false
2985,3300.0,23.0,,false
2986,3300.0,22.0,,false
2987,3300.0,22.0,,false
2988,60.0,179.0,,false
2989,60.0,179.0,,false
2990,60.0,199.0,,false
2991,60.0,170.0,,false
2992,800.0,6.0,,false
2993,60.0,86.0,,false
2994,60.0,98.0,,false
2995,60.0,105.0,,false
2996,60.0,107.0,,false
2997,60.0,109.0,,false
2998,60.0,106.0,,false
2999,60.0,97.0,,false
3000,100.0,209.0,,false
3001,100.0,243.0,,false
3002,900.0,7.0,,false
3003,1150.0,18.0,,false
3004,1000.0,7.0,,false
3005,1350.0,48.0,,true
3006,500.0,59.0,,true
3007,5000.0,20.0,,true
3008,2200.0,137.0,,true
3009,3500.0,323.0,,true
3010,5000.0,600.0,,true
3011,500.0,153.0,,true
3012,125.0,455.0,,true
3013,40.0,359.0,,true
3014,350.0,150.0,,true
3015,500.0,181.0,,false
3016,500.0,572.0,,false
3017,3300.0,25.0,,false
3018,3300.0,25.0,,false
3019,3300.0,29.0,,false
3020,60.0,245.0,,false
3021,60.0,182.0,,false
3022,60.0,212.0,,false
3023,60.0,174.0,,false
3024,800.0,6.0,,false
3025,60.0,96.0,,false
3026,60.0,102.0,,false
3027,60.0,108.0,,false
3028,60.0,105.0,,false
3029,60.0,119.0,,false
3030,60.0,84.0,,false
3031,60.0,106.0,,false
3032,100.0,189.0,,false
3033,100.0,246.0,,false
3034,900.0,7.0,,false
3035,1150.0,16.0,,false
3036,1000.0,6.0,,false
3037,1350.0,50.0,,true
3038,500.0,59.0,,true
3039,5000.0,20.0,,true
3040,2200.0,132.0,,true
3041,3500.0,298.0,,true
3042,5000.0,600.0,,true
3043,500.0,157.0,,true
3044,125.0,476.0,,true
3045,40.0,407.0,,true
3046,350.0,165.0,,true
3047,500.0,175.0,,false
3048,500.0,317.0,,false
3049,3300.0,28.0,,false
3050,3300.0,22.0,,false
3051,3300.0,25.0,,false
3052,60.0,176.0,,false
3053,60.0,232.0,,false
3054,60.0,182.0,,false
3055,60.0,222.0,,false
3056,800.0,6.0,,false
3057,60.0,88.0,,false
3058,60.0,103.0,,false
3059,60.0,95.0,,false
3060,60.0,116.0,,false
3061,60.0,81.0,,false
3062,60.0,81.0,,false
3063,60.0,115.0,,false
3064,60.0,94.0,,false
3065,60.0,100.0,,false
3066,100.0,193.0,,false
3067,100.0,246.0,,false
3068,900.0,9.0,,false
3069,1150.0,13.0,,false
3070,1000.0,6.0,,false
3071,1350.0,47.0,,true
3072,500.0,56.0,,true
3073,5000.0,20.0,,true
3074,2200.0,136.0,,true
3075,3500.0,230.0,,true
3076,5000.0,600.0,,true
3077,500.0,156.0,,true
3078,125.0,471.0,,true
3079,40.0,442.0,,true
3080,350.0,143.0,,true
3081,500.0,183.0,,false
3082,500.0,528.0,,false
3083,3300.0,24.0,,false
3084,3300.0,29.0,,false
3085,3300.0,26.0,,false
3086,60.0,177.0,,false
3087,60.0,177.0,,false
3088,60.0,221.0,,false
3089,60.0,224.0,,false
3090,800.0,6.0,,false
3091,60.0,107.0,,false
3092,60.0,85.0,,false
3093,60.0,98.0,,false
3094,60.0,97.0,,false
3095,60.0,104.0,,false
3096,60.0,111.0,,false
3097,60.0,117.0,,false
3098,100.0,219.0,,false
3099,100.0,233.0,,false
3100,900.0,8.0,,false
3101,1150.0,15.0,,false
3102,1000.0,6.0,,false
3103,1350.0,47.0,,true
3104,500.0,56.0,,true
3105,5000.0,18.0,,true
3106,2200.0,139.0,,true
3107,3500.0,284.0,,true
3108,5000.0,600.0,,true
3109,500.0,149.0,,true
3110,125.0,524.0,,true
3111,40.0,356.0,,true
3112,350.0,151.0,,true
3113,500.0,172.0,,false
3114,500.0,566.0,,false
3115,3300.0,28.0,,false
3116,3300.0,28.0,,false
3117,3300.0,25.0,,false
3118,60.0,152.0,,false
3119,60.0,185.0,,false
3120,60.0,153.0,,false
3121,800.0,4.0,,false
3122,60.0,105.0,,false
3123,60.0,108.0,,false
3124,60.0,103.0,,false
3125,60.0,115.0,,false
3126,60.0,96.0,,false
3127,60.0,101.0,,false
3128,60.0,88.0,,false
3129,60.0,115.0,,false
3130,60.0,111.0,,false
3131,60.0,111.0,,false
3132,100.0,190.0,,false
3133,100.0,234.0,,false
3134,900.0,8.0,,false
3135,1150.0,16.0,,false
3136,1000.0,6.0,,false
3137,1350.0,48.0,,true
3138,500.0,57.0,,true
3139,5000.0,17.0,,true
3140,2200.0,137.0,,true
3141,3500.0,336.0,,true
3142,5000.0,600.0,,true
3143,500.0,158.0,,true
3144,125.0,476.0,,true
3145,40.0,363.0,,true
3146,350.0,172.0,,true
3147,500.0,182.0,,false
3148,500.0,406.0,,false
3149,3300.0,26.0,,false
3150,3300.0,29.0,,false
3151,3300.0,22.0,,false
3152,60.0,236.0,,false
3153,60.0,209.0,,false
3154,60.0,206.0,,false
3155,60.0,179.0,,false
3156,800.0,5.0,,false
3157,60.0,113.0,,false
3158,60.0,85.0,,false
3159,60.0,81.0,,false
3160,60.0,82.0,,false
3161,60.0,114.0,,false
3162,60.0,96.0,,false
3163,60.0,104.0,,false
3164,60.0,96.0,,false
3165,60.0,120.0,,false
3166,100.0,231.0,,false
3167,100.0,208.0,,false
3168,900.0,9.0,,false
3169,1150.0,16.0,,false
3170,1000.0,8.0,,false
3171,1350.0,47.0,,true
3172,500.0,59.0,,true
3173,5000.0,16.0,,true
3174,2200.0,138.0,,true
3175,3500.0,233.0,,true
3176,5000.0,600.0,,true
3177,500.0,146.0,,true
3178,125.0,509.0,,true
3179,40.0,457.0,,true
3180,350.0,165.0,,true
3181,500.0,195.0,,false
3182,500.0,535.0,,false
3183,3300.0,25.0,,false
3184,3300.0,27.0,,false
3185,3300.0,28.0,,false
3186,60.0,153.0,,false
3187,60.0,165.0,,false
3188,60.0,238.0,,false
3189,800.0,4.0,,false
3190,60.0,108.0,,false
3191,60.0,113.0,,false
3192,60.0,97.0,,false
3193,60.0,110.0,,false
3194,60.0,99.0,,false
3195,60.0,92.0,,false
3196,60.0,117.0,,false
3197,100.0,244.0,,false
3198,100.0,235.0,,false
3199,900.0,10.0,,false
3200,1150.0,16.0,,false
3201,1000.0,5.0,,false
3202,1350.0,48.0,,true
3203,500.0,59.0,,true
3204,5000.0,19.0,,true
3205,2200.0,131.0,,true
3206,3500.0,329.0,,true
3207,5000.0,600.0,,true
3208,500.0,159.0,,true
3209,125.0,463.0,,true
3210,40.0,401.0,,true
3211,350.0,157.0,,true
3212,500.0,187.0,,false
3213,500.0,426.0,,false
3214,3300.0,24.0,,false
3215,3300.0,25.0,,false
3216,3300.0,25.0,,false
3217,60.0,215.0,,false
3218,60.0,155.0,,false
3219,60.0,162.0,,false
3220,60.0,164.0,,false
3221,800.0,6.0,,false
3222,60.0,99.0,,false
3223,60.0,119.0,,false
3224,60.0,104.0,,false
3225,60.0,106.0,,false
3226,60.0,101.0,,false
3227,60.0,88.0,,false
3228,60.0,96.0,,false
3229,100.0,233.0,,false
3230,100.0,248.0,,false
3231,900.0,9.0,,false
3232,1150.0,15.0,,false
3233,1000.0,8.0,,false
3234,1350.0,47.0,,true
3235,500.0,57.0,,true
3236,5000.0,20.0,,true
3237,2200.0,136.0,,true
3238,3500.0,218.0,,true
3239,5000.0,600.0,,true
3240,500.0,149.0,,true
3241,125.0,514.0,,true
3242,40.0,396.0,,true
3243,350.0,158.0,,true
3244,500.0,193.0,,false
3245,500.0,402.0,,false
3246,3300.0,29.0,,false
3247,3300.0,23.0,,false
3248,3300.0,28.0,,false
3249,60.0,219.0,,false
3250,60.0,179.0,,false
3251,60.0,196.0,,false
3252,800.0,5.0,,false
3253,60.0,109.0,,false
3254,60.0,104.0,,false
3255,60.0,81.0,,false
3256,60.0,103.0,,false
3257,60.0,110.0,,false
3258,60.0,119.0,,false
3259,60.0,108.0,,false
3260,60.0,119.0,,false
3261,100.0,205.0,,false
3262,100.0,243.0,,false
3263,900.0,10.0,,false
3264,1150.0,15.0,,false
3265,1000.0,7.0,,false
