Reference,height,width,stripwidth,preemptable
1,1350.0,47.0,720,true
2,500.0,59.0,,true
3,5000.0,16.0,,true
4,2200.0,138.0,,true
5,3500.0,303.0,,true
6,5000.0,600.0,,true
7,500.0,151.0,,true
8,125.0,482.0,,true
9,40.0,452.0,,true
10,350.0,141.0,,true
11,500.0,196.0,,false
12,500.0,361.0,,false
13,3300.0,24.0,,false
14,3300.0,26.0,,false
15,3300.0,27.0,,false
16,60.0,249.0,,false
17,60.0,235.0,,false
18,60.0,219.0,,false
19,800.0,4.0,,false
20,60.0,120.0,,false
21,60.0,110.0,,false
22,60.0,84.0,,false
23,60.0,95.0,,false
24,60.0,114.0,,false
25,60.0,116.0,,false
26,60.0,114.0,,false
27,100.0,188.0,,false
28,100.0,248.0,,false
29,900.0,10.0,,false
30,1150.0,13.0,,false
31,1000.0,5.0,,false
32,1350.0,48.0,,true
33,500.0,58.0,,true
34,5000.0,19.0,,true
35,2200.0,139.0,,true
36,3500.0,367.0,,true
37,5000.0,600.0,,true
38,500.0,156.0,,true
39,125.0,519.0,,true
40,40.0,419.0,,true
41,350.0,178.0,,true
42,500.0,174.0,,false
43,500.0,564.0,,false
44,3300.0,25.0,,false
45,3300.0,28.0,,false
46,3300.0,29.0,,false
47,60.0,177.0,,false
48,60.0,183.0,,false
49,60.0,216.0,,false
50,800.0,4.0,,false
51,60.0,119.0,,false
52,60.0,101.0,,false
53,60.0,112.0,,false
54,60.0,100.0,,false
55,60.0,109.0,,false
56,60.0,88.0,,false
57,60.0,89.0,,false
58,60.0,115.0,,false
59,60.0,86.0,,false
60,100.0,185.0,,false
61,100.0,202.0,,false
62,900.0,10.0,,false
63,1150.0,16.0,,false
64,1000.0,8.0,,false
65,1350.0,50.0,,true
66,500.0,56.0,,true
67,5000.0,20.0,,true
68,2200.0,136.0,,true
69,3500.0,277.0,,true
70,5000.0,600.0,,true
71,500.0,158.0,,true
72,125.0,546.0,,true
73,40.0,389.0,,true
74,350.0,142.0,,true
75,500.0,183.0,,false
76,500.0,316.0,,false
77,3300.0,25.0,,false
78,3300.0,27.0,,false
79,3300.0,28.0,,false
80,60.0,163.0,,false
81,60.0,249.0,,false
82,60.0,205.0,,false
83,800.0,5.0,,false
84,60.0,86.0,,false
85,60.0,99.0,,false
86,60.0,103.0,,false
87,60.0,93.0,,false
88,60.0,82.0,,false
89,60.0,98.0,,false
90,60.0,98.0,,false
91,100.0,229.0,,false
92,100.0,250.0,,false
93,900.0,8.0,,false
94,1150.0,14.0,,false
95,1000.0,8.0,,false
96,1350.0,48.0,,true
97,500.0,57.0,,true
98,5000.0,18.0,,true
99,2200.0,135.0,,true
100,3500.0,211.0,,true
101,5000.0,600.0,,true
102,500.0,152.0,,true
103,125.0,490.0,,true
104,40.0,453.0,,true
105,350.0,164.0,,true
106,500.0,174.0,,false
107,500.0,301.0,,false
108,3300.0,25.0,,false
109,3300.0,22.0,,false
110,3300.0,28.0,,false
111,60.0,240.0,,false
112,60.0,175.0,,false
113,60.0,187.0,,false
114,60.0,206.0,,false
115,800.0,5.0,,false
116,60.0,105.0,,false
117,60.0,115.0,,false
118,60.0,111.0,,false
119,60.0,104.0,,false
120,60.0,101.0,,false
121,60.0,98.0,,false
122,60.0,94.0,,false
123,60.0,113.0,,false
124,100.0,236.0,,false
125,100.0,188.0,,false
126,900.0,8.0,,false
127,1150.0,14.0,,false
128,1000.0,7.0,,false
129,1350.0,49.0,,true
130,500.0,56.0,,true
131,5000.0,20.0,,true
132,2200.0,131.0,,true
133,3500.0,362.0,,true
134,5000.0,600.0,,true
135,500.0,142.0,,true
136,125.0,520.0,,true
137,40.0,445.0,,true
138,350.0,148.0,,true
139,500.0,174.0,,false
140,500.0,562.0,,false
141,3300.0,21.0,,false
142,3300.0,27.0,,false
143,3300.0,26.0,,false
144,60.0,194.0,,false
145,60.0,151.0,,false
146,60.0,227.0,,false
147,800.0,5.0,,false
148,60.0,85.0,,false
149,60.0,98.0,,false
150,60.0,115.0,,false
151,60.0,117.0,,false
152,60.0,103.0,,false
153,60.0,114.0,,false
154,100.0,228.0,,false
155,100.0,205.0,,false
156,900.0,9.0,,false
157,1150.0,17.0,,false
158,1000.0,5.0,,false
159,1350.0,47.0,,true
160,500.0,59.0,,true
161,5000.0,18.0,,true
162,2200.0,139.0,,true
163,3500.0,309.0,,true
164,5000.0,600.0,,true
165,500.0,148.0,,true
166,125.0,488.0,,true
167,40.0,377.0,,true
168,350.0,148.0,,true
169,500.0,181.0,,false
170,500.0,504.0,,false
171,3300.0,30.0,,false
172,3300.0,21.0,,false
173,3300.0,30.0,,false
174,60.0,174.0,,false
175,60.0,178.0,,false
176,60.0,248.0,,false
177,800.0,6.0,,false
178,60.0,102.0,,false
179,60.0,110.0,,false
180,60.0,113.0,,false
181,60.0,86.0,,false
182,60.0,120.0,,false
183,60.0,84.0,,false
184,100.0,240.0,,false
185,100.0,244.0,,false
186,900.0,7.0,,false
187,1150.0,18.0,,false
188,1000.0,5.0,,false
189,1350.0,50.0,,true
190,500.0,60.0,,true
191,5000.0,16.0,,true
192,2200.0,135.0,,true
193,3500.0,203.0,,true
194,5000.0,600.0,,true
195,500.0,153.0,,true
196,125.0,505.0,,true
197,40.0,419.0,,true
198,350.0,156.0,,true
199,500.0,182.0,,false
200,500.0,471.0,,false
201,3300.0,30.0,,false
202,3300.0,21.0,,false
203,3300.0,28.0,,false
204,60.0,170.0,,false
205,60.0,170.0,,false
206,60.0,188.0,,false
207,800.0,6.0,,false
208,60.0,94.0,,false
209,60.0,107.0,,false
210,60.0,98.0,,false
211,60.0,85.0,,false
212,60.0,87.0,,false
213,60.0,116.0,,false
214,60.0,96.0,,false
215,60.0,99.0,,false
216,60.0,95.0,,false
217,60.0,87.0,,false
218,100.0,207.0,,false
219,100.0,199.0,,false
220,900.0,10.0,,false
221,1150.0,13.0,,false
222,1000.0,8.0,,false
223,1350.0,49.0,,true
224,500.0,58.0,,true
225,5000.0,18.0,,true
226,2200.0,132.0,,true
227,3500.0,253.0,,true
228,5000.0,600.0,,true
229,500.0,151.0,,true
230,125.0,460.0,,true
231,40.0,380.0,,true
232,350.0,171.0,,true
233,500.0,186.0,,false
234,500.0,401.0,,false
235,3300.0,22.0,,false
236,3300.0,28.0,,false
237,3300.0,22.0,,false
238,60.0,224.0,,false
239,60.0,228.0,,false
240,60.0,165.0,,false
241,800.0,4.0,,false
242,60.0,109.0,,false
243,60.0,97.0,,false
244,60.0,90.0,,false
245,60.0,117.0,,false
246,60.0,120.0,,false
247,60.0,93.0,,false
248,60.0,82.0,,false
249,60.0,103.0,,false
250,60.0,108.0,,false
251,100.0,246.0,,false
252,100.0,219.0,,false
253,900.0,8.0,,false
254,1150.0,15.0,,false
255,1000.0,7.0,,false
256,1350.0,48.0,,true
257,500.0,59.0,,true
258,5000.0,20.0,,true
259,2200.0,134.0,,true
260,3500.0,347.0,,true
261,5000.0,600.0,,true
262,500.0,156.0,,true
263,125.0,500.0,,true
264,40.0,355.0,,true
265,350.0,154.0,,true
266,500.0,174.0,,false
267,500.0,441.0,,false
268,3300.0,29.0,,false
269,3300.0,26.0,,false
270,3300.0,25.0,,false
271,60.0,191.0,,false
272,60.0,187.0,,false
273,60.0,206.0,,false
274,800.0,6.0,,false
275,60.0,101.0,,false
276,60.0,115.0,,false
277,60.0,102.0,,false
278,60.0,100.0,,false
279,60.0,83.0,,false
280,60.0,84.0,,false
281,60.0,93.0,,false
282,60.0,91.0,,false
283,60.0,97.0,,false
284,60.0,113.0,,false
285,100.0,224.0,,false
286,100.0,182.0,,false
287,900.0,10.0,,false
288,1150.0,16.0,,false
289,1000.0,6.0,,false
290,1350.0,48.0,,true
291,500.0,56.0,,true
292,5000.0,19.0,,true
293,2200.0,138.0,,true
294,3500.0,365.0,,true
295,5000.0,600.0,,true
296,500.0,145.0,,true
297,125.0,537.0,,true
298,40.0,455.0,,true
299,350.0,150.0,,true
300,500.0,197.0,,false
301,500.0,308.0,,false
302,3300.0,27.0,,false
303,3300.0,29.0,,false
304,3300.0,23.0,,false
305,60.0,209.0,,false
306,60.0,225.0,,false
307,60.0,161.0,,false
308,60.0,244.0,,false
309,800.0,4.0,,false
310,60.0,101.0,,false
311,60.0,91.0,,false
312,60.0,119.0,,false
313,60.0,104.0,,false
314,60.0,97.0,,false
315,60.0,110.0,,false
316,60.0,116.0,,false
317,60.0,119.0,,false
318,60.0,95.0,,false
319,100.0,209.0,,false
320,100.0,232.0,,false
321,900.0,10.0,,false
322,1150.0,15.0,,false
323,1000.0,7.0,,false
324,1350.0,49.0,,true
325,500.0,58.0,,true
326,5000.0,19.0,,true
327,2200.0,131.0,,true
328,3500.0,213.0,,true
329,5000.0,600.0,,true
330,500.0,153.0,,true
331,125.0,550.0,,true
332,40.0,444.0,,true
333,350.0,164.0,,true
334,500.0,193.0,,false
335,500.0,302.0,,false
336,3300.0,23.0,,false
337,3300.0,26.0,,false
338,3300.0,23.0,,false
339,60.0,164.0,,false
340,60.0,157.0,,false
341,60.0,176.0,,false
342,800.0,4.0,,false
343,60.0,95.0,,false
344,60.0,100.0,,false
345,60.0,100.0,,false
346,60.0,115.0,,false
347,60.0,110.0,,false
348,60.0,113.0,,false
349,60.0,119.0,,false
350,60.0,92.0,,false
351,60.0,111.0,,false
352,60.0,93.0,,false
353,100.0,203.0,,false
354,100.0,198.0,,false
355,900.0,8.0,,false
356,1150.0,15.0,,false
357,1000.0,7.0,,false
358,1350.0,50.0,,true
359,500.0,56.0,,true
360,5000.0,18.0,,true
361,2200.0,133.0,,true
362,3500.0,288.0,,true
363,5000.0,600.0,,true
364,500.0,147.0,,true
365,125.0,481.0,,true
366,40.0,450.0,,true
367,350.0,180.0,,true
368,500.0,175.0,,false
369,500.0,525.0,,false
370,3300.0,29.0,,false
371,3300.0,25.0,,false
372,3300.0,23.0,,false
373,60.0,184.0,,false
374,60.0,208.0,,false
375,60.0,247.0,,false
376,800.0,4.0,,false
377,60.0,117.0,,false
378,60.0,119.0,,false
379,60.0,103.0,,false
380,60.0,113.0,,false
381,60.0,107.0,,false
382,60.0,89.0,,false
383,60.0,85.0,,false
384,100.0,228.0,,false
385,100.0,212.0,,false
386,900.0,8.0,,false
387,1150.0,13.0,,false
388,1000.0,5.0,,false
389,1350.0,48.0,,true
390,500.0,59.0,,true
391,5000.0,17.0,,true
392,2200.0,139.0,,true
393,3500.0,333.0,,true
394,5000.0,600.0,,true
395,500.0,154.0,,true
396,125.0,497.0,,true
397,40.0,371.0,,true
398,350.0,172.0,,true
399,500.0,179.0,,false
400,500.0,410.0,,false
401,3300.0,22.0,,false
402,3300.0,29.0,,false
403,3300.0,29.0,,false
404,60.0,189.0,,false
405,60.0,232.0,,false
406,60.0,211.0,,false
407,60.0,247.0,,false
408,800.0,6.0,,false
409,60.0,119.0,,false
410,60.0,119.0,,false
411,60.0,96.0,,false
412,60.0,83.0,,false
413,60.0,116.0,,false
414,60.0,108.0,,false
415,60.0,83.0,,false
416,60.0,103.0,,false
417,60.0,98.0,,false
418,60.0,106.0,,false
419,100.0,238.0,,false
420,100.0,193.0,,false
421,900.0,7.0,,false
422,1150.0,16.0,,false
423,1000.0,6.0,,false
424,1350.0,48.0,,true
425,500.0,56.0,,true
426,5000.0,17.0,,true
427,2200.0,139.0,,true
428,3500.0,247.0,,true
429,5000.0,600.0,,true
430,500.0,152.0,,true
431,125.0,451.0,,true
432,40.0,426.0,,true
433,350.0,152.0,,true
434,500.0,198.0,,false
435,500.0,591.0,,false
436,3300.0,29.0,,false
437,3300.0,23.0,,false
438,3300.0,25.0,,false
439,60.0,248.0,,false
440,60.0,165.0,,false
441,60.0,170.0,,false
442,800.0,5.0,,false
443,60.0,96.0,,false
444,60.0,116.0,,false
445,60.0,110.0,,false
446,60.0,89.0,,false
447,60.0,100.0,,false
448,60.0,116.0,,false
449,60.0,97.0,,false
450,100.0,184.0,,false
451,100.0,182.0,,false
452,900.0,8.0,,false
453,1150.0,16.0,,false
454,1000.0,5.0,,false
455,1350.0,47.0,,true
456,500.0,56.0,,true
457,5000.0,17.0,,true
458,2200.0,139.0,,true
459,3500.0,318.0,,true
460,5000.0,600.0,,true
461,500.0,143.0,,true
462,125.0,458.0,,true
463,40.0,431.0,,true
464,350.0,176.0,,true
465,500.0,182.0,,false
466,500.0,520.0,,false
467,3300.0,21.0,,false
468,3300.0,26.0,,false
469,3300.0,25.0,,false
470,60.0,242.0,,false
471,60.0,201.0,,false
472,60.0,244.0,,false
473,800.0,4.0,,false
474,60.0,99.0,,false
475,60.0,105.0,,false
476,60.0,90.0,,false
477,60.0,120.0,,false
478,60.0,94.0,,false
479,60.0,114.0,,false
480,100.0,182.0,,false
481,100.0,191.0,,false
482,900.0,8.0,,false
483,1150.0,14.0,,false
484,1000.0,6.0,,false
485,1350.0,48.0,,true
486,500.0,56.0,,true
487,5000.0,17.0,,true
488,2200.0,132.0,,true
489,3500.0,386.0,,true
490,5000.0,600.0,,true
491,500.0,141.0,,true
492,125.0,506.0,,true
493,40.0,398.0,,true
494,350.0,163.0,,true
495,500.0,189.0,,false
496,500.0,447.0,,false
497,3300.0,26.0,,false
498,3300.0,25.0,,false
499,3300.0,28.0,,false
500,60.0,159.0,,false
501,60.0,166.0,,false
502,60.0,153.0,,false
503,60.0,236.0,,false
504,800.0,6.0,,false
505,60.0,97.0,,false
506,60.0,111.0,,false
507,60.0,98.0,,false
508,60.0,107.0,,false
509,60.0,100.0,,false
510,60.0,100.0,,false
511,60.0,120.0,,false
512,100.0,188.0,,false
513,100.0,210.0,,false
514,900.0,10.0,,false
515,1150.0,18.0,,false
516,1000.0,6.0,,false
517,1350.0,48.0,,true
518,500.0,59.0,,true
519,5000.0,16.0,,true
520,2200.0,134.0,,true
521,3500.0,311.0,,true
522,5000.0,600.0,,true
523,500.0,151.0,,true
524,125.0,506.0,,true
525,40.0,379.0,,true
526,350.0,141.0,,true
527,500.0,186.0,,false
528,500.0,470.0,,false
529,3300.0,22.0,,false
530,3300.0,29.0,,false
531,3300.0,26.0,,false
532,60.0,160.0,,false
533,60.0,219.0,,false
534,60.0,201.0,,false
535,60.0,175.0,,false
536,800.0,6.0,,false
537,60.0,88.0,,false
538,60.0,118.0,,false
539,60.0,97.0,,false
540,60.0,86.0,,false
541,60.0,107.0,,false
542,60.0,110.0,,false
543,60.0,100.0,,false
544,60.0,109.0,,false
545,60.0,95.0,,false
546,60.0,94.0,,false
547,100.0,199.0,,false
548,100.0,188.0,,false
549,900.0,9.0,,false
550,1150.0,17.0,,false
551,1000.0,7.0,,false
552,1350.0,46.0,,true
553,500.0,56.0,,true
554,5000.0,20.0,,true
555,2200.0,133.0,,true
556,3500.0,223.0,,true
557,5000.0,600.0,,true
558,500.0,147.0,,true
559,125.0,523.0,,true
560,40.0,391.0,,true
561,350.0,161.0,,true
562,500.0,182.0,,false
563,500.0,367.0,,false
564,3300.0,30.0,,false
565,3300.0,22.0,,false
566,3300.0,30.0,,false
567,60.0,214.0,,false
568,60.0,218.0,,false
569,60.0,193.0,,false
570,800.0,6.0,,false
571,60.0,116.0,,false
572,60.0,95.0,,false
573,60.0,85.0,,false
574,60.0,96.0,,false
575,60.0,107.0,,false
576,60.0,85.0,,false
577,60.0,108.0,,false
578,60.0,107.0,,false
579,60.0,93.0,,false
580,100.0,186.0,,false
581,100.0,217.0,,false
582,900.0,10.0,,false
583,1150.0,14.0,,false
584,1000.0,8.0,,false
585,1350.0,50.0,,true
586,500.0,60.0,,true
587,5000.0,20.0,,true
588,2200.0,134.0,,true
589,3500.0,295.0,,true
590,5000.0,600.0,,true
591,500.0,147.0,,true
592,125.0,522.0,,true
593,40.0,435.0,,true
594,350.0,141.0,,true
595,500.0,196.0,,false
596,500.0,346.0,,false
597,3300.0,24.0,,false
598,3300.0,25.0,,false
599,3300.0,23.0,,false
600,60.0,176.0,,false
601,60.0,169.0,,false
602,60.0,167.0,,false
603,800.0,6.0,,false
604,60.0,86.0,,false
605,60.0,95.0,,false
606,60.0,103.0,,false
607,60.0,111.0,,false
608,60.0,85.0,,false
609,60.0,84.0,,false
610,60.0,101.0,,false
611,60.0,86.0,,false
612,60.0,103.0,,false
613,100.0,182.0,,false
614,100.0,234.0,,false
615,900.0,8.0,,false
616,1150.0,14.0,,false
617,1000.0,7.0,,false
618,1350.0,47.0,,true
619,500.0,60.0,,true
620,5000.0,18.0,,true
621,2200.0,137.0,,true
622,3500.0,274.0,,true
623,5000.0,600.0,,true
624,500.0,157.0,,true
625,125.0,472.0,,true
626,40.0,353.0,,true
627,350.0,150.0,,true
628,500.0,192.0,,false
629,500.0,537.0,,false
630,3300.0,26.0,,false
631,3300.0,23.0,,false
632,3300.0,22.0,,false
633,60.0,250.0,,false
634,60.0,187.0,,false
635,60.0,153.0,,false
636,800.0,4.0,,false
637,60.0,100.0,,false
638,60.0,97.0,,false
639,60.0,104.0,,false
640,60.0,86.0,,false
641,60.0,106.0,,false
642,60.0,91.0,,false
643,60.0,96.0,,false
644,60.0,97.0,,false
645,100.0,197.0,,false
646,100.0,245.0,,false
647,900.0,10.0,,false
648,1150.0,18.0,,false
649,1000.0,7.0,,false
650,1350.0,49.0,,true
651,500.0,59.0,,true
652,5000.0,20.0,,true
653,2200.0,136.0,,true
654,3500.0,303.0,,true
655,5000.0,600.0,,true
656,500.0,153.0,,true
657,125.0,482.0,,true
658,40.0,398.0,,true
659,350.0,157.0,,true
660,500.0,187.0,,false
661,500.0,533.0,,false
662,3300.0,30.0,,false
663,3300.0,29.0,,false
664,3300.0,23.0,,false
665,60.0,199.0,,false
666,60.0,159.0,,false
667,60.0,225.0,,false
668,800.0,5.0,,false
669,60.0,100.0,,false
670,60.0,117.0,,false
671,60.0,101.0,,false
672,60.0,83.0,,false
673,60.0,90.0,,false
674,60.0,99.0,,false
675,60.0,117.0,,false
676,100.0,216.0,,false
677,100.0,204.0,,false
678,900.0,8.0,,false
679,1150.0,13.0,,false
680,1000.0,6.0,,false
681,1350.0,47.0,,true
682,500.0,59.0,,true
683,5000.0,17.0,,true
684,2200.0,134.0,,true
685,3500.0,279.0,,true
686,5000.0,600.0,,true
687,500.0,150.0,,true
688,125.0,528.0,,true
689,40.0,458.0,,true
690,350.0,154.0,,true
691,500.0,186.0,,false
692,500.0,593.0,,false
693,3300.0,22.0,,false
694,3300.0,29.0,,false
695,3300.0,22.0,,false
696,60.0,167.0,,false
697,60.0,227.0,,false
698,60.0,237.0,,false
699,800.0,4.0,,false
700,60.0,118.0,,false
701,60.0,96.0,,false
702,60.0,120.0,,false
703,60.0,106.0,,false
704,60.0,85.0,,false
705,60.0,85.0,,false
706,60.0,97.0,,false
707,60.0,105.0,,false
708,60.0,103.0,,false
709,60.0,102.0,,false
710,100.0,217.0,,false
711,100.0,242.0,,false
712,900.0,9.0,,false
713,1150.0,14.0,,false
714,1000.0,7.0,,false
715,1350.0,48.0,,true
716,500.0,58.0,,true
717,5000.0,17.0,,true
718,2200.0,134.0,,true
719,3500.0,223.0,,true
720,5000.0,600.0,,true
721,500.0,156.0,,true
722,125.0,528.0,,true
723,40.0,430.0,,true
724,350.0,171.0,,true
725,500.0,184.0,,false
726,500.0,344.0,,false
727,3300.0,25.0,,false
728,3300.0,29.0,,false
729,3300.0,26.0,,false
730,60.0,159.0,,false
731,60.0,211.0,,false
732,60.0,244.0,,false
733,60.0,217.0,,false
734,800.0,6.0,,false
735,60.0,83.0,,false
736,60.0,95.0,,false
737,60.0,114.0,,false
738,60.0,101.0,,false
739,60.0,115.0,,false
740,60.0,95.0,,false
741,60.0,85.0,,false
742,60.0,95.0,,false
743,60.0,90.0,,false
744,60.0,112.0,,false
745,100.0,199.0,,false
746,100.0,203.0,,false
747,900.0,7.0,,false
748,1150.0,13.0,,false
749,1000.0,8.0,,false
750,1350.0,49.0,,true
751,500.0,58.0,,true
752,5000.0,18.0,,true
753,2200.0,138.0,,true
754,3500.0,298.0,,true
755,5000.0,600.0,,true
756,500.0,142.0,,true
757,125.0,539.0,,true
758,40.0,447.0,,true
759,350.0,148.0,,true
760,500.0,171.0,,false
761,500.0,310.0,,false
762,3300.0,24.0,,false
763,3300.0,23.0,,false
764,3300.0,26.0,,false
765,60.0,175.0,,false
766,60.0,237.0,,false
767,60.0,193.0,,false
768,800.0,6.0,,false
769,60.0,117.0,,false
770,60.0,115.0,,false
771,60.0,99.0,,false
772,60.0,96.0,,false
773,60.0,106.0,,false
774,60.0,96.0,,false
775,60.0,87.0,,false
776,60.0,91.0,,false
777,60.0,92.0,,false
778,100.0,222.0,,false
779,100.0,234.0,,false
780,900.0,9.0,,false
781,1150.0,13.0,,false
782,1000.0,7.0,,false
783,1350.0,48.0,,true
784,500.0,56.0,,true
785,5000.0,17.0,,true
786,2200.0,140.0,,true
787,3500.0,383.0,,true
788,5000.0,600.0,,true
789,500.0,154.0,,true
790,125.0,462.0,,true
791,40.0,421.0,,true
792,350.0,150.0,,true
793,500.0,187.0,,false
794,500.0,433.0,,false
795,3300.0,26.0,,false
796,3300.0,23.0,,false
797,3300.0,30.0,,false
798,60.0,235.0,,false
799,60.0,249.0,,false
800,60.0,219.0,,false
801,60.0,250.0,,false
802,800.0,6.0,,false
803,60.0,119.0,,false
804,60.0,105.0,,false
805,60.0,91.0,,false
806,60.0,87.0,,false
807,60.0,87.0,,false
808,60.0,109.0,,false
809,60.0,92.0,,false
810,60.0,100.0,,false
811,60.0,115.0,,false
812,100.0,231.0,,false
813,100.0,237.0,,false
814,900.0,10.0,,false
815,1150.0,17.0,,false
816,1000.0,8.0,,false
817,1350.0,50.0,,true
818,500.0,56.0,,true
819,5000.0,18.0,,true
820,2200.0,139.0,,true
821,3500.0,328.0,,true
822,5000.0,600.0,,true
823,500.0,148.0,,true
824,125.0,471.0,,true
825,40.0,389.0,,true
826,350.0,158.0,,true
827,500.0,174.0,,false
828,500.0,446.0,,false
829,3300.0,27.0,,false
830,3300.0,30.0,,false
831,3300.0,22.0,,false
832,60.0,207.0,,false
833,60.0,153.0,,false
834,60.0,179.0,,false
835,800.0,4.0,,false
836,60.0,98.0,,false
837,60.0,105.0,,false
838,60.0,92.0,,false
839,60.0,88.0,,false
840,60.0,114.0,,false
841,60.0,83.0,,false
842,60.0,104.0,,false
843,60.0,107.0,,false
844,100.0,195.0,,false
845,100.0,240.0,,false
846,900.0,10.0,,false
847,1150.0,16.0,,false
848,1000.0,7.0,,false
849,1350.0,47.0,,true
850,500.0,58.0,,true
851,5000.0,20.0,,true
852,2200.0,137.0,,true
853,3500.0,206.0,,true
854,5000.0,600.0,,true
855,500.0,157.0,,true
856,125.0,496.0,,true
857,40.0,404.0,,true
858,350.0,180.0,,true
859,500.0,177.0,,false
860,500.0,444.0,,false
861,3300.0,22.0,,false
862,3300.0,25.0,,false
863,3300.0,21.0,,false
864,60.0,187.0,,false
865,60.0,222.0,,false
866,60.0,199.0,,false
867,60.0,232.0,,false
868,800.0,5.0,,false
869,60.0,116.0,,false
870,60.0,117.0,,false
871,60.0,115.0,,false
872,60.0,92.0,,false
873,60.0,95.0,,false
874,60.0,98.0,,false
875,60.0,108.0,,false
876,60.0,116.0,,false
877,100.0,216.0,,false
878,100.0,237.0,,false
879,900.0,7.0,,false
880,1150.0,18.0,,false
881,1000.0,6.0,,false
882,1350.0,50.0,,true
883,500.0,60.0,,true
884,5000.0,16.0,,true
885,2200.0,138.0,,true
886,3500.0,350.0,,true
887,5000.0,600.0,,true
888,500.0,150.0,,true
889,125.0,533.0,,true
890,40.0,427.0,,true
891,350.0,154.0,,true
892,500.0,197.0,,false
893,500.0,512.0,,false
894,3300.0,25.0,,false
895,3300.0,25.0,,false
896,3300.0,29.0,,false
897,60.0,203.0,,false
898,60.0,195.0,,false
899,60.0,180.0,,false
900,800.0,4.0,,false
901,60.0,89.0,,false
902,60.0,112.0,,false
903,60.0,116.0,,false
904,60.0,104.0,,false
905,60.0,109.0,,false
906,60.0,100.0,,false
907,60.0,96.0,,false
908,60.0,118.0,,false
909,60.0,100.0,,false
910,60.0,92.0,,false
911,100.0,195.0,,false
912,100.0,198.0,,false
913,900.0,7.0,,false
914,1150.0,17.0,,false
915,1000.0,6.0,,false
916,1350.0,47.0,,true
917,500.0,56.0,,true
918,5000.0,17.0,,true
919,2200.0,136.0,,true
920,3500.0,327.0,,true
921,5000.0,600.0,,true
922,500.0,143.0,,true
923,125.0,464.0,,true
924,40.0,378.0,,true
925,350.0,142.0,,true
926,500.0,181.0,,false
927,500.0,310.0,,false
928,3300.0,21.0,,false
929,3300.0,21.0,,false
930,3300.0,21.0,,false
931,60.0,183.0,,false
932,60.0,184.0,,false
933,60.0,207.0,,false
934,800.0,4.0,,false
935,60.0,82.0,,false
936,60.0,113.0,,false
937,60.0,111.0,,false
938,60.0,118.0,,false
939,60.0,82.0,,false
940,60.0,97.0,,false
941,100.0,211.0,,false
942,100.0,191.0,,false
943,900.0,9.0,,false
944,1150.0,16.0,,false
945,1000.0,8.0,,false
946,1350.0,46.0,,true
947,500.0,60.0,,true
948,5000.0,18.0,,true
949,2200.0,140.0,,true
950,3500.0,324.0,,true
951,5000.0,600.0,,true
952,500.0,148.0,,true
953,125.0,514.0,,true
954,40.0,371.0,,true
955,350.0,149.0,,true
956,500.0,199.0,,false
957,500.0,390.0,,false
958,3300.0,26.0,,false
959,3300.0,27.0,,false
960,3300.0,28.0,,false
961,60.0,245.0,,false
962,60.0,204.0,,false
963,60.0,235.0,,false
964,60.0,216.0,,false
965,800.0,5.0,,false
966,60.0,113.0,,false
967,60.0,87.0,,false
968,60.0,111.0,,false
969,60.0,100.0,,false
970,60.0,110.0,,false
971,60.0,90.0,,false
972,60.0,118.0,,false
973,60.0,106.0,,false
974,60.0,81.0,,false
975,100.0,216.0,,false
976,100.0,189.0,,false
977,900.0,8.0,,false
978,1150.0,15.0,,false
979,1000.0,6.0,,false
980,1350.0,46.0,,true
981,500.0,57.0,,true
982,5000.0,17.0,,true
983,2200.0,133.0,,true
984,3500.0,271.0,,true
985,5000.0,600.0,,true
986,500.0,150.0,,true
987,125.0,475.0,,true
988,40.0,448.0,,true
989,350.0,171.0,,true
990,500.0,178.0,,false
991,500.0,480.0,,false
992,3300.0,22.0,,false
993,3300.0,23.0,,false
994,3300.0,26.0,,false
995,60.0,159.0,,false
996,60.0,220.0,,false
997,60.0,176.0,,false
998,800.0,6.0,,false
999,60.0,91.0,,false
1000,60.0,85.0,,false
1001,60.0,86.0,,false
1002,60.0,117.0,,false
1003,60.0,93.0,,false
1004,60.0,102.0,,false
1005,60.0,87.0,,false
1006,60.0,117.0,,false
1007,60.0,90.0,,false
1008,60.0,93.0,,false
1009,100.0,192.0,,false
1010,100.0,243.0,,false
1011,900.0,9.0,,false
1012,1150.0,15.0,,false
1013,1000.0,8.0,,false
1014,1350.0,49.0,,true
1015,500.0,56.0,,true
1016,5000.0,17.0,,true
1017,2200.0,138.0,,true
1018,3500.0,202.0,,true
1019,5000.0,600.0,,true
1020,500.0,150.0,,true
1021,125.0,546.0,,true
1022,40.0,381.0,,true
1023,350.0,152.0,,true
1024,500.0,179.0,,false
1025,500.0,329.0,,false
1026,3300.0,25.0,,false
1027,3300.0,26.0,,false
1028,3300.0,25.0,,false
1029,60.0,174.0,,false
1030,60.0,244.0,,false
1031,60.0,203.0,,false
1032,60.0,221.0,,false
1033,800.0,5.0,,false
1034,60.0,93.0,,false
1035,60.0,111.0,,false
1036,60.0,117.0,,false
1037,60.0,100.0,,false
1038,60.0,87.0,,false
1039,60.0,91.0,,false
1040,60.0,88.0,,false
1041,100.0,224.0,,false
1042,100.0,223.0,,false
1043,900.0,10.0,,false
1044,1150.0,16.0,,false
1045,1000.0,5.0,,false
1046,1350.0,50.0,,true
1047,500.0,59.0,,true
1048,5000.0,17.0,,true
1049,2200.0,131.0,,true
1050,3500.0,223.0,,true
1051,5000.0,600.0,,true
1052,500.0,148.0,,true
1053,125.0,489.0,,true
1054,40.0,410.0,,true
1055,350.0,174.0,,true
1056,500.0,191.0,,false
1057,500.0,442.0,,false
1058,3300.0,25.0,,false
1059,3300.0,21.0,,false
1060,3300.0,30.0,,false
1061,60.0,192.0,,false
1062,60.0,228.0,,false
1063,60.0,212.0,,false
1064,800.0,4.0,,false
1065,60.0,108.0,,false
1066,60.0,105.0,,false
1067,60.0,93.0,,false
1068,60.0,109.0,,false
1069,60.0,92.0,,false
1070,60.0,104.0,,false
1071,100.0,246.0,,false
1072,100.0,223.0,,false
1073,900.0,10.0,,false
1074,1150.0,18.0,,false
1075,1000.0,7.0,,false
1076,1350.0,47.0,,true
1077,500.0,60.0,,true
1078,5000.0,20.0,,true
1079,2200.0,134.0,,true
1080,3500.0,359.0,,true
1081,5000.0,600.0,,true
1082,500.0,147.0,,true
1083,125.0,539.0,,true
1084,40.0,380.0,,true
1085,350.0,168.0,,true
1086,500.0,185.0,,false
1087,500.0,304.0,,false
1088,3300.0,24.0,,false
1089,3300.0,26.0,,false
1090,3300.0,24.0,,false
1091,60.0,222.0,,false
1092,60.0,188.0,,false
1093,60.0,218.0,,false
1094,800.0,6.0,,false
1095,60.0,116.0,,false
1096,60.0,82.0,,false
1097,60.0,96.0,,false
1098,60.0,110.0,,false
1099,60.0,89.0,,false
1100,60.0,99.0,,false
1101,60.0,83.0,,false
1102,60.0,111.0,,false
1103,100.0,219.0,,false
1104,100.0,187.0,,false
1105,900.0,8.0,,false
1106,1150.0,13.0,,false
1107,1000.0,8.0,,false
1108,1350.0,48.0,,true
1109,500.0,56.0,,true
1110,5000.0,20.0,,true
1111,2200.0,133.0,,true
1112,3500.0,336.0,,true
1113,5000.0,600.0,,true
1114,500.0,141.0,,true
1115,125.0,527.0,,true
1116,40.0,448.0,,true
1117,350.0,155.0,,true
1118,500.0,200.0,,false
1119,500.0,582.0,,false
1120,3300.0,28.0,,false
1121,3300.0,25.0,,false
1122,3300.0,29.0,,false
1123,60.0,162.0,,false
1124,60.0,228.0,,false
1125,60.0,244.0,,false
1126,60.0,158.0,,false
1127,800.0,4.0,,false
1128,60.0,93.0,,false
1129,60.0,118.0,,false
1130,60.0,114.0,,false
1131,60.0,97.0,,false
1132,60.0,107.0,,false
1133,60.0,99.0,,false
1134,60.0,87.0,,false
1135,60.0,88.0,,false
1136,100.0,192.0,,false
1137,100.0,227.0,,false
1138,900.0,9.0,,false
1139,1150.0,14.0,,false
1140,1000.0,7.0,,false
1141,1350.0,47.0,,true
1142,500.0,57.0,,true
1143,5000.0,19.0,,true
1144,2200.0,132.0,,true
1145,3500.0,240.0,,true
1146,5000.0,600.0,,true
1147,500.0,157.0,,true
1148,125.0,501.0,,true
1149,40.0,389.0,,true
1150,350.0,179.0,,true
1151,500.0,196.0,,false
1152,500.0,547.0,,false
1153,3300.0,23.0,,false
1154,3300.0,21.0,,false
1155,3300.0,22.0,,false
1156,60.0,234.0,,false
1157,60.0,189.0,,false
1158,60.0,168.0,,false
1159,60.0,221.0,,false
1160,800.0,5.0,,false
1161,60.0,108.0,,false
1162,60.0,101.0,,false
1163,60.0,120.0,,false
1164,60.0,120.0,,false
1165,60.0,118.0,,false
1166,60.0,107.0,,false
1167,60.0,114.0,,false
1168,60.0,114.0,,false
1169,60.0,104.0,,false
1170,100.0,246.0,,false
1171,100.0,198.0,,false
1172,900.0,7.0,,false
1173,1150.0,18.0,,false
1174,1000.0,8.0,,false
1175,1350.0,50.0,,true
1176,500.0,57.0,,true
1177,5000.0,16.0,,true
1178,2200.0,140.0,,true
1179,3500.0,310.0,,true
1180,5000.0,600.0,,true
1181,500.0,148.0,,true
1182,125.0,516.0,,true
1183,40.0,385.0,,true
1184,350.0,166.0,,true
1185,500.0,183.0,,false
1186,500.0,503.0,,false
1187,3300.0,22.0,,false
1188,3300.0,22.0,,false
1189,3300.0,24.0,,false
1190,60.0,227.0,,false
1191,60.0,200.0,,false
1192,60.0,169.0,,false
1193,60.0,199.0,,false
1194,800.0,5.0,,false
1195,60.0,107.0,,false
1196,60.0,86.0,,false
1197,60.0,110.0,,false
1198,60.0,82.0,,false
1199,60.0,110.0,,false
1200,60.0,86.0,,false
1201,60.0,110.0,,false
1202,60.0,98.0,,false
1203,100.0,221.0,,false
1204,100.0,207.0,,false
1205,900.0,9.0,,false
1206,1150.0,18.0,,false
1207,1000.0,6.0,,false
1208,1350.0,46.0,,true
1209,500.0,60.0,,true
1210,5000.0,18.0,,true
1211,2200.0,139.0,,true
1212,3500.0,316.0,,true
1213,5000.0,600.0,,true
1214,500.0,143.0,,true
1215,125.0,451.0,,true
1216,40.0,398.0,,true
1217,350.0,151.0,,true
1218,500.0,195.0,,false
1219,500.0,464.0,,false
1220,3300.0,22.0,,false
1221,3300.0,23.0,,false
1222,3300.0,25.0,,false
1223,60.0,220.0,,false
1224,60.0,211.0,,false
1225,60.0,188.0,,false
1226,60.0,164.0,,false
1227,800.0,5.0,,false
1228,60.0,99.0,,false
1229,60.0,102.0,,false
1230,60.0,93.0,,false
1231,60.0,95.0,,false
1232,60.0,106.0,,false
1233,60.0,120.0,,false
1234,60.0,87.0,,false
1235,60.0,120.0,,false
1236,60.0,89.0,,false
1237,60.0,84.0,,false
1238,100.0,223.0,,false
1239,100.0,195.0,,false
1240,900.0,9.0,,false
1241,1150.0,17.0,,false
1242,1000.0,7.0,,false
1243,1350.0,50.0,,true
1244,500.0,59.0,,true
1245,5000.0,18.0,,true
1246,2200.0,136.0,,true
1247,3500.0,399.0,,true
1248,5000.0,600.0,,true
1249,500.0,151.0,,true
1250,125.0,525.0,,true
1251,40.0,400.0,,true
1252,350.0,161.0,,true
1253,500.0,179.0,,false
1254,500.0,425.0,,false
1255,3300.0,27.0,,false
1256,3300.0,29.0,,false
1257,3300.0,21.0,,false
1258,60.0,152.0,,false
1259,60.0,168.0,,false
1260,60.0,245.0,,false
1261,800.0,6.0,,false
1262,60.0,108.0,,false
1263,60.0,87.0,,false
1264,60.0,120.0,,false
1265,60.0,103.0,,false
1266,60.0,118.0,,false
1267,60.0,97.0,,false
1268,100.0,223.0,,false
1269,100.0,234.0,,false
1270,900.0,7.0,,false
1271,1150.0,16.0,,false
1272,1000.0,7.0,,false
1273,1350.0,50.0,,true
1274,500.0,59.0,,true
1275,5000.0,20.0,,true
1276,2200.0,137.0,,true
1277,3500.0,373.0,,true
1278,5000.0,600.0,,true
1279,500.0,146.0,,true
1280,125.0,534.0,,true
1281,40.0,365.0,,true
1282,350.0,155.0,,true
1283,500.0,199.0,,false
1284,500.0,531.0,,false
1285,3300.0,25.0,,false
1286,3300.0,29.0,,false
1287,3300.0,28.0,,false
1288,60.0,175.0,,false
1289,60.0,231.0,,false
1290,60.0,218.0,,false
1291,800.0,6.0,,false
1292,60.0,110.0,,false
1293,60.0,83.0,,false
1294,60.0,88.0,,false
1295,60.0,82.0,,false
1296,60.0,104.0,,false
1297,60.0,119.0,,false
1298,60.0,120.0,,false
1299,60.0,87.0,,false
1300,100.0,248.0,,false
1301,100.0,207.0,,false
1302,900.0,10.0,,false
1303,1150.0,18.0,,false
1304,1000.0,8.0,,false
1305,1350.0,47.0,,true
1306,500.0,58.0,,true
1307,5000.0,17.0,,true
1308,2200.0,137.0,,true
1309,3500.0,252.0,,true
1310,5000.0,600.0,,true
1311,500.0,157.0,,true
1312,125.0,494.0,,true
1313,40.0,380.0,,true
1314,350.0,162.0,,true
1315,500.0,182.0,,false
1316,500.0,572.0,,false
1317,3300.0,21.0,,false
1318,3300.0,23.0,,false
1319,3300.0,25.0,,false
1320,60.0,242.0,,false
1321,60.0,214.0,,false
1322,60.0,229.0,,false
1323,60.0,250.0,,false
1324,800.0,4.0,,false
1325,60.0,120.0,,false
1326,60.0,108.0,,false
1327,60.0,101.0,,false
1328,60.0,107.0,,false
1329,60.0,97.0,,false
1330,60.0,101.0,,false
1331,60.0,89.0,,false
1332,60.0,117.0,,false
1333,60.0,117.0,,false
1334,60.0,90.0,,false
1335,100.0,233.0,,false
1336,100.0,240.0,,false
1337,900.0,8.0,,false
1338,1150.0,15.0,,false
1339,1000.0,7.0,,false
1340,1350.0,47.0,,true
1341,500.0,60.0,,true
1342,5000.0,16.0,,true
1343,2200.0,135.0,,true
1344,3500.0,220.0,,true
1345,5000.0,600.0,,true
1346,500.0,147.0,,true
1347,125.0,527.0,,true
1348,40.0,447.0,,true
1349,350.0,173.0,,true
1350,500.0,181.0,,false
1351,500.0,409.0,,false
1352,3300.0,30.0,,false
1353,3300.0,23.0,,false
1354,3300.0,26.0,,false
1355,60.0,179.0,,false
1356,60.0,164.0,,false
1357,60.0,186.0,,false
1358,800.0,5.0,,false
1359,60.0,89.0,,false
1360,60.0,110.0,,false
1361,60.0,104.0,,false
1362,60.0,89.0,,false
1363,60.0,81.0,,false
1364,60.0,97.0,,false
1365,60.0,90.0,,false
1366,60.0,95.0,,false
1367,60.0,95.0,,false
1368,60.0,120.0,,false
1369,100.0,207.0,,false
1370,100.0,240.0,,false
1371,900.0,7.0,,false
1372,1150.0,17.0,,false
1373,1000.0,8.0,,false
1374,1350.0,46.0,,true
1375,500.0,60.0,,true
1376,5000.0,16.0,,true
1377,2200.0,132.0,,true
1378,3500.0,355.0,,true
1379,5000.0,600.0,,true
1380,500.0,151.0,,true
1381,125.0,484.0,,true
1382,40.0,422.0,,true
1383,350.0,143.0,,true
1384,500.0,199.0,,false
1385,500.0,302.0,,false
1386,3300.0,30.0,,false
1387,3300.0,25.0,,false
1388,3300.0,23.0,,false
1389,60.0,217.0,,false
1390,60.0,183.0,,false
1391,60.0,209.0,,false
1392,800.0,5.0,,false
1393,60.0,111.0,,false
1394,60.0,83.0,,false
1395,60.0,108.0,,false
1396,60.0,106.0,,false
1397,60.0,84.0,,false
1398,60.0,98.0,,false
1399,60.0,84.0,,false
1400,60.0,102.0,,false
1401,60.0,93.0,,false
1402,100.0,211.0,,false
1403,100.0,223.0,,false
1404,900.0,7.0,,false
1405,1150.0,14.0,,false
1406,1000.0,5.0,,false
1407,1350.0,47.0,,true
1408,500.0,57.0,,true
1409,5000.0,19.0,,true
1410,2200.0,132.0,,true
1411,3500.0,277.0,,true
1412,5000.0,600.0,,true
1413,500.0,141.0,,true
1414,125.0,532.0,,true
1415,40.0,359.0,,true
1416,350.0,149.0,,true
1417,500.0,198.0,,false
1418,500.0,555.0,,false
1419,3300.0,29.0,,false
1420,3300.0,28.0,,false
1421,3300.0,22.0,,false
1422,60.0,167.0,,false
1423,60.0,189.0,,false
1424,60.0,195.0,,false
1425,60.0,232.0,,false
1426,800.0,4.0,,false
1427,60.0,86.0,,false
1428,60.0,119.0,,false
1429,60.0,104.0,,false
1430,60.0,99.0,,false
1431,60.0,113.0,,false
1432,60.0,108.0,,false
1433,60.0,117.0,,false
1434,60.0,89.0,,false
1435,60.0,109.0,,false
1436,60.0,95.0,,false
1437,100.0,250.0,,false
1438,100.0,200.0,,false
1439,900.0,9.0,,false
1440,1150.0,16.0,,false
1441,1000.0,5.0,,false
1442,1350.0,50.0,,true
1443,500.0,56.0,,true
1444,5000.0,19.0,,true
1445,2200.0,136.0,,true
1446,3500.0,280.0,,true
1447,5000.0,600.0,,true
1448,500.0,156.0,,true
1449,125.0,470.0,,true
1450,40.0,447.0,,true
1451,350.0,142.0,,true
1452,500.0,176.0,,false
1453,500.0,573.0,,false
1454,3300.0,28.0,,false
1455,3300.0,30.0,,false
1456,3300.0,22.0,,false
1457,60.0,184.0,,false
1458,60.0,231.0,,false
1459,60.0,249.0,,false
1460,800.0,5.0,,false
1461,60.0,92.0,,false
1462,60.0,104.0,,false
1463,60.0,119.0,,false
1464,60.0,102.0,,false
1465,60.0,105.0,,false
1466,60.0,117.0,,false
1467,60.0,117.0,,false
1468,100.0,210.0,,false
1469,100.0,220.0,,false
1470,900.0,10.0,,false
1471,1150.0,17.0,,false
1472,1000.0,7.0,,false
1473,1350.0,49.0,,true
1474,500.0,56.0,,true
1475,5000.0,18.0,,true
1476,2200.0,132.0,,true
1477,3500.0,329.0,,true
1478,5000.0,600.0,,true
1479,500.0,154.0,,true
1480,125.0,539.0,,true
1481,40.0,366.0,,true
1482,350.0,157.0,,true
1483,500.0,193.0,,false
1484,500.0,314.0,,false
1485,3300.0,26.0,,false
1486,3300.0,27.0,,false
1487,3300.0,25.0,,false
1488,60.0,225.0,,false
1489,60.0,215.0,,false
1490,60.0,250.0,,false
1491,800.0,6.0,,false
1492,60.0,81.0,,false
1493,60.0,91.0,,false
1494,60.0,120.0,,false
1495,60.0,117.0,,false
1496,60.0,119.0,,false
1497,60.0,111.0,,false
1498,100.0,233.0,,false
1499,100.0,248.0,,false
1500,900.0,8.0,,false
1501,1150.0,18.0,,false
1502,1000.0,7.0,,false
1503,1350.0,50.0,,true
1504,500.0,59.0,,true
1505,5000.0,20.0,,true
1506,2200.0,132.0,,true
1507,3500.0,299.0,,true
1508,5000.0,600.0,,true
1509,500.0,149.0,,true
1510,125.0,459.0,,true
1511,40.0,419.0,,true
1512,350.0,141.0,,true
1513,500.0,190.0,,false
1514,500.0,437.0,,false
1515,3300.0,21.0,,false
1516,3300.0,24.0,,false
1517,3300.0,28.0,,false
1518,60.0,190.0,,false
1519,60.0,244.0,,false
1520,60.0,230.0,,false
1521,60.0,168.0,,false
1522,800.0,5.0,,false
1523,60.0,90.0,,false
1524,60.0,112.0,,false
1525,60.0,111.0,,false
1526,60.0,118.0,,false
1527,60.0,117.0,,false
1528,60.0,112.0,,false
1529,60.0,117.0,,false
1530,100.0,194.0,,false
1531,100.0,189.0,,false
1532,900.0,8.0,,false
1533,1150.0,14.0,,false
1534,1000.0,5.0,,false
1535,1350.0,47.0,,true
1536,500.0,59.0,,true
1537,5000.0,17.0,,true
1538,2200.0,136.0,,true
1539,3500.0,349.0,,true
1540,5000.0,600.0,,true
1541,500.0,149.0,,true
1542,125.0,471.0,,true
1543,40.0,371.0,,true
1544,350.0,147.0,,true
1545,500.0,197.0,,false
1546,500.0,548.0,,false
1547,3300.0,29.0,,false
1548,3300.0,24.0,,false
1549,3300.0,25.0,,false
1550,60.0,246.0,,false
1551,60.0,225.0,,false
1552,60.0,197.0,,false
1553,800.0,4.0,,false
1554,60.0,115.0,,false
1555,60.0,120.0,,false
1556,60.0,116.0,,false
1557,60.0,93.0,,false
1558,60.0,81.0,,false
1559,60.0,101.0,,false
1560,60.0,97.0,,false
1561,100.0,185.0,,false
1562,100.0,188.0,,false
1563,900.0,9.0,,false
1564,1150.0,16.0,,false
1565,1000.0,8.0,,false
1566,1350.0,48.0,,true
1567,500.0,60.0,,true
1568,5000.0,16.0,,true
1569,2200.0,140.0,,true
1570,3500.0,263.0,,true
1571,5000.0,600.0,,true
1572,500.0,143.0,,true
1573,125.0,543.0,,true
1574,40.0,389.0,,true
1575,350.0,177.0,,true
1576,500.0,186.0,,false
1577,500.0,451.0,,false
1578,3300.0,30.0,,false
1579,3300.0,27.0,,false
1580,3300.0,21.0,,false
1581,60.0,160.0,,false
1582,60.0,194.0,,false
1583,60.0,173.0,,false
1584,60.0,191.0,,false
1585,800.0,5.0,,false
1586,60.0,112.0,,false
1587,60.0,101.0,,false
1588,60.0,97.0,,false
1589,60.0,104.0,,false
1590,60.0,103.0,,false
1591,60.0,107.0,,false
1592,100.0,194.0,,false
1593,100.0,189.0,,false
1594,900.0,9.0,,false
1595,1150.0,16.0,,false
1596,1000.0,7.0,,false
1597,1350.0,48.0,,true
1598,500.0,60.0,,true
1599,5000.0,20.0,,true
1600,2200.0,139.0,,true
1601,3500.0,328.0,,true
1602,5000.0,600.0,,true
1603,500.0,142.0,,true
1604,125.0,514.0,,true
1605,40.0,371.0,,true
1606,350.0,174.0,,true
1607,500.0,180.0,,false
1608,500.0,431.0,,false
1609,3300.0,23.0,,false
1610,3300.0,21.0,,false
1611,3300.0,25.0,,false
1612,60.0,223.0,,false
1613,60.0,198.0,,false
1614,60.0,209.0,,false
1615,800.0,5.0,,false
1616,60.0,83.0,,false
1617,60.0,91.0,,false
1618,60.0,82.0,,false
1619,60.0,82.0,,false
1620,60.0,87.0,,false
1621,60.0,84.0,,false
1622,60.0,117.0,,false
1623,100.0,211.0,,false
1624,100.0,204.0,,false
1625,900.0,10.0,,false
1626,1150.0,14.0,,false
1627,1000.0,7.0,,false
1628,1350.0,47.0,,true
1629,500.0,59.0,,true
1630,5000.0,19.0,,true
1631,2200.0,132.0,,true
1632,3500.0,295.0,,true
1633,5000.0,600.0,,true
1634,500.0,157.0,,true
1635,125.0,491.0,,true
1636,40.0,430.0,,true
1637,350.0,166.0,,true
1638,500.0,188.0,,false
1639,500.0,534.0,,false
1640,3300.0,25.0,,false
1641,3300.0,24.0,,false
1642,3300.0,24.0,,false
1643,60.0,175.0,,false
1644,60.0,163.0,,false
1645,60.0,152.0,,false
1646,60.0,188.0,,false
1647,800.0,6.0,,false
1648,60.0,114.0,,false
1649,60.0,103.0,,false
1650,60.0,85.0,,false
1651,60.0,108.0,,false
1652,60.0,89.0,,false
1653,60.0,108.0,,false
1654,60.0,116.0,,false
1655,100.0,183.0,,false
1656,100.0,211.0,,false
1657,900.0,9.0,,false
1658,1150.0,18.0,,false
1659,1000.0,8.0,,false
1660,1350.0,48.0,,true
1661,500.0,58.0,,true
1662,5000.0,16.0,,true
1663,2200.0,136.0,,true
1664,3500.0,303.0,,true
1665,5000.0,600.0,,true
1666,500.0,143.0,,true
1667,125.0,526.0,,true
1668,40.0,355.0,,true
1669,350.0,158.0,,true
1670,500.0,182.0,,false
1671,500.0,326.0,,false
1672,3300.0,21.0,,false
1673,3300.0,21.0,,false
1674,3300.0,24.0,,false
1675,60.0,221.0,,false
1676,60.0,187.0,,false
1677,60.0,210.0,,false
1678,60.0,216.0,,false
1679,800.0,4.0,,false
1680,60.0,99.0,,false
1681,60.0,107.0,,false
1682,60.0,102.0,,false
1683,60.0,85.0,,false
1684,60.0,99.0,,false
1685,60.0,88.0,,false
1686,60.0,103.0,,false
1687,60.0,119.0,,false
1688,100.0,196.0,,false
1689,100.0,220.0,,false
1690,900.0,9.0,,false
1691,1150.0,13.0,,false
1692,1000.0,5.0,,false
1693,1350.0,48.0,,true
1694,500.0,56.0,,true
1695,5000.0,17.0,,true
1696,2200.0,140.0,,true
1697,3500.0,298.0,,true
1698,5000.0,600.0,,true
1699,500.0,147.0,,true
1700,125.0,500.0,,true
1701,40.0,427.0,,true
1702,350.0,161.0,,true
1703,500.0,196.0,,false
1704,500.0,420.0,,false
1705,3300.0,26.0,,false
1706,3300.0,21.0,,false
1707,3300.0,26.0,,false
1708,60.0,243.0,,false
1709,60.0,203.0,,false
1710,60.0,215.0,,false
1711,60.0,211.0,,false
1712,800.0,6.0,,false
1713,60.0,88.0,,false
1714,60.0,111.0,,false
1715,60.0,118.0,,false
1716,60.0,119.0,,false
1717,60.0,87.0,,false
1718,60.0,106.0,,false
1719,60.0,111.0,,false
1720,60.0,119.0,,false
1721,60.0,88.0,,false
1722,100.0,188.0,,false
1723,100.0,241.0,,false
1724,900.0,9.0,,false
1725,1150.0,14.0,,false
1726,1000.0,6.0,,false
1727,1350.0,50.0,,true
1728,500.0,56.0,,true
1729,5000.0,17.0,,true
1730,2200.0,135.0,,true
1731,3500.0,341.0,,true
1732,5000.0,600.0,,true
1733,500.0,145.0,,true
1734,125.0,526.0,,true
1735,40.0,392.0,,true
1736,350.0,178.0,,true
1737,500.0,194.0,,false
1738,500.0,417.0,,false
1739,3300.0,24.0,,false
1740,3300.0,25.0,,false
1741,3300.0,26.0,,false
1742,60.0,208.0,,false
1743,60.0,171.0,,false
1744,60.0,248.0,,false
1745,60.0,192.0,,false
1746,800.0,4.0,,false
1747,60.0,90.0,,false
1748,60.0,118.0,,false
1749,60.0,96.0,,false
1750,60.0,115.0,,false
1751,60.0,88.0,,false
1752,60.0,88.0,,false
1753,100.0,243.0,,false
1754,100.0,229.0,,false
1755,900.0,7.0,,false
1756,1150.0,14.0,,false
1757,1000.0,6.0,,false
1758,1350.0,50.0,,true
1759,500.0,60.0,,true
1760,5000.0,19.0,,true
1761,2200.0,135.0,,true
1762,3500.0,297.0,,true
1763,5000.0,600.0,,true
1764,500.0,153.0,,true
1765,125.0,511.0,,true
1766,40.0,397.0,,true
1767,350.0,164.0,,true
1768,500.0,198.0,,false
1769,500.0,360.0,,false
1770,3300.0,26.0,,false
1771,3300.0,23.0,,false
1772,3300.0,27.0,,false
1773,60.0,168.0,,false
1774,60.0,168.0,,false
1775,60.0,159.0,,false
1776,800.0,5.0,,false
1777,60.0,93.0,,false
1778,60.0,110.0,,false
1779,60.0,117.0,,false
1780,60.0,116.0,,false
1781,60.0,103.0,,false
1782,60.0,90.0,,false
1783,60.0,117.0,,false
1784,100.0,217.0,,false
1785,100.0,246.0,,false
1786,900.0,7.0,,false
1787,1150.0,13.0,,false
1788,1000.0,8.0,,false
1789,1350.0,49.0,,true
1790,500.0,57.0,,true
1791,5000.0,20.0,,true
1792,2200.0,138.0,,true
1793,3500.0,347.0,,true
1794,5000.0,600.0,,true
1795,500.0,156.0,,true
1796,125.0,479.0,,true
1797,40.0,411.0,,true
1798,350.0,158.0,,true
1799,500.0,174.0,,false
1800,500.0,469.0,,false
1801,3300.0,25.0,,false
1802,3300.0,29.0,,false
1803,3300.0,23.0,,false
1804,60.0,232.0,,false
1805,60.0,167.0,,false
1806,60.0,210.0,,false
1807,60.0,203.0,,false
1808,800.0,5.0,,false
1809,60.0,111.0,,false
1810,60.0,97.0,,false
1811,60.0,107.0,,false
1812,60.0,86.0,,false
1813,60.0,89.0,,false
1814,60.0,98.0,,false
1815,60.0,92.0,,false
1816,60.0,102.0,,false
1817,100.0,186.0,,false
1818,100.0,185.0,,false
1819,900.0,8.0,,false
1820,1150.0,14.0,,false
1821,1000.0,8.0,,false
1822,1350.0,46.0,,true
1823,500.0,58.0,,true
1824,5000.0,16.0,,true
1825,2200.0,140.0,,true
1826,3500.0,282.0,,true
1827,5000.0,600.0,,true
1828,500.0,153.0,,true
1829,125.0,480.0,,true
1830,40.0,399.0,,true
1831,350.0,147.0,,true
1832,500.0,183.0,,false
1833,500.0,355.0,,false
1834,3300.0,30.0,,false
1835,3300.0,27.0,,false
1836,3300.0,26.0,,false
1837,60.0,201.0,,false
1838,60.0,179.0,,false
1839,60.0,240.0,,false
1840,800.0,6.0,,false
1841,60.0,107.0,,false
1842,60.0,105.0,,false
1843,60.0,84.0,,false
1844,60.0,84.0,,false
1845,60.0,102.0,,false
1846,60.0,103.0,,false
1847,60.0,96.0,,false
1848,60.0,86.0,,false
1849,100.0,188.0,,false
1850,100.0,189.0,,false
1851,900.0,9.0,,false
1852,1150.0,18.0,,false
1853,1000.0,7.0,,false
1854,1350.0,50.0,,true
1855,500.0,58.0,,true
1856,5000.0,17.0,,true
1857,2200.0,132.0,,true
1858,3500.0,256.0,,true
1859,5000.0,600.0,,true
1860,500.0,154.0,,true
1861,125.0,465.0,,true
1862,40.0,356.0,,true
1863,350.0,148.0,,true
1864,500.0,186.0,,false
1865,500.0,584.0,,false
1866,3300.0,24.0,,false
1867,3300.0,21.0,,false
1868,3300.0,27.0,,false
1869,60.0,227.0,,false
1870,60.0,239.0,,false
1871,60.0,168.0,,false
1872,800.0,5.0,,false
1873,60.0,120.0,,false
1874,60.0,117.0,,false
1875,60.0,91.0,,false
1876,60.0,93.0,,false
1877,60.0,99.0,,false
1878,60.0,103.0,,false
1879,100.0,189.0,,false
1880,100.0,186.0,,false
1881,900.0,7.0,,false
1882,1150.0,18.0,,false
1883,1000.0,5.0,,false
1884,1350.0,46.0,,true
1885,500.0,56.0,,true
1886,5000.0,20.0,,true
1887,2200.0,136.0,,true
1888,3500.0,399.0,,true
1889,5000.0,600.0,,true
1890,500.0,145.0,,true
1891,125.0,521.0,,true
1892,40.0,446.0,,true
1893,350.0,177.0,,true
1894,500.0,183.0,,false
1895,500.0,378.0,,false
1896,3300.0,25.0,,false
1897,3300.0,29.0,,false
1898,3300.0,28.0,,false
1899,60.0,237.0,,false
1900,60.0,242.0,,false
1901,60.0,210.0,,false
1902,800.0,4.0,,false
1903,60.0,82.0,,false
1904,60.0,86.0,,false
1905,60.0,106.0,,false
1906,60.0,119.0,,false
1907,60.0,105.0,,false
1908,60.0,99.0,,false
1909,100.0,236.0,,false
1910,100.0,181.0,,false
1911,900.0,8.0,,false
1912,1150.0,13.0,,false
1913,1000.0,5.0,,false
1914,1350.0,49.0,,true
1915,500.0,57.0,,true
1916,5000.0,20.0,,true
1917,2200.0,133.0,,true
1918,3500.0,296.0,,true
1919,5000.0,600.0,,true
1920,500.0,158.0,,true
1921,125.0,487.0,,true
1922,40.0,386.0,,true
1923,350.0,168.0,,true
1924,500.0,192.0,,false
1925,500.0,410.0,,false
1926,3300.0,21.0,,false
1927,3300.0,23.0,,false
1928,3300.0,23.0,,false
1929,60.0,207.0,,false
1930,60.0,151.0,,false
1931,60.0,179.0,,false
1932,60.0,158.0,,false
1933,800.0,6.0,,false
1934,60.0,105.0,,false
1935,60.0,107.0,,false
1936,60.0,81.0,,false
1937,60.0,102.0,,false
1938,60.0,96.0,,false
1939,60.0,94.0,,false
1940,60.0,81.0,,false
1941,60.0,117.0,,false
1942,60.0,111.0,,false
1943,100.0,226.0,,false
1944,100.0,210.0,,false
1945,900.0,7.0,,false
1946,1150.0,18.0,,false
1947,1000.0,7.0,,false
1948,1350.0,48.0,,true
1949,500.0,57.0,,true
1950,5000.0,16.0,,true
1951,2200.0,133.0,,true
1952,3500.0,323.0,,true
1953,5000.0,600.0,,true
1954,500.0,152.0,,true
1955,125.0,475.0,,true
1956,40.0,391.0,,true
1957,350.0,172.0,,true
1958,500.0,181.0,,false
1959,500.0,365.0,,false
1960,3300.0,22.0,,false
1961,3300.0,22.0,,false
1962,3300.0,28.0,,false
1963,60.0,219.0,,false
1964,60.0,167.0,,false
1965,60.0,199.0,,false
1966,60.0,215.0,,false
1967,800.0,5.0,,false
1968,60.0,89.0,,false
1969,60.0,112.0,,false
1970,60.0,106.0,,false
1971,60.0,90.0,,false
1972,60.0,86.0,,false
1973,60.0,118.0,,false
1974,60.0,105.0,,false
1975,60.0,100.0,,false
1976,100.0,209.0,,false
1977,100.0,246.0,,false
1978,900.0,8.0,,false
1979,1150.0,16.0,,false
1980,1000.0,5.0,,false
1981,1350.0,48.0,,true
1982,500.0,57.0,,true
1983,5000.0,17.0,,true
1984,2200.0,133.0,,true
1985,3500.0,214.0,,true
1986,5000.0,600.0,,true
1987,500.0,154.0,,true
1988,125.0,546.0,,true
1989,40.0,376.0,,true
1990,350.0,160.0,,true
1991,500.0,179.0,,false
1992,500.0,310.0,,false
1993,3300.0,26.0,,false
1994,3300.0,22.0,,false
1995,3300.0,27.0,,false
1996,60.0,187.0,,false
1997,60.0,203.0,,false
1998,60.0,173.0,,false
1999,60.0,191.0,,false
2000,800.0,6.0,,false
2001,60.0,94.0,,false
2002,60.0,90.0,,false
2003,60.0,85.0,,false
2004,60.0,101.0,,false
2005,60.0,106.0,,false
2006,60.0,95.0,,false
2007,60.0,84.0,,false
2008,60.0,111.0,,false
2009,60.0,82.0,,false
2010,60.0,110.0,,false
2011,100.0,214.0,,false
2012,100.0,249.0,,false
2013,900.0,8.0,,false
2014,1150.0,16.0,,false
2015,1000.0,6.0,,false
2016,1350.0,48.0,,true
2017,500.0,59.0,,true
2018,5000.0,19.0,,true
2019,2200.0,140.0,,true
2020,3500.0,257.0,,true
2021,5000.0,600.0,,true
2022,500.0,149.0,,true
2023,125.0,486.0,,true
2024,40.0,388.0,,true
2025,350.0,172.0,,true
2026,500.0,188.0,,false
2027,500.0,349.0,,false
2028,3300.0,22.0,,false
2029,3300.0,28.0,,false
2030,3300.0,30.0,,false
2031,60.0,185.0,,false
2032,60.0,164.0,,false
2033,60.0,240.0,,false
2034,60.0,184.0,,false
2035,800.0,6.0,,false
2036,60.0,115.0,,false
2037,60.0,101.0,,false
2038,60.0,119.0,,false
2039,60.0,120.0,,false
2040,60.0,104.0,,false
2041,60.0,110.0,,false
2042,100.0,227.0,,false
2043,100.0,184.0,,false
2044,900.0,9.0,,false
2045,1150.0,15.0,,false
2046,1000.0,7.0,,false
2047,1350.0,48.0,,true
2048,500.0,60.0,,true
2049,5000.0,20.0,,true
2050,2200.0,137.0,,true
2051,3500.0,362.0,,true
2052,5000.0,600.0,,true
2053,500.0,142.0,,true
2054,125.0,453.0,,true
2055,40.0,419.0,,true
2056,350.0,166.0,,true
2057,500.0,174.0,,false
2058,500.0,597.0,,false
2059,3300.0,27.0,,false
2060,3300.0,30.0,,false
2061,3300.0,25.0,,false
2062,60.0,246.0,,false
2063,60.0,229.0,,false
2064,60.0,245.0,,false
2065,60.0,213.0,,false
2066,800.0,6.0,,false
2067,60.0,103.0,,false
2068,60.0,105.0,,false
2069,60.0,81.0,,false
2070,60.0,93.0,,false
2071,60.0,83.0,,false
2072,60.0,116.0,,false
2073,60.0,81.0,,false
2074,60.0,99.0,,false
2075,60.0,113.0,,false
2076,100.0,204.0,,false
2077,100.0,227.0,,false
2078,900.0,9.0,,false
2079,1150.0,17.0,,false
2080,1000.0,8.0,,false
2081,1350.0,46.0,,true
2082,500.0,58.0,,true
2083,5000.0,16.0,,true
2084,2200.0,133.0,,true
2085,3500.0,386.0,,true
2086,5000.0,600.0,,true
2087,500.0,149.0,,true
2088,125.0,513.0,,true
2089,40.0,387.0,,true
2090,350.0,177.0,,true
2091,500.0,190.0,,false
2092,500.0,541.0,,false
2093,3300.0,27.0,,false
2094,3300.0,26.0,,false
2095,3300.0,26.0,,false
2096,60.0,231.0,,false
2097,60.0,182.0,,false
2098,60.0,190.0,,false
2099,60.0,215.0,,false
2100,800.0,5.0,,false
2101,60.0,111.0,,false
2102,60.0,83.0,,false
2103,60.0,118.0,,false
2104,60.0,119.0,,false
2105,60.0,97.0,,false
2106,60.0,108.0,,false
2107,100.0,189.0,,false
2108,100.0,209.0,,false
2109,900.0,7.0,,false
2110,1150.0,14.0,,false
2111,1000.0,8.0,,false
2112,1350.0,47.0,,true
2113,500.0,60.0,,true
2114,5000.0,17.0,,true
2115,2200.0,137.0,,true
2116,3500.0,235.0,,true
2117,5000.0,600.0,,true
2118,500.0,143.0,,true
2119,125.0,546.0,,true
2120,40.0,361.0,,true
2121,350.0,172.0,,true
2122,500.0,184.0,,false
2123,500.0,396.0,,false
2124,3300.0,23.0,,false
2125,3300.0,22.0,,false
2126,3300.0,23.0,,false
2127,60.0,164.0,,false
2128,60.0,169.0,,false
2129,60.0,161.0,,false
2130,60.0,200.0,,false
2131,800.0,5.0,,false
2132,60.0,83.0,,false
2133,60.0,84.0,,false
2134,60.0,89.0,,false
2135,60.0,95.0,,false
2136,60.0,85.0,,false
2137,60.0,111.0,,false
2138,60.0,90.0,,false
2139,100.0,248.0,,false
2140,100.0,242.0,,false
2141,900.0,7.0,,false
2142,1150.0,17.0,,false
2143,1000.0,5.0,,false
2144,1350.0,47.0,,true
2145,500.0,58.0,,true
2146,5000.0,18.0,,true
2147,2200.0,139.0,,true
2148,3500.0,377.0,,true
2149,5000.0,600.0,,true
2150,500.0,143.0,,true
2151,125.0,461.0,,true
2152,40.0,428.0,,true
2153,350.0,172.0,,true
2154,500.0,189.0,,false
2155,500.0,414.0,,false
2156,3300.0,28.0,,false
2157,3300.0,26.0,,false
2158,3300.0,24.0,,false
2159,60.0,175.0,,false
2160,60.0,202.0,,false
2161,60.0,234.0,,false
2162,60.0,236.0,,false
2163,800.0,4.0,,false
2164,60.0,88.0,,false
2165,60.0,103.0,,false
2166,60.0,110.0,,false
2167,60.0,84.0,,false
2168,60.0,100.0,,false
2169,60.0,104.0,,false
2170,60.0,117.0,,false
2171,60.0,105.0,,false
2172,100.0,195.0,,false
2173,100.0,196.0,,false
2174,900.0,8.0,,false
2175,1150.0,16.0,,false
2176,1000.0,6.0,,false
2177,1350.0,47.0,,true
2178,500.0,58.0,,true
2179,5000.0,16.0,,true
2180,2200.0,131.0,,true
2181,3500.0,269.0,,true
2182,5000.0,600.0,,true
2183,500.0,149.0,,true
2184,125.0,452.0,,true
2185,40.0,457.0,,true
2186,350.0,165.0,,true
2187,500.0,197.0,,false
2188,500.0,457.0,,false
2189,3300.0,30.0,,false
2190,3300.0,23.0,,false
2191,3300.0,29.0,,false
2192,60.0,155.0,,false
2193,60.0,180.0,,false
2194,60.0,206.0,,false
2195,800.0,5.0,,false
2196,60.0,95.0,,false
2197,60.0,100.0,,false
2198,60.0,86.0,,false
2199,60.0,110.0,,false
2200,60.0,89.0,,false
2201,60.0,106.0,,false
2202,100.0,186.0,,false
2203,100.0,214.0,,false
2204,900.0,7.0,,false
2205,1150.0,16.0,,false
2206,1000.0,8.0,,false
2207,1350.0,46.0,,true
2208,500.0,60.0,,true
2209,5000.0,19.0,,true
2210,2200.0,132.0,,true
2211,3500.0,380.0,,true
2212,5000.0,600.0,,true
2213,500.0,151.0,,true
2214,125.0,506.0,,true
2215,40.0,365.0,,true
2216,350.0,152.0,,true
2217,500.0,188.0,,false
2218,500.0,589.0,,false
2219,3300.0,27.0,,false
2220,3300.0,23.0,,false
2221,3300.0,28.0,,false
2222,60.0,242.0,,false
2223,60.0,161.0,,false
2224,60.0,174.0,,false
2225,800.0,6.0,,false
2226,60.0,105.0,,false
2227,60.0,102.0,,false
2228,60.0,95.0,,false
2229,60.0,81.0,,false
2230,60.0,116.0,,false
2231,60.0,112.0,,false
2232,60.0,109.0,,false
2233,60.0,118.0,,false
2234,60.0,81.0,,false
2235,100.0,207.0,,false
2236,100.0,244.0,,false
2237,900.0,7.0,,false
2238,1150.0,15.0,,false
2239,1000.0,7.0,,false
2240,1350.0,47.0,,true
2241,500.0,58.0,,true
2242,5000.0,18.0,,true
2243,2200.0,131.0,,true
2244,3500.0,242.0,,true
2245,5000.0,600.0,,true
2246,500.0,159.0,,true
2247,125.0,518.0,,true
2248,40.0,391.0,,true
2249,350.0,148.0,,true
2250,500.0,183.0,,false
2251,500.0,425.0,,false
2252,3300.0,22.0,,false
2253,3300.0,24.0,,false
2254,3300.0,23.0,,false
2255,60.0,248.0,,false
2256,60.0,169.0,,false
2257,60.0,215.0,,false
2258,800.0,4.0,,false
2259,60.0,118.0,,false
2260,60.0,112.0,,false
2261,60.0,83.0,,false
2262,60.0,111.0,,false
2263,60.0,100.0,,false
2264,60.0,118.0,,false
2265,60.0,110.0,,false
2266,60.0,97.0,,false
2267,60.0,104.0,,false
2268,100.0,220.0,,false
2269,100.0,231.0,,false
2270,900.0,9.0,,false
2271,1150.0,16.0,,false
2272,1000.0,7.0,,false
2273,1350.0,48.0,,true
2274,500.0,58.0,,true
2275,5000.0,16.0,,true
2276,2200.0,137.0,,true
2277,3500.0,307.0,,true
2278,5000.0,600.0,,true
2279,500.0,147.0,,true
2280,125.0,492.0,,true
2281,40.0,366.0,,true
2282,350.0,148.0,,true
2283,500.0,182.0,,false
2284,500.0,460.0,,false
2285,3300.0,26.0,,false
2286,3300.0,30.0,,false
2287,3300.0,24.0,,false
2288,60.0,200.0,,false
2289,60.0,210.0,,false
2290,60.0,215.0,,false
2291,60.0,199.0,,false
2292,800.0,5.0,,false
2293,60.0,114.0,,false
2294,60.0,106.0,,false
2295,60.0,91.0,,false
2296,60.0,97.0,,false
2297,60.0,119.0,,false
2298,60.0,114.0,,false
2299,100.0,202.0,,false
2300,100.0,246.0,,false
2301,900.0,7.0,,false
2302,1150.0,18.0,,false
2303,1000.0,7.0,,false
2304,1350.0,49.0,,true
2305,500.0,58.0,,true
2306,5000.0,16.0,,true
2307,2200.0,140.0,,true
2308,3500.0,391.0,,true
2309,5000.0,600.0,,true
2310,500.0,160.0,,true
2311,125.0,456.0,,true
2312,40.0,359.0,,true
2313,350.0,168.0,,true
2314,500.0,175.0,,false
2315,500.0,562.0,,false
2316,3300.0,29.0,,false
2317,3300.0,25.0,,false
2318,3300.0,26.0,,false
2319,60.0,222.0,,false
2320,60.0,180.0,,false
2321,60.0,215.0,,false
2322,800.0,5.0,,false
2323,60.0,90.0,,false
2324,60.0,90.0,,false
2325,60.0,117.0,,false
2326,60.0,106.0,,false
2327,60.0,100.0,,false
2328,60.0,109.0,,false
2329,60.0,88.0,,false
2330,60.0,97.0,,false
2331,100.0,227.0,,false
2332,100.0,195.0,,false
2333,900.0,7.0,,false
2334,1150.0,17.0,,false
2335,1000.0,6.0,,false
2336,1350.0,49.0,,true
2337,500.0,59.0,,true
2338,5000.0,17.0,,true
2339,2200.0,139.0,,true
2340,3500.0,277.0,,true
2341,5000.0,600.0,,true
2342,500.0,143.0,,true
2343,125.0,510.0,,true
2344,40.0,432.0,,true
2345,350.0,170.0,,true
2346,500.0,183.0,,false
2347,500.0,390.0,,false
2348,3300.0,24.0,,false
2349,3300.0,25.0,,false
2350,3300.0,25.0,,false
2351,60.0,159.0,,false
2352,60.0,227.0,,false
2353,60.0,158.0,,false
2354,60.0,196.0,,false
2355,800.0,5.0,,false
2356,60.0,100.0,,false
2357,60.0,120.0,,false
2358,60.0,96.0,,false
2359,60.0,88.0,,false
2360,60.0,99.0,,false
2361,60.0,103.0,,false
2362,60.0,98.0,,false
2363,60.0,106.0,,false
2364,60.0,86.0,,false
2365,100.0,233.0,,false
2366,100.0,198.0,,false
2367,900.0,8.0,,false
2368,1150.0,14.0,,false
2369,1000.0,5.0,,false
2370,1350.0,47.0,,true
2371,500.0,57.0,,true
2372,5000.0,19.0,,true
2373,2200.0,136.0,,true
2374,3500.0,279.0,,true
2375,5000.0,600.0,,true
2376,500.0,154.0,,true
2377,125.0,529.0,,true
2378,40.0,430.0,,true
2379,350.0,148.0,,true
2380,500.0,177.0,,false
2381,500.0,455.0,,false
2382,3300.0,25.0,,false
2383,3300.0,28.0,,false
2384,3300.0,28.0,,false
2385,60.0,181.0,,false
2386,60.0,179.0,,false
2387,60.0,159.0,,false
2388,60.0,210.0,,false
2389,800.0,6.0,,false
2390,60.0,91.0,,false
2391,60.0,94.0,,false
2392,60.0,113.0,,false
2393,60.0,87.0,,false
2394,60.0,83.0,,false
2395,60.0,88.0,,false
2396,60.0,110.0,,false
2397,100.0,231.0,,false
2398,100.0,197.0,,false
2399,900.0,8.0,,false
2400,1150.0,17.0,,false
2401,1000.0,6.0,,false
2402,1350.0,50.0,,true
2403,500.0,60.0,,true
2404,5000.0,19.0,,true
2405,2200.0,134.0,,true
2406,3500.0,275.0,,true
2407,5000.0,600.0,,true
2408,500.0,157.0,,true
2409,125.0,460.0,,true
2410,40.0,452.0,,true
2411,350.0,155.0,,true
2412,500.0,177.0,,false
2413,500.0,473.0,,false
2414,3300.0,25.0,,false
2415,3300.0,24.0,,false
2416,3300.0,30.0,,false
2417,60.0,182.0,,false
2418,60.0,154.0,,false
2419,60.0,173.0,,false
2420,60.0,242.0,,false
2421,800.0,4.0,,false
2422,60.0,101.0,,false
2423,60.0,106.0,,false
2424,60.0,108.0,,false
2425,60.0,110.0,,false
2426,60.0,110.0,,false
2427,60.0,97.0,,false
2428,60.0,108.0,,false
2429,60.0,113.0,,false
2430,100.0,212.0,,false
2431,100.0,200.0,,false
2432,900.0,7.0,,false
2433,1150.0,18.0,,false
2434,1000.0,5.0,,false
2435,1350.0,46.0,,true
2436,500.0,57.0,,true
2437,5000.0,16.0,,true
2438,2200.0,131.0,,true
2439,3500.0,204.0,,true
2440,5000.0,600.0,,true
2441,500.0,150.0,,true
2442,125.0,479.0,,true
2443,40.0,442.0,,true
2444,350.0,145.0,,true
2445,500.0,174.0,,false
2446,500.0,441.0,,false
2447,3300.0,30.0,,false
2448,3300.0,27.0,,false
2449,3300.0,28.0,,false
2450,60.0,244.0,,false
2451,60.0,250.0,,false
2452,60.0,237.0,,false
2453,800.0,5.0,,false
2454,60.0,105.0,,false
2455,60.0,111.0,,false
2456,60.0,88.0,,false
2457,60.0,94.0,,false
2458,60.0,104.0,,false
2459,60.0,116.0,,false
2460,60.0,101.0,,false
2461,60.0,106.0,,false
2462,60.0,85.0,,false
2463,60.0,118.0,,false
2464,100.0,247.0,,false
2465,100.0,197.0,,false
2466,900.0,10.0,,false
2467,1150.0,14.0,,false
2468,1000.0,8.0,,false
2469,1350.0,50.0,,true
2470,500.0,60.0,,true
2471,5000.0,16.0,,true
2472,2200.0,139.0,,true
2473,3500.0,250.0,,true
2474,5000.0,600.0,,true
2475,500.0,153.0,,true
2476,125.0,484.0,,true
2477,40.0,394.0,,true
2478,350.0,173.0,,true
2479,500.0,186.0,,false
2480,500.0,321.0,,false
2481,3300.0,21.0,,false
2482,3300.0,21.0,,false
2483,3300.0,22.0,,false
2484,60.0,212.0,,false
2485,60.0,245.0,,false
2486,60.0,187.0,,false
2487,60.0,243.0,,false
2488,800.0,6.0,,false
2489,60.0,106.0,,false
2490,60.0,115.0,,false
2491,60.0,97.0,,false
2492,60.0,100.0,,false
2493,60.0,90.0,,false
2494,60.0,101.0,,false
2495,60.0,117.0,,false
2496,60.0,117.0,,false
2497,60.0,90.0,,false
2498,100.0,236.0,,false
2499,100.0,213.0,,false
2500,900.0,10.0,,false
2501,1150.0,15.0,,false
2502,1000.0,6.0,,false
2503,1350.0,50.0,,true
2504,500.0,59.0,,true
2505,5000.0,17.0,,true
2506,2200.0,138.0,,true
2507,3500.0,235.0,,true
2508,5000.0,600.0,,true
2509,500.0,141.0,,true
2510,125.0,516.0,,true
2511,40.0,420.0,,true
2512,350.0,158.0,,true
2513,500.0,193.0,,false
2514,500.0,503.0,,false
2515,3300.0,29.0,,false
2516,3300.0,30.0,,false
2517,3300.0,23.0,,false
2518,60.0,219.0,,false
2519,60.0,177.0,,false
2520,60.0,239.0,,false
2521,800.0,4.0,,false
2522,60.0,115.0,,false
2523,60.0,105.0,,false
2524,60.0,88.0,,false
2525,60.0,103.0,,false
2526,60.0,84.0,,false
2527,60.0,96.0,,false
2528,60.0,81.0,,false
2529,100.0,244.0,,false
2530,100.0,224.0,,false
2531,900.0,9.0,,false
2532,1150.0,17.0,,false
2533,1000.0,5.0,,false
2534,1350.0,50.0,,true
2535,500.0,60.0,,true
2536,5000.0,16.0,,true
2537,2200.0,136.0,,true
2538,3500.0,350.0,,true
2539,5000.0,600.0,,true
2540,500.0,155.0,,true
2541,125.0,493.0,,true
2542,40.0,453.0,,true
2543,350.0,143.0,,true
2544,500.0,172.0,,false
2545,500.0,487.0,,false
2546,3300.0,30.0,,false
2547,3300.0,25.0,,false
2548,3300.0,29.0,,false
2549,60.0,250.0,,false
2550,60.0,172.0,,false
2551,60.0,178.0,,false
2552,800.0,6.0,,false
2553,60.0,113.0,,false
2554,60.0,105.0,,false
2555,60.0,88.0,,false
2556,60.0,120.0,,false
2557,60.0,117.0,,false
2558,60.0,106.0,,false
2559,100.0,204.0,,false
2560,100.0,235.0,,false
2561,900.0,8.0,,false
2562,1150.0,15.0,,false
2563,1000.0,5.0,,false
2564,1350.0,50.0,,true
2565,500.0,56.0,,true
2566,5000.0,19.0,,true
2567,2200.0,140.0,,true
2568,3500.0,259.0,,true
2569,5000.0,600.0,,true
2570,500.0,154.0,,true
2571,125.0,497.0,,true
2572,40.0,357.0,,true
2573,350.0,144.0,,true
2574,500.0,185.0,,false
2575,500.0,567.0,,false
2576,3300.0,27.0,,false
2577,3300.0,30.0,,false
2578,3300.0,29.0,,false
2579,60.0,201.0,,false
2580,60.0,203.0,,false
2581,60.0,177.0,,false
2582,800.0,6.0,,false
2583,60.0,109.0,,false
2584,60.0,95.0,,false
2585,60.0,83.0,,false
2586,60.0,119.0,,false
2587,60.0,112.0,,false
2588,60.0,116.0,,false
2589,60.0,88.0,,false
2590,100.0,193.0,,false
2591,100.0,245.0,,false
2592,900.0,8.0,,false
2593,1150.0,16.0,,false
2594,1000.0,6.0,,false
2595,1350.0,46.0,,true
2596,500.0,56.0,,true
2597,5000.0,19.0,,true
2598,2200.0,136.0,,true
2599,3500.0,227.0,,true
2600,5000.0,600.0,,true
2601,500.0,141.0,,true
2602,125.0,530.0,,true
2603,40.0,413.0,,true
2604,350.0,153.0,,true
2605,500.0,176.0,,false
2606,500.0,536.0,,false
2607,3300.0,29.0,,false
2608,3300.0,24.0,,false
2609,3300.0,24.0,,false
2610,60.0,174.0,,false
2611,60.0,168.0,,false
2612,60.0,186.0,,false
2613,800.0,5.0,,false
2614,60.0,109.0,,false
2615,60.0,113.0,,false
2616,60.0,106.0,,false
2617,60.0,92.0,,false
2618,60.0,97.0,,false
2619,60.0,118.0,,false
2620,60.0,89.0,,false
2621,60.0,90.0,,false
2622,60.0,94.0,,false
2623,100.0,210.0,,false
2624,100.0,222.0,,false
2625,900.0,9.0,,false
2626,1150.0,14.0,,false
2627,1000.0,5.0,,false
2628,1350.0,49.0,,true
2629,500.0,59.0,,true
2630,5000.0,19.0,,true
2631,2200.0,131.0,,true
2632,3500.0,311.0,,true
2633,5000.0,600.0,,true
2634,500.0,147.0,,true
2635,125.0,494.0,,true
2636,40.0,433.0,,true
2637,350.0,155.0,,true
2638,500.0,174.0,,false
2639,500.0,313.0,,false
2640,3300.0,25.0,,false
2641,3300.0,30.0,,false
2642,3300.0,29.0,,false
2643,60.0,161.0,,false
2644,60.0,189.0,,false
2645,60.0,223.0,,false
2646,60.0,216.0,,false
2647,800.0,5.0,,false
2648,60.0,103.0,,false
2649,60.0,104.0,,false
2650,60.0,86.0,,false
2651,60.0,82.0,,false
2652,60.0,107.0,,false
2653,60.0,101.0,,false
2654,60.0,106.0,,false
2655,60.0,93.0,,false
2656,60.0,105.0,,false
2657,100.0,217.0,,false
2658,100.0,230.0,,false
2659,900.0,7.0,,false
2660,1150.0,13.0,,false
2661,1000.0,5.0,,false
2662,1350.0,50.0,,true
2663,500.0,57.0,,true
2664,5000.0,18.0,,true
2665,2200.0,133.0,,true
2666,3500.0,214.0,,true
2667,5000.0,600.0,,true
2668,500.0,152.0,,true
2669,125.0,519.0,,true
2670,40.0,423.0,,true
2671,350.0,149.0,,true
2672,500.0,187.0,,false
2673,500.0,374.0,,false
2674,3300.0,24.0,,false
2675,3300.0,29.0,,false
2676,3300.0,21.0,,false
2677,60.0,219.0,,false
2678,60.0,191.0,,false
2679,60.0,224.0,,false
2680,800.0,6.0,,false
2681,60.0,110.0,,false
2682,60.0,114.0,,false
2683,60.0,107.0,,false
2684,60.0,102.0,,false
2685,60.0,90.0,,false
2686,60.0,90.0,,false
2687,100.0,193.0,,false
2688,100.0,211.0,,false
2689,900.0,7.0,,false
2690,1150.0,18.0,,false
2691,1000.0,8.0,,false
2692,1350.0,48.0,,true
2693,500.0,56.0,,true
2694,5000.0,18.0,,true
2695,2200.0,132.0,,true
2696,3500.0,350.0,,true
2697,5000.0,600.0,,true
2698,500.0,151.0,,true
2699,125.0,505.0,,true
2700,40.0,421.0,,true
2701,350.0,172.0,,true
2702,500.0,191.0,,false
2703,500.0,433.0,,false
2704,3300.0,27.0,,false
2705,3300.0,30.0,,false
2706,3300.0,22.0,,false
2707,60.0,239.0,,false
2708,60.0,207.0,,false
2709,60.0,223.0,,false
2710,60.0,185.0,,false
2711,800.0,5.0,,false
2712,60.0,107.0,,false
2713,60.0,119.0,,false
2714,60.0,114.0,,false
2715,60.0,92.0,,false
2716,60.0,92.0,,false
2717,60.0,84.0,,false
2718,60.0,89.0,,false
2719,60.0,105.0,,false
2720,100.0,205.0,,false
2721,100.0,201.0,,false
2722,900.0,7.0,,false
2723,1150.0,17.0,,false
2724,1000.0,5.0,,false
2725,1350.0,47.0,,true
2726,500.0,59.0,,true
2727,5000.0,19.0,,true
2728,2200.0,132.0,,true
2729,3500.0,376.0,,true
2730,5000.0,600.0,,true
2731,500.0,160.0,,true
2732,125.0,472.0,,true
2733,40.0,450.0,,true
2734,350.0,159.0,,true
2735,500.0,189.0,,false
2736,500.0,530.0,,false
2737,3300.0,30.0,,false
2738,3300.0,30.0,,false
2739,3300.0,23.0,,false
2740,60.0,169.0,,false
2741,60.0,204.0,,false
2742,60.0,212.0,,false
2743,60.0,190.0,,false
2744,800.0,4.0,,false
2745,60.0,101.0,,false
2746,60.0,120.0,,false
2747,60.0,84.0,,false
2748,60.0,110.0,,false
2749,60.0,103.0,,false
2750,60.0,90.0,,false
2751,60.0,116.0,,false
2752,60.0,96.0,,false
2753,60.0,98.0,,false
2754,100.0,223.0,,false
2755,100.0,247.0,,false
2756,900.0,10.0,,false
2757,1150.0,14.0,,false
2758,1000.0,7.0,,false
2759,1350.0,48.0,,true
2760,500.0,57.0,,true
2761,5000.0,17.0,,true
2762,2200.0,137.0,,true
2763,3500.0,396.0,,true
2764,5000.0,600.0,,true
2765,500.0,150.0,,true
2766,125.0,451.0,,true
2767,40.0,417.0,,true
2768,350.0,158.0,,true
2769,500.0,198.0,,false
2770,500.0,308.0,,false
2771,3300.0,24.0,,false
2772,3300.0,29.0,,false
2773,3300.0,28.0,,false
2774,60.0,190.0,,false
2775,60.0,198.0,,false
2776,60.0,182.0,,false
2777,800.0,4.0,,false
2778,60.0,108.0,,false
2779,60.0,102.0,,false
2780,60.0,99.0,,false
2781,60.0,107.0,,false
2782,60.0,109.0,,false
2783,60.0,93.0,,false
2784,60.0,93.0,,false
2785,60.0,114.0,,false
2786,60.0,118.0,,false
2787,100.0,210.0,,false
2788,100.0,247.0,,false
2789,900.0,10.0,,false
2790,1150.0,18.0,,false
2791,1000.0,7.0,,false
2792,1350.0,49.0,,true
2793,500.0,59.0,,true
2794,5000.0,18.0,,true
2795,2200.0,139.0,,true
2796,3500.0,269.0,,true
2797,5000.0,600.0,,true
2798,500.0,149.0,,true
2799,125.0,535.0,,true
2800,40.0,440.0,,true
2801,350.0,151.0,,true
2802,500.0,175.0,,false
2803,500.0,527.0,,false
2804,3300.0,25.0,,false
2805,3300.0,29.0,,false
2806,3300.0,29.0,,false
2807,60.0,196.0,,false
2808,60.0,203.0,,false
2809,60.0,220.0,,false
2810,60.0,203.0,,false
2811,800.0,6.0,,false
2812,60.0,100.0,,false
2813,60.0,89.0,,false
2814,60.0,90.0,,false
2815,60.0,113.0,,false
2816,60.0,102.0,,false
2817,60.0,85.0,,false
2818,60.0,119.0,,false
2819,60.0,109.0,,false
2820,100.0,182.0,,false
2821,100.0,243.0,,false
2822,900.0,10.0,,false
2823,1150.0,17.0,,false
2824,1000.0,8.0,,false
2825,1350.0,49.0,,true
2826,500.0,56.0,,true
2827,5000.0,20.0,,true
2828,2200.0,140.0,,true
2829,3500.0,247.0,,true
2830,5000.0,600.0,,true
2831,500.0,159.0,,true
2832,125.0,536.0,,true
2833,40.0,440.0,,true
2834,350.0,166.0,,true
2835,500.0,184.0,,false
2836,500.0,312.0,,false
2837,3300.0,26.0,,false
2838,3300.0,21.0,,false
2839,3300.0,27.0,,false
2840,60.0,243.0,,false
2841,60.0,174.0,,false
2842,60.0,231.0,,false
2843,60.0,177.0,,false
2844,800.0,4.0,,false
2845,60.0,86.0,,false
2846,60.0,118.0,,false
2847,60.0,116.0,,false
2848,60.0,109.0,,false
2849,60.0,103.0,,false
2850,60.0,84.0,,false
2851,100.0,219.0,,false
2852,100.0,224.0,,false
2853,900.0,7.0,,false
2854,1150.0,13.0,,false
2855,1000.0,6.0,,false
2856,1350.0,50.0,,true
2857,500.0,58.0,,true
2858,5000.0,20.0,,true
2859,2200.0,140.0,,true
2860,3500.0,271.0,,true
2861,5000.0,600.0,,true
2862,500.0,154.0,,true
2863,125.0,458.0,,true
2864,40.0,371.0,,true
2865,350.0,161.0,,true
2866,500.0,171.0,,false
2867,500.0,394.0,,false
2868,3300.0,21.0,,false
2869,3300.0,28.0,,false
2870,3300.0,22.0,,false
2871,60.0,168.0,,false
2872,60.0,180.0,,false
2873,60.0,196.0,,false
2874,60.0,211.0,,false
2875,800.0,6.0,,false
2876,60.0,103.0,,false
2877,60.0,83.0,,false
2878,60.0,100.0,,false
2879,60.0,118.0,,false
2880,60.0,88.0,,false
2881,60.0,88.0,,false
2882,60.0,110.0,,false
2883,60.0,89.0,,false
2884,60.0,105.0,,false
2885,100.0,197.0,,false
2886,100.0,217.0,,false
2887,900.0,7.0,,false
2888,1150.0,16.0,,false
2889,1000.0,5.0,,false
2890,1350.0,49.0,,true
2891,500.0,57.0,,true
2892,5000.0,18.0,,true
2893,2200.0,140.0,,true
2894,3500.0,327.0,,true
2895,5000.0,600.0,,true
2896,500.0,143.0,,true
2897,125.0,509.0,,true
2898,40.0,382.0,,true
2899,350.0,164.0,,true
2900,500.0,190.0,,false
2901,500.0,580.0,,false
2902,3300.0,29.0,,false
2903,3300.0,29.0,,false
2904,3300.0,24.0,,false
2905,60.0,188.0,,false
2906,60.0,196.0,,false
2907,60.0,175.0,,false
2908,800.0,6.0,,false
2909,60.0,120.0,,false
2910,60.0,98.0,,false
2911,60.0,83.0,,false
2912,60.0,97.0,,false
2913,60.0,120.0,,false
2914,60.0,87.0,,false
2915,60.0,95.0,,false
2916,60.0,86.0,,false
2917,60.0,91.0,,false
2918,100.0,239.0,,false
2919,100.0,192.0,,false
2920,900.0,9.0,,false
2921,1150.0,17.0,,false
2922,1000.0,7.0,,false
2923,1350.0,50.0,,true
2924,500.0,59.0,,true
2925,5000.0,17.0,,true
2926,2200.0,131.0,,true
2927,3500.0,325.0,,true
2928,5000.0,600.0,,true
2929,500.0,159.0,,true
2930,125.0,457.0,,true
2931,40.0,362.0,,true
2932,350.0,178.0,,true
2933,500.0,195.0,,false
2934,500.0,436.0,,false
2935,3300.0,26.0,,false
2936,3300.0,21.0,,false
2937,3300.0,25.0,,false
2938,60.0,205.0,,false
2939,60.0,250.0,,false
2940,60.0,236.0,,false
2941,800.0,4.0,,false
2942,60.0,87.0,,false
2943,60.0,95.0,,false
2944,60.0,117.0,,false
2945,60.0,98.0,,false
2946,60.0,100.0,,false
2947,60.0,100.0,,false
2948,100.0,201.0,,false
2949,100.0,221.0,,false
2950,900.0,7.0,,false
2951,1150.0,15.0,,false
2952,1000.0,7.0,,false
2953,1350.0,49.0,,true
2954,500.0,57.0,,true
2955,5000.0,17.0,,true
2956,2200.0,133.0,,true
2957,3500.0,381.0,,true
2958,5000.0,600.0,,true
2959,500.0,143.0,,true
2960,125.0,463.0,,true
2961,40.0,361.0,,true
2962,350.0,157.0,,true
2963,500.0,173.0,,false
2964,500.0,534.0,,false
2965,3300.0,30.0,,false
2966,3300.0,25.0,,false
2967,3300.0,25.0,,false
2968,60.0,239.0,,false
2969,60.0,248.0,,false
2970,60.0,209.0,,false
2971,60.0,232.0,,false
2972,800.0,6.0,,false
2973,60.0,89.0,,false
2974,60.0,117.0,,false
2975,60.0,119.0,,false
2976,60.0,92.0,,false
2977,60.0,114.0,,false
2978,60.0,89.0,,false
2979,60.0,102.0,,false
2980,60.0,83.0,,false
2981,100.0,225.0,,false
2982,100.0,229.0,,false
2983,900.0,10.0,,false
2984,1150.0,16.0,,false
2985,1000.0,6.0,,false
2986,1350.0,49.0,,true
2987,500.0,60.0,,true
2988,5000.0,17.0,,true
2989,2200.0,131.0,,true
2990,3500.0,216.0,,true
2991,5000.0,600.0,,true
2992,500.0,157.0,,true
2993,125.0,452.0,,true
2994,40.0,399.0,,true
2995,350.0,154.0,,true
2996,500.0,178.0,,false
2997,500.0,471.0,,false
2998,3300.0,28.0,,false
2999,3300.0,22.0,,false
3000,3300.0,30.0,,false
3001,60.0,220.0,,false
3002,60.0,195.0,,false
3003,60.0,203.0,,false
3004,800.0,6.0,,false
3005,60.0,98.0,,false
3006,60.0,112.0,,false
3007,60.0,102.0,,false
3008,60.0,97.0,,false
3009,60.0,110.0,,false
3010,60.0,87.0,,false
3011,100.0,235.0,,false
3012,100.0,240.0,,false
3013,900.0,7.0,,false
3014,1150.0,15.0,,false
3015,1000.0,5.0,,false
3016,1350.0,46.0,,true
3017,500.0,59.0,,true
3018,5000.0,16.0,,true
3019,2200.0,136.0,,true
3020,3500.0,394.0,,true
3021,5000.0,600.0,,true
3022,500.0,160.0,,true
3023,125.0,509.0,,true
3024,40.0,360.0,,true
3025,350.0,160.0,,true
3026,500.0,175.0,,false
3027,500.0,525.0,,false
3028,3300.0,21.0,,false
3029,3300.0,27.0,,false
3030,3300.0,28.0,,false
3031,60.0,190.0,,false
3032,60.0,174.0,,false
3033,60.0,178.0,,false
3034,800.0,6.0,,false
3035,60.0,97.0,,false
3036,60.0,91.0,,false
3037,60.0,83.0,,false
3038,60.0,100.0,,false
3039,60.0,91.0,,false
3040,60.0,102.0,,false
3041,60.0,112.0,,false
3042,60.0,101.0,,false
3043,60.0,87.0,,false
3044,60.0,111.0,,false
3045,100.0,236.0,,false
3046,100.0,183.0,,false
3047,900.0,9.0,,false
3048,1150.0,13.0,,false
3049,1000.0,7.0,,false
3050,1350.0,48.0,,true
3051,500.0,60.0,,true
3052,5000.0,18.0,,true
3053,2200.0,137.0,,true
3054,3500.0,377.0,,true
3055,5000.0,600.0,,true
3056,500.0,154.0,,true
3057,125.0,483.0,,true
3058,40.0,433.0,,true
3059,350.0,147.0,,true
3060,500.0,172.0,,false
3061,500.0,597.0,,false
3062,3300.0,26.0,,false
3063,3300.0,23.0,,false
3064,3300.0,24.0,,false
3065,60.0,200.0,,false
3066,60.0,153.0,,false
3067,60.0,248.0,,false
3068,800.0,6.0,,false
3069,60.0,91.0,,false
3070,60.0,102.0,,false
3071,60.0,117.0,,false
3072,60.0,110.0,,false
3073,60.0,106.0,,false
3074,60.0,99.0,,false
3075,60.0,90.0,,false
3076,60.0,100.0,,false
3077,100.0,191.0,,false
3078,100.0,191.0,,false
3079,900.0,7.0,,false
3080,1150.0,13.0,,false
3081,1000.0,7.0,,false
3082,1350.0,47.0,,true
3083,500.0,57.0,,true
3084,5000.0,20.0,,true
3085,2200.0,131.0,,true
3086,3500.0,374.0,,true
3087,5000.0,600.0,,true
3088,500.0,141.0,,true
3089,125.0,546.0,,true
3090,40.0,376.0,,true
3091,350.0,163.0,,true
3092,500.0,189.0,,false
3093,500.0,479.0,,false
3094,3300.0,23.0,,false
3095,3300.0,25.0,,false
3096,3300.0,29.0,,false
3097,60.0,178.0,,false
3098,60.0,231.0,,false
3099,60.0,238.0,,false
3100,60.0,215.0,,false
3101,800.0,5.0,,false
3102,60.0,107.0,,false
3103,60.0,90.0,,false
3104,60.0,119.0,,false
3105,60.0,84.0,,false
3106,60.0,87.0,,false
3107,60.0,102.0,,false
3108,60.0,110.0,,false
3109,100.0,221.0,,false
3110,100.0,210.0,,false
3111,900.0,10.0,,false
3112,1150.0,13.0,,false
3113,1000.0,5.0,,false
3114,1350.0,49.0,,true
3115,500.0,56.0,,true
3116,5000.0,18.0,,true
3117,2200.0,132.0,,true
3118,3500.0,317.0,,true
3119,5000.0,600.0,,true
3120,500.0,157.0,,true
3121,125.0,481.0,,true
3122,40.0,351.0,,true
3123,350.0,171.0,,true
3124,500.0,172.0,,false
3125,500.0,353.0,,false
3126,3300.0,24.0,,false
3127,3300.0,22.0,,false
3128,3300.0,28.0,,false
3129,60.0,199.0,,false
3130,60.0,226.0,,false
3131,60.0,220.0,,false
3132,60.0,233.0,,false
3133,800.0,4.0,,false
3134,60.0,83.0,,false
3135,60.0,111.0,,false
3136,60.0,93.0,,false
3137,60.0,119.0,,false
3138,60.0,86.0,,false
3139,60.0,89.0,,false
3140,100.0,203.0,,false
3141,100.0,248.0,,false
3142,900.0,8.0,,false
3143,1150.0,17.0,,false
3144,1000.0,7.0,,false
3145,1350.0,46.0,,true
3146,500.0,59.0,,true
3147,5000.0,18.0,,true
3148,2200.0,133.0,,true
3149,3500.0,229.0,,true
3150,5000.0,600.0,,true
3151,500.0,146.0,,true
3152,125.0,504.0,,true
3153,40.0,453.0,,true
3154,350.0,147.0,,true
3155,500.0,190.0,,false
3156,500.0,525.0,,false
3157,3300.0,22.0,,false
3158,3300.0,27.0,,false
3159,3300.0,22.0,,false
3160,60.0,192.0,,false
3161,60.0,151.0,,false
3162,60.0,240.0,,false
3163,60.0,202.0,,false
3164,800.0,6.0,,false
3165,60.0,102.0,,false
3166,60.0,98.0,,false
3167,60.0,110.0,,false
3168,60.0,81.0,,false
3169,60.0,99.0,,false
3170,60.0,94.0,,false
3171,60.0,107.0,,false
3172,60.0,84.0,,false
3173,100.0,181.0,,false
3174,100.0,203.0,,false
3175,900.0,10.0,,false
3176,1150.0,16.0,,false
3177,1000.0,5.0,,false
3178,1350.0,49.0,,true
3179,500.0,60.0,,true
3180,5000.0,20.0,,true
3181,2200.0,140.0,,true
3182,3500.0,268.0,,true
3183,5000.0,600.0,,true
3184,500.0,152.0,,true
3185,125.0,535.0,,true
3186,40.0,404.0,,true
3187,350.0,142.0,,true
3188,500.0,171.0,,false
3189,500.0,355.0,,false
3190,3300.0,29.0,,false
3191,3300.0,30.0,,false
3192,3300.0,21.0,,false
3193,60.0,245.0,,false
3194,60.0,211.0,,false
3195,60.0,237.0,,false
3196,60.0,203.0,,false
3197,800.0,6.0,,false
3198,60.0,110.0,,false
3199,60.0,99.0,,false
3200,60.0,112.0,,false
3201,60.0,105.0,,false
3202,60.0,116.0,,false
3203,60.0,110.0,,false
3204,100.0,182.0,,false
3205,100.0,219.0,,false
3206,900.0,10.0,,false
3207,1150.0,13.0,,false
3208,1000.0,8.0,,false
3209,1350.0,46.0,,true
3210,500.0,59.0,,true
3211,5000.0,16.0,,true
3212,2200.0,139.0,,true
3213,3500.0,262.0,,true
3214,5000.0,600.0,,true
3215,500.0,149.0,,true
3216,125.0,533.0,,true
3217,40.0,377.0,,true
3218,350.0,151.0,,true
3219,500.0,172.0,,false
3220,500.0,343.0,,false
3221,3300.0,27.0,,false
3222,3300.0,29.0,,false
3223,3300.0,22.0,,false
3224,60.0,195.0,,false
3225,60.0,151.0,,false
3226,60.0,239.0,,false
3227,60.0,243.0,,false
3228,800.0,6.0,,false
3229,60.0,94.0,,false
3230,60.0,104.0,,false
3231,60.0,110.0,,false
3232,60.0,97.0,,false
3233,60.0,93.0,,false
3234,60.0,107.0,,false
3235,60.0,102.0,,false
3236,60.0,86.0,,false
3237,60.0,101.0,,false
3238,60.0,113.0,,false
3239,100.0,222.0,,false
3240,100.0,219.0,,false
3241,900.0,9.0,,false
3242,1150.0,15.0,,false
3243,1000.0,8.0,,false
