Reference,height,width,stripwidth,preemptable
1,1350.0,47.0,720,true
2,500.0,59.0,,true
3,5000.0,18.0,,true
4,2200.0,140.0,,true
5,3500.0,217.0,,true
6,5000.0,600.0,,true
7,500.0,160.0,,true
8,125.0,539.0,,true
9,40.0,396.0,,true
10,350.0,151.0,,true
11,500.0,174.0,,false
12,500.0,371.0,,false
13,3300.0,21.0,,false
14,3300.0,21.0,,false
15,3300.0,23.0,,false
16,60.0,230.0,,false
17,60.0,221.0,,false
18,60.0,240.0,,false
19,800.0,4.0,,false
20,60.0,117.0,,false
21,60.0,91.0,,false
22,60.0,93.0,,false
23,60.0,97.0,,false
24,60.0,81.0,,false
25,60.0,107.0,,false
26,60.0,86.0,,false
27,100.0,211.0,,false
28,100.0,234.0,,false
29,900.0,9.0,,false
30,1150.0,16.0,,false
31,1000.0,7.0,,false
32,1350.0,50.0,,true
33,500.0,57.0,,true
34,5000.0,17.0,,true
35,2200.0,138.0,,true
36,3500.0,356.0,,true
37,5000.0,600.0,,true
38,500.0,155.0,,true
39,125.0,550.0,,true
40,40.0,446.0,,true
41,350.0,160.0,,true
42,500.0,175.0,,false
43,500.0,407.0,,false
44,3300.0,24.0,,false
45,3300.0,24.0,,false
46,3300.0,21.0,,false
47,60.0,164.0,,false
48,60.0,238.0,,false
49,60.0,190.0,,false
50,60.0,215.0,,false
51,800.0,4.0,,false
52,60.0,109.0,,false
53,60.0,107.0,,false
54,60.0,87.0,,false
55,60.0,102.0,,false
56,60.0,87.0,,false
57,60.0,84.0,,false
58,60.0,117.0,,false
59,100.0,204.0,,false
60,100.0,242.0,,false
61,900.0,8.0,,false
62,1150.0,15.0,,false
63,1000.0,5.0,,false
64,1350.0,49.0,,true
65,500.0,60.0,,true
66,5000.0,16.0,,true
67,2200.0,136.0,,true
68,3500.0,228.0,,true
69,5000.0,600.0,,true
70,500.0,153.0,,true
71,125.0,523.0,,true
72,40.0,435.0,,true
73,350.0,155.0,,true
74,500.0,171.0,,false
75,500.0,315.0,,false
76,3300.0,27.0,,false
77,3300.0,27.0,,false
78,3300.0,24.0,,false
79,60.0,194.0,,false
80,60.0,162.0,,false
81,60.0,219.0,,false
82,800.0,4.0,,false
83,60.0,87.0,,false
84,60.0,118.0,,false
85,60.0,89.0,,false
86,60.0,95.0,,false
87,60.0,85.0,,false
88,60.0,88.0,,false
89,60.0,109.0,,false
90,60.0,97.0,,false
91,60.0,105.0,,false
92,100.0,231.0,,false
93,100.0,250.0,,false
94,900.0,9.0,,false
95,1150.0,16.0,,false
96,1000.0,5.0,,false
97,1350.0,49.0,,true
98,500.0,58.0,,true
99,5000.0,17.0,,true
100,2200.0,136.0,,true
101,3500.0,342.0,,true
102,5000.0,600.0,,true
103,500.0,154.0,,true
104,125.0,550.0,,true
105,40.0,369.0,,true
106,350.0,172.0,,true
107,500.0,183.0,,false
108,500.0,324.0,,false
109,3300.0,22.0,,false
110,3300.0,22.0,,false
111,3300.0,26.0,,false
112,60.0,197.0,,false
113,60.0,247.0,,false
114,60.0,231.0,,false
115,800.0,5.0,,false
116,60.0,83.0,,false
117,60.0,120.0,,false
118,60.0,84.0,,false
119,60.0,85.0,,false
120,60.0,105.0,,false
121,60.0,92.0,,false
122,60.0,92.0,,false
123,60.0,118.0,,false
124,60.0,105.0,,false
125,60.0,119.0,,false
126,100.0,189.0,,false
127,100.0,243.0,,false
128,900.0,7.0,,false
129,1150.0,16.0,,false
130,1000.0,8.0,,false
131,1350.0,48.0,,true
132,500.0,57.0,,true
133,5000.0,18.0,,true
134,2200.0,133.0,,true
135,3500.0,315.0,,true
136,5000.0,600.0,,true
137,500.0,160.0,,true
138,125.0,484.0,,true
139,40.0,401.0,,true
140,350.0,164.0,,true
141,500.0,190.0,,false
142,500.0,435.0,,false
143,3300.0,24.0,,false
144,3300.0,24.0,,false
145,3300.0,23.0,,false
146,60.0,208.0,,false
147,60.0,213.0,,false
148,60.0,241.0,,false
149,800.0,4.0,,false
150,60.0,86.0,,false
151,60.0,85.0,,false
152,60.0,95.0,,false
153,60.0,90.0,,false
154,60.0,95.0,,false
155,60.0,88.0,,false
156,60.0,100.0,,false
157,60.0,97.0,,false
158,100.0,205.0,,false
159,100.0,249.0,,false
160,900.0,9.0,,false
161,1150.0,13.0,,false
162,1000.0,5.0,,false
163,1350.0,48.0,,true
164,500.0,58.0,,true
165,5000.0,19.0,,true
166,2200.0,138.0,,true
167,3500.0,298.0,,true
168,5000.0,600.0,,true
169,500.0,158.0,,true
170,125.0,548.0,,true
171,40.0,432.0,,true
172,350.0,158.0,,true
173,500.0,175.0,,false
174,500.0,391.0,,false
175,3300.0,23.0,,false
176,3300.0,24.0,,false
177,3300.0,30.0,,false
178,60.0,237.0,,false
179,60.0,160.0,,false
180,60.0,215.0,,false
181,800.0,4.0,,false
182,60.0,103.0,,false
183,60.0,88.0,,false
184,60.0,119.0,,false
185,60.0,101.0,,false
186,60.0,110.0,,false
187,60.0,112.0,,false
188,60.0,81.0,,false
189,60.0,113.0,,false
190,100.0,244.0,,false
191,100.0,223.0,,false
192,900.0,8.0,,false
193,1150.0,14.0,,false
194,1000.0,8.0,,false
195,1350.0,47.0,,true
196,500.0,60.0,,true
197,5000.0,16.0,,true
198,2200.0,131.0,,true
199,3500.0,290.0,,true
200,5000.0,600.0,,true
201,500.0,160.0,,true
202,125.0,490.0,,true
203,40.0,397.0,,true
204,350.0,142.0,,true
205,500.0,190.0,,false
206,500.0,428.0,,false
207,3300.0,25.0,,false
208,3300.0,27.0,,false
209,3300.0,25.0,,false
210,60.0,189.0,,false
211,60.0,167.0,,false
212,60.0,219.0,,false
213,800.0,6.0,,false
214,60.0,118.0,,false
215,60.0,115.0,,false
216,60.0,83.0,,false
217,60.0,85.0,,false
218,60.0,103.0,,false
219,60.0,84.0,,false
220,60.0,106.0,,false
221,60.0,118.0,,false
222,60.0,120.0,,false
223,60.0,85.0,,false
224,100.0,242.0,,false
225,100.0,208.0,,false
226,900.0,7.0,,false
227,1150.0,16.0,,false
228,1000.0,7.0,,false
229,1350.0,48.0,,true
230,500.0,56.0,,true
231,5000.0,18.0,,true
232,2200.0,139.0,,true
233,3500.0,368.0,,true
234,5000.0,600.0,,true
235,500.0,141.0,,true
236,125.0,493.0,,true
237,40.0,431.0,,true
238,350.0,143.0,,true
239,500.0,180.0,,false
240,500.0,324.0,,false
241,3300.0,26.0,,false
242,3300.0,28.0,,false
243,3300.0,30.0,,false
244,60.0,170.0,,false
245,60.0,216.0,,false
246,60.0,175.0,,false
247,800.0,4.0,,false
248,60.0,111.0,,false
249,60.0,112.0,,false
250,60.0,98.0,,false
251,60.0,108.0,,false
252,60.0,98.0,,false
253,60.0,97.0,,false
254,60.0,81.0,,false
255,60.0,93.0,,false
256,100.0,238.0,,false
257,100.0,187.0,,false
258,900.0,10.0,,false
259,1150.0,16.0,,false
260,1000.0,5.0,,false
261,1350.0,48.0,,true
262,500.0,60.0,,true
263,5000.0,20.0,,true
264,2200.0,140.0,,true
265,3500.0,255.0,,true
266,5000.0,600.0,,true
267,500.0,144.0,,true
268,125.0,493.0,,true
269,40.0,382.0,,true
270,350.0,159.0,,true
271,500.0,183.0,,false
272,500.0,438.0,,false
273,3300.0,23.0,,false
274,3300.0,28.0,,false
275,3300.0,29.0,,false
276,60.0,198.0,,false
277,60.0,163.0,,false
278,60.0,204.0,,false
279,800.0,5.0,,false
280,60.0,89.0,,false
281,60.0,96.0,,false
282,60.0,116.0,,false
283,60.0,120.0,,false
284,60.0,112.0,,false
285,60.0,107.0,,false
286,60.0,106.0,,false
287,60.0,86.0,,false
288,60.0,85.0,,false
289,60.0,98.0,,false
290,100.0,240.0,,false
291,100.0,197.0,,false
292,900.0,7.0,,false
293,1150.0,13.0,,false
294,1000.0,7.0,,false
295,1350.0,50.0,,true
296,500.0,56.0,,true
297,5000.0,17.0,,true
298,2200.0,136.0,,true
299,3500.0,355.0,,true
300,5000.0,600.0,,true
301,500.0,146.0,,true
302,125.0,462.0,,true
303,40.0,417.0,,true
304,350.0,158.0,,true
305,500.0,185.0,,false
306,500.0,450.0,,false
307,3300.0,30.0,,false
308,3300.0,26.0,,false
309,3300.0,25.0,,false
310,60.0,155.0,,false
311,60.0,190.0,,false
312,60.0,236.0,,false
313,800.0,5.0,,false
314,60.0,88.0,,false
315,60.0,89.0,,false
316,60.0,89.0,,false
317,60.0,88.0,,false
318,60.0,99.0,,false
319,60.0,103.0,,false
320,60.0,82.0,,false
321,60.0,104.0,,false
322,60.0,101.0,,false
323,100.0,220.0,,false
324,100.0,236.0,,false
325,900.0,7.0,,false
326,1150.0,14.0,,false
327,1000.0,7.0,,false
328,1350.0,46.0,,true
329,500.0,56.0,,true
330,5000.0,17.0,,true
331,2200.0,131.0,,true
332,3500.0,281.0,,true
333,5000.0,600.0,,true
334,500.0,148.0,,true
335,125.0,466.0,,true
336,40.0,392.0,,true
337,350.0,152.0,,true
338,500.0,186.0,,false
339,500.0,578.0,,false
340,3300.0,24.0,,false
341,3300.0,28.0,,false
342,3300.0,23.0,,false
343,60.0,212.0,,false
344,60.0,216.0,,false
345,60.0,230.0,,false
346,800.0,5.0,,false
347,60.0,101.0,,false
348,60.0,117.0,,false
349,60.0,83.0,,false
350,60.0,86.0,,false
351,60.0,95.0,,false
352,60.0,112.0,,false
353,60.0,98.0,,false
354,60.0,108.0,,false
355,100.0,240.0,,false
356,100.0,230.0,,false
357,900.0,10.0,,false
358,1150.0,17.0,,false
359,1000.0,6.0,,false
360,1350.0,46.0,,true
361,500.0,56.0,,true
362,5000.0,17.0,,true
363,2200.0,140.0,,true
364,3500.0,383.0,,true
365,5000.0,600.0,,true
366,500.0,148.0,,true
367,125.0,518.0,,true
368,40.0,371.0,,true
369,350.0,157.0,,true
370,500.0,178.0,,false
371,500.0,534.0,,false
372,3300.0,24.0,,false
373,3300.0,26.0,,false
374,3300.0,22.0,,false
375,60.0,176.0,,false
376,60.0,174.0,,false
377,60.0,174.0,,false
378,800.0,4.0,,false
379,60.0,103.0,,false
380,60.0,109.0,,false
381,60.0,89.0,,false
382,60.0,86.0,,false
383,60.0,82.0,,false
384,60.0,101.0,,false
385,60.0,116.0,,false
386,60.0,104.0,,false
387,60.0,120.0,,false
388,60.0,95.0,,false
389,100.0,214.0,,false
390,100.0,206.0,,false
391,900.0,8.0,,false
392,1150.0,14.0,,false
393,1000.0,5.0,,false
394,1350.0,46.0,,true
395,500.0,58.0,,true
396,5000.0,16.0,,true
397,2200.0,131.0,,true
398,3500.0,369.0,,true
399,5000.0,600.0,,true
400,500.0,160.0,,true
401,125.0,488.0,,true
402,40.0,429.0,,true
403,350.0,178.0,,true
404,500.0,197.0,,false
405,500.0,469.0,,false
406,3300.0,25.0,,false
407,3300.0,22.0,,false
408,3300.0,26.0,,false
409,60.0,214.0,,false
410,60.0,223.0,,false
411,60.0,170.0,,false
412,800.0,6.0,,false
413,60.0,109.0,,false
414,60.0,111.0,,false
415,60.0,94.0,,false
416,60.0,88.0,,false
417,60.0,106.0,,false
418,60.0,108.0,,false
419,60.0,98.0,,false
420,100.0,222.0,,false
421,100.0,201.0,,false
422,900.0,7.0,,false
423,1150.0,18.0,,false
424,1000.0,5.0,,false
425,1350.0,46.0,,true
426,500.0,57.0,,true
427,5000.0,17.0,,true
428,2200.0,131.0,,true
429,3500.0,343.0,,true
430,5000.0,600.0,,true
431,500.0,150.0,,true
432,125.0,476.0,,true
433,40.0,391.0,,true
434,350.0,156.0,,true
435,500.0,187.0,,false
436,500.0,310.0,,false
437,3300.0,30.0,,false
438,3300.0,29.0,,false
439,3300.0,28.0,,false
440,60.0,214.0,,false
441,60.0,224.0,,false
442,60.0,225.0,,false
443,60.0,190.0,,false
444,800.0,6.0,,false
445,60.0,90.0,,false
446,60.0,116.0,,false
447,60.0,81.0,,false
448,60.0,118.0,,false
449,60.0,103.0,,false
450,60.0,104.0,,false
451,60.0,97.0,,false
452,100.0,243.0,,false
453,100.0,236.0,,false
454,900.0,8.0,,false
455,1150.0,16.0,,false
456,1000.0,5.0,,false
457,1350.0,46.0,,true
458,500.0,57.0,,true
459,5000.0,16.0,,true
460,2200.0,131.0,,true
461,3500.0,353.0,,true
462,5000.0,600.0,,true
463,500.0,145.0,,true
464,125.0,473.0,,true
465,40.0,399.0,,true
466,350.0,167.0,,true
467,500.0,178.0,,false
468,500.0,311.0,,false
469,3300.0,23.0,,false
470,3300.0,26.0,,false
471,3300.0,26.0,,false
472,60.0,216.0,,false
473,60.0,187.0,,false
474,60.0,170.0,,false
475,60.0,191.0,,false
476,800.0,6.0,,false
477,60.0,119.0,,false
478,60.0,86.0,,false
479,60.0,119.0,,false
480,60.0,83.0,,false
481,60.0,91.0,,false
482,60.0,98.0,,false
483,60.0,82.0,,false
484,100.0,245.0,,false
485,100.0,218.0,,false
486,900.0,9.0,,false
487,1150.0,15.0,,false
488,1000.0,7.0,,false
489,1350.0,49.0,,true
490,500.0,57.0,,true
491,5000.0,19.0,,true
492,2200.0,136.0,,true
493,3500.0,259.0,,true
494,5000.0,600.0,,true
495,500.0,152.0,,true
496,125.0,529.0,,true
497,40.0,422.0,,true
498,350.0,163.0,,true
499,500.0,183.0,,false
500,500.0,482.0,,false
501,3300.0,23.0,,false
502,3300.0,28.0,,false
503,3300.0,27.0,,false
504,60.0,202.0,,false
505,60.0,201.0,,false
506,60.0,167.0,,false
507,60.0,249.0,,false
508,800.0,6.0,,false
509,60.0,105.0,,false
510,60.0,105.0,,false
511,60.0,105.0,,false
512,60.0,107.0,,false
513,60.0,113.0,,false
514,60.0,85.0,,false
515,60.0,91.0,,false
516,60.0,91.0,,false
517,100.0,185.0,,false
518,100.0,228.0,,false
519,900.0,7.0,,false
520,1150.0,18.0,,false
521,1000.0,6.0,,false
522,1350.0,48.0,,true
523,500.0,60.0,,true
524,5000.0,19.0,,true
525,2200.0,131.0,,true
526,3500.0,295.0,,true
527,5000.0,600.0,,true
528,500.0,157.0,,true
529,125.0,508.0,,true
530,40.0,430.0,,true
531,350.0,180.0,,true
532,500.0,172.0,,false
533,500.0,305.0,,false
534,3300.0,26.0,,false
535,3300.0,27.0,,false
536,3300.0,23.0,,false
537,60.0,203.0,,false
538,60.0,212.0,,false
539,60.0,154.0,,false
540,60.0,209.0,,false
541,800.0,6.0,,false
542,60.0,90.0,,false
543,60.0,93.0,,false
544,60.0,101.0,,false
545,60.0,88.0,,false
546,60.0,115.0,,false
547,60.0,117.0,,false
548,60.0,91.0,,false
549,60.0,120.0,,false
550,100.0,234.0,,false
551,100.0,236.0,,false
552,900.0,7.0,,false
553,1150.0,18.0,,false
554,1000.0,6.0,,false
555,1350.0,46.0,,true
556,500.0,58.0,,true
557,5000.0,18.0,,true
558,2200.0,138.0,,true
559,3500.0,338.0,,true
560,5000.0,600.0,,true
561,500.0,146.0,,true
562,125.0,510.0,,true
563,40.0,351.0,,true
564,350.0,147.0,,true
565,500.0,173.0,,false
566,500.0,559.0,,false
567,3300.0,30.0,,false
568,3300.0,29.0,,false
569,3300.0,23.0,,false
570,60.0,192.0,,false
571,60.0,240.0,,false
572,60.0,175.0,,false
573,60.0,161.0,,false
574,800.0,6.0,,false
575,60.0,118.0,,false
576,60.0,113.0,,false
577,60.0,120.0,,false
578,60.0,91.0,,false
579,60.0,108.0,,false
580,60.0,102.0,,false
581,100.0,214.0,,false
582,100.0,213.0,,false
583,900.0,10.0,,false
584,1150.0,17.0,,false
585,1000.0,6.0,,false
586,1350.0,49.0,,true
587,500.0,58.0,,true
588,5000.0,18.0,,true
589,2200.0,139.0,,true
590,3500.0,319.0,,true
591,5000.0,600.0,,true
592,500.0,150.0,,true
593,125.0,457.0,,true
594,40.0,438.0,,true
595,350.0,175.0,,true
596,500.0,196.0,,false
597,500.0,412.0,,false
598,3300.0,25.0,,false
599,3300.0,28.0,,false
600,3300.0,25.0,,false
601,60.0,225.0,,false
602,60.0,161.0,,false
603,60.0,217.0,,false
604,60.0,172.0,,false
605,800.0,4.0,,false
606,60.0,99.0,,false
607,60.0,103.0,,false
608,60.0,83.0,,false
609,60.0,109.0,,false
610,60.0,90.0,,false
611,60.0,117.0,,false
612,60.0,107.0,,false
613,100.0,194.0,,false
614,100.0,213.0,,false
615,900.0,9.0,,false
616,1150.0,17.0,,false
617,1000.0,5.0,,false
618,1350.0,47.0,,true
619,500.0,57.0,,true
620,5000.0,18.0,,true
621,2200.0,136.0,,true
622,3500.0,361.0,,true
623,5000.0,600.0,,true
624,500.0,141.0,,true
625,125.0,486.0,,true
626,40.0,454.0,,true
627,350.0,151.0,,true
628,500.0,191.0,,false
629,500.0,532.0,,false
630,3300.0,21.0,,false
631,3300.0,22.0,,false
632,3300.0,25.0,,false
633,60.0,198.0,,false
634,60.0,161.0,,false
635,60.0,248.0,,false
636,60.0,228.0,,false
637,800.0,5.0,,false
638,60.0,114.0,,false
639,60.0,104.0,,false
640,60.0,111.0,,false
641,60.0,107.0,,false
642,60.0,115.0,,false
643,60.0,102.0,,false
644,60.0,117.0,,false
645,100.0,201.0,,false
646,100.0,232.0,,false
647,900.0,10.0,,false
648,1150.0,13.0,,false
649,1000.0,7.0,,false
650,1350.0,47.0,,true
651,500.0,59.0,,true
652,5000.0,20.0,,true
653,2200.0,131.0,,true
654,3500.0,291.0,,true
655,5000.0,600.0,,true
656,500.0,149.0,,true
657,125.0,484.0,,true
658,40.0,393.0,,true
659,350.0,157.0,,true
660,500.0,178.0,,false
661,500.0,462.0,,false
662,3300.0,23.0,,false
663,3300.0,26.0,,false
664,3300.0,22.0,,false
665,60.0,201.0,,false
666,60.0,182.0,,false
667,60.0,242.0,,false
668,60.0,179.0,,false
669,800.0,4.0,,false
670,60.0,101.0,,false
671,60.0,103.0,,false
672,60.0,108.0,,false
673,60.0,119.0,,false
674,60.0,97.0,,false
675,60.0,114.0,,false
676,60.0,111.0,,false
677,100.0,233.0,,false
678,100.0,202.0,,false
679,900.0,10.0,,false
680,1150.0,14.0,,false
681,1000.0,6.0,,false
682,1350.0,47.0,,true
683,500.0,60.0,,true
684,5000.0,18.0,,true
685,2200.0,139.0,,true
686,3500.0,224.0,,true
687,5000.0,600.0,,true
688,500.0,143.0,,true
689,125.0,540.0,,true
690,40.0,364.0,,true
691,350.0,177.0,,true
692,500.0,194.0,,false
693,500.0,420.0,,false
694,3300.0,30.0,,false
695,3300.0,25.0,,false
696,3300.0,22.0,,false
697,60.0,219.0,,false
698,60.0,210.0,,false
699,60.0,211.0,,false
700,800.0,5.0,,false
701,60.0,93.0,,false
702,60.0,112.0,,false
703,60.0,108.0,,false
704,60.0,116.0,,false
705,60.0,113.0,,false
706,60.0,98.0,,false
707,60.0,103.0,,false
708,60.0,113.0,,false
709,60.0,98.0,,false
710,100.0,232.0,,false
711,100.0,238.0,,false
712,900.0,9.0,,false
713,1150.0,14.0,,false
714,1000.0,5.0,,false
715,1350.0,47.0,,true
716,500.0,57.0,,true
717,5000.0,17.0,,true
718,2200.0,136.0,,true
719,3500.0,283.0,,true
720,5000.0,600.0,,true
721,500.0,143.0,,true
722,125.0,506.0,,true
723,40.0,422.0,,true
724,350.0,147.0,,true
725,500.0,194.0,,false
726,500.0,319.0,,false
727,3300.0,24.0,,false
728,3300.0,24.0,,false
729,3300.0,22.0,,false
730,60.0,198.0,,false
731,60.0,173.0,,false
732,60.0,205.0,,false
733,800.0,6.0,,false
734,60.0,95.0,,false
735,60.0,99.0,,false
736,60.0,99.0,,false
737,60.0,99.0,,false
738,60.0,85.0,,false
739,60.0,98.0,,false
740,60.0,107.0,,false
741,60.0,94.0,,false
742,100.0,223.0,,false
743,100.0,220.0,,false
744,900.0,8.0,,false
745,1150.0,13.0,,false
746,1000.0,6.0,,false
747,1350.0,46.0,,true
748,500.0,56.0,,true
749,5000.0,16.0,,true
750,2200.0,135.0,,true
751,3500.0,290.0,,true
752,5000.0,600.0,,true
753,500.0,159.0,,true
754,125.0,545.0,,true
755,40.0,351.0,,true
756,350.0,180.0,,true
757,500.0,177.0,,false
758,500.0,317.0,,false
759,3300.0,27.0,,false
760,3300.0,24.0,,false
761,3300.0,27.0,,false
762,60.0,157.0,,false
763,60.0,156.0,,false
764,60.0,233.0,,false
765,800.0,4.0,,false
766,60.0,81.0,,false
767,60.0,104.0,,false
768,60.0,110.0,,false
769,60.0,83.0,,false
770,60.0,82.0,,false
771,60.0,93.0,,false
772,60.0,90.0,,false
773,60.0,115.0,,false
774,60.0,92.0,,false
775,60.0,90.0,,false
776,100.0,235.0,,false
777,100.0,223.0,,false
778,900.0,7.0,,false
779,1150.0,15.0,,false
780,1000.0,7.0,,false
781,1350.0,50.0,,true
782,500.0,59.0,,true
783,5000.0,17.0,,true
784,2200.0,135.0,,true
785,3500.0,313.0,,true
786,5000.0,600.0,,true
787,500.0,151.0,,true
788,125.0,523.0,,true
789,40.0,384.0,,true
790,350.0,164.0,,true
791,500.0,176.0,,false
792,500.0,400.0,,false
793,3300.0,24.0,,false
794,3300.0,23.0,,false
795,3300.0,23.0,,false
796,60.0,222.0,,false
797,60.0,216.0,,false
798,60.0,215.0,,false
799,60.0,206.0,,false
800,800.0,6.0,,false
801,60.0,84.0,,false
802,60.0,86.0,,false
803,60.0,105.0,,false
804,60.0,115.0,,false
805,60.0,82.0,,false
806,60.0,94.0,,false
807,60.0,88.0,,false
808,60.0,93.0,,false
809,100.0,207.0,,false
810,100.0,217.0,,false
811,900.0,10.0,,false
812,1150.0,14.0,,false
813,1000.0,6.0,,false
814,1350.0,48.0,,true
815,500.0,56.0,,true
816,5000.0,16.0,,true
817,2200.0,134.0,,true
818,3500.0,302.0,,true
819,5000.0,600.0,,true
820,500.0,153.0,,true
821,125.0,532.0,,true
822,40.0,440.0,,true
823,350.0,154.0,,true
824,500.0,191.0,,false
825,500.0,381.0,,false
826,3300.0,29.0,,false
827,3300.0,22.0,,false
828,3300.0,23.0,,false
829,60.0,199.0,,false
830,60.0,234.0,,false
831,60.0,193.0,,false
832,60.0,181.0,,false
833,800.0,4.0,,false
834,60.0,106.0,,false
835,60.0,88.0,,false
836,60.0,94.0,,false
837,60.0,109.0,,false
838,60.0,104.0,,false
839,60.0,81.0,,false
840,100.0,204.0,,false
841,100.0,213.0,,false
842,900.0,10.0,,false
843,1150.0,13.0,,false
844,1000.0,7.0,,false
845,1350.0,48.0,,true
846,500.0,57.0,,true
847,5000.0,17.0,,true
848,2200.0,138.0,,true
849,3500.0,237.0,,true
850,5000.0,600.0,,true
851,500.0,147.0,,true
852,125.0,506.0,,true
853,40.0,380.0,,true
854,350.0,156.0,,true
855,500.0,194.0,,false
856,500.0,573.0,,false
857,3300.0,23.0,,false
858,3300.0,24.0,,false
859,3300.0,30.0,,false
860,60.0,218.0,,false
861,60.0,176.0,,false
862,60.0,184.0,,false
863,60.0,221.0,,false
864,800.0,5.0,,false
865,60.0,90.0,,false
866,60.0,105.0,,false
867,60.0,112.0,,false
868,60.0,112.0,,false
869,60.0,88.0,,false
870,60.0,104.0,,false
871,60.0,102.0,,false
872,60.0,94.0,,false
873,60.0,88.0,,false
874,100.0,217.0,,false
875,100.0,187.0,,false
876,900.0,9.0,,false
877,1150.0,14.0,,false
878,1000.0,5.0,,false
879,1350.0,47.0,,true
880,500.0,58.0,,true
881,5000.0,18.0,,true
882,2200.0,137.0,,true
883,3500.0,346.0,,true
884,5000.0,600.0,,true
885,500.0,158.0,,true
886,125.0,509.0,,true
887,40.0,368.0,,true
888,350.0,171.0,,true
889,500.0,193.0,,false
890,500.0,468.0,,false
891,3300.0,22.0,,false
892,3300.0,24.0,,false
893,3300.0,21.0,,false
894,60.0,221.0,,false
895,60.0,177.0,,false
896,60.0,172.0,,false
897,60.0,200.0,,false
898,800.0,4.0,,false
899,60.0,86.0,,false
900,60.0,113.0,,false
901,60.0,116.0,,false
902,60.0,99.0,,false
903,60.0,98.0,,false
904,60.0,93.0,,false
905,60.0,94.0,,false
906,60.0,103.0,,false
907,60.0,98.0,,false
908,100.0,213.0,,false
909,100.0,226.0,,false
910,900.0,8.0,,false
911,1150.0,16.0,,false
912,1000.0,5.0,,false
913,1350.0,47.0,,true
914,500.0,59.0,,true
915,5000.0,20.0,,true
916,2200.0,131.0,,true
917,3500.0,267.0,,true
918,5000.0,600.0,,true
919,500.0,156.0,,true
920,125.0,506.0,,true
921,40.0,403.0,,true
922,350.0,160.0,,true
923,500.0,200.0,,false
924,500.0,315.0,,false
925,3300.0,29.0,,false
926,3300.0,28.0,,false
927,3300.0,21.0,,false
928,60.0,189.0,,false
929,60.0,224.0,,false
930,60.0,176.0,,false
931,60.0,154.0,,false
932,800.0,5.0,,false
933,60.0,103.0,,false
934,60.0,98.0,,false
935,60.0,83.0,,false
936,60.0,81.0,,false
937,60.0,104.0,,false
938,60.0,119.0,,false
939,60.0,96.0,,false
940,60.0,85.0,,false
941,100.0,204.0,,false
942,100.0,223.0,,false
943,900.0,8.0,,false
944,1150.0,16.0,,false
945,1000.0,5.0,,false
946,1350.0,50.0,,true
947,500.0,57.0,,true
948,5000.0,20.0,,true
949,2200.0,134.0,,true
950,3500.0,395.0,,true
951,5000.0,600.0,,true
952,500.0,158.0,,true
953,125.0,474.0,,true
954,40.0,443.0,,true
955,350.0,168.0,,true
956,500.0,193.0,,false
957,500.0,555.0,,false
958,3300.0,23.0,,false
959,3300.0,30.0,,false
960,3300.0,21.0,,false
961,60.0,178.0,,false
962,60.0,160.0,,false
963,60.0,155.0,,false
964,800.0,5.0,,false
965,60.0,89.0,,false
966,60.0,112.0,,false
967,60.0,96.0,,false
968,60.0,102.0,,false
969,60.0,100.0,,false
970,60.0,115.0,,false
971,60.0,81.0,,false
972,60.0,101.0,,false
973,60.0,83.0,,false
974,60.0,82.0,,false
975,100.0,235.0,,false
976,100.0,192.0,,false
977,900.0,9.0,,false
978,1150.0,16.0,,false
979,1000.0,7.0,,false
980,1350.0,50.0,,true
981,500.0,58.0,,true
982,5000.0,16.0,,true
983,2200.0,132.0,,true
984,3500.0,348.0,,true
985,5000.0,600.0,,true
986,500.0,157.0,,true
987,125.0,463.0,,true
988,40.0,359.0,,true
989,350.0,141.0,,true
990,500.0,192.0,,false
991,500.0,483.0,,false
992,3300.0,23.0,,false
993,3300.0,21.0,,false
994,3300.0,24.0,,false
995,60.0,176.0,,false
996,60.0,234.0,,false
997,60.0,220.0,,false
998,800.0,6.0,,false
999,60.0,106.0,,false
1000,60.0,83.0,,false
1001,60.0,98.0,,false
1002,60.0,81.0,,false
1003,60.0,115.0,,false
1004,60.0,95.0,,false
1005,60.0,85.0,,false
1006,100.0,241.0,,false
1007,100.0,193.0,,false
1008,900.0,8.0,,false
1009,1150.0,18.0,,false
1010,1000.0,8.0,,false
1011,1350.0,48.0,,true
1012,500.0,57.0,,true
1013,5000.0,19.0,,true
1014,2200.0,134.0,,true
1015,3500.0,312.0,,true
1016,5000.0,600.0,,true
1017,500.0,144.0,,true
1018,125.0,468.0,,true
1019,40.0,374.0,,true
1020,350.0,180.0,,true
1021,500.0,188.0,,false
1022,500.0,344.0,,false
1023,3300.0,21.0,,false
1024,3300.0,23.0,,false
1025,3300.0,27.0,,false
1026,60.0,179.0,,false
1027,60.0,214.0,,false
1028,60.0,181.0,,false
1029,800.0,5.0,,false
1030,60.0,81.0,,false
1031,60.0,93.0,,false
1032,60.0,93.0,,false
1033,60.0,94.0,,false
1034,60.0,105.0,,false
1035,60.0,93.0,,false
1036,60.0,117.0,,false
1037,100.0,228.0,,false
1038,100.0,237.0,,false
1039,900.0,10.0,,false
1040,1150.0,17.0,,false
1041,1000.0,6.0,,false
1042,1350.0,46.0,,true
1043,500.0,58.0,,true
1044,5000.0,16.0,,true
1045,2200.0,137.0,,true
1046,3500.0,287.0,,true
1047,5000.0,600.0,,true
1048,500.0,155.0,,true
1049,125.0,532.0,,true
1050,40.0,428.0,,true
1051,350.0,151.0,,true
1052,500.0,173.0,,false
1053,500.0,545.0,,false
1054,3300.0,21.0,,false
1055,3300.0,30.0,,false
1056,3300.0,25.0,,false
1057,60.0,241.0,,false
1058,60.0,243.0,,false
1059,60.0,184.0,,false
1060,800.0,6.0,,false
1061,60.0,95.0,,false
1062,60.0,106.0,,false
1063,60.0,87.0,,false
1064,60.0,86.0,,false
1065,60.0,113.0,,false
1066,60.0,97.0,,false
1067,60.0,107.0,,false
1068,60.0,111.0,,false
1069,100.0,207.0,,false
1070,100.0,195.0,,false
1071,900.0,9.0,,false
1072,1150.0,16.0,,false
1073,1000.0,8.0,,false
1074,1350.0,48.0,,true
1075,500.0,56.0,,true
1076,5000.0,18.0,,true
1077,2200.0,131.0,,true
1078,3500.0,270.0,,true
1079,5000.0,600.0,,true
1080,500.0,143.0,,true
1081,125.0,461.0,,true
1082,40.0,448.0,,true
1083,350.0,151.0,,true
1084,500.0,187.0,,false
1085,500.0,459.0,,false
1086,3300.0,30.0,,false
1087,3300.0,25.0,,false
1088,3300.0,24.0,,false
1089,60.0,226.0,,false
1090,60.0,153.0,,false
1091,60.0,155.0,,false
1092,60.0,166.0,,false
1093,800.0,4.0,,false
1094,60.0,95.0,,false
1095,60.0,91.0,,false
1096,60.0,85.0,,false
1097,60.0,88.0,,false
1098,60.0,111.0,,false
1099,60.0,120.0,,false
1100,60.0,116.0,,false
1101,60.0,109.0,,false
1102,100.0,211.0,,false
1103,100.0,227.0,,false
1104,900.0,10.0,,false
1105,1150.0,13.0,,false
1106,1000.0,8.0,,false
1107,1350.0,50.0,,true
1108,500.0,58.0,,true
1109,5000.0,19.0,,true
1110,2200.0,132.0,,true
1111,3500.0,213.0,,true
1112,5000.0,600.0,,true
1113,500.0,157.0,,true
1114,125.0,521.0,,true
1115,40.0,360.0,,true
1116,350.0,169.0,,true
1117,500.0,187.0,,false
1118,500.0,515.0,,false
1119,3300.0,21.0,,false
1120,3300.0,22.0,,false
1121,3300.0,24.0,,false
1122,60.0,159.0,,false
1123,60.0,200.0,,false
1124,60.0,156.0,,false
1125,800.0,4.0,,false
1126,60.0,119.0,,false
1127,60.0,93.0,,false
1128,60.0,110.0,,false
1129,60.0,116.0,,false
1130,60.0,118.0,,false
1131,60.0,99.0,,false
1132,60.0,89.0,,false
1133,100.0,241.0,,false
1134,100.0,248.0,,false
1135,900.0,9.0,,false
1136,1150.0,17.0,,false
1137,1000.0,5.0,,false
1138,1350.0,47.0,,true
1139,500.0,60.0,,true
1140,5000.0,20.0,,true
1141,2200.0,134.0,,true
1142,3500.0,278.0,,true
1143,5000.0,600.0,,true
1144,500.0,156.0,,true
1145,125.0,538.0,,true
1146,40.0,368.0,,true
1147,350.0,172.0,,true
1148,500.0,179.0,,false
1149,500.0,559.0,,false
1150,3300.0,28.0,,false
1151,3300.0,24.0,,false
1152,3300.0,21.0,,false
1153,60.0,213.0,,false
1154,60.0,215.0,,false
1155,60.0,159.0,,false
1156,800.0,4.0,,false
1157,60.0,118.0,,false
1158,60.0,110.0,,false
1159,60.0,98.0,,false
1160,60.0,83.0,,false
1161,60.0,116.0,,false
1162,60.0,120.0,,false
1163,60.0,105.0,,false
1164,60.0,81.0,,false
1165,100.0,247.0,,false
1166,100.0,234.0,,false
1167,900.0,8.0,,false
1168,1150.0,15.0,,false
1169,1000.0,5.0,,false
1170,1350.0,46.0,,true
1171,500.0,60.0,,true
1172,5000.0,20.0,,true
1173,2200.0,140.0,,true
1174,3500.0,225.0,,true
1175,5000.0,600.0,,true
1176,500.0,146.0,,true
1177,125.0,479.0,,true
1178,40.0,451.0,,true
1179,350.0,150.0,,true
1180,500.0,188.0,,false
1181,500.0,474.0,,false
1182,3300.0,28.0,,false
1183,3300.0,22.0,,false
1184,3300.0,28.0,,false
1185,60.0,239.0,,false
1186,60.0,190.0,,false
1187,60.0,244.0,,false
1188,60.0,230.0,,false
1189,800.0,5.0,,false
1190,60.0,85.0,,false
1191,60.0,96.0,,false
1192,60.0,117.0,,false
1193,60.0,88.0,,false
1194,60.0,96.0,,false
1195,60.0,116.0,,false
1196,100.0,228.0,,false
1197,100.0,235.0,,false
1198,900.0,9.0,,false
1199,1150.0,17.0,,false
1200,1000.0,6.0,,false
1201,1350.0,49.0,,true
1202,500.0,59.0,,true
1203,5000.0,16.0,,true
1204,2200.0,132.0,,true
1205,3500.0,233.0,,true
1206,5000.0,600.0,,true
1207,500.0,143.0,,true
1208,125.0,460.0,,true
1209,40.0,423.0,,true
1210,350.0,143.0,,true
1211,500.0,188.0,,false
1212,500.0,404.0,,false
1213,3300.0,23.0,,false
1214,3300.0,29.0,,false
1215,3300.0,30.0,,false
1216,60.0,168.0,,false
1217,60.0,153.0,,false
1218,60.0,215.0,,false
1219,800.0,6.0,,false
1220,60.0,105.0,,false
1221,60.0,97.0,,false
1222,60.0,117.0,,false
1223,60.0,87.0,,false
1224,60.0,100.0,,false
1225,60.0,91.0,,false
1226,60.0,83.0,,false
1227,60.0,105.0,,false
1228,60.0,81.0,,false
1229,100.0,211.0,,false
1230,100.0,242.0,,false
1231,900.0,7.0,,false
1232,1150.0,14.0,,false
1233,1000.0,8.0,,false
1234,1350.0,47.0,,true
1235,500.0,57.0,,true
1236,5000.0,18.0,,true
1237,2200.0,135.0,,true
1238,3500.0,212.0,,true
1239,5000.0,600.0,,true
1240,500.0,147.0,,true
1241,125.0,542.0,,true
1242,40.0,413.0,,true
1243,350.0,169.0,,true
1244,500.0,176.0,,false
1245,500.0,469.0,,false
1246,3300.0,28.0,,false
1247,3300.0,30.0,,false
1248,3300.0,21.0,,false
1249,60.0,161.0,,false
1250,60.0,205.0,,false
1251,60.0,205.0,,false
1252,60.0,170.0,,false
1253,800.0,4.0,,false
1254,60.0,111.0,,false
1255,60.0,120.0,,false
1256,60.0,91.0,,false
1257,60.0,120.0,,false
1258,60.0,107.0,,false
1259,60.0,92.0,,false
1260,60.0,111.0,,false
1261,100.0,233.0,,false
1262,100.0,192.0,,false
1263,900.0,9.0,,false
1264,1150.0,13.0,,false
1265,1000.0,7.0,,false
1266,1350.0,47.0,,true
1267,500.0,56.0,,true
1268,5000.0,17.0,,true
1269,2200.0,131.0,,true
1270,3500.0,398.0,,true
1271,5000.0,600.0,,true
1272,500.0,147.0,,true
1273,125.0,511.0,,true
1274,40.0,458.0,,true
1275,350.0,153.0,,true
1276,500.0,175.0,,false
1277,500.0,600.0,,false
1278,3300.0,24.0,,false
1279,3300.0,22.0,,false
1280,3300.0,26.0,,false
1281,60.0,176.0,,false
1282,60.0,198.0,,false
1283,60.0,230.0,,false
1284,60.0,158.0,,false
1285,800.0,6.0,,false
1286,60.0,111.0,,false
1287,60.0,119.0,,false
1288,60.0,114.0,,false
1289,60.0,83.0,,false
1290,60.0,81.0,,false
1291,60.0,86.0,,false
1292,60.0,87.0,,false
1293,60.0,119.0,,false
1294,60.0,104.0,,false
1295,100.0,237.0,,false
1296,100.0,233.0,,false
1297,900.0,7.0,,false
1298,1150.0,13.0,,false
1299,1000.0,8.0,,false
1300,1350.0,46.0,,true
1301,500.0,60.0,,true
1302,5000.0,16.0,,true
1303,2200.0,137.0,,true
1304,3500.0,330.0,,true
1305,5000.0,600.0,,true
1306,500.0,150.0,,true
1307,125.0,463.0,,true
1308,40.0,358.0,,true
1309,350.0,174.0,,true
1310,500.0,190.0,,false
1311,500.0,364.0,,false
1312,3300.0,29.0,,false
1313,3300.0,27.0,,false
1314,3300.0,22.0,,false
1315,60.0,248.0,,false
1316,60.0,168.0,,false
1317,60.0,197.0,,false
1318,800.0,5.0,,false
1319,60.0,82.0,,false
1320,60.0,97.0,,false
1321,60.0,109.0,,false
1322,60.0,92.0,,false
1323,60.0,83.0,,false
1324,60.0,120.0,,false
1325,60.0,95.0,,false
1326,60.0,120.0,,false
1327,60.0,90.0,,false
1328,60.0,97.0,,false
1329,100.0,246.0,,false
1330,100.0,194.0,,false
1331,900.0,9.0,,false
1332,1150.0,13.0,,false
1333,1000.0,7.0,,false
1334,1350.0,47.0,,true
1335,500.0,60.0,,true
1336,5000.0,16.0,,true
1337,2200.0,140.0,,true
1338,3500.0,363.0,,true
1339,5000.0,600.0,,true
1340,500.0,148.0,,true
1341,125.0,549.0,,true
1342,40.0,377.0,,true
1343,350.0,179.0,,true
1344,500.0,171.0,,false
1345,500.0,375.0,,false
1346,3300.0,22.0,,false
1347,3300.0,23.0,,false
1348,3300.0,30.0,,false
1349,60.0,188.0,,false
1350,60.0,229.0,,false
1351,60.0,243.0,,false
1352,800.0,4.0,,false
1353,60.0,108.0,,false
1354,60.0,115.0,,false
1355,60.0,97.0,,false
1356,60.0,82.0,,false
1357,60.0,92.0,,false
1358,60.0,118.0,,false
1359,60.0,93.0,,false
1360,100.0,237.0,,false
1361,100.0,201.0,,false
1362,900.0,7.0,,false
1363,1150.0,18.0,,false
1364,1000.0,5.0,,false
1365,1350.0,50.0,,true
1366,500.0,60.0,,true
1367,5000.0,16.0,,true
1368,2200.0,133.0,,true
1369,3500.0,378.0,,true
1370,5000.0,600.0,,true
1371,500.0,143.0,,true
1372,125.0,504.0,,true
1373,40.0,436.0,,true
1374,350.0,150.0,,true
1375,500.0,196.0,,false
1376,500.0,479.0,,false
1377,3300.0,24.0,,false
1378,3300.0,30.0,,false
1379,3300.0,23.0,,false
1380,60.0,229.0,,false
1381,60.0,234.0,,false
1382,60.0,165.0,,false
1383,800.0,6.0,,false
1384,60.0,116.0,,false
1385,60.0,87.0,,false
1386,60.0,85.0,,false
1387,60.0,99.0,,false
1388,60.0,118.0,,false
1389,60.0,117.0,,false
1390,100.0,195.0,,false
1391,100.0,235.0,,false
1392,900.0,10.0,,false
1393,1150.0,13.0,,false
1394,1000.0,7.0,,false
1395,1350.0,47.0,,true
1396,500.0,59.0,,true
1397,5000.0,20.0,,true
1398,2200.0,131.0,,true
1399,3500.0,396.0,,true
1400,5000.0,600.0,,true
1401,500.0,150.0,,true
1402,125.0,536.0,,true
1403,40.0,379.0,,true
1404,350.0,176.0,,true
1405,500.0,190.0,,false
1406,500.0,559.0,,false
1407,3300.0,25.0,,false
1408,3300.0,28.0,,false
1409,3300.0,25.0,,false
1410,60.0,219.0,,false
1411,60.0,202.0,,false
1412,60.0,195.0,,false
1413,60.0,194.0,,false
1414,800.0,4.0,,false
1415,60.0,83.0,,false
1416,60.0,111.0,,false
1417,60.0,112.0,,false
1418,60.0,119.0,,false
1419,60.0,100.0,,false
1420,60.0,87.0,,false
1421,60.0,116.0,,false
1422,60.0,84.0,,false
1423,100.0,219.0,,false
1424,100.0,221.0,,false
1425,900.0,8.0,,false
1426,1150.0,14.0,,false
1427,1000.0,8.0,,false
1428,1350.0,48.0,,true
1429,500.0,57.0,,true
1430,5000.0,18.0,,true
1431,2200.0,137.0,,true
1432,3500.0,333.0,,true
1433,5000.0,600.0,,true
1434,500.0,152.0,,true
1435,125.0,469.0,,true
1436,40.0,406.0,,true
1437,350.0,151.0,,true
1438,500.0,182.0,,false
1439,500.0,505.0,,false
1440,3300.0,27.0,,false
1441,3300.0,30.0,,false
1442,3300.0,23.0,,false
1443,60.0,210.0,,false
1444,60.0,180.0,,false
1445,60.0,213.0,,false
1446,60.0,153.0,,false
1447,800.0,6.0,,false
1448,60.0,103.0,,false
1449,60.0,85.0,,false
1450,60.0,102.0,,false
1451,60.0,114.0,,false
1452,60.0,117.0,,false
1453,60.0,101.0,,false
1454,60.0,115.0,,false
1455,60.0,100.0,,false
1456,100.0,234.0,,false
1457,100.0,237.0,,false
1458,900.0,7.0,,false
1459,1150.0,17.0,,false
1460,1000.0,7.0,,false
1461,1350.0,46.0,,true
1462,500.0,60.0,,true
1463,5000.0,18.0,,true
1464,2200.0,133.0,,true
1465,3500.0,356.0,,true
1466,5000.0,600.0,,true
1467,500.0,151.0,,true
1468,125.0,511.0,,true
1469,40.0,424.0,,true
1470,350.0,174.0,,true
1471,500.0,197.0,,false
1472,500.0,521.0,,false
1473,3300.0,24.0,,false
1474,3300.0,21.0,,false
1475,3300.0,28.0,,false
1476,60.0,172.0,,false
1477,60.0,250.0,,false
1478,60.0,206.0,,false
1479,60.0,214.0,,false
1480,800.0,6.0,,false
1481,60.0,97.0,,false
1482,60.0,82.0,,false
1483,60.0,84.0,,false
1484,60.0,102.0,,false
1485,60.0,85.0,,false
1486,60.0,103.0,,false
1487,100.0,229.0,,false
1488,100.0,243.0,,false
1489,900.0,7.0,,false
1490,1150.0,17.0,,false
1491,1000.0,7.0,,false
1492,1350.0,47.0,,true
1493,500.0,56.0,,true
1494,5000.0,20.0,,true
1495,2200.0,138.0,,true
1496,3500.0,292.0,,true
1497,5000.0,600.0,,true
1498,500.0,143.0,,true
1499,125.0,503.0,,true
1500,40.0,398.0,,true
1501,350.0,151.0,,true
1502,500.0,186.0,,false
1503,500.0,459.0,,false
1504,3300.0,27.0,,false
1505,3300.0,26.0,,false
1506,3300.0,23.0,,false
1507,60.0,247.0,,false
1508,60.0,235.0,,false
1509,60.0,193.0,,false
1510,60.0,198.0,,false
1511,800.0,4.0,,false
1512,60.0,106.0,,false
1513,60.0,119.0,,false
1514,60.0,92.0,,false
1515,60.0,83.0,,false
1516,60.0,107.0,,false
1517,60.0,87.0,,false
1518,60.0,96.0,,false
1519,100.0,224.0,,false
1520,100.0,249.0,,false
1521,900.0,7.0,,false
1522,1150.0,18.0,,false
1523,1000.0,8.0,,false
1524,1350.0,46.0,,true
1525,500.0,56.0,,true
1526,5000.0,19.0,,true
1527,2200.0,134.0,,true
1528,3500.0,363.0,,true
1529,5000.0,600.0,,true
1530,500.0,150.0,,true
1531,125.0,486.0,,true
1532,40.0,386.0,,true
1533,350.0,159.0,,true
1534,500.0,197.0,,false
1535,500.0,581.0,,false
1536,3300.0,23.0,,false
1537,3300.0,21.0,,false
1538,3300.0,21.0,,false
1539,60.0,238.0,,false
1540,60.0,206.0,,false
1541,60.0,190.0,,false
1542,60.0,250.0,,false
1543,800.0,5.0,,false
1544,60.0,94.0,,false
1545,60.0,81.0,,false
1546,60.0,81.0,,false
1547,60.0,97.0,,false
1548,60.0,110.0,,false
1549,60.0,83.0,,false
1550,60.0,110.0,,false
1551,60.0,106.0,,false
1552,100.0,194.0,,false
1553,100.0,209.0,,false
1554,900.0,10.0,,false
1555,1150.0,16.0,,false
1556,1000.0,7.0,,false
1557,1350.0,47.0,,true
1558,500.0,60.0,,true
1559,5000.0,20.0,,true
1560,2200.0,138.0,,true
1561,3500.0,378.0,,true
1562,5000.0,600.0,,true
1563,500.0,158.0,,true
1564,125.0,482.0,,true
1565,40.0,455.0,,true
1566,350.0,164.0,,true
1567,500.0,175.0,,false
1568,500.0,591.0,,false
1569,3300.0,25.0,,false
1570,3300.0,24.0,,false
1571,3300.0,21.0,,false
1572,60.0,196.0,,false
1573,60.0,162.0,,false
1574,60.0,179.0,,false
1575,800.0,5.0,,false
1576,60.0,97.0,,false
1577,60.0,111.0,,false
1578,60.0,100.0,,false
1579,60.0,107.0,,false
1580,60.0,115.0,,false
1581,60.0,86.0,,false
1582,60.0,119.0,,false
1583,60.0,100.0,,false
1584,60.0,120.0,,false
1585,100.0,234.0,,false
1586,100.0,190.0,,false
1587,900.0,9.0,,false
1588,1150.0,14.0,,false
1589,1000.0,6.0,,false
1590,1350.0,50.0,,true
1591,500.0,60.0,,true
1592,5000.0,16.0,,true
1593,2200.0,133.0,,true
1594,3500.0,305.0,,true
1595,5000.0,600.0,,true
1596,500.0,156.0,,true
1597,125.0,519.0,,true
1598,40.0,447.0,,true
1599,350.0,165.0,,true
1600,500.0,180.0,,false
1601,500.0,468.0,,false
1602,3300.0,30.0,,false
1603,3300.0,29.0,,false
1604,3300.0,21.0,,false
1605,60.0,160.0,,false
1606,60.0,180.0,,false
1607,60.0,193.0,,false
1608,60.0,153.0,,false
1609,800.0,5.0,,false
1610,60.0,97.0,,false
1611,60.0,106.0,,false
1612,60.0,106.0,,false
1613,60.0,89.0,,false
1614,60.0,86.0,,false
1615,60.0,91.0,,false
1616,60.0,101.0,,false
1617,60.0,96.0,,false
1618,60.0,83.0,,false
1619,100.0,247.0,,false
1620,100.0,230.0,,false
1621,900.0,8.0,,false
1622,1150.0,17.0,,false
1623,1000.0,8.0,,false
1624,1350.0,49.0,,true
1625,500.0,58.0,,true
1626,5000.0,18.0,,true
1627,2200.0,140.0,,true
1628,3500.0,355.0,,true
1629,5000.0,600.0,,true
1630,500.0,158.0,,true
1631,125.0,465.0,,true
1632,40.0,364.0,,true
1633,350.0,168.0,,true
1634,500.0,199.0,,false
1635,500.0,379.0,,false
1636,3300.0,22.0,,false
1637,3300.0,29.0,,false
1638,3300.0,24.0,,false
1639,60.0,201.0,,false
1640,60.0,237.0,,false
1641,60.0,191.0,,false
1642,800.0,6.0,,false
1643,60.0,93.0,,false
1644,60.0,100.0,,false
1645,60.0,101.0,,false
1646,60.0,113.0,,false
1647,60.0,99.0,,false
1648,60.0,114.0,,false
1649,60.0,115.0,,false
1650,60.0,104.0,,false
1651,60.0,91.0,,false
1652,60.0,90.0,,false
1653,100.0,219.0,,false
1654,100.0,181.0,,false
1655,900.0,7.0,,false
1656,1150.0,13.0,,false
1657,1000.0,5.0,,false
1658,1350.0,50.0,,true
1659,500.0,56.0,,true
1660,5000.0,20.0,,true
1661,2200.0,135.0,,true
1662,3500.0,215.0,,true
1663,5000.0,600.0,,true
1664,500.0,144.0,,true
1665,125.0,494.0,,true
1666,40.0,351.0,,true
1667,350.0,143.0,,true
1668,500.0,196.0,,false
1669,500.0,403.0,,false
1670,3300.0,30.0,,false
1671,3300.0,28.0,,false
1672,3300.0,25.0,,false
1673,60.0,212.0,,false
1674,60.0,176.0,,false
1675,60.0,153.0,,false
1676,800.0,4.0,,false
1677,60.0,113.0,,false
1678,60.0,86.0,,false
1679,60.0,112.0,,false
1680,60.0,111.0,,false
1681,60.0,94.0,,false
1682,60.0,95.0,,false
1683,60.0,99.0,,false
1684,60.0,118.0,,false
1685,60.0,81.0,,false
1686,60.0,91.0,,false
1687,100.0,243.0,,false
1688,100.0,209.0,,false
1689,900.0,9.0,,false
1690,1150.0,15.0,,false
1691,1000.0,7.0,,false
1692,1350.0,49.0,,true
1693,500.0,56.0,,true
1694,5000.0,19.0,,true
1695,2200.0,137.0,,true
1696,3500.0,241.0,,true
1697,5000.0,600.0,,true
1698,500.0,158.0,,true
1699,125.0,454.0,,true
1700,40.0,363.0,,true
1701,350.0,170.0,,true
1702,500.0,171.0,,false
1703,500.0,478.0,,false
1704,3300.0,23.0,,false
1705,3300.0,23.0,,false
1706,3300.0,24.0,,false
1707,60.0,236.0,,false
1708,60.0,165.0,,false
1709,60.0,237.0,,false
1710,60.0,191.0,,false
1711,800.0,4.0,,false
1712,60.0,117.0,,false
1713,60.0,107.0,,false
1714,60.0,114.0,,false
1715,60.0,97.0,,false
1716,60.0,108.0,,false
1717,60.0,105.0,,false
1718,100.0,228.0,,false
1719,100.0,220.0,,false
1720,900.0,8.0,,false
1721,1150.0,15.0,,false
1722,1000.0,6.0,,false
1723,1350.0,46.0,,true
1724,500.0,60.0,,true
1725,5000.0,18.0,,true
1726,2200.0,132.0,,true
1727,3500.0,335.0,,true
1728,5000.0,600.0,,true
1729,500.0,147.0,,true
1730,125.0,497.0,,true
1731,40.0,411.0,,true
1732,350.0,143.0,,true
1733,500.0,190.0,,false
1734,500.0,364.0,,false
1735,3300.0,22.0,,false
1736,3300.0,21.0,,false
1737,3300.0,21.0,,false
1738,60.0,242.0,,false
1739,60.0,239.0,,false
1740,60.0,178.0,,false
1741,800.0,4.0,,false
1742,60.0,102.0,,false
1743,60.0,86.0,,false
1744,60.0,97.0,,false
1745,60.0,91.0,,false
1746,60.0,93.0,,false
1747,60.0,110.0,,false
1748,60.0,82.0,,false
1749,100.0,200.0,,false
1750,100.0,200.0,,false
1751,900.0,9.0,,false
1752,1150.0,15.0,,false
1753,1000.0,7.0,,false
1754,1350.0,49.0,,true
1755,500.0,58.0,,true
1756,5000.0,16.0,,true
1757,2200.0,137.0,,true
1758,3500.0,389.0,,true
1759,5000.0,600.0,,true
1760,500.0,149.0,,true
1761,125.0,546.0,,true
1762,40.0,446.0,,true
1763,350.0,167.0,,true
1764,500.0,197.0,,false
1765,500.0,463.0,,false
1766,3300.0,27.0,,false
1767,3300.0,27.0,,false
1768,3300.0,21.0,,false
1769,60.0,232.0,,false
1770,60.0,236.0,,false
1771,60.0,171.0,,false
1772,800.0,5.0,,false
1773,60.0,100.0,,false
1774,60.0,85.0,,false
1775,60.0,105.0,,false
1776,60.0,113.0,,false
1777,60.0,85.0,,false
1778,60.0,83.0,,false
1779,60.0,112.0,,false
1780,60.0,109.0,,false
1781,60.0,116.0,,false
1782,60.0,120.0,,false
1783,100.0,213.0,,false
1784,100.0,181.0,,false
1785,900.0,9.0,,false
1786,1150.0,17.0,,false
1787,1000.0,6.0,,false
1788,1350.0,48.0,,true
1789,500.0,58.0,,true
1790,5000.0,19.0,,true
1791,2200.0,134.0,,true
1792,3500.0,306.0,,true
1793,5000.0,600.0,,true
1794,500.0,145.0,,true
1795,125.0,464.0,,true
1796,40.0,409.0,,true
1797,350.0,177.0,,true
1798,500.0,175.0,,false
1799,500.0,363.0,,false
1800,3300.0,29.0,,false
1801,3300.0,28.0,,false
1802,3300.0,22.0,,false
1803,60.0,193.0,,false
1804,60.0,193.0,,false
1805,60.0,246.0,,false
1806,60.0,209.0,,false
1807,800.0,5.0,,false
1808,60.0,92.0,,false
1809,60.0,81.0,,false
1810,60.0,109.0,,false
1811,60.0,120.0,,false
1812,60.0,119.0,,false
1813,60.0,93.0,,false
1814,100.0,250.0,,false
1815,100.0,215.0,,false
1816,900.0,7.0,,false
1817,1150.0,15.0,,false
1818,1000.0,5.0,,false
1819,1350.0,48.0,,true
1820,500.0,58.0,,true
1821,5000.0,16.0,,true
1822,2200.0,140.0,,true
1823,3500.0,316.0,,true
1824,5000.0,600.0,,true
1825,500.0,150.0,,true
1826,125.0,468.0,,true
1827,40.0,375.0,,true
1828,350.0,158.0,,true
1829,500.0,181.0,,false
1830,500.0,557.0,,false
1831,3300.0,21.0,,false
1832,3300.0,21.0,,false
1833,3300.0,27.0,,false
1834,60.0,242.0,,false
1835,60.0,250.0,,false
1836,60.0,235.0,,false
1837,60.0,194.0,,false
1838,800.0,5.0,,false
1839,60.0,118.0,,false
1840,60.0,113.0,,false
1841,60.0,81.0,,false
1842,60.0,87.0,,false
1843,60.0,90.0,,false
1844,60.0,82.0,,false
1845,60.0,97.0,,false
1846,60.0,113.0,,false
1847,60.0,98.0,,false
1848,100.0,241.0,,false
1849,100.0,245.0,,false
1850,900.0,9.0,,false
1851,1150.0,15.0,,false
1852,1000.0,7.0,,false
1853,1350.0,50.0,,true
1854,500.0,59.0,,true
1855,5000.0,18.0,,true
1856,2200.0,136.0,,true
1857,3500.0,380.0,,true
1858,5000.0,600.0,,true
1859,500.0,141.0,,true
1860,125.0,545.0,,true
1861,40.0,396.0,,true
1862,350.0,177.0,,true
1863,500.0,183.0,,false
1864,500.0,573.0,,false
1865,3300.0,27.0,,false
1866,3300.0,22.0,,false
1867,3300.0,23.0,,false
1868,60.0,195.0,,false
1869,60.0,247.0,,false
1870,60.0,154.0,,false
1871,60.0,161.0,,false
1872,800.0,5.0,,false
1873,60.0,120.0,,false
1874,60.0,112.0,,false
1875,60.0,87.0,,false
1876,60.0,111.0,,false
1877,60.0,110.0,,false
1878,60.0,109.0,,false
1879,60.0,94.0,,false
1880,60.0,111.0,,false
1881,60.0,108.0,,false
1882,100.0,246.0,,false
1883,100.0,199.0,,false
1884,900.0,8.0,,false
1885,1150.0,15.0,,false
1886,1000.0,8.0,,false
1887,1350.0,46.0,,true
1888,500.0,59.0,,true
1889,5000.0,20.0,,true
1890,2200.0,139.0,,true
1891,3500.0,248.0,,true
1892,5000.0,600.0,,true
1893,500.0,141.0,,true
1894,125.0,520.0,,true
1895,40.0,436.0,,true
1896,350.0,156.0,,true
1897,500.0,180.0,,false
1898,500.0,488.0,,false
1899,3300.0,30.0,,false
1900,3300.0,28.0,,false
1901,3300.0,27.0,,false
1902,60.0,222.0,,false
1903,60.0,187.0,,false
1904,60.0,215.0,,false
1905,60.0,166.0,,false
1906,800.0,6.0,,false
1907,60.0,107.0,,false
1908,60.0,116.0,,false
1909,60.0,103.0,,false
1910,60.0,106.0,,false
1911,60.0,104.0,,false
1912,60.0,120.0,,false
1913,60.0,115.0,,false
1914,100.0,205.0,,false
1915,100.0,222.0,,false
1916,900.0,8.0,,false
1917,1150.0,16.0,,false
1918,1000.0,6.0,,false
1919,1350.0,50.0,,true
1920,500.0,60.0,,true
1921,5000.0,18.0,,true
1922,2200.0,135.0,,true
1923,3500.0,378.0,,true
1924,5000.0,600.0,,true
1925,500.0,159.0,,true
1926,125.0,471.0,,true
1927,40.0,406.0,,true
1928,350.0,162.0,,true
1929,500.0,184.0,,false
1930,500.0,533.0,,false
1931,3300.0,26.0,,false
1932,3300.0,24.0,,false
1933,3300.0,22.0,,false
1934,60.0,190.0,,false
1935,60.0,244.0,,false
1936,60.0,231.0,,false
1937,60.0,174.0,,false
1938,800.0,6.0,,false
1939,60.0,100.0,,false
1940,60.0,119.0,,false
1941,60.0,119.0,,false
1942,60.0,112.0,,false
1943,60.0,102.0,,false
1944,60.0,91.0,,false
1945,60.0,110.0,,false
1946,100.0,238.0,,false
1947,100.0,197.0,,false
1948,900.0,10.0,,false
1949,1150.0,17.0,,false
1950,1000.0,7.0,,false
1951,1350.0,46.0,,true
1952,500.0,58.0,,true
1953,5000.0,17.0,,true
1954,2200.0,132.0,,true
1955,3500.0,321.0,,true
1956,5000.0,600.0,,true
1957,500.0,158.0,,true
1958,125.0,524.0,,true
1959,40.0,352.0,,true
1960,350.0,147.0,,true
1961,500.0,187.0,,false
1962,500.0,582.0,,false
1963,3300.0,29.0,,false
1964,3300.0,21.0,,false
1965,3300.0,27.0,,false
1966,60.0,183.0,,false
1967,60.0,191.0,,false
1968,60.0,248.0,,false
1969,60.0,241.0,,false
1970,800.0,4.0,,false
1971,60.0,120.0,,false
1972,60.0,120.0,,false
1973,60.0,110.0,,false
1974,60.0,88.0,,false
1975,60.0,113.0,,false
1976,60.0,103.0,,false
1977,60.0,89.0,,false
1978,100.0,236.0,,false
1979,100.0,231.0,,false
1980,900.0,10.0,,false
1981,1150.0,17.0,,false
1982,1000.0,6.0,,false
1983,1350.0,48.0,,true
1984,500.0,59.0,,true
1985,5000.0,18.0,,true
1986,2200.0,136.0,,true
1987,3500.0,217.0,,true
1988,5000.0,600.0,,true
1989,500.0,150.0,,true
1990,125.0,512.0,,true
1991,40.0,351.0,,true
1992,350.0,167.0,,true
1993,500.0,198.0,,false
1994,500.0,325.0,,false
1995,3300.0,21.0,,false
1996,3300.0,26.0,,false
1997,3300.0,27.0,,false
1998,60.0,172.0,,false
1999,60.0,190.0,,false
2000,60.0,181.0,,false
2001,60.0,216.0,,false
2002,800.0,4.0,,false
2003,60.0,99.0,,false
2004,60.0,81.0,,false
2005,60.0,97.0,,false
2006,60.0,108.0,,false
2007,60.0,115.0,,false
2008,60.0,89.0,,false
2009,60.0,89.0,,false
2010,60.0,112.0,,false
2011,60.0,118.0,,false
2012,100.0,247.0,,false
2013,100.0,196.0,,false
2014,900.0,9.0,,false
2015,1150.0,17.0,,false
2016,1000.0,7.0,,false
2017,1350.0,48.0,,true
2018,500.0,57.0,,true
2019,5000.0,17.0,,true
2020,2200.0,138.0,,true
2021,3500.0,302.0,,true
2022,5000.0,600.0,,true
2023,500.0,142.0,,true
2024,125.0,451.0,,true
2025,40.0,447.0,,true
2026,350.0,180.0,,true
2027,500.0,189.0,,false
2028,500.0,424.0,,false
2029,3300.0,27.0,,false
2030,3300.0,28.0,,false
2031,3300.0,27.0,,false
2032,60.0,220.0,,false
2033,60.0,162.0,,false
2034,60.0,214.0,,false
2035,60.0,205.0,,false
2036,800.0,4.0,,false
2037,60.0,110.0,,false
2038,60.0,98.0,,false
2039,60.0,120.0,,false
2040,60.0,93.0,,false
2041,60.0,116.0,,false
2042,60.0,91.0,,false
2043,60.0,120.0,,false
2044,100.0,186.0,,false
2045,100.0,208.0,,false
2046,900.0,9.0,,false
2047,1150.0,13.0,,false
2048,1000.0,8.0,,false
2049,1350.0,50.0,,true
2050,500.0,58.0,,true
2051,5000.0,16.0,,true
2052,2200.0,138.0,,true
2053,3500.0,271.0,,true
2054,5000.0,600.0,,true
2055,500.0,155.0,,true
2056,125.0,531.0,,true
2057,40.0,428.0,,true
2058,350.0,145.0,,true
2059,500.0,182.0,,false
2060,500.0,349.0,,false
2061,3300.0,29.0,,false
2062,3300.0,29.0,,false
2063,3300.0,28.0,,false
2064,60.0,210.0,,false
2065,60.0,202.0,,false
2066,60.0,186.0,,false
2067,800.0,5.0,,false
2068,60.0,85.0,,false
2069,60.0,120.0,,false
2070,60.0,104.0,,false
2071,60.0,100.0,,false
2072,60.0,116.0,,false
2073,60.0,101.0,,false
2074,60.0,97.0,,false
2075,100.0,182.0,,false
2076,100.0,207.0,,false
2077,900.0,7.0,,false
2078,1150.0,16.0,,false
2079,1000.0,7.0,,false
2080,1350.0,47.0,,true
2081,500.0,56.0,,true
2082,5000.0,16.0,,true
2083,2200.0,136.0,,true
2084,3500.0,379.0,,true
2085,5000.0,600.0,,true
2086,500.0,159.0,,true
2087,125.0,508.0,,true
2088,40.0,364.0,,true
2089,350.0,156.0,,true
2090,500.0,181.0,,false
2091,500.0,464.0,,false
2092,3300.0,27.0,,false
2093,3300.0,29.0,,false
2094,3300.0,25.0,,false
2095,60.0,232.0,,false
2096,60.0,177.0,,false
2097,60.0,211.0,,false
2098,800.0,5.0,,false
2099,60.0,112.0,,false
2100,60.0,102.0,,false
2101,60.0,99.0,,false
2102,60.0,116.0,,false
2103,60.0,108.0,,false
2104,60.0,84.0,,false
2105,60.0,89.0,,false
2106,60.0,85.0,,false
2107,60.0,91.0,,false
2108,60.0,89.0,,false
2109,100.0,247.0,,false
2110,100.0,205.0,,false
2111,900.0,10.0,,false
2112,1150.0,17.0,,false
2113,1000.0,8.0,,false
2114,1350.0,50.0,,true
2115,500.0,59.0,,true
2116,5000.0,17.0,,true
2117,2200.0,135.0,,true
2118,3500.0,276.0,,true
2119,5000.0,600.0,,true
2120,500.0,149.0,,true
2121,125.0,529.0,,true
2122,40.0,378.0,,true
2123,350.0,141.0,,true
2124,500.0,173.0,,false
2125,500.0,427.0,,false
2126,3300.0,26.0,,false
2127,3300.0,23.0,,false
2128,3300.0,21.0,,false
2129,60.0,194.0,,false
2130,60.0,164.0,,false
2131,60.0,162.0,,false
2132,800.0,5.0,,false
2133,60.0,109.0,,false
2134,60.0,112.0,,false
2135,60.0,96.0,,false
2136,60.0,109.0,,false
2137,60.0,81.0,,false
2138,60.0,100.0,,false
2139,100.0,189.0,,false
2140,100.0,212.0,,false
2141,900.0,10.0,,false
2142,1150.0,16.0,,false
2143,1000.0,8.0,,false
2144,1350.0,49.0,,true
2145,500.0,56.0,,true
2146,5000.0,18.0,,true
2147,2200.0,140.0,,true
2148,3500.0,370.0,,true
2149,5000.0,600.0,,true
2150,500.0,155.0,,true
2151,125.0,522.0,,true
2152,40.0,358.0,,true
2153,350.0,154.0,,true
2154,500.0,175.0,,false
2155,500.0,343.0,,false
2156,3300.0,26.0,,false
2157,3300.0,26.0,,false
2158,3300.0,25.0,,false
2159,60.0,249.0,,false
2160,60.0,166.0,,false
2161,60.0,218.0,,false
2162,60.0,205.0,,false
2163,800.0,6.0,,false
2164,60.0,85.0,,false
2165,60.0,104.0,,false
2166,60.0,89.0,,false
2167,60.0,107.0,,false
2168,60.0,98.0,,false
2169,60.0,92.0,,false
2170,60.0,115.0,,false
2171,60.0,102.0,,false
2172,100.0,249.0,,false
2173,100.0,197.0,,false
2174,900.0,10.0,,false
2175,1150.0,18.0,,false
2176,1000.0,8.0,,false
2177,1350.0,50.0,,true
2178,500.0,57.0,,true
2179,5000.0,18.0,,true
2180,2200.0,134.0,,true
2181,3500.0,322.0,,true
2182,5000.0,600.0,,true
2183,500.0,145.0,,true
2184,125.0,534.0,,true
2185,40.0,431.0,,true
2186,350.0,165.0,,true
2187,500.0,194.0,,false
2188,500.0,551.0,,false
2189,3300.0,26.0,,false
2190,3300.0,29.0,,false
2191,3300.0,30.0,,false
2192,60.0,178.0,,false
2193,60.0,197.0,,false
2194,60.0,173.0,,false
2195,800.0,4.0,,false
2196,60.0,120.0,,false
2197,60.0,94.0,,false
2198,60.0,112.0,,false
2199,60.0,95.0,,false
2200,60.0,81.0,,false
2201,60.0,107.0,,false
2202,60.0,120.0,,false
2203,60.0,99.0,,false
2204,60.0,106.0,,false
2205,100.0,187.0,,false
2206,100.0,196.0,,false
2207,900.0,8.0,,false
2208,1150.0,17.0,,false
2209,1000.0,7.0,,false
2210,1350.0,46.0,,true
2211,500.0,59.0,,true
2212,5000.0,16.0,,true
2213,2200.0,139.0,,true
2214,3500.0,268.0,,true
2215,5000.0,600.0,,true
2216,500.0,156.0,,true
2217,125.0,472.0,,true
2218,40.0,435.0,,true
2219,350.0,156.0,,true
2220,500.0,190.0,,false
2221,500.0,548.0,,false
2222,3300.0,26.0,,false
2223,3300.0,30.0,,false
2224,3300.0,23.0,,false
2225,60.0,157.0,,false
2226,60.0,168.0,,false
2227,60.0,237.0,,false
2228,60.0,219.0,,false
2229,800.0,6.0,,false
2230,60.0,93.0,,false
2231,60.0,95.0,,false
2232,60.0,112.0,,false
2233,60.0,118.0,,false
2234,60.0,102.0,,false
2235,60.0,83.0,,false
2236,100.0,186.0,,false
2237,100.0,202.0,,false
2238,900.0,10.0,,false
2239,1150.0,18.0,,false
2240,1000.0,5.0,,false
2241,1350.0,48.0,,true
2242,500.0,59.0,,true
2243,5000.0,20.0,,true
2244,2200.0,134.0,,true
2245,3500.0,297.0,,true
2246,5000.0,600.0,,true
2247,500.0,146.0,,true
2248,125.0,492.0,,true
2249,40.0,418.0,,true
2250,350.0,163.0,,true
2251,500.0,171.0,,false
2252,500.0,367.0,,false
2253,3300.0,27.0,,false
2254,3300.0,22.0,,false
2255,3300.0,21.0,,false
2256,60.0,235.0,,false
2257,60.0,230.0,,false
2258,60.0,233.0,,false
2259,800.0,5.0,,false
2260,60.0,103.0,,false
2261,60.0,107.0,,false
2262,60.0,116.0,,false
2263,60.0,86.0,,false
2264,60.0,85.0,,false
2265,60.0,91.0,,false
2266,100.0,225.0,,false
2267,100.0,230.0,,false
2268,900.0,10.0,,false
2269,1150.0,17.0,,false
2270,1000.0,7.0,,false
2271,1350.0,46.0,,true
2272,500.0,60.0,,true
2273,5000.0,17.0,,true
2274,2200.0,136.0,,true
2275,3500.0,229.0,,true
2276,5000.0,600.0,,true
2277,500.0,150.0,,true
2278,125.0,456.0,,true
2279,40.0,435.0,,true
2280,350.0,155.0,,true
2281,500.0,180.0,,false
2282,500.0,325.0,,false
2283,3300.0,30.0,,false
2284,3300.0,21.0,,false
2285,3300.0,28.0,,false
2286,60.0,200.0,,false
2287,60.0,178.0,,false
2288,60.0,152.0,,false
2289,60.0,216.0,,false
2290,800.0,6.0,,false
2291,60.0,93.0,,false
2292,60.0,118.0,,false
2293,60.0,98.0,,false
2294,60.0,85.0,,false
2295,60.0,106.0,,false
2296,60.0,109.0,,false
2297,60.0,87.0,,false
2298,60.0,120.0,,false
2299,100.0,216.0,,false
2300,100.0,184.0,,false
2301,900.0,10.0,,false
2302,1150.0,13.0,,false
2303,1000.0,8.0,,false
2304,1350.0,46.0,,true
2305,500.0,57.0,,true
2306,5000.0,17.0,,true
2307,2200.0,138.0,,true
2308,3500.0,265.0,,true
2309,5000.0,600.0,,true
2310,500.0,154.0,,true
2311,125.0,549.0,,true
2312,40.0,448.0,,true
2313,350.0,171.0,,true
2314,500.0,190.0,,false
2315,500.0,409.0,,false
2316,3300.0,24.0,,false
2317,3300.0,27.0,,false
2318,3300.0,21.0,,false
2319,60.0,206.0,,false
2320,60.0,203.0,,false
2321,60.0,175.0,,false
2322,60.0,187.0,,false
2323,800.0,4.0,,false
2324,60.0,114.0,,false
2325,60.0,112.0,,false
2326,60.0,112.0,,false
2327,60.0,107.0,,false
2328,60.0,107.0,,false
2329,60.0,106.0,,false
2330,60.0,86.0,,false
2331,100.0,213.0,,false
2332,100.0,198.0,,false
2333,900.0,10.0,,false
2334,1150.0,17.0,,false
2335,1000.0,6.0,,false
2336,1350.0,49.0,,true
2337,500.0,60.0,,true
2338,5000.0,17.0,,true
2339,2200.0,140.0,,true
2340,3500.0,345.0,,true
2341,5000.0,600.0,,true
2342,500.0,151.0,,true
2343,125.0,512.0,,true
2344,40.0,449.0,,true
2345,350.0,167.0,,true
2346,500.0,188.0,,false
2347,500.0,416.0,,false
2348,3300.0,24.0,,false
2349,3300.0,24.0,,false
2350,3300.0,26.0,,false
2351,60.0,240.0,,false
2352,60.0,216.0,,false
2353,60.0,158.0,,false
2354,60.0,160.0,,false
2355,800.0,5.0,,false
2356,60.0,118.0,,false
2357,60.0,81.0,,false
2358,60.0,112.0,,false
2359,60.0,85.0,,false
2360,60.0,81.0,,false
2361,60.0,111.0,,false
2362,60.0,110.0,,false
2363,60.0,104.0,,false
2364,100.0,213.0,,false
2365,100.0,200.0,,false
2366,900.0,9.0,,false
2367,1150.0,17.0,,false
2368,1000.0,7.0,,false
2369,1350.0,46.0,,true
2370,500.0,56.0,,true
2371,5000.0,16.0,,true
2372,2200.0,136.0,,true
2373,3500.0,328.0,,true
2374,5000.0,600.0,,true
2375,500.0,160.0,,true
2376,125.0,518.0,,true
2377,40.0,412.0,,true
2378,350.0,151.0,,true
2379,500.0,181.0,,false
2380,500.0,454.0,,false
2381,3300.0,21.0,,false
2382,3300.0,27.0,,false
2383,3300.0,26.0,,false
2384,60.0,207.0,,false
2385,60.0,206.0,,false
2386,60.0,202.0,,false
2387,60.0,196.0,,false
2388,800.0,6.0,,false
2389,60.0,93.0,,false
2390,60.0,111.0,,false
2391,60.0,99.0,,false
2392,60.0,93.0,,false
2393,60.0,92.0,,false
2394,60.0,84.0,,false
2395,60.0,104.0,,false
2396,60.0,86.0,,false
2397,60.0,102.0,,false
2398,60.0,84.0,,false
2399,100.0,207.0,,false
2400,100.0,201.0,,false
2401,900.0,10.0,,false
2402,1150.0,15.0,,false
2403,1000.0,5.0,,false
2404,1350.0,47.0,,true
2405,500.0,59.0,,true
2406,5000.0,19.0,,true
2407,2200.0,131.0,,true
2408,3500.0,292.0,,true
2409,5000.0,600.0,,true
2410,500.0,145.0,,true
2411,125.0,451.0,,true
2412,40.0,396.0,,true
2413,350.0,172.0,,true
2414,500.0,195.0,,false
2415,500.0,462.0,,false
2416,3300.0,21.0,,false
2417,3300.0,23.0,,false
2418,3300.0,26.0,,false
2419,60.0,228.0,,false
2420,60.0,193.0,,false
2421,60.0,212.0,,false
2422,60.0,171.0,,false
2423,800.0,5.0,,false
2424,60.0,88.0,,false
2425,60.0,86.0,,false
2426,60.0,95.0,,false
2427,60.0,104.0,,false
2428,60.0,82.0,,false
2429,60.0,81.0,,false
2430,60.0,103.0,,false
2431,100.0,182.0,,false
2432,100.0,189.0,,false
2433,900.0,7.0,,false
2434,1150.0,16.0,,false
2435,1000.0,7.0,,false
2436,1350.0,46.0,,true
2437,500.0,59.0,,true
2438,5000.0,17.0,,true
2439,2200.0,131.0,,true
2440,3500.0,288.0,,true
2441,5000.0,600.0,,true
2442,500.0,145.0,,true
2443,125.0,502.0,,true
2444,40.0,378.0,,true
2445,350.0,180.0,,true
2446,500.0,194.0,,false
2447,500.0,425.0,,false
2448,3300.0,24.0,,false
2449,3300.0,26.0,,false
2450,3300.0,26.0,,false
2451,60.0,208.0,,false
2452,60.0,231.0,,false
2453,60.0,228.0,,false
2454,800.0,4.0,,false
2455,60.0,92.0,,false
2456,60.0,119.0,,false
2457,60.0,96.0,,false
2458,60.0,109.0,,false
2459,60.0,102.0,,false
2460,60.0,90.0,,false
2461,60.0,119.0,,false
2462,60.0,88.0,,false
2463,100.0,228.0,,false
2464,100.0,191.0,,false
2465,900.0,10.0,,false
2466,1150.0,16.0,,false
2467,1000.0,7.0,,false
2468,1350.0,49.0,,true
2469,500.0,59.0,,true
2470,5000.0,17.0,,true
2471,2200.0,138.0,,true
2472,3500.0,370.0,,true
2473,5000.0,600.0,,true
2474,500.0,145.0,,true
2475,125.0,484.0,,true
2476,40.0,393.0,,true
2477,350.0,141.0,,true
2478,500.0,200.0,,false
2479,500.0,549.0,,false
2480,3300.0,21.0,,false
2481,3300.0,27.0,,false
2482,3300.0,29.0,,false
2483,60.0,224.0,,false
2484,60.0,193.0,,false
2485,60.0,161.0,,false
2486,60.0,247.0,,false
2487,800.0,4.0,,false
2488,60.0,106.0,,false
2489,60.0,120.0,,false
2490,60.0,118.0,,false
2491,60.0,112.0,,false
2492,60.0,114.0,,false
2493,60.0,114.0,,false
2494,60.0,99.0,,false
2495,100.0,181.0,,false
2496,100.0,229.0,,false
2497,900.0,9.0,,false
2498,1150.0,16.0,,false
2499,1000.0,5.0,,false
2500,1350.0,47.0,,true
2501,500.0,60.0,,true
2502,5000.0,17.0,,true
2503,2200.0,135.0,,true
2504,3500.0,235.0,,true
2505,5000.0,600.0,,true
2506,500.0,146.0,,true
2507,125.0,480.0,,true
2508,40.0,396.0,,true
2509,350.0,156.0,,true
2510,500.0,195.0,,false
2511,500.0,375.0,,false
2512,3300.0,29.0,,false
2513,3300.0,22.0,,false
2514,3300.0,28.0,,false
2515,60.0,233.0,,false
2516,60.0,168.0,,false
2517,60.0,245.0,,false
2518,800.0,6.0,,false
2519,60.0,98.0,,false
2520,60.0,94.0,,false
2521,60.0,85.0,,false
2522,60.0,95.0,,false
2523,60.0,90.0,,false
2524,60.0,101.0,,false
2525,60.0,101.0,,false
2526,60.0,119.0,,false
2527,100.0,246.0,,false
2528,100.0,227.0,,false
2529,900.0,7.0,,false
2530,1150.0,17.0,,false
2531,1000.0,8.0,,false
2532,1350.0,46.0,,true
2533,500.0,57.0,,true
2534,5000.0,20.0,,true
2535,2200.0,137.0,,true
2536,3500.0,386.0,,true
2537,5000.0,600.0,,true
2538,500.0,151.0,,true
2539,125.0,527.0,,true
2540,40.0,406.0,,true
2541,350.0,162.0,,true
2542,500.0,178.0,,false
2543,500.0,303.0,,false
2544,3300.0,28.0,,false
2545,3300.0,21.0,,false
2546,3300.0,22.0,,false
2547,60.0,211.0,,false
2548,60.0,187.0,,false
2549,60.0,227.0,,false
2550,800.0,5.0,,false
2551,60.0,111.0,,false
2552,60.0,101.0,,false
2553,60.0,115.0,,false
2554,60.0,95.0,,false
2555,60.0,87.0,,false
2556,60.0,88.0,,false
2557,100.0,238.0,,false
2558,100.0,210.0,,false
2559,900.0,10.0,,false
2560,1150.0,15.0,,false
2561,1000.0,7.0,,false
2562,1350.0,46.0,,true
2563,500.0,56.0,,true
2564,5000.0,18.0,,true
2565,2200.0,138.0,,true
2566,3500.0,297.0,,true
2567,5000.0,600.0,,true
2568,500.0,158.0,,true
2569,125.0,472.0,,true
2570,40.0,435.0,,true
2571,350.0,158.0,,true
2572,500.0,189.0,,false
2573,500.0,437.0,,false
2574,3300.0,26.0,,false
2575,3300.0,28.0,,false
2576,3300.0,27.0,,false
2577,60.0,182.0,,false
2578,60.0,226.0,,false
2579,60.0,174.0,,false
2580,60.0,219.0,,false
2581,800.0,4.0,,false
2582,60.0,100.0,,false
2583,60.0,107.0,,false
2584,60.0,90.0,,false
2585,60.0,120.0,,false
2586,60.0,118.0,,false
2587,60.0,98.0,,false
2588,60.0,118.0,,false
2589,60.0,104.0,,false
2590,60.0,105.0,,false
2591,60.0,119.0,,false
2592,100.0,235.0,,false
2593,100.0,211.0,,false
2594,900.0,7.0,,false
2595,1150.0,13.0,,false
2596,1000.0,5.0,,false
2597,1350.0,47.0,,true
2598,500.0,60.0,,true
2599,5000.0,17.0,,true
2600,2200.0,136.0,,true
2601,3500.0,396.0,,true
2602,5000.0,600.0,,true
2603,500.0,143.0,,true
2604,125.0,453.0,,true
2605,40.0,395.0,,true
2606,350.0,163.0,,true
2607,500.0,189.0,,false
2608,500.0,355.0,,false
2609,3300.0,22.0,,false
2610,3300.0,26.0,,false
2611,3300.0,25.0,,false
2612,60.0,195.0,,false
2613,60.0,182.0,,false
2614,60.0,197.0,,false
2615,60.0,210.0,,false
2616,800.0,5.0,,false
2617,60.0,99.0,,false
2618,60.0,86.0,,false
2619,60.0,114.0,,false
2620,60.0,98.0,,false
2621,60.0,108.0,,false
2622,60.0,99.0,,false
2623,100.0,244.0,,false
2624,100.0,235.0,,false
2625,900.0,9.0,,false
2626,1150.0,16.0,,false
2627,1000.0,5.0,,false
2628,1350.0,48.0,,true
2629,500.0,60.0,,true
2630,5000.0,17.0,,true
2631,2200.0,131.0,,true
2632,3500.0,326.0,,true
2633,5000.0,600.0,,true
2634,500.0,157.0,,true
2635,125.0,506.0,,true
2636,40.0,387.0,,true
2637,350.0,176.0,,true
2638,500.0,199.0,,false
2639,500.0,308.0,,false
2640,3300.0,23.0,,false
2641,3300.0,27.0,,false
2642,3300.0,29.0,,false
2643,60.0,180.0,,false
2644,60.0,151.0,,false
2645,60.0,210.0,,false
2646,800.0,4.0,,false
2647,60.0,120.0,,false
2648,60.0,83.0,,false
2649,60.0,90.0,,false
2650,60.0,99.0,,false
2651,60.0,92.0,,false
2652,60.0,111.0,,false
2653,100.0,205.0,,false
2654,100.0,191.0,,false
2655,900.0,9.0,,false
2656,1150.0,14.0,,false
2657,1000.0,8.0,,false
2658,1350.0,47.0,,true
2659,500.0,57.0,,true
2660,5000.0,20.0,,true
2661,2200.0,133.0,,true
2662,3500.0,278.0,,true
2663,5000.0,600.0,,true
2664,500.0,158.0,,true
2665,125.0,529.0,,true
2666,40.0,419.0,,true
2667,350.0,166.0,,true
2668,500.0,194.0,,false
2669,500.0,361.0,,false
2670,3300.0,29.0,,false
2671,3300.0,30.0,,false
2672,3300.0,24.0,,false
2673,60.0,194.0,,false
2674,60.0,249.0,,false
2675,60.0,244.0,,false
2676,60.0,233.0,,false
2677,800.0,5.0,,false
2678,60.0,108.0,,false
2679,60.0,100.0,,false
2680,60.0,81.0,,false
2681,60.0,118.0,,false
2682,60.0,110.0,,false
2683,60.0,91.0,,false
2684,60.0,91.0,,false
2685,60.0,93.0,,false
2686,100.0,190.0,,false
2687,100.0,200.0,,false
2688,900.0,9.0,,false
2689,1150.0,17.0,,false
2690,1000.0,5.0,,false
2691,1350.0,47.0,,true
2692,500.0,60.0,,true
2693,5000.0,18.0,,true
2694,2200.0,139.0,,true
2695,3500.0,228.0,,true
2696,5000.0,600.0,,true
2697,500.0,145.0,,true
2698,125.0,543.0,,true
2699,40.0,418.0,,true
2700,350.0,169.0,,true
2701,500.0,191.0,,false
2702,500.0,528.0,,false
2703,3300.0,21.0,,false
2704,3300.0,25.0,,false
2705,3300.0,26.0,,false
2706,60.0,190.0,,false
2707,60.0,174.0,,false
2708,60.0,212.0,,false
2709,60.0,187.0,,false
2710,800.0,4.0,,false
2711,60.0,112.0,,false
2712,60.0,119.0,,false
2713,60.0,119.0,,false
2714,60.0,84.0,,false
2715,60.0,98.0,,false
2716,60.0,85.0,,false
2717,60.0,88.0,,false
2718,100.0,197.0,,false
2719,100.0,231.0,,false
2720,900.0,7.0,,false
2721,1150.0,18.0,,false
2722,1000.0,7.0,,false
2723,1350.0,49.0,,true
2724,500.0,56.0,,true
2725,5000.0,16.0,,true
2726,2200.0,132.0,,true
2727,3500.0,357.0,,true
2728,5000.0,600.0,,true
2729,500.0,150.0,,true
2730,125.0,467.0,,true
2731,40.0,362.0,,true
2732,350.0,165.0,,true
2733,500.0,191.0,,false
2734,500.0,483.0,,false
2735,3300.0,21.0,,false
2736,3300.0,22.0,,false
2737,3300.0,25.0,,false
2738,60.0,161.0,,false
2739,60.0,198.0,,false
2740,60.0,209.0,,false
2741,60.0,172.0,,false
2742,800.0,5.0,,false
2743,60.0,82.0,,false
2744,60.0,108.0,,false
2745,60.0,94.0,,false
2746,60.0,105.0,,false
2747,60.0,117.0,,false
2748,60.0,106.0,,false
2749,60.0,89.0,,false
2750,60.0,108.0,,false
2751,60.0,93.0,,false
2752,100.0,243.0,,false
2753,100.0,232.0,,false
2754,900.0,8.0,,false
2755,1150.0,14.0,,false
2756,1000.0,6.0,,false
2757,1350.0,50.0,,true
2758,500.0,56.0,,true
2759,5000.0,18.0,,true
2760,2200.0,131.0,,true
2761,3500.0,313.0,,true
2762,5000.0,600.0,,true
2763,500.0,141.0,,true
2764,125.0,545.0,,true
2765,40.0,362.0,,true
2766,350.0,163.0,,true
2767,500.0,196.0,,false
2768,500.0,407.0,,false
2769,3300.0,27.0,,false
2770,3300.0,24.0,,false
2771,3300.0,24.0,,false
2772,60.0,241.0,,false
2773,60.0,226.0,,false
2774,60.0,245.0,,false
2775,800.0,6.0,,false
2776,60.0,83.0,,false
2777,60.0,98.0,,false
2778,60.0,107.0,,false
2779,60.0,115.0,,false
2780,60.0,117.0,,false
2781,60.0,91.0,,false
2782,60.0,82.0,,false
2783,60.0,95.0,,false
2784,60.0,99.0,,false
2785,60.0,119.0,,false
2786,100.0,205.0,,false
2787,100.0,184.0,,false
2788,900.0,7.0,,false
2789,1150.0,16.0,,false
2790,1000.0,7.0,,false
2791,1350.0,50.0,,true
2792,500.0,59.0,,true
2793,5000.0,19.0,,true
2794,2200.0,132.0,,true
2795,3500.0,289.0,,true
2796,5000.0,600.0,,true
2797,500.0,150.0,,true
2798,125.0,538.0,,true
2799,40.0,372.0,,true
2800,350.0,179.0,,true
2801,500.0,178.0,,false
2802,500.0,488.0,,false
2803,3300.0,29.0,,false
2804,3300.0,28.0,,false
2805,3300.0,30.0,,false
2806,60.0,235.0,,false
2807,60.0,174.0,,false
2808,60.0,240.0,,false
2809,60.0,231.0,,false
2810,800.0,5.0,,false
2811,60.0,97.0,,false
2812,60.0,85.0,,false
2813,60.0,83.0,,false
2814,60.0,105.0,,false
2815,60.0,97.0,,false
2816,60.0,107.0,,false
2817,100.0,199.0,,false
2818,100.0,224.0,,false
2819,900.0,7.0,,false
2820,1150.0,15.0,,false
2821,1000.0,5.0,,false
2822,1350.0,47.0,,true
2823,500.0,56.0,,true
2824,5000.0,18.0,,true
2825,2200.0,134.0,,true
2826,3500.0,249.0,,true
2827,5000.0,600.0,,true
2828,500.0,142.0,,true
2829,125.0,506.0,,true
2830,40.0,369.0,,true
2831,350.0,162.0,,true
2832,500.0,194.0,,false
2833,500.0,559.0,,false
2834,3300.0,27.0,,false
2835,3300.0,28.0,,false
2836,3300.0,26.0,,false
2837,60.0,187.0,,false
2838,60.0,155.0,,false
2839,60.0,225.0,,false
2840,60.0,229.0,,false
2841,800.0,4.0,,false
2842,60.0,112.0,,false
2843,60.0,120.0,,false
2844,60.0,109.0,,false
2845,60.0,118.0,,false
2846,60.0,87.0,,false
2847,60.0,89.0,,false
2848,60.0,84.0,,false
2849,60.0,108.0,,false
2850,60.0,119.0,,false
2851,100.0,211.0,,false
2852,100.0,234.0,,false
2853,900.0,7.0,,false
2854,1150.0,18.0,,false
2855,1000.0,7.0,,false
2856,1350.0,48.0,,true
2857,500.0,60.0,,true
2858,5000.0,18.0,,true
2859,2200.0,134.0,,true
2860,3500.0,316.0,,true
2861,5000.0,600.0,,true
2862,500.0,154.0,,true
2863,125.0,523.0,,true
2864,40.0,437.0,,true
2865,350.0,156.0,,true
2866,500.0,197.0,,false
2867,500.0,348.0,,false
2868,3300.0,23.0,,false
2869,3300.0,21.0,,false
2870,3300.0,30.0,,false
2871,60.0,240.0,,false
2872,60.0,191.0,,false
2873,60.0,224.0,,false
2874,800.0,5.0,,false
2875,60.0,112.0,,false
2876,60.0,112.0,,false
2877,60.0,87.0,,false
2878,60.0,110.0,,false
2879,60.0,111.0,,false
2880,60.0,86.0,,false
2881,60.0,86.0,,false
2882,60.0,102.0,,false
2883,60.0,87.0,,false
2884,60.0,96.0,,false
2885,100.0,206.0,,false
2886,100.0,221.0,,false
2887,900.0,9.0,,false
2888,1150.0,14.0,,false
2889,1000.0,6.0,,false
2890,1350.0,48.0,,true
2891,500.0,59.0,,true
2892,5000.0,18.0,,true
2893,2200.0,140.0,,true
2894,3500.0,353.0,,true
2895,5000.0,600.0,,true
2896,500.0,145.0,,true
2897,125.0,545.0,,true
2898,40.0,400.0,,true
2899,350.0,155.0,,true
2900,500.0,182.0,,false
2901,500.0,368.0,,false
2902,3300.0,23.0,,false
2903,3300.0,27.0,,false
2904,3300.0,23.0,,false
2905,60.0,234.0,,false
2906,60.0,219.0,,false
2907,60.0,191.0,,false
2908,60.0,183.0,,false
2909,800.0,5.0,,false
2910,60.0,82.0,,false
2911,60.0,112.0,,false
2912,60.0,110.0,,false
2913,60.0,100.0,,false
2914,60.0,111.0,,false
2915,60.0,89.0,,false
2916,100.0,250.0,,false
2917,100.0,185.0,,false
2918,900.0,7.0,,false
2919,1150.0,18.0,,false
2920,1000.0,5.0,,false
2921,1350.0,48.0,,true
2922,500.0,60.0,,true
2923,5000.0,20.0,,true
2924,2200.0,139.0,,true
2925,3500.0,390.0,,true
2926,5000.0,600.0,,true
2927,500.0,153.0,,true
2928,125.0,516.0,,true
2929,40.0,381.0,,true
2930,350.0,165.0,,true
2931,500.0,189.0,,false
2932,500.0,367.0,,false
2933,3300.0,29.0,,false
2934,3300.0,24.0,,false
2935,3300.0,25.0,,false
2936,60.0,250.0,,false
2937,60.0,156.0,,false
2938,60.0,188.0,,false
2939,800.0,5.0,,false
2940,60.0,82.0,,false
2941,60.0,96.0,,false
2942,60.0,93.0,,false
2943,60.0,85.0,,false
2944,60.0,101.0,,false
2945,60.0,94.0,,false
2946,60.0,90.0,,false
2947,60.0,86.0,,false
2948,60.0,82.0,,false
2949,60.0,116.0,,false
2950,100.0,250.0,,false
2951,100.0,230.0,,false
2952,900.0,10.0,,false
2953,1150.0,17.0,,false
2954,1000.0,8.0,,false
2955,1350.0,47.0,,true
2956,500.0,59.0,,true
2957,5000.0,17.0,,true
2958,2200.0,137.0,,true
2959,3500.0,322.0,,true
2960,5000.0,600.0,,true
2961,500.0,154.0,,true
2962,125.0,519.0,,true
2963,40.0,453.0,,true
2964,350.0,148.0,,true
2965,500.0,179.0,,false
2966,500.0,506.0,,false
2967,3300.0,26.0,,false
2968,3300.0,21.0,,false
2969,3300.0,27.0,,false
2970,60.0,236.0,,false
2971,60.0,201.0,,false
2972,60.0,192.0,,false
2973,60.0,222.0,,false
2974,800.0,6.0,,false
2975,60.0,103.0,,false
2976,60.0,93.0,,false
2977,60.0,112.0,,false
2978,60.0,110.0,,false
2979,60.0,116.0,,false
2980,60.0,116.0,,false
2981,60.0,110.0,,false
2982,60.0,84.0,,false
2983,60.0,107.0,,false
2984,100.0,230.0,,false
2985,100.0,206.0,,false
2986,900.0,9.0,,false
2987,1150.0,15.0,,false
2988,1000.0,7.0,,false
2989,1350.0,47.0,,true
2990,500.0,56.0,,true
2991,5000.0,16.0,,true
2992,2200.0,138.0,,true
2993,3500.0,250.0,,true
2994,5000.0,600.0,,true
2995,500.0,155.0,,true
2996,125.0,478.0,,true
2997,40.0,448.0,,true
2998,350.0,176.0,,true
2999,500.0,171.0,,false
3000,500.0,415.0,,false
3001,3300.0,22.0,,false
3002,3300.0,27.0,,false
3003,3300.0,23.0,,false
3004,60.0,157.0,,false
3005,60.0,173.0,,false
3006,60.0,229.0,,false
3007,800.0,4.0,,false
3008,60.0,95.0,,false
3009,60.0,92.0,,false
3010,60.0,118.0,,false
3011,60.0,100.0,,false
3012,60.0,86.0,,false
3013,60.0,83.0,,false
3014,60.0,118.0,,false
3015,60.0,91.0,,false
3016,60.0,107.0,,false
3017,60.0,93.0,,false
3018,100.0,199.0,,false
3019,100.0,198.0,,false
3020,900.0,7.0,,false
3021,1150.0,15.0,,false
3022,1000.0,7.0,,false
3023,1350.0,49.0,,true
3024,500.0,58.0,,true
3025,5000.0,17.0,,true
3026,2200.0,140.0,,true
3027,3500.0,202.0,,true
3028,5000.0,600.0,,true
3029,500.0,157.0,,true
3030,125.0,477.0,,true
3031,40.0,379.0,,true
3032,350.0,156.0,,true
3033,500.0,191.0,,false
3034,500.0,424.0,,false
3035,3300.0,21.0,,false
3036,3300.0,26.0,,false
3037,3300.0,22.0,,false
3038,60.0,238.0,,false
3039,60.0,241.0,,false
3040,60.0,247.0,,false
3041,60.0,199.0,,false
3042,800.0,4.0,,false
3043,60.0,111.0,,false
3044,60.0,105.0,,false
3045,60.0,81.0,,false
3046,60.0,100.0,,false
3047,60.0,109.0,,false
3048,60.0,106.0,,false
3049,60.0,91.0,,false
3050,100.0,248.0,,false
3051,100.0,232.0,,false
3052,900.0,9.0,,false
3053,1150.0,14.0,,false
3054,1000.0,7.0,,false
3055,1350.0,50.0,,true
3056,500.0,59.0,,true
3057,5000.0,20.0,,true
3058,2200.0,140.0,,true
3059,3500.0,334.0,,true
3060,5000.0,600.0,,true
3061,500.0,153.0,,true
3062,125.0,525.0,,true
3063,40.0,362.0,,true
3064,350.0,160.0,,true
3065,500.0,197.0,,false
3066,500.0,364.0,,false
3067,3300.0,25.0,,false
3068,3300.0,23.0,,false
3069,3300.0,22.0,,false
3070,60.0,155.0,,false
3071,60.0,247.0,,false
3072,60.0,208.0,,false
3073,60.0,243.0,,false
3074,800.0,5.0,,false
3075,60.0,117.0,,false
3076,60.0,90.0,,false
3077,60.0,111.0,,false
3078,60.0,95.0,,false
3079,60.0,82.0,,false
3080,60.0,96.0,,false
3081,60.0,101.0,,false
3082,100.0,232.0,,false
3083,100.0,247.0,,false
3084,900.0,10.0,,false
3085,1150.0,16.0,,false
3086,1000.0,6.0,,false
3087,1350.0,48.0,,true
3088,500.0,59.0,,true
3089,5000.0,16.0,,true
3090,2200.0,138.0,,true
3091,3500.0,390.0,,true
3092,5000.0,600.0,,true
3093,500.0,152.0,,true
3094,125.0,505.0,,true
3095,40.0,416.0,,true
3096,350.0,169.0,,true
3097,500.0,173.0,,false
3098,500.0,414.0,,false
3099,3300.0,21.0,,false
3100,3300.0,22.0,,false
3101,3300.0,21.0,,false
3102,60.0,233.0,,false
3103,60.0,168.0,,false
3104,60.0,242.0,,false
3105,800.0,5.0,,false
3106,60.0,110.0,,false
3107,60.0,113.0,,false
3108,60.0,109.0,,false
3109,60.0,93.0,,false
3110,60.0,90.0,,false
3111,60.0,95.0,,false
3112,60.0,103.0,,false
3113,100.0,196.0,,false
3114,100.0,188.0,,false
3115,900.0,8.0,,false
3116,1150.0,15.0,,false
3117,1000.0,5.0,,false
3118,1350.0,48.0,,true
3119,500.0,56.0,,true
3120,5000.0,16.0,,true
3121,2200.0,139.0,,true
3122,3500.0,313.0,,true
3123,5000.0,600.0,,true
3124,500.0,157.0,,true
3125,125.0,519.0,,true
3126,40.0,415.0,,true
3127,350.0,178.0,,true
3128,500.0,179.0,,false
3129,500.0,358.0,,false
3130,3300.0,28.0,,false
3131,3300.0,28.0,,false
3132,3300.0,25.0,,false
3133,60.0,174.0,,false
3134,60.0,227.0,,false
3135,60.0,217.0,,false
3136,60.0,172.0,,false
3137,800.0,4.0,,false
3138,60.0,111.0,,false
3139,60.0,111.0,,false
3140,60.0,111.0,,false
3141,60.0,85.0,,false
3142,60.0,116.0,,false
3143,60.0,112.0,,false
3144,60.0,92.0,,false
3145,60.0,89.0,,false
3146,100.0,220.0,,false
3147,100.0,237.0,,false
3148,900.0,9.0,,false
3149,1150.0,14.0,,false
3150,1000.0,6.0,,false
3151,1350.0,47.0,,true
3152,500.0,60.0,,true
3153,5000.0,18.0,,true
3154,2200.0,132.0,,true
3155,3500.0,209.0,,true
3156,5000.0,600.0,,true
3157,500.0,154.0,,true
3158,125.0,476.0,,true
3159,40.0,457.0,,true
3160,350.0,173.0,,true
3161,500.0,200.0,,false
3162,500.0,316.0,,false
3163,3300.0,25.0,,false
3164,3300.0,28.0,,false
3165,3300.0,29.0,,false
3166,60.0,246.0,,false
3167,60.0,213.0,,false
3168,60.0,232.0,,false
3169,60.0,187.0,,false
3170,800.0,5.0,,false
3171,60.0,111.0,,false
3172,60.0,92.0,,false
3173,60.0,82.0,,false
3174,60.0,83.0,,false
3175,60.0,96.0,,false
3176,60.0,86.0,,false
3177,60.0,103.0,,false
3178,60.0,117.0,,false
3179,60.0,95.0,,false
3180,60.0,83.0,,false
3181,100.0,212.0,,false
3182,100.0,214.0,,false
3183,900.0,8.0,,false
3184,1150.0,13.0,,false
3185,1000.0,8.0,,false
3186,1350.0,48.0,,true
3187,500.0,56.0,,true
3188,5000.0,18.0,,true
3189,2200.0,133.0,,true
3190,3500.0,271.0,,true
3191,5000.0,600.0,,true
3192,500.0,158.0,,true
3193,125.0,487.0,,true
3194,40.0,375.0,,true
3195,350.0,178.0,,true
3196,500.0,178.0,,false
3197,500.0,544.0,,false
3198,3300.0,23.0,,false
3199,3300.0,24.0,,false
3200,3300.0,28.0,,false
3201,60.0,178.0,,false
3202,60.0,226.0,,false
3203,60.0,237.0,,false
3204,800.0,5.0,,false
3205,60.0,107.0,,false
3206,60.0,100.0,,false
3207,60.0,89.0,,false
3208,60.0,110.0,,false
3209,60.0,106.0,,false
3210,60.0,100.0,,false
3211,60.0,102.0,,false
3212,60.0,96.0,,false
3213,100.0,186.0,,false
3214,100.0,218.0,,false
3215,900.0,10.0,,false
3216,1150.0,18.0,,false
3217,1000.0,8.0,,false
3218,1350.0,46.0,,true
3219,500.0,56.0,,true
3220,5000.0,18.0,,true
3221,2200.0,131.0,,true
3222,3500.0,240.0,,true
3223,5000.0,600.0,,true
3224,500.0,155.0,,true
3225,125.0,477.0,,true
3226,40.0,368.0,,true
3227,350.0,177.0,,true
3228,500.0,173.0,,false
3229,500.0,350.0,,false
3230,3300.0,30.0,,false
3231,3300.0,21.0,,false
3232,3300.0,24.0,,false
3233,60.0,218.0,,false
3234,60.0,158.0,,false
3235,60.0,238.0,,false
3236,60.0,185.0,,false
3237,800.0,5.0,,false
3238,60.0,116.0,,false
3239,60.0,101.0,,false
3240,60.0,119.0,,false
3241,60.0,113.0,,false
3242,60.0,97.0,,false
3243,60.0,112.0,,false
3244,100.0,243.0,,false
3245,100.0,230.0,,false
3246,900.0,9.0,,false
3247,1150.0,17.0,,false
3248,1000.0,6.0,,false
