Reference,height,width,stripwidth,preemptable
1,1350.0,46.0,720,true
2,500.0,56.0,,true
3,5000.0,16.0,,true
4,2200.0,132.0,,true
5,3500.0,319.0,,true
6,5000.0,600.0,,true
7,500.0,146.0,,true
8,125.0,486.0,,true
9,40.0,394.0,,true
10,350.0,145.0,,true
11,500.0,172.0,,false
12,500.0,361.0,,false
13,3300.0,21.0,,false
14,3300.0,29.0,,false
15,3300.0,28.0,,false
16,60.0,249.0,,false
17,60.0,180.0,,false
18,60.0,153.0,,false
19,800.0,4.0,,false
20,60.0,81.0,,false
21,60.0,99.0,,false
22,60.0,107.0,,false
23,60.0,88.0,,false
24,60.0,93.0,,false
25,60.0,120.0,,false
26,100.0,244.0,,false
27,100.0,227.0,,false
28,900.0,10.0,,false
29,1150.0,17.0,,false
30,1000.0,8.0,,false
31,1350.0,50.0,,true
32,500.0,60.0,,true
33,5000.0,16.0,,true
34,2200.0,134.0,,true
35,3500.0,325.0,,true
36,5000.0,600.0,,true
37,500.0,145.0,,true
38,125.0,476.0,,true
39,40.0,399.0,,true
40,350.0,151.0,,true
41,500.0,198.0,,false
42,500.0,432.0,,false
43,3300.0,23.0,,false
44,3300.0,24.0,,false
45,3300.0,22.0,,false
46,60.0,158.0,,false
47,60.0,205.0,,false
48,60.0,172.0,,false
49,800.0,6.0,,false
50,60.0,107.0,,false
51,60.0,83.0,,false
52,60.0,108.0,,false
53,60.0,101.0,,false
54,60.0,94.0,,false
55,60.0,101.0,,false
56,60.0,102.0,,false
57,100.0,194.0,,false
58,100.0,215.0,,false
59,900.0,10.0,,false
60,1150.0,17.0,,false
61,1000.0,5.0,,false
62,1350.0,49.0,,true
63,500.0,58.0,,true
64,5000.0,18.0,,true
65,2200.0,138.0,,true
66,3500.0,344.0,,true
67,5000.0,600.0,,true
68,500.0,150.0,,true
69,125.0,496.0,,true
70,40.0,388.0,,true
71,350.0,142.0,,true
72,500.0,197.0,,false
73,500.0,328.0,,false
74,3300.0,21.0,,false
75,3300.0,27.0,,false
76,3300.0,23.0,,false
77,60.0,157.0,,false
78,60.0,187.0,,false
79,60.0,199.0,,false
80,800.0,4.0,,false
81,60.0,89.0,,false
82,60.0,106.0,,false
83,60.0,102.0,,false
84,60.0,111.0,,false
85,60.0,100.0,,false
86,60.0,117.0,,false
87,60.0,99.0,,false
88,60.0,107.0,,false
89,60.0,112.0,,false
90,100.0,232.0,,false
91,100.0,215.0,,false
92,900.0,10.0,,false
93,1150.0,14.0,,false
94,1000.0,7.0,,false
95,1350.0,46.0,,true
96,500.0,58.0,,true
97,5000.0,20.0,,true
98,2200.0,137.0,,true
99,3500.0,310.0,,true
100,5000.0,600.0,,true
101,500.0,141.0,,true
102,125.0,483.0,,true
103,40.0,415.0,,true
104,350.0,178.0,,true
105,500.0,177.0,,false
106,500.0,518.0,,false
107,3300.0,21.0,,false
108,3300.0,26.0,,false
109,3300.0,30.0,,false
110,60.0,199.0,,false
111,60.0,226.0,,false
112,60.0,209.0,,false
113,60.0,211.0,,false
114,800.0,4.0,,false
115,60.0,113.0,,false
116,60.0,114.0,,false
117,60.0,89.0,,false
118,60.0,102.0,,false
119,60.0,119.0,,false
120,60.0,82.0,,false
121,60.0,101.0,,false
122,60.0,112.0,,false
123,60.0,111.0,,false
124,60.0,109.0,,false
125,100.0,226.0,,false
126,100.0,206.0,,false
127,900.0,9.0,,false
128,1150.0,18.0,,false
129,1000.0,7.0,,false
130,1350.0,47.0,,true
131,500.0,56.0,,true
132,5000.0,19.0,,true
133,2200.0,134.0,,true
134,3500.0,390.0,,true
135,5000.0,600.0,,true
136,500.0,158.0,,true
137,125.0,490.0,,true
138,40.0,394.0,,true
139,350.0,167.0,,true
140,500.0,178.0,,false
141,500.0,525.0,,false
142,3300.0,25.0,,false
143,3300.0,24.0,,false
144,3300.0,23.0,,false
145,60.0,190.0,,false
146,60.0,243.0,,false
147,60.0,159.0,,false
148,800.0,4.0,,false
149,60.0,93.0,,false
150,60.0,110.0,,false
151,60.0,91.0,,false
152,60.0,99.0,,false
153,60.0,105.0,,false
154,60.0,107.0,,false
155,60.0,84.0,,false
156,60.0,109.0,,false
157,60.0,83.0,,false
158,60.0,116.0,,false
159,100.0,241.0,,false
160,100.0,202.0,,false
161,900.0,8.0,,false
162,1150.0,13.0,,false
163,1000.0,7.0,,false
164,1350.0,47.0,,true
165,500.0,59.0,,true
166,5000.0,19.0,,true
167,2200.0,137.0,,true
168,3500.0,238.0,,true
169,5000.0,600.0,,true
170,500.0,142.0,,true
171,125.0,511.0,,true
172,40.0,433.0,,true
173,350.0,150.0,,true
174,500.0,173.0,,false
175,500.0,363.0,,false
176,3300.0,29.0,,false
177,3300.0,24.0,,false
178,3300.0,26.0,,false
179,60.0,168.0,,false
180,60.0,169.0,,false
181,60.0,224.0,,false
182,800.0,4.0,,false
183,60.0,109.0,,false
184,60.0,86.0,,false
185,60.0,92.0,,false
186,60.0,99.0,,false
187,60.0,107.0,,false
188,60.0,113.0,,false
189,60.0,114.0,,false
190,60.0,112.0,,false
191,60.0,105.0,,false
192,100.0,238.0,,false
193,100.0,181.0,,false
194,900.0,9.0,,false
195,1150.0,14.0,,false
196,1000.0,7.0,,false
197,1350.0,47.0,,true
198,500.0,59.0,,true
199,5000.0,18.0,,true
200,2200.0,136.0,,true
201,3500.0,275.0,,true
202,5000.0,600.0,,true
203,500.0,158.0,,true
204,125.0,454.0,,true
205,40.0,361.0,,true
206,350.0,142.0,,true
207,500.0,185.0,,false
208,500.0,317.0,,false
209,3300.0,30.0,,false
210,3300.0,28.0,,false
211,3300.0,23.0,,false
212,60.0,153.0,,false
213,60.0,227.0,,false
214,60.0,202.0,,false
215,60.0,156.0,,false
216,800.0,4.0,,false
217,60.0,99.0,,false
218,60.0,113.0,,false
219,60.0,94.0,,false
220,60.0,97.0,,false
221,60.0,118.0,,false
222,60.0,82.0,,false
223,60.0,102.0,,false
224,60.0,109.0,,false
225,60.0,88.0,,false
226,100.0,199.0,,false
227,100.0,216.0,,false
228,900.0,10.0,,false
229,1150.0,14.0,,false
230,1000.0,6.0,,false
231,1350.0,47.0,,true
232,500.0,59.0,,true
233,5000.0,20.0,,true
234,2200.0,140.0,,true
235,3500.0,245.0,,true
236,5000.0,600.0,,true
237,500.0,153.0,,true
238,125.0,513.0,,true
239,40.0,423.0,,true
240,350.0,149.0,,true
241,500.0,174.0,,false
242,500.0,552.0,,false
243,3300.0,27.0,,false
244,3300.0,23.0,,false
245,3300.0,21.0,,false
246,60.0,182.0,,false
247,60.0,156.0,,false
248,60.0,168.0,,false
249,800.0,6.0,,false
250,60.0,102.0,,false
251,60.0,82.0,,false
252,60.0,110.0,,false
253,60.0,112.0,,false
254,60.0,118.0,,false
255,60.0,90.0,,false
256,60.0,112.0,,false
257,60.0,88.0,,false
258,60.0,95.0,,false
259,60.0,98.0,,false
260,100.0,231.0,,false
261,100.0,230.0,,false
262,900.0,8.0,,false
263,1150.0,15.0,,false
264,1000.0,8.0,,false
265,1350.0,46.0,,true
266,500.0,60.0,,true
267,5000.0,17.0,,true
268,2200.0,139.0,,true
269,3500.0,260.0,,true
270,5000.0,600.0,,true
271,500.0,155.0,,true
272,125.0,478.0,,true
273,40.0,398.0,,true
274,350.0,143.0,,true
275,500.0,174.0,,false
276,500.0,348.0,,false
277,3300.0,27.0,,false
278,3300.0,30.0,,false
279,3300.0,23.0,,false
280,60.0,205.0,,false
281,60.0,174.0,,false
282,60.0,158.0,,false
283,60.0,182.0,,false
284,800.0,5.0,,false
285,60.0,98.0,,false
286,60.0,116.0,,false
287,60.0,105.0,,false
288,60.0,113.0,,false
289,60.0,113.0,,false
290,60.0,94.0,,false
291,60.0,115.0,,false
292,60.0,84.0,,false
293,60.0,105.0,,false
294,60.0,87.0,,false
295,100.0,224.0,,false
296,100.0,224.0,,false
297,900.0,10.0,,false
298,1150.0,18.0,,false
299,1000.0,6.0,,false
300,1350.0,47.0,,true
301,500.0,56.0,,true
302,5000.0,20.0,,true
303,2200.0,138.0,,true
304,3500.0,230.0,,true
305,5000.0,600.0,,true
306,500.0,143.0,,true
307,125.0,550.0,,true
308,40.0,364.0,,true
309,350.0,170.0,,true
310,500.0,182.0,,false
311,500.0,516.0,,false
312,3300.0,28.0,,false
313,3300.0,27.0,,false
314,3300.0,26.0,,false
315,60.0,156.0,,false
316,60.0,192.0,,false
317,60.0,201.0,,false
318,800.0,5.0,,false
319,60.0,84.0,,false
320,60.0,95.0,,false
321,60.0,119.0,,false
322,60.0,112.0,,false
323,60.0,90.0,,false
324,60.0,114.0,,false
325,100.0,196.0,,false
326,100.0,197.0,,false
327,900.0,9.0,,false
328,1150.0,15.0,,false
329,1000.0,7.0,,false
330,1350.0,47.0,,true
331,500.0,59.0,,true
332,5000.0,19.0,,true
333,2200.0,134.0,,true
334,3500.0,392.0,,true
335,5000.0,600.0,,true
336,500.0,156.0,,true
337,125.0,503.0,,true
338,40.0,365.0,,true
339,350.0,156.0,,true
340,500.0,194.0,,false
341,500.0,330.0,,false
342,3300.0,24.0,,false
343,3300.0,29.0,,false
344,3300.0,22.0,,false
345,60.0,159.0,,false
346,60.0,248.0,,false
347,60.0,229.0,,false
348,800.0,4.0,,false
349,60.0,83.0,,false
350,60.0,114.0,,false
351,60.0,117.0,,false
352,60.0,93.0,,false
353,60.0,86.0,,false
354,60.0,108.0,,false
355,60.0,83.0,,false
356,60.0,120.0,,false
357,60.0,82.0,,false
358,60.0,119.0,,false
359,100.0,227.0,,false
360,100.0,183.0,,false
361,900.0,7.0,,false
362,1150.0,18.0,,false
363,1000.0,6.0,,false
364,1350.0,49.0,,true
365,500.0,58.0,,true
366,5000.0,16.0,,true
367,2200.0,132.0,,true
368,3500.0,298.0,,true
369,5000.0,600.0,,true
370,500.0,142.0,,true
371,125.0,522.0,,true
372,40.0,355.0,,true
373,350.0,177.0,,true
374,500.0,171.0,,false
375,500.0,439.0,,false
376,3300.0,29.0,,false
377,3300.0,29.0,,false
378,3300.0,30.0,,false
379,60.0,218.0,,false
380,60.0,188.0,,false
381,60.0,179.0,,false
382,60.0,151.0,,false
383,800.0,5.0,,false
384,60.0,105.0,,false
385,60.0,86.0,,false
386,60.0,93.0,,false
387,60.0,106.0,,false
388,60.0,84.0,,false
389,60.0,87.0,,false
390,60.0,106.0,,false
391,60.0,100.0,,false
392,100.0,185.0,,false
393,100.0,208.0,,false
394,900.0,10.0,,false
395,1150.0,14.0,,false
396,1000.0,8.0,,false
397,1350.0,47.0,,true
398,500.0,59.0,,true
399,5000.0,18.0,,true
400,2200.0,133.0,,true
401,3500.0,354.0,,true
402,5000.0,600.0,,true
403,500.0,151.0,,true
404,125.0,517.0,,true
405,40.0,359.0,,true
406,350.0,141.0,,true
407,500.0,188.0,,false
408,500.0,553.0,,false
409,3300.0,22.0,,false
410,3300.0,30.0,,false
411,3300.0,23.0,,false
412,60.0,207.0,,false
413,60.0,157.0,,false
414,60.0,163.0,,false
415,60.0,208.0,,false
416,800.0,6.0,,false
417,60.0,103.0,,false
418,60.0,102.0,,false
419,60.0,99.0,,false
420,60.0,86.0,,false
421,60.0,112.0,,false
422,60.0,98.0,,false
423,60.0,112.0,,false
424,60.0,91.0,,false
425,100.0,203.0,,false
426,100.0,199.0,,false
427,900.0,7.0,,false
428,1150.0,17.0,,false
429,1000.0,8.0,,false
430,1350.0,48.0,,true
431,500.0,58.0,,true
432,5000.0,17.0,,true
433,2200.0,132.0,,true
434,3500.0,341.0,,true
435,5000.0,600.0,,true
436,500.0,160.0,,true
437,125.0,479.0,,true
438,40.0,406.0,,true
439,350.0,175.0,,true
440,500.0,172.0,,false
441,500.0,551.0,,false
442,3300.0,27.0,,false
443,3300.0,25.0,,false
444,3300.0,27.0,,false
445,60.0,177.0,,false
446,60.0,193.0,,false
447,60.0,228.0,,false
448,800.0,4.0,,false
449,60.0,95.0,,false
450,60.0,104.0,,false
451,60.0,110.0,,false
452,60.0,110.0,,false
453,60.0,90.0,,false
454,60.0,115.0,,false
455,60.0,102.0,,false
456,100.0,184.0,,false
457,100.0,216.0,,false
458,900.0,10.0,,false
459,1150.0,13.0,,false
460,1000.0,8.0,,false
461,1350.0,46.0,,true
462,500.0,58.0,,true
463,5000.0,20.0,,true
464,2200.0,136.0,,true
465,3500.0,234.0,,true
466,5000.0,600.0,,true
467,500.0,158.0,,true
468,125.0,471.0,,true
469,40.0,409.0,,true
470,350.0,165.0,,true
471,500.0,198.0,,false
472,500.0,318.0,,false
473,3300.0,22.0,,false
474,3300.0,22.0,,false
475,3300.0,30.0,,false
476,60.0,177.0,,false
477,60.0,174.0,,false
478,60.0,187.0,,false
479,800.0,4.0,,false
480,60.0,107.0,,false
481,60.0,96.0,,false
482,60.0,93.0,,false
483,60.0,116.0,,false
484,60.0,85.0,,false
485,60.0,111.0,,false
486,60.0,111.0,,false
487,60.0,98.0,,false
488,60.0,120.0,,false
489,100.0,230.0,,false
490,100.0,215.0,,false
491,900.0,9.0,,false
492,1150.0,13.0,,false
493,1000.0,8.0,,false
494,1350.0,47.0,,true
495,500.0,56.0,,true
496,5000.0,19.0,,true
497,2200.0,132.0,,true
498,3500.0,332.0,,true
499,5000.0,600.0,,true
500,500.0,155.0,,true
501,125.0,489.0,,true
502,40.0,363.0,,true
503,350.0,153.0,,true
504,500.0,173.0,,false
505,500.0,459.0,,false
506,3300.0,29.0,,false
507,3300.0,28.0,,false
508,3300.0,24.0,,false
509,60.0,187.0,,false
510,60.0,176.0,,false
511,60.0,217.0,,false
512,800.0,4.0,,false
513,60.0,95.0,,false
514,60.0,84.0,,false
515,60.0,90.0,,false
516,60.0,97.0,,false
517,60.0,97.0,,false
518,60.0,89.0,,false
519,60.0,100.0,,false
520,60.0,113.0,,false
521,100.0,183.0,,false
522,100.0,239.0,,false
523,900.0,8.0,,false
524,1150.0,17.0,,false
525,1000.0,8.0,,false
526,1350.0,47.0,,true
527,500.0,57.0,,true
528,5000.0,16.0,,true
529,2200.0,135.0,,true
530,3500.0,356.0,,true
531,5000.0,600.0,,true
532,500.0,160.0,,true
533,125.0,476.0,,true
534,40.0,363.0,,true
535,350.0,169.0,,true
536,500.0,173.0,,false
537,500.0,560.0,,false
538,3300.0,30.0,,false
539,3300.0,25.0,,false
540,3300.0,23.0,,false
541,60.0,169.0,,false
542,60.0,242.0,,false
543,60.0,228.0,,false
544,800.0,4.0,,false
545,60.0,87.0,,false
546,60.0,120.0,,false
547,60.0,88.0,,false
548,60.0,83.0,,false
549,60.0,94.0,,false
550,60.0,89.0,,false
551,60.0,111.0,,false
552,60.0,109.0,,false
553,100.0,201.0,,false
554,100.0,201.0,,false
555,900.0,10.0,,false
556,1150.0,14.0,,false
557,1000.0,7.0,,false
558,1350.0,47.0,,true
559,500.0,57.0,,true
560,5000.0,19.0,,true
561,2200.0,136.0,,true
562,3500.0,392.0,,true
563,5000.0,600.0,,true
564,500.0,150.0,,true
565,125.0,479.0,,true
566,40.0,403.0,,true
567,350.0,151.0,,true
568,500.0,187.0,,false
569,500.0,366.0,,false
570,3300.0,27.0,,false
571,3300.0,21.0,,false
572,3300.0,27.0,,false
573,60.0,221.0,,false
574,60.0,176.0,,false
575,60.0,190.0,,false
576,60.0,216.0,,false
577,800.0,4.0,,false
578,60.0,107.0,,false
579,60.0,108.0,,false
580,60.0,118.0,,false
581,60.0,87.0,,false
582,60.0,89.0,,false
583,60.0,99.0,,false
584,100.0,221.0,,false
585,100.0,250.0,,false
586,900.0,9.0,,false
587,1150.0,17.0,,false
588,1000.0,6.0,,false
589,1350.0,47.0,,true
590,500.0,58.0,,true
591,5000.0,17.0,,true
592,2200.0,135.0,,true
593,3500.0,305.0,,true
594,5000.0,600.0,,true
595,500.0,158.0,,true
596,125.0,495.0,,true
597,40.0,458.0,,true
598,350.0,179.0,,true
599,500.0,194.0,,false
600,500.0,346.0,,false
601,3300.0,21.0,,false
602,3300.0,26.0,,false
603,3300.0,26.0,,false
604,60.0,239.0,,false
605,60.0,234.0,,false
606,60.0,230.0,,false
607,800.0,4.0,,false
608,60.0,100.0,,false
609,60.0,85.0,,false
610,60.0,97.0,,false
611,60.0,100.0,,false
612,60.0,84.0,,false
613,60.0,113.0,,false
614,60.0,101.0,,false
615,60.0,99.0,,false
616,60.0,85.0,,false
617,100.0,181.0,,false
618,100.0,210.0,,false
619,900.0,10.0,,false
620,1150.0,17.0,,false
621,1000.0,7.0,,false
622,1350.0,49.0,,true
623,500.0,60.0,,true
624,5000.0,19.0,,true
625,2200.0,136.0,,true
626,3500.0,229.0,,true
627,5000.0,600.0,,true
628,500.0,152.0,,true
629,125.0,453.0,,true
630,40.0,435.0,,true
631,350.0,160.0,,true
632,500.0,175.0,,false
633,500.0,566.0,,false
634,3300.0,26.0,,false
635,3300.0,28.0,,false
636,3300.0,25.0,,false
637,60.0,248.0,,false
638,60.0,210.0,,false
639,60.0,173.0,,false
640,60.0,194.0,,false
641,800.0,4.0,,false
642,60.0,107.0,,false
643,60.0,82.0,,false
644,60.0,101.0,,false
645,60.0,90.0,,false
646,60.0,118.0,,false
647,60.0,103.0,,false
648,60.0,85.0,,false
649,100.0,225.0,,false
650,100.0,223.0,,false
651,900.0,9.0,,false
652,1150.0,13.0,,false
653,1000.0,8.0,,false
654,1350.0,49.0,,true
655,500.0,58.0,,true
656,5000.0,20.0,,true
657,2200.0,137.0,,true
658,3500.0,316.0,,true
659,5000.0,600.0,,true
660,500.0,142.0,,true
661,125.0,536.0,,true
662,40.0,383.0,,true
663,350.0,154.0,,true
664,500.0,194.0,,false
665,500.0,455.0,,false
666,3300.0,29.0,,false
667,3300.0,23.0,,false
668,3300.0,28.0,,false
669,60.0,229.0,,false
670,60.0,228.0,,false
671,60.0,174.0,,false
672,60.0,168.0,,false
673,800.0,5.0,,false
674,60.0,106.0,,false
675,60.0,118.0,,false
676,60.0,85.0,,false
677,60.0,115.0,,false
678,60.0,115.0,,false
679,60.0,118.0,,false
680,60.0,101.0,,false
681,60.0,105.0,,false
682,60.0,117.0,,false
683,100.0,208.0,,false
684,100.0,221.0,,false
685,900.0,10.0,,false
686,1150.0,15.0,,false
687,1000.0,7.0,,false
688,1350.0,50.0,,true
689,500.0,56.0,,true
690,5000.0,20.0,,true
691,2200.0,136.0,,true
692,3500.0,257.0,,true
693,5000.0,600.0,,true
694,500.0,145.0,,true
695,125.0,472.0,,true
696,40.0,363.0,,true
697,350.0,154.0,,true
698,500.0,192.0,,false
699,500.0,460.0,,false
700,3300.0,22.0,,false
701,3300.0,23.0,,false
702,3300.0,29.0,,false
703,60.0,161.0,,false
704,60.0,158.0,,false
705,60.0,190.0,,false
706,60.0,212.0,,false
707,800.0,6.0,,false
708,60.0,99.0,,false
709,60.0,104.0,,false
710,60.0,89.0,,false
711,60.0,88.0,,false
712,60.0,102.0,,false
713,60.0,99.0,,false
714,60.0,112.0,,false
715,60.0,117.0,,false
716,100.0,196.0,,false
717,100.0,182.0,,false
718,900.0,9.0,,false
719,1150.0,17.0,,false
720,1000.0,6.0,,false
721,1350.0,47.0,,true
722,500.0,60.0,,true
723,5000.0,17.0,,true
724,2200.0,131.0,,true
725,3500.0,331.0,,true
726,5000.0,600.0,,true
727,500.0,145.0,,true
728,125.0,475.0,,true
729,40.0,399.0,,true
730,350.0,157.0,,true
731,500.0,197.0,,false
732,500.0,553.0,,false
733,3300.0,23.0,,false
734,3300.0,27.0,,false
735,3300.0,23.0,,false
736,60.0,209.0,,false
737,60.0,232.0,,false
738,60.0,167.0,,false
739,60.0,151.0,,false
740,800.0,5.0,,false
741,60.0,94.0,,false
742,60.0,95.0,,false
743,60.0,82.0,,false
744,60.0,109.0,,false
745,60.0,119.0,,false
746,60.0,103.0,,false
747,60.0,87.0,,false
748,60.0,86.0,,false
749,60.0,91.0,,false
750,60.0,104.0,,false
751,100.0,183.0,,false
752,100.0,234.0,,false
753,900.0,10.0,,false
754,1150.0,15.0,,false
755,1000.0,8.0,,false
756,1350.0,46.0,,true
757,500.0,59.0,,true
758,5000.0,19.0,,true
759,2200.0,135.0,,true
760,3500.0,302.0,,true
761,5000.0,600.0,,true
762,500.0,159.0,,true
763,125.0,481.0,,true
764,40.0,451.0,,true
765,350.0,149.0,,true
766,500.0,177.0,,false
767,500.0,461.0,,false
768,3300.0,21.0,,false
769,3300.0,23.0,,false
770,3300.0,29.0,,false
771,60.0,196.0,,false
772,60.0,220.0,,false
773,60.0,178.0,,false
774,800.0,5.0,,false
775,60.0,81.0,,false
776,60.0,110.0,,false
777,60.0,90.0,,false
778,60.0,118.0,,false
779,60.0,112.0,,false
780,60.0,98.0,,false
781,60.0,120.0,,false
782,60.0,85.0,,false
783,60.0,89.0,,false
784,60.0,104.0,,false
785,100.0,248.0,,false
786,100.0,207.0,,false
787,900.0,10.0,,false
788,1150.0,16.0,,false
789,1000.0,8.0,,false
790,1350.0,49.0,,true
791,500.0,57.0,,true
792,5000.0,18.0,,true
793,2200.0,136.0,,true
794,3500.0,354.0,,true
795,5000.0,600.0,,true
796,500.0,156.0,,true
797,125.0,469.0,,true
798,40.0,401.0,,true
799,350.0,171.0,,true
800,500.0,189.0,,false
801,500.0,414.0,,false
802,3300.0,21.0,,false
803,3300.0,27.0,,false
804,3300.0,24.0,,false
805,60.0,229.0,,false
806,60.0,205.0,,false
807,60.0,155.0,,false
808,800.0,5.0,,false
809,60.0,89.0,,false
810,60.0,120.0,,false
811,60.0,109.0,,false
812,60.0,100.0,,false
813,60.0,111.0,,false
814,60.0,103.0,,false
815,100.0,194.0,,false
816,100.0,192.0,,false
817,900.0,7.0,,false
818,1150.0,15.0,,false
819,1000.0,8.0,,false
820,1350.0,47.0,,true
821,500.0,58.0,,true
822,5000.0,17.0,,true
823,2200.0,140.0,,true
824,3500.0,257.0,,true
825,5000.0,600.0,,true
826,500.0,157.0,,true
827,125.0,489.0,,true
828,40.0,445.0,,true
829,350.0,148.0,,true
830,500.0,196.0,,false
831,500.0,347.0,,false
832,3300.0,25.0,,false
833,3300.0,21.0,,false
834,3300.0,25.0,,false
835,60.0,234.0,,false
836,60.0,226.0,,false
837,60.0,163.0,,false
838,60.0,168.0,,false
839,800.0,6.0,,false
840,60.0,111.0,,false
841,60.0,101.0,,false
842,60.0,101.0,,false
843,60.0,113.0,,false
844,60.0,84.0,,false
845,60.0,98.0,,false
846,60.0,97.0,,false
847,60.0,117.0,,false
848,60.0,97.0,,false
849,60.0,108.0,,false
850,100.0,191.0,,false
851,100.0,238.0,,false
852,900.0,7.0,,false
853,1150.0,17.0,,false
854,1000.0,6.0,,false
855,1350.0,49.0,,true
856,500.0,57.0,,true
857,5000.0,17.0,,true
858,2200.0,139.0,,true
859,3500.0,231.0,,true
860,5000.0,600.0,,true
861,500.0,152.0,,true
862,125.0,531.0,,true
863,40.0,391.0,,true
864,350.0,141.0,,true
865,500.0,184.0,,false
866,500.0,481.0,,false
867,3300.0,21.0,,false
868,3300.0,28.0,,false
869,3300.0,27.0,,false
870,60.0,243.0,,false
871,60.0,175.0,,false
872,60.0,180.0,,false
873,800.0,4.0,,false
874,60.0,93.0,,false
875,60.0,99.0,,false
876,60.0,109.0,,false
877,60.0,93.0,,false
878,60.0,117.0,,false
879,60.0,102.0,,false
880,60.0,119.0,,false
881,60.0,113.0,,false
882,60.0,82.0,,false
883,60.0,91.0,,false
884,100.0,221.0,,false
885,100.0,181.0,,false
886,900.0,10.0,,false
887,1150.0,13.0,,false
888,1000.0,6.0,,false
889,1350.0,49.0,,true
890,500.0,60.0,,true
891,5000.0,17.0,,true
892,2200.0,140.0,,true
893,3500.0,314.0,,true
894,5000.0,600.0,,true
895,500.0,157.0,,true
896,125.0,461.0,,true
897,40.0,389.0,,true
898,350.0,177.0,,true
899,500.0,192.0,,false
900,500.0,514.0,,false
901,3300.0,28.0,,false
902,3300.0,27.0,,false
903,3300.0,21.0,,false
904,60.0,172.0,,false
905,60.0,205.0,,false
906,60.0,177.0,,false
907,60.0,172.0,,false
908,800.0,4.0,,false
909,60.0,106.0,,false
910,60.0,109.0,,false
911,60.0,110.0,,false
912,60.0,117.0,,false
913,60.0,96.0,,false
914,60.0,99.0,,false
915,100.0,240.0,,false
916,100.0,215.0,,false
917,900.0,7.0,,false
918,1150.0,18.0,,false
919,1000.0,6.0,,false
920,1350.0,47.0,,true
921,500.0,59.0,,true
922,5000.0,17.0,,true
923,2200.0,136.0,,true
924,3500.0,204.0,,true
925,5000.0,600.0,,true
926,500.0,156.0,,true
927,125.0,537.0,,true
928,40.0,367.0,,true
929,350.0,141.0,,true
930,500.0,181.0,,false
931,500.0,313.0,,false
932,3300.0,24.0,,false
933,3300.0,23.0,,false
934,3300.0,29.0,,false
935,60.0,180.0,,false
936,60.0,181.0,,false
937,60.0,153.0,,false
938,60.0,240.0,,false
939,800.0,5.0,,false
940,60.0,104.0,,false
941,60.0,115.0,,false
942,60.0,106.0,,false
943,60.0,84.0,,false
944,60.0,96.0,,false
945,60.0,85.0,,false
946,60.0,86.0,,false
947,60.0,105.0,,false
948,60.0,118.0,,false
949,100.0,200.0,,false
950,100.0,193.0,,false
951,900.0,8.0,,false
952,1150.0,16.0,,false
953,1000.0,7.0,,false
954,1350.0,48.0,,true
955,500.0,56.0,,true
956,5000.0,20.0,,true
957,2200.0,134.0,,true
958,3500.0,314.0,,true
959,5000.0,600.0,,true
960,500.0,148.0,,true
961,125.0,548.0,,true
962,40.0,403.0,,true
963,350.0,149.0,,true
964,500.0,194.0,,false
965,500.0,518.0,,false
966,3300.0,28.0,,false
967,3300.0,30.0,,false
968,3300.0,21.0,,false
969,60.0,193.0,,false
970,60.0,247.0,,false
971,60.0,200.0,,false
972,60.0,239.0,,false
973,800.0,5.0,,false
974,60.0,98.0,,false
975,60.0,85.0,,false
976,60.0,119.0,,false
977,60.0,83.0,,false
978,60.0,98.0,,false
979,60.0,113.0,,false
980,60.0,117.0,,false
981,60.0,101.0,,false
982,100.0,217.0,,false
983,100.0,250.0,,false
984,900.0,9.0,,false
985,1150.0,15.0,,false
986,1000.0,5.0,,false
987,1350.0,47.0,,true
988,500.0,58.0,,true
989,5000.0,18.0,,true
990,2200.0,134.0,,true
991,3500.0,384.0,,true
992,5000.0,600.0,,true
993,500.0,160.0,,true
994,125.0,484.0,,true
995,40.0,426.0,,true
996,350.0,149.0,,true
997,500.0,178.0,,false
998,500.0,537.0,,false
999,3300.0,27.0,,false
1000,3300.0,26.0,,false
1001,3300.0,27.0,,false
1002,60.0,178.0,,false
1003,60.0,223.0,,false
1004,60.0,228.0,,false
1005,60.0,235.0,,false
1006,800.0,6.0,,false
1007,60.0,104.0,,false
1008,60.0,118.0,,false
1009,60.0,117.0,,false
1010,60.0,111.0,,false
1011,60.0,110.0,,false
1012,60.0,93.0,,false
1013,60.0,100.0,,false
1014,60.0,99.0,,false
1015,60.0,85.0,,false
1016,60.0,111.0,,false
1017,100.0,214.0,,false
1018,100.0,222.0,,false
1019,900.0,7.0,,false
1020,1150.0,17.0,,false
1021,1000.0,7.0,,false
1022,1350.0,46.0,,true
1023,500.0,59.0,,true
1024,5000.0,17.0,,true
1025,2200.0,135.0,,true
1026,3500.0,259.0,,true
1027,5000.0,600.0,,true
1028,500.0,144.0,,true
1029,125.0,487.0,,true
1030,40.0,453.0,,true
1031,350.0,141.0,,true
1032,500.0,178.0,,false
1033,500.0,354.0,,false
1034,3300.0,26.0,,false
1035,3300.0,26.0,,false
1036,3300.0,25.0,,false
1037,60.0,231.0,,false
1038,60.0,178.0,,false
1039,60.0,193.0,,false
1040,60.0,191.0,,false
1041,800.0,6.0,,false
1042,60.0,88.0,,false
1043,60.0,86.0,,false
1044,60.0,96.0,,false
1045,60.0,93.0,,false
1046,60.0,107.0,,false
1047,60.0,89.0,,false
1048,60.0,116.0,,false
1049,100.0,184.0,,false
1050,100.0,222.0,,false
1051,900.0,10.0,,false
1052,1150.0,18.0,,false
1053,1000.0,8.0,,false
1054,1350.0,50.0,,true
1055,500.0,58.0,,true
1056,5000.0,18.0,,true
1057,2200.0,139.0,,true
1058,3500.0,358.0,,true
1059,5000.0,600.0,,true
1060,500.0,141.0,,true
1061,125.0,522.0,,true
1062,40.0,421.0,,true
1063,350.0,169.0,,true
1064,500.0,191.0,,false
1065,500.0,532.0,,false
1066,3300.0,25.0,,false
1067,3300.0,25.0,,false
1068,3300.0,24.0,,false
1069,60.0,238.0,,false
1070,60.0,212.0,,false
1071,60.0,247.0,,false
1072,60.0,202.0,,false
1073,800.0,4.0,,false
1074,60.0,99.0,,false
1075,60.0,120.0,,false
1076,60.0,113.0,,false
1077,60.0,115.0,,false
1078,60.0,90.0,,false
1079,60.0,94.0,,false
1080,60.0,105.0,,false
1081,60.0,87.0,,false
1082,60.0,111.0,,false
1083,100.0,222.0,,false
1084,100.0,225.0,,false
1085,900.0,8.0,,false
1086,1150.0,17.0,,false
1087,1000.0,6.0,,false
1088,1350.0,49.0,,true
1089,500.0,58.0,,true
1090,5000.0,17.0,,true
1091,2200.0,138.0,,true
1092,3500.0,258.0,,true
1093,5000.0,600.0,,true
1094,500.0,141.0,,true
1095,125.0,529.0,,true
1096,40.0,414.0,,true
1097,350.0,166.0,,true
1098,500.0,181.0,,false
1099,500.0,402.0,,false
1100,3300.0,29.0,,false
1101,3300.0,24.0,,false
1102,3300.0,23.0,,false
1103,60.0,202.0,,false
1104,60.0,238.0,,false
1105,60.0,185.0,,false
1106,60.0,154.0,,false
1107,800.0,5.0,,false
1108,60.0,86.0,,false
1109,60.0,101.0,,false
1110,60.0,120.0,,false
1111,60.0,84.0,,false
1112,60.0,102.0,,false
1113,60.0,112.0,,false
1114,60.0,84.0,,false
1115,60.0,103.0,,false
1116,60.0,86.0,,false
1117,100.0,227.0,,false
1118,100.0,209.0,,false
1119,900.0,9.0,,false
1120,1150.0,16.0,,false
1121,1000.0,6.0,,false
1122,1350.0,46.0,,true
1123,500.0,57.0,,true
1124,5000.0,16.0,,true
1125,2200.0,134.0,,true
1126,3500.0,266.0,,true
1127,5000.0,600.0,,true
1128,500.0,150.0,,true
1129,125.0,490.0,,true
1130,40.0,428.0,,true
1131,350.0,175.0,,true
1132,500.0,177.0,,false
1133,500.0,418.0,,false
1134,3300.0,28.0,,false
1135,3300.0,29.0,,false
1136,3300.0,21.0,,false
1137,60.0,153.0,,false
1138,60.0,207.0,,false
1139,60.0,176.0,,false
1140,800.0,4.0,,false
1141,60.0,86.0,,false
1142,60.0,117.0,,false
1143,60.0,115.0,,false
1144,60.0,107.0,,false
1145,60.0,102.0,,false
1146,60.0,108.0,,false
1147,100.0,204.0,,false
1148,100.0,246.0,,false
1149,900.0,9.0,,false
1150,1150.0,15.0,,false
1151,1000.0,6.0,,false
1152,1350.0,47.0,,true
1153,500.0,58.0,,true
1154,5000.0,20.0,,true
1155,2200.0,137.0,,true
1156,3500.0,289.0,,true
1157,5000.0,600.0,,true
1158,500.0,152.0,,true
1159,125.0,524.0,,true
1160,40.0,403.0,,true
1161,350.0,169.0,,true
1162,500.0,189.0,,false
1163,500.0,512.0,,false
1164,3300.0,21.0,,false
1165,3300.0,24.0,,false
1166,3300.0,29.0,,false
1167,60.0,153.0,,false
1168,60.0,230.0,,false
1169,60.0,201.0,,false
1170,800.0,4.0,,false
1171,60.0,89.0,,false
1172,60.0,114.0,,false
1173,60.0,82.0,,false
1174,60.0,106.0,,false
1175,60.0,88.0,,false
1176,60.0,98.0,,false
1177,60.0,119.0,,false
1178,100.0,228.0,,false
1179,100.0,208.0,,false
1180,900.0,9.0,,false
1181,1150.0,17.0,,false
1182,1000.0,8.0,,false
1183,1350.0,50.0,,true
1184,500.0,59.0,,true
1185,5000.0,17.0,,true
1186,2200.0,136.0,,true
1187,3500.0,351.0,,true
1188,5000.0,600.0,,true
1189,500.0,156.0,,true
1190,125.0,480.0,,true
1191,40.0,355.0,,true
1192,350.0,168.0,,true
1193,500.0,173.0,,false
1194,500.0,530.0,,false
1195,3300.0,27.0,,false
1196,3300.0,27.0,,false
1197,3300.0,23.0,,false
1198,60.0,171.0,,false
1199,60.0,176.0,,false
1200,60.0,206.0,,false
1201,800.0,6.0,,false
1202,60.0,113.0,,false
1203,60.0,113.0,,false
1204,60.0,97.0,,false
1205,60.0,97.0,,false
1206,60.0,104.0,,false
1207,60.0,87.0,,false
1208,60.0,98.0,,false
1209,60.0,93.0,,false
1210,60.0,98.0,,false
1211,100.0,198.0,,false
1212,100.0,243.0,,false
1213,900.0,9.0,,false
1214,1150.0,14.0,,false
1215,1000.0,5.0,,false
1216,1350.0,50.0,,true
1217,500.0,59.0,,true
1218,5000.0,16.0,,true
1219,2200.0,139.0,,true
1220,3500.0,241.0,,true
1221,5000.0,600.0,,true
1222,500.0,141.0,,true
1223,125.0,457.0,,true
1224,40.0,430.0,,true
1225,350.0,174.0,,true
1226,500.0,189.0,,false
1227,500.0,503.0,,false
1228,3300.0,27.0,,false
1229,3300.0,25.0,,false
1230,3300.0,30.0,,false
1231,60.0,177.0,,false
1232,60.0,214.0,,false
1233,60.0,195.0,,false
1234,60.0,219.0,,false
1235,800.0,5.0,,false
1236,60.0,112.0,,false
1237,60.0,84.0,,false
1238,60.0,110.0,,false
1239,60.0,102.0,,false
1240,60.0,81.0,,false
1241,60.0,102.0,,false
1242,60.0,93.0,,false
1243,60.0,107.0,,false
1244,60.0,120.0,,false
1245,100.0,195.0,,false
1246,100.0,186.0,,false
1247,900.0,7.0,,false
1248,1150.0,16.0,,false
1249,1000.0,6.0,,false
1250,1350.0,49.0,,true
1251,500.0,58.0,,true
1252,5000.0,19.0,,true
1253,2200.0,133.0,,true
1254,3500.0,324.0,,true
1255,5000.0,600.0,,true
1256,500.0,154.0,,true
1257,125.0,513.0,,true
1258,40.0,450.0,,true
1259,350.0,144.0,,true
1260,500.0,184.0,,false
1261,500.0,407.0,,false
1262,3300.0,29.0,,false
1263,3300.0,24.0,,false
1264,3300.0,23.0,,false
1265,60.0,234.0,,false
1266,60.0,236.0,,false
1267,60.0,180.0,,false
1268,60.0,217.0,,false
1269,800.0,4.0,,false
1270,60.0,103.0,,false
1271,60.0,82.0,,false
1272,60.0,120.0,,false
1273,60.0,86.0,,false
1274,60.0,108.0,,false
1275,60.0,100.0,,false
1276,100.0,211.0,,false
1277,100.0,231.0,,false
1278,900.0,7.0,,false
1279,1150.0,13.0,,false
1280,1000.0,7.0,,false
1281,1350.0,50.0,,true
1282,500.0,56.0,,true
1283,5000.0,18.0,,true
1284,2200.0,137.0,,true
1285,3500.0,233.0,,true
1286,5000.0,600.0,,true
1287,500.0,145.0,,true
1288,125.0,536.0,,true
1289,40.0,360.0,,true
1290,350.0,175.0,,true
1291,500.0,185.0,,false
1292,500.0,581.0,,false
1293,3300.0,26.0,,false
1294,3300.0,28.0,,false
1295,3300.0,23.0,,false
1296,60.0,190.0,,false
1297,60.0,152.0,,false
1298,60.0,248.0,,false
1299,800.0,5.0,,false
1300,60.0,105.0,,false
1301,60.0,107.0,,false
1302,60.0,104.0,,false
1303,60.0,113.0,,false
1304,60.0,105.0,,false
1305,60.0,98.0,,false
1306,60.0,108.0,,false
1307,100.0,238.0,,false
1308,100.0,210.0,,false
1309,900.0,10.0,,false
1310,1150.0,16.0,,false
1311,1000.0,8.0,,false
1312,1350.0,47.0,,true
1313,500.0,58.0,,true
1314,5000.0,16.0,,true
1315,2200.0,131.0,,true
1316,3500.0,384.0,,true
1317,5000.0,600.0,,true
1318,500.0,155.0,,true
1319,125.0,503.0,,true
1320,40.0,442.0,,true
1321,350.0,169.0,,true
1322,500.0,183.0,,false
1323,500.0,499.0,,false
1324,3300.0,25.0,,false
1325,3300.0,26.0,,false
1326,3300.0,22.0,,false
1327,60.0,193.0,,false
1328,60.0,173.0,,false
1329,60.0,179.0,,false
1330,800.0,6.0,,false
1331,60.0,96.0,,false
1332,60.0,115.0,,false
1333,60.0,96.0,,false
1334,60.0,93.0,,false
1335,60.0,92.0,,false
1336,60.0,104.0,,false
1337,60.0,100.0,,false
1338,100.0,204.0,,false
1339,100.0,220.0,,false
1340,900.0,9.0,,false
1341,1150.0,16.0,,false
1342,1000.0,7.0,,false
1343,1350.0,50.0,,true
1344,500.0,56.0,,true
1345,5000.0,17.0,,true
1346,2200.0,134.0,,true
1347,3500.0,307.0,,true
1348,5000.0,600.0,,true
1349,500.0,150.0,,true
1350,125.0,486.0,,true
1351,40.0,352.0,,true
1352,350.0,148.0,,true
1353,500.0,182.0,,false
1354,500.0,423.0,,false
1355,3300.0,25.0,,false
1356,3300.0,29.0,,false
1357,3300.0,24.0,,false
1358,60.0,181.0,,false
1359,60.0,239.0,,false
1360,60.0,200.0,,false
1361,800.0,5.0,,false
1362,60.0,84.0,,false
1363,60.0,107.0,,false
1364,60.0,97.0,,false
1365,60.0,88.0,,false
1366,60.0,111.0,,false
1367,60.0,84.0,,false
1368,60.0,93.0,,false
1369,100.0,240.0,,false
1370,100.0,221.0,,false
1371,900.0,9.0,,false
1372,1150.0,15.0,,false
1373,1000.0,8.0,,false
1374,1350.0,49.0,,true
1375,500.0,60.0,,true
1376,5000.0,16.0,,true
1377,2200.0,132.0,,true
1378,3500.0,306.0,,true
1379,5000.0,600.0,,true
1380,500.0,158.0,,true
1381,125.0,489.0,,true
1382,40.0,396.0,,true
1383,350.0,169.0,,true
1384,500.0,193.0,,false
1385,500.0,322.0,,false
1386,3300.0,28.0,,false
1387,3300.0,26.0,,false
1388,3300.0,30.0,,false
1389,60.0,229.0,,false
1390,60.0,209.0,,false
1391,60.0,223.0,,false
1392,800.0,6.0,,false
1393,60.0,108.0,,false
1394,60.0,111.0,,false
1395,60.0,88.0,,false
1396,60.0,119.0,,false
1397,60.0,91.0,,false
1398,60.0,89.0,,false
1399,60.0,92.0,,false
1400,60.0,115.0,,false
1401,60.0,114.0,,false
1402,60.0,87.0,,false
1403,100.0,231.0,,false
1404,100.0,235.0,,false
1405,900.0,8.0,,false
1406,1150.0,14.0,,false
1407,1000.0,6.0,,false
1408,1350.0,50.0,,true
1409,500.0,56.0,,true
1410,5000.0,20.0,,true
1411,2200.0,139.0,,true
1412,3500.0,266.0,,true
1413,5000.0,600.0,,true
1414,500.0,156.0,,true
1415,125.0,501.0,,true
1416,40.0,439.0,,true
1417,350.0,158.0,,true
1418,500.0,188.0,,false
1419,500.0,479.0,,false
1420,3300.0,30.0,,false
1421,3300.0,29.0,,false
1422,3300.0,23.0,,false
1423,60.0,248.0,,false
1424,60.0,154.0,,false
1425,60.0,158.0,,false
1426,60.0,236.0,,false
1427,800.0,6.0,,false
1428,60.0,82.0,,false
1429,60.0,108.0,,false
1430,60.0,107.0,,false
1431,60.0,86.0,,false
1432,60.0,115.0,,false
1433,60.0,101.0,,false
1434,60.0,92.0,,false
1435,60.0,116.0,,false
1436,60.0,92.0,,false
1437,60.0,104.0,,false
1438,100.0,182.0,,false
1439,100.0,238.0,,false
1440,900.0,7.0,,false
1441,1150.0,17.0,,false
1442,1000.0,7.0,,false
1443,1350.0,48.0,,true
1444,500.0,57.0,,true
1445,5000.0,20.0,,true
1446,2200.0,133.0,,true
1447,3500.0,305.0,,true
1448,5000.0,600.0,,true
1449,500.0,155.0,,true
1450,125.0,526.0,,true
1451,40.0,444.0,,true
1452,350.0,174.0,,true
1453,500.0,173.0,,false
1454,500.0,493.0,,false
1455,3300.0,24.0,,false
1456,3300.0,25.0,,false
1457,3300.0,30.0,,false
1458,60.0,159.0,,false
1459,60.0,233.0,,false
1460,60.0,236.0,,false
1461,60.0,204.0,,false
1462,800.0,6.0,,false
1463,60.0,92.0,,false
1464,60.0,106.0,,false
1465,60.0,97.0,,false
1466,60.0,98.0,,false
1467,60.0,105.0,,false
1468,60.0,96.0,,false
1469,60.0,118.0,,false
1470,60.0,108.0,,false
1471,60.0,104.0,,false
1472,60.0,89.0,,false
1473,100.0,209.0,,false
1474,100.0,228.0,,false
1475,900.0,7.0,,false
1476,1150.0,13.0,,false
1477,1000.0,7.0,,false
1478,1350.0,46.0,,true
1479,500.0,57.0,,true
1480,5000.0,19.0,,true
1481,2200.0,139.0,,true
1482,3500.0,217.0,,true
1483,5000.0,600.0,,true
1484,500.0,154.0,,true
1485,125.0,503.0,,true
1486,40.0,448.0,,true
1487,350.0,159.0,,true
1488,500.0,175.0,,false
1489,500.0,582.0,,false
1490,3300.0,22.0,,false
1491,3300.0,23.0,,false
1492,3300.0,21.0,,false
1493,60.0,204.0,,false
1494,60.0,188.0,,false
1495,60.0,202.0,,false
1496,800.0,6.0,,false
1497,60.0,118.0,,false
1498,60.0,108.0,,false
1499,60.0,107.0,,false
1500,60.0,112.0,,false
1501,60.0,108.0,,false
1502,60.0,110.0,,false
1503,100.0,184.0,,false
1504,100.0,224.0,,false
1505,900.0,7.0,,false
1506,1150.0,18.0,,false
1507,1000.0,7.0,,false
1508,1350.0,49.0,,true
1509,500.0,56.0,,true
1510,5000.0,18.0,,true
1511,2200.0,132.0,,true
1512,3500.0,325.0,,true
1513,5000.0,600.0,,true
1514,500.0,158.0,,true
1515,125.0,487.0,,true
1516,40.0,391.0,,true
1517,350.0,170.0,,true
1518,500.0,179.0,,false
1519,500.0,588.0,,false
1520,3300.0,23.0,,false
1521,3300.0,30.0,,false
1522,3300.0,21.0,,false
1523,60.0,197.0,,false
1524,60.0,205.0,,false
1525,60.0,181.0,,false
1526,60.0,172.0,,false
1527,800.0,6.0,,false
1528,60.0,84.0,,false
1529,60.0,88.0,,false
1530,60.0,81.0,,false
1531,60.0,118.0,,false
1532,60.0,112.0,,false
1533,60.0,87.0,,false
1534,60.0,99.0,,false
1535,60.0,107.0,,false
1536,60.0,113.0,,false
1537,100.0,235.0,,false
1538,100.0,196.0,,false
1539,900.0,9.0,,false
1540,1150.0,14.0,,false
1541,1000.0,5.0,,false
1542,1350.0,47.0,,true
1543,500.0,59.0,,true
1544,5000.0,19.0,,true
1545,2200.0,136.0,,true
1546,3500.0,355.0,,true
1547,5000.0,600.0,,true
1548,500.0,152.0,,true
1549,125.0,536.0,,true
1550,40.0,383.0,,true
1551,350.0,155.0,,true
1552,500.0,181.0,,false
1553,500.0,556.0,,false
1554,3300.0,22.0,,false
1555,3300.0,21.0,,false
1556,3300.0,21.0,,false
1557,60.0,161.0,,false
1558,60.0,177.0,,false
1559,60.0,191.0,,false
1560,800.0,6.0,,false
1561,60.0,112.0,,false
1562,60.0,107.0,,false
1563,60.0,86.0,,false
1564,60.0,107.0,,false
1565,60.0,81.0,,false
1566,60.0,114.0,,false
1567,60.0,119.0,,false
1568,60.0,97.0,,false
1569,60.0,82.0,,false
1570,60.0,117.0,,false
1571,100.0,231.0,,false
1572,100.0,187.0,,false
1573,900.0,7.0,,false
1574,1150.0,18.0,,false
1575,1000.0,6.0,,false
1576,1350.0,50.0,,true
1577,500.0,57.0,,true
1578,5000.0,17.0,,true
1579,2200.0,135.0,,true
1580,3500.0,385.0,,true
1581,5000.0,600.0,,true
1582,500.0,156.0,,true
1583,125.0,484.0,,true
1584,40.0,420.0,,true
1585,350.0,163.0,,true
1586,500.0,171.0,,false
1587,500.0,423.0,,false
1588,3300.0,28.0,,false
1589,3300.0,23.0,,false
1590,3300.0,27.0,,false
1591,60.0,158.0,,false
1592,60.0,243.0,,false
1593,60.0,239.0,,false
1594,800.0,5.0,,false
1595,60.0,81.0,,false
1596,60.0,96.0,,false
1597,60.0,119.0,,false
1598,60.0,118.0,,false
1599,60.0,82.0,,false
1600,60.0,105.0,,false
1601,60.0,98.0,,false
1602,60.0,111.0,,false
1603,100.0,247.0,,false
1604,100.0,235.0,,false
1605,900.0,9.0,,false
1606,1150.0,15.0,,false
1607,1000.0,5.0,,false
1608,1350.0,48.0,,true
1609,500.0,59.0,,true
1610,5000.0,18.0,,true
1611,2200.0,136.0,,true
1612,3500.0,306.0,,true
1613,5000.0,600.0,,true
1614,500.0,142.0,,true
1615,125.0,528.0,,true
1616,40.0,422.0,,true
1617,350.0,154.0,,true
1618,500.0,196.0,,false
1619,500.0,332.0,,false
1620,3300.0,21.0,,false
1621,3300.0,23.0,,false
1622,3300.0,30.0,,false
1623,60.0,249.0,,false
1624,60.0,196.0,,false
1625,60.0,212.0,,false
1626,800.0,4.0,,false
1627,60.0,94.0,,false
1628,60.0,103.0,,false
1629,60.0,97.0,,false
1630,60.0,105.0,,false
1631,60.0,91.0,,false
1632,60.0,98.0,,false
1633,60.0,96.0,,false
1634,100.0,226.0,,false
1635,100.0,249.0,,false
1636,900.0,9.0,,false
1637,1150.0,13.0,,false
1638,1000.0,5.0,,false
1639,1350.0,49.0,,true
1640,500.0,56.0,,true
1641,5000.0,18.0,,true
1642,2200.0,134.0,,true
1643,3500.0,281.0,,true
1644,5000.0,600.0,,true
1645,500.0,148.0,,true
1646,125.0,515.0,,true
1647,40.0,378.0,,true
1648,350.0,162.0,,true
1649,500.0,198.0,,false
1650,500.0,417.0,,false
1651,3300.0,29.0,,false
1652,3300.0,26.0,,false
1653,3300.0,29.0,,false
1654,60.0,163.0,,false
1655,60.0,231.0,,false
1656,60.0,159.0,,false
1657,800.0,6.0,,false
1658,60.0,120.0,,false
1659,60.0,116.0,,false
1660,60.0,99.0,,false
1661,60.0,112.0,,false
1662,60.0,88.0,,false
1663,60.0,118.0,,false
1664,60.0,104.0,,false
1665,60.0,90.0,,false
1666,60.0,118.0,,false
1667,100.0,231.0,,false
1668,100.0,202.0,,false
1669,900.0,7.0,,false
1670,1150.0,14.0,,false
1671,1000.0,5.0,,false
1672,1350.0,49.0,,true
1673,500.0,59.0,,true
1674,5000.0,18.0,,true
1675,2200.0,131.0,,true
1676,3500.0,343.0,,true
1677,5000.0,600.0,,true
1678,500.0,145.0,,true
1679,125.0,490.0,,true
1680,40.0,367.0,,true
1681,350.0,145.0,,true
1682,500.0,199.0,,false
1683,500.0,485.0,,false
1684,3300.0,25.0,,false
1685,3300.0,24.0,,false
1686,3300.0,27.0,,false
1687,60.0,238.0,,false
1688,60.0,226.0,,false
1689,60.0,193.0,,false
1690,60.0,158.0,,false
1691,800.0,5.0,,false
1692,60.0,92.0,,false
1693,60.0,83.0,,false
1694,60.0,119.0,,false
1695,60.0,107.0,,false
1696,60.0,95.0,,false
1697,60.0,112.0,,false
1698,60.0,98.0,,false
1699,100.0,232.0,,false
1700,100.0,239.0,,false
1701,900.0,10.0,,false
1702,1150.0,15.0,,false
1703,1000.0,7.0,,false
1704,1350.0,50.0,,true
1705,500.0,59.0,,true
1706,5000.0,17.0,,true
1707,2200.0,140.0,,true
1708,3500.0,289.0,,true
1709,5000.0,600.0,,true
1710,500.0,155.0,,true
1711,125.0,484.0,,true
1712,40.0,452.0,,true
1713,350.0,171.0,,true
1714,500.0,198.0,,false
1715,500.0,349.0,,false
1716,3300.0,25.0,,false
1717,3300.0,25.0,,false
1718,3300.0,23.0,,false
1719,60.0,249.0,,false
1720,60.0,245.0,,false
1721,60.0,213.0,,false
1722,60.0,207.0,,false
1723,800.0,4.0,,false
1724,60.0,99.0,,false
1725,60.0,117.0,,false
1726,60.0,92.0,,false
1727,60.0,111.0,,false
1728,60.0,85.0,,false
1729,60.0,94.0,,false
1730,60.0,89.0,,false
1731,100.0,209.0,,false
1732,100.0,193.0,,false
1733,900.0,10.0,,false
1734,1150.0,18.0,,false
1735,1000.0,8.0,,false
1736,1350.0,50.0,,true
1737,500.0,57.0,,true
1738,5000.0,17.0,,true
1739,2200.0,133.0,,true
1740,3500.0,272.0,,true
1741,5000.0,600.0,,true
1742,500.0,144.0,,true
1743,125.0,454.0,,true
1744,40.0,434.0,,true
1745,350.0,163.0,,true
1746,500.0,179.0,,false
1747,500.0,472.0,,false
1748,3300.0,22.0,,false
1749,3300.0,24.0,,false
1750,3300.0,28.0,,false
1751,60.0,182.0,,false
1752,60.0,163.0,,false
1753,60.0,240.0,,false
1754,60.0,229.0,,false
1755,800.0,6.0,,false
1756,60.0,109.0,,false
1757,60.0,112.0,,false
1758,60.0,93.0,,false
1759,60.0,88.0,,false
1760,60.0,88.0,,false
1761,60.0,106.0,,false
1762,60.0,104.0,,false
1763,60.0,100.0,,false
1764,100.0,249.0,,false
1765,100.0,220.0,,false
1766,900.0,7.0,,false
1767,1150.0,18.0,,false
1768,1000.0,8.0,,false
1769,1350.0,47.0,,true
1770,500.0,60.0,,true
1771,5000.0,19.0,,true
1772,2200.0,132.0,,true
1773,3500.0,372.0,,true
1774,5000.0,600.0,,true
1775,500.0,146.0,,true
1776,125.0,476.0,,true
1777,40.0,374.0,,true
1778,350.0,151.0,,true
1779,500.0,192.0,,false
1780,500.0,546.0,,false
1781,3300.0,26.0,,false
1782,3300.0,27.0,,false
1783,3300.0,27.0,,false
1784,60.0,231.0,,false
1785,60.0,202.0,,false
1786,60.0,237.0,,false
1787,800.0,4.0,,false
1788,60.0,99.0,,false
1789,60.0,87.0,,false
1790,60.0,90.0,,false
1791,60.0,92.0,,false
1792,60.0,81.0,,false
1793,60.0,111.0,,false
1794,60.0,112.0,,false
1795,60.0,81.0,,false
1796,100.0,196.0,,false
1797,100.0,237.0,,false
1798,900.0,9.0,,false
1799,1150.0,14.0,,false
1800,1000.0,7.0,,false
1801,1350.0,47.0,,true
1802,500.0,60.0,,true
1803,5000.0,19.0,,true
1804,2200.0,131.0,,true
1805,3500.0,363.0,,true
1806,5000.0,600.0,,true
1807,500.0,156.0,,true
1808,125.0,497.0,,true
1809,40.0,413.0,,true
1810,350.0,177.0,,true
1811,500.0,196.0,,false
1812,500.0,384.0,,false
1813,3300.0,30.0,,false
1814,3300.0,28.0,,false
1815,3300.0,28.0,,false
1816,60.0,241.0,,false
1817,60.0,159.0,,false
1818,60.0,244.0,,false
1819,800.0,6.0,,false
1820,60.0,109.0,,false
1821,60.0,103.0,,false
1822,60.0,104.0,,false
1823,60.0,116.0,,false
1824,60.0,105.0,,false
1825,60.0,82.0,,false
1826,60.0,107.0,,false
1827,100.0,204.0,,false
1828,100.0,194.0,,false
1829,900.0,9.0,,false
1830,1150.0,17.0,,false
1831,1000.0,7.0,,false
1832,1350.0,46.0,,true
1833,500.0,59.0,,true
1834,5000.0,20.0,,true
1835,2200.0,134.0,,true
1836,3500.0,382.0,,true
1837,5000.0,600.0,,true
1838,500.0,147.0,,true
1839,125.0,468.0,,true
1840,40.0,437.0,,true
1841,350.0,169.0,,true
1842,500.0,174.0,,false
1843,500.0,467.0,,false
1844,3300.0,23.0,,false
1845,3300.0,30.0,,false
1846,3300.0,24.0,,false
1847,60.0,192.0,,false
1848,60.0,231.0,,false
1849,60.0,216.0,,false
1850,60.0,235.0,,false
1851,800.0,6.0,,false
1852,60.0,89.0,,false
1853,60.0,102.0,,false
1854,60.0,87.0,,false
1855,60.0,93.0,,false
1856,60.0,90.0,,false
1857,60.0,109.0,,false
1858,60.0,109.0,,false
1859,60.0,95.0,,false
1860,60.0,81.0,,false
1861,60.0,86.0,,false
1862,100.0,209.0,,false
1863,100.0,199.0,,false
1864,900.0,8.0,,false
1865,1150.0,14.0,,false
1866,1000.0,8.0,,false
1867,1350.0,46.0,,true
1868,500.0,60.0,,true
1869,5000.0,18.0,,true
1870,2200.0,140.0,,true
1871,3500.0,373.0,,true
1872,5000.0,600.0,,true
1873,500.0,156.0,,true
1874,125.0,521.0,,true
1875,40.0,422.0,,true
1876,350.0,154.0,,true
1877,500.0,173.0,,false
1878,500.0,467.0,,false
1879,3300.0,26.0,,false
1880,3300.0,27.0,,false
1881,3300.0,23.0,,false
1882,60.0,193.0,,false
1883,60.0,174.0,,false
1884,60.0,214.0,,false
1885,60.0,227.0,,false
1886,800.0,6.0,,false
1887,60.0,96.0,,false
1888,60.0,103.0,,false
1889,60.0,84.0,,false
1890,60.0,99.0,,false
1891,60.0,100.0,,false
1892,60.0,91.0,,false
1893,100.0,223.0,,false
1894,100.0,211.0,,false
1895,900.0,7.0,,false
1896,1150.0,16.0,,false
1897,1000.0,6.0,,false
1898,1350.0,48.0,,true
1899,500.0,57.0,,true
1900,5000.0,17.0,,true
1901,2200.0,134.0,,true
1902,3500.0,326.0,,true
1903,5000.0,600.0,,true
1904,500.0,143.0,,true
1905,125.0,518.0,,true
1906,40.0,451.0,,true
1907,350.0,166.0,,true
1908,500.0,171.0,,false
1909,500.0,424.0,,false
1910,3300.0,22.0,,false
1911,3300.0,29.0,,false
1912,3300.0,28.0,,false
1913,60.0,219.0,,false
1914,60.0,218.0,,false
1915,60.0,159.0,,false
1916,60.0,171.0,,false
1917,800.0,6.0,,false
1918,60.0,108.0,,false
1919,60.0,100.0,,false
1920,60.0,97.0,,false
1921,60.0,104.0,,false
1922,60.0,108.0,,false
1923,60.0,102.0,,false
1924,60.0,112.0,,false
1925,60.0,116.0,,false
1926,60.0,104.0,,false
1927,60.0,106.0,,false
1928,100.0,231.0,,false
1929,100.0,192.0,,false
1930,900.0,8.0,,false
1931,1150.0,15.0,,false
1932,1000.0,8.0,,false
1933,1350.0,50.0,,true
1934,500.0,58.0,,true
1935,5000.0,20.0,,true
1936,2200.0,137.0,,true
1937,3500.0,374.0,,true
1938,5000.0,600.0,,true
1939,500.0,149.0,,true
1940,125.0,540.0,,true
1941,40.0,427.0,,true
1942,350.0,149.0,,true
1943,500.0,190.0,,false
1944,500.0,435.0,,false
1945,3300.0,27.0,,false
1946,3300.0,26.0,,false
1947,3300.0,25.0,,false
1948,60.0,186.0,,false
1949,60.0,222.0,,false
1950,60.0,230.0,,false
1951,60.0,239.0,,false
1952,800.0,5.0,,false
1953,60.0,87.0,,false
1954,60.0,81.0,,false
1955,60.0,116.0,,false
1956,60.0,108.0,,false
1957,60.0,83.0,,false
1958,60.0,112.0,,false
1959,100.0,234.0,,false
1960,100.0,200.0,,false
1961,900.0,10.0,,false
1962,1150.0,15.0,,false
1963,1000.0,6.0,,false
1964,1350.0,50.0,,true
1965,500.0,57.0,,true
1966,5000.0,20.0,,true
1967,2200.0,139.0,,true
1968,3500.0,338.0,,true
1969,5000.0,600.0,,true
1970,500.0,141.0,,true
1971,125.0,490.0,,true
1972,40.0,397.0,,true
1973,350.0,153.0,,true
1974,500.0,191.0,,false
1975,500.0,568.0,,false
1976,3300.0,28.0,,false
1977,3300.0,26.0,,false
1978,3300.0,22.0,,false
1979,60.0,195.0,,false
1980,60.0,246.0,,false
1981,60.0,187.0,,false
1982,60.0,191.0,,false
1983,800.0,6.0,,false
1984,60.0,109.0,,false
1985,60.0,87.0,,false
1986,60.0,108.0,,false
1987,60.0,99.0,,false
1988,60.0,91.0,,false
1989,60.0,95.0,,false
1990,100.0,238.0,,false
1991,100.0,221.0,,false
1992,900.0,9.0,,false
1993,1150.0,17.0,,false
1994,1000.0,8.0,,false
1995,1350.0,47.0,,true
1996,500.0,56.0,,true
1997,5000.0,18.0,,true
1998,2200.0,140.0,,true
1999,3500.0,275.0,,true
2000,5000.0,600.0,,true
2001,500.0,159.0,,true
2002,125.0,488.0,,true
2003,40.0,375.0,,true
2004,350.0,167.0,,true
2005,500.0,179.0,,false
2006,500.0,478.0,,false
2007,3300.0,29.0,,false
2008,3300.0,29.0,,false
2009,3300.0,22.0,,false
2010,60.0,189.0,,false
2011,60.0,201.0,,false
2012,60.0,221.0,,false
2013,800.0,5.0,,false
2014,60.0,106.0,,false
2015,60.0,105.0,,false
2016,60.0,115.0,,false
2017,60.0,90.0,,false
2018,60.0,103.0,,false
2019,60.0,86.0,,false
2020,60.0,113.0,,false
2021,60.0,118.0,,false
2022,60.0,120.0,,false
2023,100.0,200.0,,false
2024,100.0,191.0,,false
2025,900.0,10.0,,false
2026,1150.0,17.0,,false
2027,1000.0,8.0,,false
2028,1350.0,49.0,,true
2029,500.0,58.0,,true
2030,5000.0,16.0,,true
2031,2200.0,134.0,,true
2032,3500.0,289.0,,true
2033,5000.0,600.0,,true
2034,500.0,143.0,,true
2035,125.0,512.0,,true
2036,40.0,401.0,,true
2037,350.0,152.0,,true
2038,500.0,173.0,,false
2039,500.0,566.0,,false
2040,3300.0,24.0,,false
2041,3300.0,21.0,,false
2042,3300.0,26.0,,false
2043,60.0,238.0,,false
2044,60.0,239.0,,false
2045,60.0,247.0,,false
2046,800.0,6.0,,false
2047,60.0,97.0,,false
2048,60.0,105.0,,false
2049,60.0,105.0,,false
2050,60.0,108.0,,false
2051,60.0,118.0,,false
2052,60.0,113.0,,false
2053,100.0,218.0,,false
2054,100.0,232.0,,false
2055,900.0,8.0,,false
2056,1150.0,17.0,,false
2057,1000.0,8.0,,false
2058,1350.0,50.0,,true
2059,500.0,59.0,,true
2060,5000.0,19.0,,true
2061,2200.0,136.0,,true
2062,3500.0,263.0,,true
2063,5000.0,600.0,,true
2064,500.0,153.0,,true
2065,125.0,469.0,,true
2066,40.0,383.0,,true
2067,350.0,150.0,,true
2068,500.0,200.0,,false
2069,500.0,550.0,,false
2070,3300.0,22.0,,false
2071,3300.0,28.0,,false
2072,3300.0,21.0,,false
2073,60.0,192.0,,false
2074,60.0,222.0,,false
2075,60.0,200.0,,false
2076,800.0,4.0,,false
2077,60.0,111.0,,false
2078,60.0,100.0,,false
2079,60.0,106.0,,false
2080,60.0,87.0,,false
2081,60.0,88.0,,false
2082,60.0,82.0,,false
2083,60.0,83.0,,false
2084,60.0,98.0,,false
2085,60.0,110.0,,false
2086,60.0,118.0,,false
2087,100.0,197.0,,false
2088,100.0,236.0,,false
2089,900.0,10.0,,false
2090,1150.0,15.0,,false
2091,1000.0,6.0,,false
2092,1350.0,49.0,,true
2093,500.0,56.0,,true
2094,5000.0,18.0,,true
2095,2200.0,137.0,,true
2096,3500.0,278.0,,true
2097,5000.0,600.0,,true
2098,500.0,155.0,,true
2099,125.0,472.0,,true
2100,40.0,379.0,,true
2101,350.0,177.0,,true
2102,500.0,180.0,,false
2103,500.0,490.0,,false
2104,3300.0,27.0,,false
2105,3300.0,24.0,,false
2106,3300.0,30.0,,false
2107,60.0,181.0,,false
2108,60.0,168.0,,false
2109,60.0,223.0,,false
2110,800.0,6.0,,false
2111,60.0,113.0,,false
2112,60.0,113.0,,false
2113,60.0,95.0,,false
2114,60.0,104.0,,false
2115,60.0,115.0,,false
2116,60.0,107.0,,false
2117,60.0,107.0,,false
2118,100.0,211.0,,false
2119,100.0,248.0,,false
2120,900.0,8.0,,false
2121,1150.0,13.0,,false
2122,1000.0,7.0,,false
2123,1350.0,47.0,,true
2124,500.0,57.0,,true
2125,5000.0,16.0,,true
2126,2200.0,136.0,,true
2127,3500.0,346.0,,true
2128,5000.0,600.0,,true
2129,500.0,146.0,,true
2130,125.0,471.0,,true
2131,40.0,436.0,,true
2132,350.0,180.0,,true
2133,500.0,171.0,,false
2134,500.0,341.0,,false
2135,3300.0,29.0,,false
2136,3300.0,28.0,,false
2137,3300.0,26.0,,false
2138,60.0,224.0,,false
2139,60.0,195.0,,false
2140,60.0,209.0,,false
2141,60.0,193.0,,false
2142,800.0,6.0,,false
2143,60.0,119.0,,false
2144,60.0,117.0,,false
2145,60.0,85.0,,false
2146,60.0,116.0,,false
2147,60.0,112.0,,false
2148,60.0,109.0,,false
2149,100.0,250.0,,false
2150,100.0,215.0,,false
2151,900.0,8.0,,false
2152,1150.0,13.0,,false
2153,1000.0,7.0,,false
2154,1350.0,47.0,,true
2155,500.0,60.0,,true
2156,5000.0,20.0,,true
2157,2200.0,138.0,,true
2158,3500.0,238.0,,true
2159,5000.0,600.0,,true
2160,500.0,142.0,,true
2161,125.0,541.0,,true
2162,40.0,377.0,,true
2163,350.0,146.0,,true
2164,500.0,189.0,,false
2165,500.0,459.0,,false
2166,3300.0,30.0,,false
2167,3300.0,29.0,,false
2168,3300.0,22.0,,false
2169,60.0,237.0,,false
2170,60.0,194.0,,false
2171,60.0,194.0,,false
2172,800.0,5.0,,false
2173,60.0,91.0,,false
2174,60.0,94.0,,false
2175,60.0,92.0,,false
2176,60.0,89.0,,false
2177,60.0,96.0,,false
2178,60.0,81.0,,false
2179,60.0,110.0,,false
2180,60.0,93.0,,false
2181,60.0,89.0,,false
2182,60.0,106.0,,false
2183,100.0,238.0,,false
2184,100.0,215.0,,false
2185,900.0,7.0,,false
2186,1150.0,13.0,,false
2187,1000.0,5.0,,false
2188,1350.0,50.0,,true
2189,500.0,57.0,,true
2190,5000.0,20.0,,true
2191,2200.0,140.0,,true
2192,3500.0,365.0,,true
2193,5000.0,600.0,,true
2194,500.0,160.0,,true
2195,125.0,494.0,,true
2196,40.0,385.0,,true
2197,350.0,141.0,,true
2198,500.0,182.0,,false
2199,500.0,519.0,,false
2200,3300.0,27.0,,false
2201,3300.0,25.0,,false
2202,3300.0,26.0,,false
2203,60.0,227.0,,false
2204,60.0,161.0,,false
2205,60.0,188.0,,false
2206,800.0,5.0,,false
2207,60.0,96.0,,false
2208,60.0,86.0,,false
2209,60.0,111.0,,false
2210,60.0,114.0,,false
2211,60.0,93.0,,false
2212,60.0,106.0,,false
2213,60.0,107.0,,false
2214,100.0,229.0,,false
2215,100.0,201.0,,false
2216,900.0,10.0,,false
2217,1150.0,16.0,,false
2218,1000.0,5.0,,false
2219,1350.0,49.0,,true
2220,500.0,57.0,,true
2221,5000.0,16.0,,true
2222,2200.0,139.0,,true
2223,3500.0,238.0,,true
2224,5000.0,600.0,,true
2225,500.0,149.0,,true
2226,125.0,494.0,,true
2227,40.0,354.0,,true
2228,350.0,175.0,,true
2229,500.0,183.0,,false
2230,500.0,397.0,,false
2231,3300.0,29.0,,false
2232,3300.0,23.0,,false
2233,3300.0,23.0,,false
2234,60.0,223.0,,false
2235,60.0,195.0,,false
2236,60.0,211.0,,false
2237,60.0,224.0,,false
2238,800.0,4.0,,false
2239,60.0,106.0,,false
2240,60.0,96.0,,false
2241,60.0,88.0,,false
2242,60.0,112.0,,false
2243,60.0,96.0,,false
2244,60.0,106.0,,false
2245,60.0,106.0,,false
2246,60.0,99.0,,false
2247,100.0,194.0,,false
2248,100.0,241.0,,false
2249,900.0,9.0,,false
2250,1150.0,17.0,,false
2251,1000.0,8.0,,false
2252,1350.0,46.0,,true
2253,500.0,59.0,,true
2254,5000.0,18.0,,true
2255,2200.0,138.0,,true
2256,3500.0,277.0,,true
2257,5000.0,600.0,,true
2258,500.0,145.0,,true
2259,125.0,528.0,,true
2260,40.0,393.0,,true
2261,350.0,177.0,,true
2262,500.0,181.0,,false
2263,500.0,464.0,,false
2264,3300.0,29.0,,false
2265,3300.0,30.0,,false
2266,3300.0,22.0,,false
2267,60.0,165.0,,false
2268,60.0,170.0,,false
2269,60.0,154.0,,false
2270,800.0,5.0,,false
2271,60.0,116.0,,false
2272,60.0,97.0,,false
2273,60.0,111.0,,false
2274,60.0,109.0,,false
2275,60.0,95.0,,false
2276,60.0,82.0,,false
2277,60.0,109.0,,false
2278,100.0,240.0,,false
2279,100.0,182.0,,false
2280,900.0,7.0,,false
2281,1150.0,18.0,,false
2282,1000.0,6.0,,false
2283,1350.0,47.0,,true
2284,500.0,59.0,,true
2285,5000.0,17.0,,true
2286,2200.0,139.0,,true
2287,3500.0,273.0,,true
2288,5000.0,600.0,,true
2289,500.0,141.0,,true
2290,125.0,513.0,,true
2291,40.0,441.0,,true
2292,350.0,151.0,,true
2293,500.0,180.0,,false
2294,500.0,333.0,,false
2295,3300.0,28.0,,false
2296,3300.0,23.0,,false
2297,3300.0,21.0,,false
2298,60.0,193.0,,false
2299,60.0,245.0,,false
2300,60.0,198.0,,false
2301,60.0,193.0,,false
2302,800.0,5.0,,false
2303,60.0,106.0,,false
2304,60.0,115.0,,false
2305,60.0,82.0,,false
2306,60.0,93.0,,false
2307,60.0,99.0,,false
2308,60.0,105.0,,false
2309,60.0,119.0,,false
2310,60.0,87.0,,false
2311,100.0,203.0,,false
2312,100.0,184.0,,false
2313,900.0,7.0,,false
2314,1150.0,16.0,,false
2315,1000.0,7.0,,false
2316,1350.0,46.0,,true
2317,500.0,57.0,,true
2318,5000.0,19.0,,true
2319,2200.0,135.0,,true
2320,3500.0,263.0,,true
2321,5000.0,600.0,,true
2322,500.0,155.0,,true
2323,125.0,487.0,,true
2324,40.0,371.0,,true
2325,350.0,175.0,,true
2326,500.0,197.0,,false
2327,500.0,527.0,,false
2328,3300.0,23.0,,false
2329,3300.0,27.0,,false
2330,3300.0,26.0,,false
2331,60.0,235.0,,false
2332,60.0,228.0,,false
2333,60.0,243.0,,false
2334,800.0,4.0,,false
2335,60.0,120.0,,false
2336,60.0,84.0,,false
2337,60.0,89.0,,false
2338,60.0,104.0,,false
2339,60.0,94.0,,false
2340,60.0,92.0,,false
2341,60.0,92.0,,false
2342,100.0,222.0,,false
2343,100.0,248.0,,false
2344,900.0,7.0,,false
2345,1150.0,16.0,,false
2346,1000.0,6.0,,false
2347,1350.0,46.0,,true
2348,500.0,56.0,,true
2349,5000.0,17.0,,true
2350,2200.0,134.0,,true
2351,3500.0,265.0,,true
2352,5000.0,600.0,,true
2353,500.0,151.0,,true
2354,125.0,483.0,,true
2355,40.0,393.0,,true
2356,350.0,160.0,,true
2357,500.0,175.0,,false
2358,500.0,390.0,,false
2359,3300.0,23.0,,false
2360,3300.0,29.0,,false
2361,3300.0,28.0,,false
2362,60.0,164.0,,false
2363,60.0,183.0,,false
2364,60.0,242.0,,false
2365,800.0,5.0,,false
2366,60.0,84.0,,false
2367,60.0,92.0,,false
2368,60.0,96.0,,false
2369,60.0,82.0,,false
2370,60.0,82.0,,false
2371,60.0,86.0,,false
2372,60.0,113.0,,false
2373,100.0,194.0,,false
2374,100.0,241.0,,false
2375,900.0,7.0,,false
2376,1150.0,14.0,,false
2377,1000.0,5.0,,false
2378,1350.0,49.0,,true
2379,500.0,59.0,,true
2380,5000.0,19.0,,true
2381,2200.0,137.0,,true
2382,3500.0,350.0,,true
2383,5000.0,600.0,,true
2384,500.0,160.0,,true
2385,125.0,540.0,,true
2386,40.0,446.0,,true
2387,350.0,167.0,,true
2388,500.0,189.0,,false
2389,500.0,472.0,,false
2390,3300.0,26.0,,false
2391,3300.0,29.0,,false
2392,3300.0,22.0,,false
2393,60.0,203.0,,false
2394,60.0,152.0,,false
2395,60.0,213.0,,false
2396,800.0,4.0,,false
2397,60.0,102.0,,false
2398,60.0,114.0,,false
2399,60.0,119.0,,false
2400,60.0,112.0,,false
2401,60.0,81.0,,false
2402,60.0,91.0,,false
2403,100.0,224.0,,false
2404,100.0,227.0,,false
2405,900.0,8.0,,false
2406,1150.0,13.0,,false
2407,1000.0,5.0,,false
2408,1350.0,46.0,,true
2409,500.0,60.0,,true
2410,5000.0,17.0,,true
2411,2200.0,134.0,,true
2412,3500.0,211.0,,true
2413,5000.0,600.0,,true
2414,500.0,158.0,,true
2415,125.0,534.0,,true
2416,40.0,452.0,,true
2417,350.0,180.0,,true
2418,500.0,174.0,,false
2419,500.0,362.0,,false
2420,3300.0,22.0,,false
2421,3300.0,22.0,,false
2422,3300.0,26.0,,false
2423,60.0,238.0,,false
2424,60.0,211.0,,false
2425,60.0,198.0,,false
2426,60.0,177.0,,false
2427,800.0,6.0,,false
2428,60.0,89.0,,false
2429,60.0,94.0,,false
2430,60.0,95.0,,false
2431,60.0,120.0,,false
2432,60.0,115.0,,false
2433,60.0,104.0,,false
2434,60.0,113.0,,false
2435,60.0,85.0,,false
2436,60.0,104.0,,false
2437,100.0,214.0,,false
2438,100.0,210.0,,false
2439,900.0,10.0,,false
2440,1150.0,13.0,,false
2441,1000.0,8.0,,false
2442,1350.0,46.0,,true
2443,500.0,60.0,,true
2444,5000.0,19.0,,true
2445,2200.0,139.0,,true
2446,3500.0,348.0,,true
2447,5000.0,600.0,,true
2448,500.0,148.0,,true
2449,125.0,517.0,,true
2450,40.0,405.0,,true
2451,350.0,177.0,,true
2452,500.0,186.0,,false
2453,500.0,325.0,,false
2454,3300.0,26.0,,false
2455,3300.0,23.0,,false
2456,3300.0,25.0,,false
2457,60.0,234.0,,false
2458,60.0,209.0,,false
2459,60.0,210.0,,false
2460,800.0,5.0,,false
2461,60.0,97.0,,false
2462,60.0,118.0,,false
2463,60.0,93.0,,false
2464,60.0,102.0,,false
2465,60.0,98.0,,false
2466,60.0,114.0,,false
2467,60.0,112.0,,false
2468,60.0,116.0,,false
2469,100.0,188.0,,false
2470,100.0,249.0,,false
2471,900.0,10.0,,false
2472,1150.0,18.0,,false
2473,1000.0,8.0,,false
2474,1350.0,46.0,,true
2475,500.0,60.0,,true
2476,5000.0,18.0,,true
2477,2200.0,137.0,,true
2478,3500.0,227.0,,true
2479,5000.0,600.0,,true
2480,500.0,158.0,,true
2481,125.0,508.0,,true
2482,40.0,441.0,,true
2483,350.0,153.0,,true
2484,500.0,193.0,,false
2485,500.0,596.0,,false
2486,3300.0,29.0,,false
2487,3300.0,26.0,,false
2488,3300.0,26.0,,false
2489,60.0,165.0,,false
2490,60.0,183.0,,false
2491,60.0,200.0,,false
2492,800.0,5.0,,false
2493,60.0,85.0,,false
2494,60.0,115.0,,false
2495,60.0,108.0,,false
2496,60.0,88.0,,false
2497,60.0,106.0,,false
2498,60.0,118.0,,false
2499,60.0,100.0,,false
2500,100.0,239.0,,false
2501,100.0,203.0,,false
2502,900.0,10.0,,false
2503,1150.0,17.0,,false
2504,1000.0,6.0,,false
2505,1350.0,46.0,,true
2506,500.0,59.0,,true
2507,5000.0,16.0,,true
2508,2200.0,137.0,,true
2509,3500.0,352.0,,true
2510,5000.0,600.0,,true
2511,500.0,147.0,,true
2512,125.0,500.0,,true
2513,40.0,386.0,,true
2514,350.0,156.0,,true
2515,500.0,171.0,,false
2516,500.0,463.0,,false
2517,3300.0,23.0,,false
2518,3300.0,21.0,,false
2519,3300.0,25.0,,false
2520,60.0,243.0,,false
2521,60.0,156.0,,false
2522,60.0,169.0,,false
2523,800.0,4.0,,false
2524,60.0,92.0,,false
2525,60.0,107.0,,false
2526,60.0,111.0,,false
2527,60.0,82.0,,false
2528,60.0,97.0,,false
2529,60.0,115.0,,false
2530,60.0,119.0,,false
2531,60.0,106.0,,false
2532,100.0,241.0,,false
2533,100.0,199.0,,false
2534,900.0,9.0,,false
2535,1150.0,14.0,,false
2536,1000.0,5.0,,false
2537,1350.0,49.0,,true
2538,500.0,60.0,,true
2539,5000.0,20.0,,true
2540,2200.0,133.0,,true
2541,3500.0,258.0,,true
2542,5000.0,600.0,,true
2543,500.0,150.0,,true
2544,125.0,464.0,,true
2545,40.0,370.0,,true
2546,350.0,167.0,,true
2547,500.0,171.0,,false
2548,500.0,425.0,,false
2549,3300.0,24.0,,false
2550,3300.0,30.0,,false
2551,3300.0,24.0,,false
2552,60.0,214.0,,false
2553,60.0,185.0,,false
2554,60.0,226.0,,false
2555,800.0,5.0,,false
2556,60.0,110.0,,false
2557,60.0,114.0,,false
2558,60.0,116.0,,false
2559,60.0,109.0,,false
2560,60.0,112.0,,false
2561,60.0,112.0,,false
2562,60.0,115.0,,false
2563,100.0,212.0,,false
2564,100.0,246.0,,false
2565,900.0,8.0,,false
2566,1150.0,13.0,,false
2567,1000.0,6.0,,false
2568,1350.0,49.0,,true
2569,500.0,56.0,,true
2570,5000.0,19.0,,true
2571,2200.0,135.0,,true
2572,3500.0,372.0,,true
2573,5000.0,600.0,,true
2574,500.0,158.0,,true
2575,125.0,469.0,,true
2576,40.0,421.0,,true
2577,350.0,179.0,,true
2578,500.0,177.0,,false
2579,500.0,520.0,,false
2580,3300.0,26.0,,false
2581,3300.0,29.0,,false
2582,3300.0,23.0,,false
2583,60.0,242.0,,false
2584,60.0,221.0,,false
2585,60.0,170.0,,false
2586,60.0,173.0,,false
2587,800.0,4.0,,false
2588,60.0,94.0,,false
2589,60.0,94.0,,false
2590,60.0,115.0,,false
2591,60.0,110.0,,false
2592,60.0,112.0,,false
2593,60.0,90.0,,false
2594,100.0,233.0,,false
2595,100.0,233.0,,false
2596,900.0,7.0,,false
2597,1150.0,16.0,,false
2598,1000.0,7.0,,false
2599,1350.0,47.0,,true
2600,500.0,57.0,,true
2601,5000.0,20.0,,true
2602,2200.0,132.0,,true
2603,3500.0,225.0,,true
2604,5000.0,600.0,,true
2605,500.0,146.0,,true
2606,125.0,496.0,,true
2607,40.0,387.0,,true
2608,350.0,166.0,,true
2609,500.0,188.0,,false
2610,500.0,409.0,,false
2611,3300.0,24.0,,false
2612,3300.0,27.0,,false
2613,3300.0,30.0,,false
2614,60.0,219.0,,false
2615,60.0,221.0,,false
2616,60.0,250.0,,false
2617,800.0,5.0,,false
2618,60.0,91.0,,false
2619,60.0,89.0,,false
2620,60.0,108.0,,false
2621,60.0,110.0,,false
2622,60.0,102.0,,false
2623,60.0,105.0,,false
2624,60.0,101.0,,false
2625,60.0,112.0,,false
2626,100.0,250.0,,false
2627,100.0,212.0,,false
2628,900.0,10.0,,false
2629,1150.0,16.0,,false
2630,1000.0,5.0,,false
2631,1350.0,46.0,,true
2632,500.0,59.0,,true
2633,5000.0,19.0,,true
2634,2200.0,135.0,,true
2635,3500.0,267.0,,true
2636,5000.0,600.0,,true
2637,500.0,154.0,,true
2638,125.0,495.0,,true
2639,40.0,365.0,,true
2640,350.0,165.0,,true
2641,500.0,184.0,,false
2642,500.0,502.0,,false
2643,3300.0,30.0,,false
2644,3300.0,27.0,,false
2645,3300.0,26.0,,false
2646,60.0,225.0,,false
2647,60.0,198.0,,false
2648,60.0,192.0,,false
2649,60.0,182.0,,false
2650,800.0,6.0,,false
2651,60.0,116.0,,false
2652,60.0,103.0,,false
2653,60.0,94.0,,false
2654,60.0,113.0,,false
2655,60.0,99.0,,false
2656,60.0,97.0,,false
2657,60.0,102.0,,false
2658,100.0,193.0,,false
2659,100.0,231.0,,false
2660,900.0,7.0,,false
2661,1150.0,16.0,,false
2662,1000.0,8.0,,false
2663,1350.0,49.0,,true
2664,500.0,58.0,,true
2665,5000.0,18.0,,true
2666,2200.0,140.0,,true
2667,3500.0,311.0,,true
2668,5000.0,600.0,,true
2669,500.0,152.0,,true
2670,125.0,515.0,,true
2671,40.0,372.0,,true
2672,350.0,157.0,,true
2673,500.0,199.0,,false
2674,500.0,561.0,,false
2675,3300.0,21.0,,false
2676,3300.0,29.0,,false
2677,3300.0,24.0,,false
2678,60.0,185.0,,false
2679,60.0,199.0,,false
2680,60.0,154.0,,false
2681,60.0,181.0,,false
2682,800.0,6.0,,false
2683,60.0,112.0,,false
2684,60.0,101.0,,false
2685,60.0,102.0,,false
2686,60.0,115.0,,false
2687,60.0,94.0,,false
2688,60.0,119.0,,false
2689,100.0,226.0,,false
2690,100.0,244.0,,false
2691,900.0,8.0,,false
2692,1150.0,13.0,,false
2693,1000.0,5.0,,false
2694,1350.0,47.0,,true
2695,500.0,58.0,,true
2696,5000.0,17.0,,true
2697,2200.0,138.0,,true
2698,3500.0,278.0,,true
2699,5000.0,600.0,,true
2700,500.0,157.0,,true
2701,125.0,493.0,,true
2702,40.0,363.0,,true
2703,350.0,153.0,,true
2704,500.0,195.0,,false
2705,500.0,597.0,,false
2706,3300.0,26.0,,false
2707,3300.0,26.0,,false
2708,3300.0,23.0,,false
2709,60.0,247.0,,false
2710,60.0,162.0,,false
2711,60.0,164.0,,false
2712,800.0,5.0,,false
2713,60.0,81.0,,false
2714,60.0,95.0,,false
2715,60.0,108.0,,false
2716,60.0,99.0,,false
2717,60.0,110.0,,false
2718,60.0,112.0,,false
2719,60.0,93.0,,false
2720,60.0,109.0,,false
2721,60.0,120.0,,false
2722,60.0,103.0,,false
2723,100.0,219.0,,false
2724,100.0,194.0,,false
2725,900.0,8.0,,false
2726,1150.0,17.0,,false
2727,1000.0,5.0,,false
2728,1350.0,48.0,,true
2729,500.0,57.0,,true
2730,5000.0,18.0,,true
2731,2200.0,131.0,,true
2732,3500.0,296.0,,true
2733,5000.0,600.0,,true
2734,500.0,156.0,,true
2735,125.0,502.0,,true
2736,40.0,381.0,,true
2737,350.0,165.0,,true
2738,500.0,174.0,,false
2739,500.0,426.0,,false
2740,3300.0,24.0,,false
2741,3300.0,29.0,,false
2742,3300.0,27.0,,false
2743,60.0,161.0,,false
2744,60.0,214.0,,false
2745,60.0,164.0,,false
2746,60.0,173.0,,false
2747,800.0,4.0,,false
2748,60.0,116.0,,false
2749,60.0,83.0,,false
2750,60.0,109.0,,false
2751,60.0,88.0,,false
2752,60.0,92.0,,false
2753,60.0,109.0,,false
2754,60.0,101.0,,false
2755,60.0,103.0,,false
2756,60.0,114.0,,false
2757,60.0,93.0,,false
2758,100.0,213.0,,false
2759,100.0,246.0,,false
2760,900.0,8.0,,false
2761,1150.0,15.0,,false
2762,1000.0,8.0,,false
2763,1350.0,50.0,,true
2764,500.0,56.0,,true
2765,5000.0,19.0,,true
2766,2200.0,137.0,,true
2767,3500.0,361.0,,true
2768,5000.0,600.0,,true
2769,500.0,147.0,,true
2770,125.0,531.0,,true
2771,40.0,447.0,,true
2772,350.0,170.0,,true
2773,500.0,182.0,,false
2774,500.0,531.0,,false
2775,3300.0,21.0,,false
2776,3300.0,26.0,,false
2777,3300.0,22.0,,false
2778,60.0,244.0,,false
2779,60.0,243.0,,false
2780,60.0,203.0,,false
2781,60.0,189.0,,false
2782,800.0,4.0,,false
2783,60.0,96.0,,false
2784,60.0,95.0,,false
2785,60.0,113.0,,false
2786,60.0,107.0,,false
2787,60.0,92.0,,false
2788,60.0,105.0,,false
2789,60.0,108.0,,false
2790,60.0,96.0,,false
2791,100.0,181.0,,false
2792,100.0,202.0,,false
2793,900.0,9.0,,false
2794,1150.0,16.0,,false
2795,1000.0,5.0,,false
2796,1350.0,49.0,,true
2797,500.0,58.0,,true
2798,5000.0,19.0,,true
2799,2200.0,138.0,,true
2800,3500.0,331.0,,true
2801,5000.0,600.0,,true
2802,500.0,148.0,,true
2803,125.0,535.0,,true
2804,40.0,394.0,,true
2805,350.0,167.0,,true
2806,500.0,191.0,,false
2807,500.0,391.0,,false
2808,3300.0,22.0,,false
2809,3300.0,30.0,,false
2810,3300.0,28.0,,false
2811,60.0,232.0,,false
2812,60.0,208.0,,false
2813,60.0,181.0,,false
2814,800.0,4.0,,false
2815,60.0,107.0,,false
2816,60.0,88.0,,false
2817,60.0,83.0,,false
2818,60.0,115.0,,false
2819,60.0,85.0,,false
2820,60.0,109.0,,false
2821,60.0,84.0,,false
2822,100.0,230.0,,false
2823,100.0,184.0,,false
2824,900.0,10.0,,false
2825,1150.0,18.0,,false
2826,1000.0,5.0,,false
2827,1350.0,48.0,,true
2828,500.0,60.0,,true
2829,5000.0,16.0,,true
2830,2200.0,134.0,,true
2831,3500.0,347.0,,true
2832,5000.0,600.0,,true
2833,500.0,143.0,,true
2834,125.0,516.0,,true
2835,40.0,378.0,,true
2836,350.0,180.0,,true
2837,500.0,175.0,,false
2838,500.0,462.0,,false
2839,3300.0,23.0,,false
2840,3300.0,29.0,,false
2841,3300.0,30.0,,false
2842,60.0,182.0,,false
2843,60.0,183.0,,false
2844,60.0,174.0,,false
2845,800.0,6.0,,false
2846,60.0,86.0,,false
2847,60.0,94.0,,false
2848,60.0,90.0,,false
2849,60.0,95.0,,false
2850,60.0,85.0,,false
2851,60.0,100.0,,false
2852,60.0,85.0,,false
2853,60.0,102.0,,false
2854,60.0,112.0,,false
2855,100.0,240.0,,false
2856,100.0,248.0,,false
2857,900.0,7.0,,false
2858,1150.0,13.0,,false
2859,1000.0,8.0,,false
2860,1350.0,50.0,,true
2861,500.0,57.0,,true
2862,5000.0,20.0,,true
2863,2200.0,140.0,,true
2864,3500.0,218.0,,true
2865,5000.0,600.0,,true
2866,500.0,142.0,,true
2867,125.0,452.0,,true
2868,40.0,371.0,,true
2869,350.0,166.0,,true
2870,500.0,195.0,,false
2871,500.0,325.0,,false
2872,3300.0,30.0,,false
2873,3300.0,22.0,,false
2874,3300.0,29.0,,false
2875,60.0,171.0,,false
2876,60.0,179.0,,false
2877,60.0,205.0,,false
2878,800.0,5.0,,false
2879,60.0,101.0,,false
2880,60.0,106.0,,false
2881,60.0,83.0,,false
2882,60.0,107.0,,false
2883,60.0,100.0,,false
2884,60.0,89.0,,false
2885,100.0,225.0,,false
2886,100.0,185.0,,false
2887,900.0,7.0,,false
2888,1150.0,17.0,,false
2889,1000.0,7.0,,false
2890,1350.0,47.0,,true
2891,500.0,59.0,,true
2892,5000.0,19.0,,true
2893,2200.0,131.0,,true
2894,3500.0,295.0,,true
2895,5000.0,600.0,,true
2896,500.0,160.0,,true
2897,125.0,497.0,,true
2898,40.0,397.0,,true
2899,350.0,154.0,,true
2900,500.0,196.0,,false
2901,500.0,315.0,,false
2902,3300.0,29.0,,false
2903,3300.0,21.0,,false
2904,3300.0,25.0,,false
2905,60.0,151.0,,false
2906,60.0,152.0,,false
2907,60.0,245.0,,false
2908,60.0,155.0,,false
2909,800.0,5.0,,false
2910,60.0,100.0,,false
2911,60.0,110.0,,false
2912,60.0,90.0,,false
2913,60.0,106.0,,false
2914,60.0,90.0,,false
2915,60.0,81.0,,false
2916,60.0,89.0,,false
2917,60.0,105.0,,false
2918,100.0,231.0,,false
2919,100.0,193.0,,false
2920,900.0,9.0,,false
2921,1150.0,16.0,,false
2922,1000.0,6.0,,false
2923,1350.0,48.0,,true
2924,500.0,57.0,,true
2925,5000.0,18.0,,true
2926,2200.0,131.0,,true
2927,3500.0,391.0,,true
2928,5000.0,600.0,,true
2929,500.0,157.0,,true
2930,125.0,459.0,,true
2931,40.0,371.0,,true
2932,350.0,152.0,,true
2933,500.0,173.0,,false
2934,500.0,465.0,,false
2935,3300.0,23.0,,false
2936,3300.0,27.0,,false
2937,3300.0,28.0,,false
2938,60.0,211.0,,false
2939,60.0,154.0,,false
2940,60.0,177.0,,false
2941,800.0,6.0,,false
2942,60.0,87.0,,false
2943,60.0,118.0,,false
2944,60.0,102.0,,false
2945,60.0,119.0,,false
2946,60.0,104.0,,false
2947,60.0,115.0,,false
2948,60.0,115.0,,false
2949,60.0,81.0,,false
2950,60.0,85.0,,false
2951,60.0,88.0,,false
2952,100.0,239.0,,false
2953,100.0,214.0,,false
2954,900.0,9.0,,false
2955,1150.0,13.0,,false
2956,1000.0,8.0,,false
2957,1350.0,50.0,,true
2958,500.0,57.0,,true
2959,5000.0,18.0,,true
2960,2200.0,140.0,,true
2961,3500.0,207.0,,true
2962,5000.0,600.0,,true
2963,500.0,145.0,,true
2964,125.0,489.0,,true
2965,40.0,351.0,,true
2966,350.0,176.0,,true
2967,500.0,200.0,,false
2968,500.0,539.0,,false
2969,3300.0,29.0,,false
2970,3300.0,26.0,,false
2971,3300.0,30.0,,false
2972,60.0,189.0,,false
2973,60.0,213.0,,false
2974,60.0,167.0,,false
2975,60.0,156.0,,false
2976,800.0,6.0,,false
2977,60.0,93.0,,false
2978,60.0,87.0,,false
2979,60.0,93.0,,false
2980,60.0,120.0,,false
2981,60.0,96.0,,false
2982,60.0,118.0,,false
2983,60.0,99.0,,false
2984,60.0,93.0,,false
2985,60.0,87.0,,false
2986,100.0,228.0,,false
2987,100.0,186.0,,false
2988,900.0,10.0,,false
2989,1150.0,13.0,,false
2990,1000.0,8.0,,false
2991,1350.0,50.0,,true
2992,500.0,56.0,,true
2993,5000.0,17.0,,true
2994,2200.0,137.0,,true
2995,3500.0,358.0,,true
2996,5000.0,600.0,,true
2997,500.0,152.0,,true
2998,125.0,455.0,,true
2999,40.0,397.0,,true
3000,350.0,177.0,,true
3001,500.0,177.0,,false
3002,500.0,503.0,,false
3003,3300.0,28.0,,false
3004,3300.0,29.0,,false
3005,3300.0,29.0,,false
3006,60.0,214.0,,false
3007,60.0,233.0,,false
3008,60.0,178.0,,false
3009,800.0,6.0,,false
3010,60.0,103.0,,false
3011,60.0,82.0,,false
3012,60.0,118.0,,false
3013,60.0,99.0,,false
3014,60.0,108.0,,false
3015,60.0,93.0,,false
3016,100.0,223.0,,false
3017,100.0,228.0,,false
3018,900.0,7.0,,false
3019,1150.0,16.0,,false
3020,1000.0,8.0,,false
3021,1350.0,49.0,,true
3022,500.0,59.0,,true
3023,5000.0,18.0,,true
3024,2200.0,135.0,,true
3025,3500.0,400.0,,true
3026,5000.0,600.0,,true
3027,500.0,158.0,,true
3028,125.0,515.0,,true
3029,40.0,433.0,,true
3030,350.0,176.0,,true
3031,500.0,189.0,,false
3032,500.0,554.0,,false
3033,3300.0,24.0,,false
3034,3300.0,26.0,,false
3035,3300.0,24.0,,false
3036,60.0,169.0,,false
3037,60.0,153.0,,false
3038,60.0,154.0,,false
3039,60.0,236.0,,false
3040,800.0,5.0,,false
3041,60.0,93.0,,false
3042,60.0,116.0,,false
3043,60.0,101.0,,false
3044,60.0,91.0,,false
3045,60.0,86.0,,false
3046,60.0,99.0,,false
3047,60.0,90.0,,false
3048,100.0,230.0,,false
3049,100.0,182.0,,false
3050,900.0,9.0,,false
3051,1150.0,14.0,,false
3052,1000.0,6.0,,false
3053,1350.0,50.0,,true
3054,500.0,59.0,,true
3055,5000.0,17.0,,true
3056,2200.0,132.0,,true
3057,3500.0,374.0,,true
3058,5000.0,600.0,,true
3059,500.0,145.0,,true
3060,125.0,523.0,,true
3061,40.0,428.0,,true
3062,350.0,142.0,,true
3063,500.0,173.0,,false
3064,500.0,504.0,,false
3065,3300.0,26.0,,false
3066,3300.0,22.0,,false
3067,3300.0,26.0,,false
3068,60.0,207.0,,false
3069,60.0,204.0,,false
3070,60.0,235.0,,false
3071,800.0,4.0,,false
3072,60.0,96.0,,false
3073,60.0,104.0,,false
3074,60.0,103.0,,false
3075,60.0,87.0,,false
3076,60.0,108.0,,false
3077,60.0,112.0,,false
3078,100.0,215.0,,false
3079,100.0,219.0,,false
3080,900.0,9.0,,false
3081,1150.0,18.0,,false
3082,1000.0,8.0,,false
3083,1350.0,48.0,,true
3084,500.0,57.0,,true
3085,5000.0,20.0,,true
3086,2200.0,137.0,,true
3087,3500.0,320.0,,true
3088,5000.0,600.0,,true
3089,500.0,145.0,,true
3090,125.0,498.0,,true
3091,40.0,426.0,,true
3092,350.0,158.0,,true
3093,500.0,190.0,,false
3094,500.0,575.0,,false
3095,3300.0,22.0,,false
3096,3300.0,21.0,,false
3097,3300.0,22.0,,false
3098,60.0,182.0,,false
3099,60.0,185.0,,false
3100,60.0,250.0,,false
3101,60.0,206.0,,false
3102,800.0,6.0,,false
3103,60.0,82.0,,false
3104,60.0,118.0,,false
3105,60.0,97.0,,false
3106,60.0,96.0,,false
3107,60.0,110.0,,false
3108,60.0,116.0,,false
3109,100.0,224.0,,false
3110,100.0,249.0,,false
3111,900.0,9.0,,false
3112,1150.0,16.0,,false
3113,1000.0,6.0,,false
3114,1350.0,49.0,,true
3115,500.0,59.0,,true
3116,5000.0,16.0,,true
3117,2200.0,136.0,,true
3118,3500.0,210.0,,true
3119,5000.0,600.0,,true
3120,500.0,142.0,,true
3121,125.0,488.0,,true
3122,40.0,382.0,,true
3123,350.0,148.0,,true
3124,500.0,188.0,,false
3125,500.0,363.0,,false
3126,3300.0,27.0,,false
3127,3300.0,24.0,,false
3128,3300.0,22.0,,false
3129,60.0,216.0,,false
3130,60.0,238.0,,false
3131,60.0,165.0,,false
3132,60.0,172.0,,false
3133,800.0,5.0,,false
3134,60.0,84.0,,false
3135,60.0,91.0,,false
3136,60.0,117.0,,false
3137,60.0,95.0,,false
3138,60.0,107.0,,false
3139,60.0,91.0,,false
3140,60.0,102.0,,false
3141,60.0,87.0,,false
3142,60.0,101.0,,false
3143,100.0,185.0,,false
3144,100.0,201.0,,false
3145,900.0,8.0,,false
3146,1150.0,15.0,,false
3147,1000.0,5.0,,false
3148,1350.0,46.0,,true
3149,500.0,59.0,,true
3150,5000.0,16.0,,true
3151,2200.0,137.0,,true
3152,3500.0,307.0,,true
3153,5000.0,600.0,,true
3154,500.0,149.0,,true
3155,125.0,461.0,,true
3156,40.0,351.0,,true
3157,350.0,141.0,,true
3158,500.0,181.0,,false
3159,500.0,322.0,,false
3160,3300.0,29.0,,false
3161,3300.0,27.0,,false
3162,3300.0,24.0,,false
3163,60.0,177.0,,false
3164,60.0,176.0,,false
3165,60.0,228.0,,false
3166,800.0,6.0,,false
3167,60.0,88.0,,false
3168,60.0,101.0,,false
3169,60.0,115.0,,false
3170,60.0,88.0,,false
3171,60.0,101.0,,false
3172,60.0,84.0,,false
3173,60.0,108.0,,false
3174,60.0,85.0,,false
3175,60.0,113.0,,false
3176,100.0,191.0,,false
3177,100.0,221.0,,false
3178,900.0,9.0,,false
3179,1150.0,16.0,,false
3180,1000.0,5.0,,false
3181,1350.0,48.0,,true
3182,500.0,57.0,,true
3183,5000.0,18.0,,true
3184,2200.0,135.0,,true
3185,3500.0,225.0,,true
3186,5000.0,600.0,,true
3187,500.0,159.0,,true
3188,125.0,479.0,,true
3189,40.0,380.0,,true
3190,350.0,146.0,,true
3191,500.0,176.0,,false
3192,500.0,362.0,,false
3193,3300.0,29.0,,false
3194,3300.0,21.0,,false
3195,3300.0,25.0,,false
3196,60.0,205.0,,false
3197,60.0,167.0,,false
3198,60.0,249.0,,false
3199,60.0,194.0,,false
3200,800.0,6.0,,false
3201,60.0,102.0,,false
3202,60.0,114.0,,false
3203,60.0,93.0,,false
3204,60.0,114.0,,false
3205,60.0,105.0,,false
3206,60.0,87.0,,false
3207,60.0,102.0,,false
3208,60.0,93.0,,false
3209,60.0,101.0,,false
3210,60.0,111.0,,false
3211,100.0,206.0,,false
3212,100.0,215.0,,false
3213,900.0,8.0,,false
3214,1150.0,16.0,,false
3215,1000.0,5.0,,false
3216,1350.0,46.0,,true
3217,500.0,58.0,,true
3218,5000.0,20.0,,true
3219,2200.0,137.0,,true
3220,3500.0,278.0,,true
3221,5000.0,600.0,,true
3222,500.0,148.0,,true
3223,125.0,463.0,,true
3224,40.0,430.0,,true
3225,350.0,154.0,,true
3226,500.0,200.0,,false
3227,500.0,363.0,,false
3228,3300.0,28.0,,false
3229,3300.0,26.0,,false
3230,3300.0,26.0,,false
3231,60.0,153.0,,false
3232,60.0,227.0,,false
3233,60.0,151.0,,false
3234,800.0,5.0,,false
3235,60.0,83.0,,false
3236,60.0,107.0,,false
3237,60.0,92.0,,false
3238,60.0,119.0,,false
3239,60.0,100.0,,false
3240,60.0,105.0,,false
3241,60.0,88.0,,false
3242,100.0,200.0,,false
3243,100.0,201.0,,false
3244,900.0,9.0,,false
3245,1150.0,18.0,,false
3246,1000.0,6.0,,false
