Reference,height,width,stripwidth,preemptable
1,1350.0,49.0,720,true
2,500.0,59.0,,true
3,5000.0,18.0,,true
4,2200.0,135.0,,true
5,3500.0,376.0,,true
6,5000.0,600.0,,true
7,500.0,152.0,,true
8,125.0,501.0,,true
9,40.0,375.0,,true
10,350.0,160.0,,true
11,500.0,199.0,,false
12,500.0,401.0,,false
13,3300.0,26.0,,false
14,3300.0,30.0,,false
15,3300.0,22.0,,false
16,60.0,250.0,,false
17,60.0,214.0,,false
18,60.0,216.0,,false
19,60.0,214.0,,false
20,800.0,5.0,,false
21,60.0,93.0,,false
22,60.0,103.0,,false
23,60.0,106.0,,false
24,60.0,85.0,,false
25,60.0,113.0,,false
26,60.0,111.0,,false
27,60.0,89.0,,false
28,60.0,87.0,,false
29,100.0,191.0,,false
30,100.0,196.0,,false
31,900.0,10.0,,false
32,1150.0,13.0,,false
33,1000.0,7.0,,false
34,1350.0,47.0,,true
35,500.0,56.0,,true
36,5000.0,19.0,,true
37,2200.0,136.0,,true
38,3500.0,293.0,,true
39,5000.0,600.0,,true
40,500.0,143.0,,true
41,125.0,544.0,,true
42,40.0,426.0,,true
43,350.0,141.0,,true
44,500.0,175.0,,false
45,500.0,575.0,,false
46,3300.0,25.0,,false
47,3300.0,23.0,,false
48,3300.0,27.0,,false
49,60.0,219.0,,false
50,60.0,232.0,,false
51,60.0,201.0,,false
52,60.0,164.0,,false
53,800.0,6.0,,false
54,60.0,106.0,,false
55,60.0,96.0,,false
56,60.0,101.0,,false
57,60.0,87.0,,false
58,60.0,84.0,,false
59,60.0,102.0,,false
60,100.0,184.0,,false
61,100.0,208.0,,false
62,900.0,7.0,,false
63,1150.0,13.0,,false
64,1000.0,5.0,,false
65,1350.0,47.0,,true
66,500.0,58.0,,true
67,5000.0,20.0,,true
68,2200.0,135.0,,true
69,3500.0,280.0,,true
70,5000.0,600.0,,true
71,500.0,151.0,,true
72,125.0,521.0,,true
73,40.0,441.0,,true
74,350.0,141.0,,true
75,500.0,200.0,,false
76,500.0,565.0,,false
77,3300.0,24.0,,false
78,3300.0,22.0,,false
79,3300.0,24.0,,false
80,60.0,241.0,,false
81,60.0,155.0,,false
82,60.0,242.0,,false
83,60.0,211.0,,false
84,800.0,6.0,,false
85,60.0,114.0,,false
86,60.0,105.0,,false
87,60.0,89.0,,false
88,60.0,91.0,,false
89,60.0,101.0,,false
90,60.0,82.0,,false
91,60.0,102.0,,false
92,100.0,240.0,,false
93,100.0,194.0,,false
94,900.0,10.0,,false
95,1150.0,16.0,,false
96,1000.0,5.0,,false
97,1350.0,48.0,,true
98,500.0,59.0,,true
99,5000.0,20.0,,true
100,2200.0,140.0,,true
101,3500.0,347.0,,true
102,5000.0,600.0,,true
103,500.0,145.0,,true
104,125.0,486.0,,true
105,40.0,361.0,,true
106,350.0,143.0,,true
107,500.0,185.0,,false
108,500.0,566.0,,false
109,3300.0,27.0,,false
110,3300.0,28.0,,false
111,3300.0,30.0,,false
112,60.0,195.0,,false
113,60.0,222.0,,false
114,60.0,246.0,,false
115,60.0,193.0,,false
116,800.0,5.0,,false
117,60.0,97.0,,false
118,60.0,96.0,,false
119,60.0,87.0,,false
120,60.0,119.0,,false
121,60.0,83.0,,false
122,60.0,97.0,,false
123,60.0,113.0,,false
124,60.0,97.0,,false
125,60.0,107.0,,false
126,100.0,182.0,,false
127,100.0,198.0,,false
128,900.0,8.0,,false
129,1150.0,17.0,,false
130,1000.0,5.0,,false
131,1350.0,47.0,,true
132,500.0,56.0,,true
133,5000.0,20.0,,true
134,2200.0,140.0,,true
135,3500.0,283.0,,true
136,5000.0,600.0,,true
137,500.0,141.0,,true
138,125.0,541.0,,true
139,40.0,392.0,,true
140,350.0,143.0,,true
141,500.0,175.0,,false
142,500.0,421.0,,false
143,3300.0,21.0,,false
144,3300.0,28.0,,false
145,3300.0,22.0,,false
146,60.0,155.0,,false
147,60.0,237.0,,false
148,60.0,216.0,,false
149,800.0,5.0,,false
150,60.0,89.0,,false
151,60.0,114.0,,false
152,60.0,107.0,,false
153,60.0,86.0,,false
154,60.0,107.0,,false
155,60.0,89.0,,false
156,60.0,94.0,,false
157,60.0,86.0,,false
158,60.0,95.0,,false
159,100.0,190.0,,false
160,100.0,226.0,,false
161,900.0,7.0,,false
162,1150.0,17.0,,false
163,1000.0,8.0,,false
164,1350.0,47.0,,true
165,500.0,56.0,,true
166,5000.0,17.0,,true
167,2200.0,136.0,,true
168,3500.0,289.0,,true
169,5000.0,600.0,,true
170,500.0,151.0,,true
171,125.0,478.0,,true
172,40.0,367.0,,true
173,350.0,142.0,,true
174,500.0,186.0,,false
175,500.0,392.0,,false
176,3300.0,24.0,,false
177,3300.0,22.0,,false
178,3300.0,24.0,,false
179,60.0,208.0,,false
180,60.0,157.0,,false
181,60.0,219.0,,false
182,60.0,243.0,,false
183,800.0,6.0,,false
184,60.0,90.0,,false
185,60.0,102.0,,false
186,60.0,88.0,,false
187,60.0,87.0,,false
188,60.0,91.0,,false
189,60.0,98.0,,false
190,60.0,90.0,,false
191,60.0,113.0,,false
192,60.0,102.0,,false
193,60.0,99.0,,false
194,100.0,209.0,,false
195,100.0,235.0,,false
196,900.0,9.0,,false
197,1150.0,14.0,,false
198,1000.0,6.0,,false
199,1350.0,49.0,,true
200,500.0,59.0,,true
201,5000.0,19.0,,true
202,2200.0,134.0,,true
203,3500.0,384.0,,true
204,5000.0,600.0,,true
205,500.0,151.0,,true
206,125.0,478.0,,true
207,40.0,446.0,,true
208,350.0,145.0,,true
209,500.0,183.0,,false
210,500.0,481.0,,false
211,3300.0,27.0,,false
212,3300.0,24.0,,false
213,3300.0,21.0,,false
214,60.0,168.0,,false
215,60.0,197.0,,false
216,60.0,236.0,,false
217,60.0,249.0,,false
218,800.0,6.0,,false
219,60.0,81.0,,false
220,60.0,86.0,,false
221,60.0,101.0,,false
222,60.0,111.0,,false
223,60.0,105.0,,false
224,60.0,103.0,,false
225,60.0,118.0,,false
226,60.0,82.0,,false
227,60.0,88.0,,false
228,100.0,207.0,,false
229,100.0,223.0,,false
230,900.0,8.0,,false
231,1150.0,16.0,,false
232,1000.0,6.0,,false
233,1350.0,48.0,,true
234,500.0,59.0,,true
235,5000.0,18.0,,true
236,2200.0,140.0,,true
237,3500.0,372.0,,true
238,5000.0,600.0,,true
239,500.0,160.0,,true
240,125.0,502.0,,true
241,40.0,444.0,,true
242,350.0,173.0,,true
243,500.0,190.0,,false
244,500.0,593.0,,false
245,3300.0,28.0,,false
246,3300.0,21.0,,false
247,3300.0,28.0,,false
248,60.0,230.0,,false
249,60.0,166.0,,false
250,60.0,234.0,,false
251,60.0,186.0,,false
252,800.0,5.0,,false
253,60.0,81.0,,false
254,60.0,114.0,,false
255,60.0,98.0,,false
256,60.0,119.0,,false
257,60.0,98.0,,false
258,60.0,90.0,,false
259,60.0,102.0,,false
260,60.0,86.0,,false
261,100.0,210.0,,false
262,100.0,181.0,,false
263,900.0,9.0,,false
264,1150.0,18.0,,false
265,1000.0,8.0,,false
266,1350.0,46.0,,true
267,500.0,57.0,,true
268,5000.0,19.0,,true
269,2200.0,136.0,,true
270,3500.0,221.0,,true
271,5000.0,600.0,,true
272,500.0,145.0,,true
273,125.0,524.0,,true
274,40.0,459.0,,true
275,350.0,180.0,,true
276,500.0,188.0,,false
277,500.0,444.0,,false
278,3300.0,30.0,,false
279,3300.0,27.0,,false
280,3300.0,26.0,,false
281,60.0,242.0,,false
282,60.0,209.0,,false
283,60.0,155.0,,false
284,60.0,237.0,,false
285,800.0,4.0,,false
286,60.0,101.0,,false
287,60.0,105.0,,false
288,60.0,116.0,,false
289,60.0,87.0,,false
290,60.0,116.0,,false
291,60.0,113.0,,false
292,60.0,115.0,,false
293,60.0,86.0,,false
294,100.0,197.0,,false
295,100.0,248.0,,false
296,900.0,10.0,,false
297,1150.0,17.0,,false
298,1000.0,8.0,,false
299,1350.0,48.0,,true
300,500.0,57.0,,true
301,5000.0,20.0,,true
302,2200.0,138.0,,true
303,3500.0,372.0,,true
304,5000.0,600.0,,true
305,500.0,150.0,,true
306,125.0,507.0,,true
307,40.0,428.0,,true
308,350.0,154.0,,true
309,500.0,189.0,,false
310,500.0,496.0,,false
311,3300.0,28.0,,false
312,3300.0,27.0,,false
313,3300.0,21.0,,false
314,60.0,205.0,,false
315,60.0,178.0,,false
316,60.0,153.0,,false
317,800.0,6.0,,false
318,60.0,92.0,,false
319,60.0,107.0,,false
320,60.0,93.0,,false
321,60.0,112.0,,false
322,60.0,86.0,,false
323,60.0,118.0,,false
324,100.0,235.0,,false
325,100.0,199.0,,false
326,900.0,9.0,,false
327,1150.0,17.0,,false
328,1000.0,7.0,,false
329,1350.0,46.0,,true
330,500.0,56.0,,true
331,5000.0,18.0,,true
332,2200.0,132.0,,true
333,3500.0,333.0,,true
334,5000.0,600.0,,true
335,500.0,158.0,,true
336,125.0,518.0,,true
337,40.0,360.0,,true
338,350.0,162.0,,true
339,500.0,179.0,,false
340,500.0,553.0,,false
341,3300.0,21.0,,false
342,3300.0,25.0,,false
343,3300.0,22.0,,false
344,60.0,181.0,,false
345,60.0,193.0,,false
346,60.0,164.0,,false
347,800.0,5.0,,false
348,60.0,88.0,,false
349,60.0,112.0,,false
350,60.0,100.0,,false
351,60.0,108.0,,false
352,60.0,102.0,,false
353,60.0,110.0,,false
354,60.0,111.0,,false
355,60.0,97.0,,false
356,60.0,106.0,,false
357,60.0,105.0,,false
358,100.0,182.0,,false
359,100.0,195.0,,false
360,900.0,8.0,,false
361,1150.0,18.0,,false
362,1000.0,5.0,,false
363,1350.0,49.0,,true
364,500.0,58.0,,true
365,5000.0,19.0,,true
366,2200.0,133.0,,true
367,3500.0,333.0,,true
368,5000.0,600.0,,true
369,500.0,142.0,,true
370,125.0,479.0,,true
371,40.0,452.0,,true
372,350.0,165.0,,true
373,500.0,181.0,,false
374,500.0,498.0,,false
375,3300.0,24.0,,false
376,3300.0,27.0,,false
377,3300.0,24.0,,false
378,60.0,238.0,,false
379,60.0,190.0,,false
380,60.0,215.0,,false
381,60.0,203.0,,false
382,800.0,4.0,,false
383,60.0,114.0,,false
384,60.0,89.0,,false
385,60.0,107.0,,false
386,60.0,115.0,,false
387,60.0,91.0,,false
388,60.0,110.0,,false
389,60.0,82.0,,false
390,60.0,105.0,,false
391,60.0,92.0,,false
392,60.0,118.0,,false
393,100.0,233.0,,false
394,100.0,240.0,,false
395,900.0,8.0,,false
396,1150.0,18.0,,false
397,1000.0,8.0,,false
398,1350.0,46.0,,true
399,500.0,56.0,,true
400,5000.0,20.0,,true
401,2200.0,140.0,,true
402,3500.0,222.0,,true
403,5000.0,600.0,,true
404,500.0,142.0,,true
405,125.0,548.0,,true
406,40.0,456.0,,true
407,350.0,166.0,,true
408,500.0,179.0,,false
409,500.0,597.0,,false
410,3300.0,28.0,,false
411,3300.0,27.0,,false
412,3300.0,28.0,,false
413,60.0,162.0,,false
414,60.0,219.0,,false
415,60.0,159.0,,false
416,60.0,188.0,,false
417,800.0,6.0,,false
418,60.0,100.0,,false
419,60.0,98.0,,false
420,60.0,118.0,,false
421,60.0,96.0,,false
422,60.0,88.0,,false
423,60.0,82.0,,false
424,60.0,91.0,,false
425,100.0,248.0,,false
426,100.0,185.0,,false
427,900.0,9.0,,false
428,1150.0,15.0,,false
429,1000.0,7.0,,false
430,1350.0,47.0,,true
431,500.0,58.0,,true
432,5000.0,18.0,,true
433,2200.0,139.0,,true
434,3500.0,333.0,,true
435,5000.0,600.0,,true
436,500.0,160.0,,true
437,125.0,509.0,,true
438,40.0,435.0,,true
439,350.0,158.0,,true
440,500.0,175.0,,false
441,500.0,591.0,,false
442,3300.0,23.0,,false
443,3300.0,26.0,,false
444,3300.0,21.0,,false
445,60.0,224.0,,false
446,60.0,154.0,,false
447,60.0,169.0,,false
448,800.0,6.0,,false
449,60.0,101.0,,false
450,60.0,113.0,,false
451,60.0,86.0,,false
452,60.0,106.0,,false
453,60.0,87.0,,false
454,60.0,95.0,,false
455,100.0,198.0,,false
456,100.0,210.0,,false
457,900.0,8.0,,false
458,1150.0,15.0,,false
459,1000.0,7.0,,false
460,1350.0,50.0,,true
461,500.0,57.0,,true
462,5000.0,18.0,,true
463,2200.0,139.0,,true
464,3500.0,237.0,,true
465,5000.0,600.0,,true
466,500.0,151.0,,true
467,125.0,531.0,,true
468,40.0,382.0,,true
469,350.0,143.0,,true
470,500.0,193.0,,false
471,500.0,558.0,,false
472,3300.0,30.0,,false
473,3300.0,29.0,,false
474,3300.0,22.0,,false
475,60.0,188.0,,false
476,60.0,175.0,,false
477,60.0,226.0,,false
478,800.0,6.0,,false
479,60.0,118.0,,false
480,60.0,84.0,,false
481,60.0,90.0,,false
482,60.0,115.0,,false
483,60.0,99.0,,false
484,60.0,111.0,,false
485,100.0,221.0,,false
486,100.0,187.0,,false
487,900.0,10.0,,false
488,1150.0,18.0,,false
489,1000.0,8.0,,false
490,1350.0,50.0,,true
491,500.0,56.0,,true
492,5000.0,19.0,,true
493,2200.0,136.0,,true
494,3500.0,291.0,,true
495,5000.0,600.0,,true
496,500.0,142.0,,true
497,125.0,481.0,,true
498,40.0,404.0,,true
499,350.0,179.0,,true
500,500.0,190.0,,false
501,500.0,369.0,,false
502,3300.0,28.0,,false
503,3300.0,30.0,,false
504,3300.0,26.0,,false
505,60.0,243.0,,false
506,60.0,224.0,,false
507,60.0,236.0,,false
508,60.0,156.0,,false
509,800.0,5.0,,false
510,60.0,109.0,,false
511,60.0,108.0,,false
512,60.0,113.0,,false
513,60.0,115.0,,false
514,60.0,94.0,,false
515,60.0,118.0,,false
516,60.0,118.0,,false
517,60.0,103.0,,false
518,60.0,113.0,,false
519,60.0,98.0,,false
520,100.0,224.0,,false
521,100.0,184.0,,false
522,900.0,9.0,,false
523,1150.0,15.0,,false
524,1000.0,8.0,,false
525,1350.0,50.0,,true
526,500.0,59.0,,true
527,5000.0,17.0,,true
528,2200.0,133.0,,true
529,3500.0,251.0,,true
530,5000.0,600.0,,true
531,500.0,142.0,,true
532,125.0,542.0,,true
533,40.0,449.0,,true
534,350.0,146.0,,true
535,500.0,198.0,,false
536,500.0,578.0,,false
537,3300.0,26.0,,false
538,3300.0,25.0,,false
539,3300.0,29.0,,false
540,60.0,231.0,,false
541,60.0,179.0,,false
542,60.0,221.0,,false
543,800.0,6.0,,false
544,60.0,90.0,,false
545,60.0,96.0,,false
546,60.0,81.0,,false
547,60.0,114.0,,false
548,60.0,88.0,,false
549,60.0,101.0,,false
550,60.0,95.0,,false
551,60.0,95.0,,false
552,100.0,226.0,,false
553,100.0,205.0,,false
554,900.0,9.0,,false
555,1150.0,18.0,,false
556,1000.0,7.0,,false
557,1350.0,47.0,,true
558,500.0,59.0,,true
559,5000.0,18.0,,true
560,2200.0,132.0,,true
561,3500.0,369.0,,true
562,5000.0,600.0,,true
563,500.0,157.0,,true
564,125.0,532.0,,true
565,40.0,438.0,,true
566,350.0,170.0,,true
567,500.0,175.0,,false
568,500.0,527.0,,false
569,3300.0,25.0,,false
570,3300.0,29.0,,false
571,3300.0,29.0,,false
572,60.0,208.0,,false
573,60.0,194.0,,false
574,60.0,188.0,,false
575,800.0,4.0,,false
576,60.0,109.0,,false
577,60.0,98.0,,false
578,60.0,83.0,,false
579,60.0,108.0,,false
580,60.0,114.0,,false
581,60.0,116.0,,false
582,60.0,90.0,,false
583,60.0,106.0,,false
584,60.0,99.0,,false
585,100.0,217.0,,false
586,100.0,205.0,,false
587,900.0,8.0,,false
588,1150.0,16.0,,false
589,1000.0,8.0,,false
590,1350.0,47.0,,true
591,500.0,57.0,,true
592,5000.0,19.0,,true
593,2200.0,138.0,,true
594,3500.0,350.0,,true
595,5000.0,600.0,,true
596,500.0,159.0,,true
597,125.0,489.0,,true
598,40.0,431.0,,true
599,350.0,177.0,,true
600,500.0,190.0,,false
601,500.0,339.0,,false
602,3300.0,21.0,,false
603,3300.0,23.0,,false
604,3300.0,21.0,,false
605,60.0,175.0,,false
606,60.0,233.0,,false
607,60.0,241.0,,false
608,800.0,4.0,,false
609,60.0,91.0,,false
610,60.0,111.0,,false
611,60.0,90.0,,false
612,60.0,92.0,,false
613,60.0,115.0,,false
614,60.0,114.0,,false
615,60.0,113.0,,false
616,60.0,115.0,,false
617,60.0,95.0,,false
618,100.0,248.0,,false
619,100.0,186.0,,false
620,900.0,7.0,,false
621,1150.0,18.0,,false
622,1000.0,8.0,,false
623,1350.0,50.0,,true
624,500.0,58.0,,true
625,5000.0,17.0,,true
626,2200.0,134.0,,true
627,3500.0,259.0,,true
628,5000.0,600.0,,true
629,500.0,145.0,,true
630,125.0,509.0,,true
631,40.0,415.0,,true
632,350.0,178.0,,true
633,500.0,188.0,,false
634,500.0,511.0,,false
635,3300.0,29.0,,false
636,3300.0,27.0,,false
637,3300.0,25.0,,false
638,60.0,185.0,,false
639,60.0,170.0,,false
640,60.0,237.0,,false
641,800.0,5.0,,false
642,60.0,114.0,,false
643,60.0,89.0,,false
644,60.0,116.0,,false
645,60.0,90.0,,false
646,60.0,98.0,,false
647,60.0,99.0,,false
648,60.0,100.0,,false
649,60.0,107.0,,false
650,100.0,233.0,,false
651,100.0,225.0,,false
652,900.0,10.0,,false
653,1150.0,14.0,,false
654,1000.0,8.0,,false
655,1350.0,47.0,,true
656,500.0,59.0,,true
657,5000.0,17.0,,true
658,2200.0,140.0,,true
659,3500.0,336.0,,true
660,5000.0,600.0,,true
661,500.0,148.0,,true
662,125.0,517.0,,true
663,40.0,412.0,,true
664,350.0,149.0,,true
665,500.0,173.0,,false
666,500.0,600.0,,false
667,3300.0,28.0,,false
668,3300.0,26.0,,false
669,3300.0,24.0,,false
670,60.0,215.0,,false
671,60.0,196.0,,false
672,60.0,183.0,,false
673,800.0,5.0,,false
674,60.0,85.0,,false
675,60.0,112.0,,false
676,60.0,81.0,,false
677,60.0,90.0,,false
678,60.0,92.0,,false
679,60.0,92.0,,false
680,100.0,199.0,,false
681,100.0,184.0,,false
682,900.0,7.0,,false
683,1150.0,13.0,,false
684,1000.0,5.0,,false
685,1350.0,46.0,,true
686,500.0,56.0,,true
687,5000.0,18.0,,true
688,2200.0,139.0,,true
689,3500.0,237.0,,true
690,5000.0,600.0,,true
691,500.0,144.0,,true
692,125.0,500.0,,true
693,40.0,456.0,,true
694,350.0,169.0,,true
695,500.0,195.0,,false
696,500.0,404.0,,false
697,3300.0,21.0,,false
698,3300.0,23.0,,false
699,3300.0,30.0,,false
700,60.0,213.0,,false
701,60.0,168.0,,false
702,60.0,229.0,,false
703,60.0,174.0,,false
704,800.0,5.0,,false
705,60.0,89.0,,false
706,60.0,86.0,,false
707,60.0,108.0,,false
708,60.0,99.0,,false
709,60.0,109.0,,false
710,60.0,112.0,,false
711,100.0,200.0,,false
712,100.0,249.0,,false
713,900.0,10.0,,false
714,1150.0,13.0,,false
715,1000.0,8.0,,false
716,1350.0,49.0,,true
717,500.0,58.0,,true
718,5000.0,16.0,,true
719,2200.0,135.0,,true
720,3500.0,237.0,,true
721,5000.0,600.0,,true
722,500.0,154.0,,true
723,125.0,504.0,,true
724,40.0,361.0,,true
725,350.0,175.0,,true
726,500.0,183.0,,false
727,500.0,328.0,,false
728,3300.0,26.0,,false
729,3300.0,26.0,,false
730,3300.0,28.0,,false
731,60.0,181.0,,false
732,60.0,240.0,,false
733,60.0,243.0,,false
734,800.0,4.0,,false
735,60.0,93.0,,false
736,60.0,83.0,,false
737,60.0,103.0,,false
738,60.0,95.0,,false
739,60.0,116.0,,false
740,60.0,84.0,,false
741,60.0,115.0,,false
742,60.0,94.0,,false
743,100.0,247.0,,false
744,100.0,185.0,,false
745,900.0,10.0,,false
746,1150.0,18.0,,false
747,1000.0,5.0,,false
748,1350.0,47.0,,true
749,500.0,58.0,,true
750,5000.0,16.0,,true
751,2200.0,135.0,,true
752,3500.0,240.0,,true
753,5000.0,600.0,,true
754,500.0,143.0,,true
755,125.0,454.0,,true
756,40.0,377.0,,true
757,350.0,150.0,,true
758,500.0,189.0,,false
759,500.0,303.0,,false
760,3300.0,25.0,,false
761,3300.0,22.0,,false
762,3300.0,30.0,,false
763,60.0,239.0,,false
764,60.0,245.0,,false
765,60.0,172.0,,false
766,800.0,5.0,,false
767,60.0,109.0,,false
768,60.0,117.0,,false
769,60.0,91.0,,false
770,60.0,85.0,,false
771,60.0,89.0,,false
772,60.0,114.0,,false
773,60.0,91.0,,false
774,60.0,101.0,,false
775,100.0,198.0,,false
776,100.0,206.0,,false
777,900.0,7.0,,false
778,1150.0,16.0,,false
779,1000.0,5.0,,false
780,1350.0,47.0,,true
781,500.0,59.0,,true
782,5000.0,17.0,,true
783,2200.0,137.0,,true
784,3500.0,291.0,,true
785,5000.0,600.0,,true
786,500.0,156.0,,true
787,125.0,538.0,,true
788,40.0,353.0,,true
789,350.0,179.0,,true
790,500.0,189.0,,false
791,500.0,402.0,,false
792,3300.0,23.0,,false
793,3300.0,27.0,,false
794,3300.0,28.0,,false
795,60.0,220.0,,false
796,60.0,176.0,,false
797,60.0,204.0,,false
798,60.0,219.0,,false
799,800.0,5.0,,false
800,60.0,111.0,,false
801,60.0,116.0,,false
802,60.0,118.0,,false
803,60.0,87.0,,false
804,60.0,92.0,,false
805,60.0,87.0,,false
806,60.0,98.0,,false
807,100.0,201.0,,false
808,100.0,190.0,,false
809,900.0,8.0,,false
810,1150.0,16.0,,false
811,1000.0,5.0,,false
812,1350.0,49.0,,true
813,500.0,57.0,,true
814,5000.0,19.0,,true
815,2200.0,132.0,,true
816,3500.0,348.0,,true
817,5000.0,600.0,,true
818,500.0,142.0,,true
819,125.0,519.0,,true
820,40.0,380.0,,true
821,350.0,155.0,,true
822,500.0,174.0,,false
823,500.0,340.0,,false
824,3300.0,27.0,,false
825,3300.0,26.0,,false
826,3300.0,26.0,,false
827,60.0,243.0,,false
828,60.0,217.0,,false
829,60.0,160.0,,false
830,60.0,220.0,,false
831,800.0,5.0,,false
832,60.0,85.0,,false
833,60.0,85.0,,false
834,60.0,97.0,,false
835,60.0,85.0,,false
836,60.0,83.0,,false
837,60.0,93.0,,false
838,60.0,93.0,,false
839,60.0,101.0,,false
840,60.0,98.0,,false
841,60.0,88.0,,false
842,100.0,241.0,,false
843,100.0,205.0,,false
844,900.0,10.0,,false
845,1150.0,17.0,,false
846,1000.0,5.0,,false
847,1350.0,47.0,,true
848,500.0,57.0,,true
849,5000.0,16.0,,true
850,2200.0,131.0,,true
851,3500.0,292.0,,true
852,5000.0,600.0,,true
853,500.0,152.0,,true
854,125.0,525.0,,true
855,40.0,415.0,,true
856,350.0,154.0,,true
857,500.0,189.0,,false
858,500.0,558.0,,false
859,3300.0,24.0,,false
860,3300.0,23.0,,false
861,3300.0,22.0,,false
862,60.0,238.0,,false
863,60.0,199.0,,false
864,60.0,202.0,,false
865,800.0,6.0,,false
866,60.0,90.0,,false
867,60.0,91.0,,false
868,60.0,81.0,,false
869,60.0,102.0,,false
870,60.0,85.0,,false
871,60.0,82.0,,false
872,60.0,116.0,,false
873,60.0,96.0,,false
874,100.0,221.0,,false
875,100.0,224.0,,false
876,900.0,9.0,,false
877,1150.0,15.0,,false
878,1000.0,6.0,,false
879,1350.0,50.0,,true
880,500.0,57.0,,true
881,5000.0,19.0,,true
882,2200.0,136.0,,true
883,3500.0,346.0,,true
884,5000.0,600.0,,true
885,500.0,154.0,,true
886,125.0,486.0,,true
887,40.0,361.0,,true
888,350.0,147.0,,true
889,500.0,186.0,,false
890,500.0,508.0,,false
891,3300.0,26.0,,false
892,3300.0,25.0,,false
893,3300.0,29.0,,false
894,60.0,185.0,,false
895,60.0,184.0,,false
896,60.0,156.0,,false
897,800.0,5.0,,false
898,60.0,98.0,,false
899,60.0,106.0,,false
900,60.0,84.0,,false
901,60.0,90.0,,false
902,60.0,100.0,,false
903,60.0,102.0,,false
904,60.0,108.0,,false
905,60.0,82.0,,false
906,60.0,86.0,,false
907,100.0,185.0,,false
908,100.0,243.0,,false
909,900.0,10.0,,false
910,1150.0,16.0,,false
911,1000.0,7.0,,false
912,1350.0,49.0,,true
913,500.0,59.0,,true
914,5000.0,16.0,,true
915,2200.0,132.0,,true
916,3500.0,383.0,,true
917,5000.0,600.0,,true
918,500.0,149.0,,true
919,125.0,533.0,,true
920,40.0,366.0,,true
921,350.0,151.0,,true
922,500.0,198.0,,false
923,500.0,474.0,,false
924,3300.0,22.0,,false
925,3300.0,22.0,,false
926,3300.0,22.0,,false
927,60.0,191.0,,false
928,60.0,166.0,,false
929,60.0,182.0,,false
930,800.0,4.0,,false
931,60.0,90.0,,false
932,60.0,86.0,,false
933,60.0,104.0,,false
934,60.0,115.0,,false
935,60.0,90.0,,false
936,60.0,119.0,,false
937,60.0,106.0,,false
938,100.0,242.0,,false
939,100.0,196.0,,false
940,900.0,9.0,,false
941,1150.0,13.0,,false
942,1000.0,8.0,,false
943,1350.0,49.0,,true
944,500.0,56.0,,true
945,5000.0,20.0,,true
946,2200.0,138.0,,true
947,3500.0,321.0,,true
948,5000.0,600.0,,true
949,500.0,148.0,,true
950,125.0,480.0,,true
951,40.0,456.0,,true
952,350.0,150.0,,true
953,500.0,187.0,,false
954,500.0,405.0,,false
955,3300.0,29.0,,false
956,3300.0,21.0,,false
957,3300.0,21.0,,false
958,60.0,152.0,,false
959,60.0,215.0,,false
960,60.0,242.0,,false
961,800.0,4.0,,false
962,60.0,108.0,,false
963,60.0,91.0,,false
964,60.0,105.0,,false
965,60.0,89.0,,false
966,60.0,89.0,,false
967,60.0,110.0,,false
968,60.0,96.0,,false
969,100.0,223.0,,false
970,100.0,235.0,,false
971,900.0,7.0,,false
972,1150.0,13.0,,false
973,1000.0,6.0,,false
974,1350.0,50.0,,true
975,500.0,60.0,,true
976,5000.0,17.0,,true
977,2200.0,131.0,,true
978,3500.0,351.0,,true
979,5000.0,600.0,,true
980,500.0,157.0,,true
981,125.0,490.0,,true
982,40.0,366.0,,true
983,350.0,156.0,,true
984,500.0,192.0,,false
985,500.0,429.0,,false
986,3300.0,29.0,,false
987,3300.0,24.0,,false
988,3300.0,22.0,,false
989,60.0,172.0,,false
990,60.0,209.0,,false
991,60.0,171.0,,false
992,800.0,4.0,,false
993,60.0,87.0,,false
994,60.0,111.0,,false
995,60.0,107.0,,false
996,60.0,91.0,,false
997,60.0,87.0,,false
998,60.0,106.0,,false
999,100.0,196.0,,false
1000,100.0,194.0,,false
1001,900.0,9.0,,false
1002,1150.0,16.0,,false
1003,1000.0,7.0,,false
1004,1350.0,48.0,,true
1005,500.0,60.0,,true
1006,5000.0,17.0,,true
1007,2200.0,135.0,,true
1008,3500.0,313.0,,true
1009,5000.0,600.0,,true
1010,500.0,148.0,,true
1011,125.0,548.0,,true
1012,40.0,416.0,,true
1013,350.0,171.0,,true
1014,500.0,182.0,,false
1015,500.0,304.0,,false
1016,3300.0,22.0,,false
1017,3300.0,27.0,,false
1018,3300.0,25.0,,false
1019,60.0,227.0,,false
1020,60.0,222.0,,false
1021,60.0,201.0,,false
1022,60.0,235.0,,false
1023,800.0,4.0,,false
1024,60.0,110.0,,false
1025,60.0,84.0,,false
1026,60.0,87.0,,false
1027,60.0,93.0,,false
1028,60.0,92.0,,false
1029,60.0,118.0,,false
1030,60.0,102.0,,false
1031,60.0,118.0,,false
1032,60.0,105.0,,false
1033,100.0,231.0,,false
1034,100.0,247.0,,false
1035,900.0,10.0,,false
1036,1150.0,17.0,,false
1037,1000.0,7.0,,false
1038,1350.0,49.0,,true
1039,500.0,56.0,,true
1040,5000.0,20.0,,true
1041,2200.0,132.0,,true
1042,3500.0,313.0,,true
1043,5000.0,600.0,,true
1044,500.0,146.0,,true
1045,125.0,527.0,,true
1046,40.0,438.0,,true
1047,350.0,151.0,,true
1048,500.0,171.0,,false
1049,500.0,463.0,,false
1050,3300.0,21.0,,false
1051,3300.0,30.0,,false
1052,3300.0,30.0,,false
1053,60.0,222.0,,false
1054,60.0,156.0,,false
1055,60.0,199.0,,false
1056,60.0,202.0,,false
1057,800.0,4.0,,false
1058,60.0,84.0,,false
1059,60.0,96.0,,false
1060,60.0,104.0,,false
1061,60.0,88.0,,false
1062,60.0,95.0,,false
1063,60.0,103.0,,false
1064,60.0,105.0,,false
1065,60.0,101.0,,false
1066,100.0,239.0,,false
1067,100.0,224.0,,false
1068,900.0,10.0,,false
1069,1150.0,15.0,,false
1070,1000.0,8.0,,false
1071,1350.0,50.0,,true
1072,500.0,59.0,,true
1073,5000.0,18.0,,true
1074,2200.0,140.0,,true
1075,3500.0,318.0,,true
1076,5000.0,600.0,,true
1077,500.0,142.0,,true
1078,125.0,486.0,,true
1079,40.0,354.0,,true
1080,350.0,180.0,,true
1081,500.0,176.0,,false
1082,500.0,360.0,,false
1083,3300.0,27.0,,false
1084,3300.0,26.0,,false
1085,3300.0,23.0,,false
1086,60.0,180.0,,false
1087,60.0,209.0,,false
1088,60.0,159.0,,false
1089,60.0,213.0,,false
1090,800.0,6.0,,false
1091,60.0,111.0,,false
1092,60.0,112.0,,false
1093,60.0,107.0,,false
1094,60.0,110.0,,false
1095,60.0,109.0,,false
1096,60.0,82.0,,false
1097,100.0,187.0,,false
1098,100.0,212.0,,false
1099,900.0,8.0,,false
1100,1150.0,13.0,,false
1101,1000.0,7.0,,false
1102,1350.0,50.0,,true
1103,500.0,57.0,,true
1104,5000.0,19.0,,true
1105,2200.0,140.0,,true
1106,3500.0,340.0,,true
1107,5000.0,600.0,,true
1108,500.0,156.0,,true
1109,125.0,510.0,,true
1110,40.0,367.0,,true
1111,350.0,152.0,,true
1112,500.0,172.0,,false
1113,500.0,551.0,,false
1114,3300.0,30.0,,false
1115,3300.0,30.0,,false
1116,3300.0,23.0,,false
1117,60.0,159.0,,false
1118,60.0,197.0,,false
1119,60.0,202.0,,false
1120,800.0,6.0,,false
1121,60.0,86.0,,false
1122,60.0,93.0,,false
1123,60.0,108.0,,false
1124,60.0,118.0,,false
1125,60.0,101.0,,false
1126,60.0,85.0,,false
1127,60.0,82.0,,false
1128,60.0,119.0,,false
1129,60.0,94.0,,false
1130,100.0,194.0,,false
1131,100.0,205.0,,false
1132,900.0,7.0,,false
1133,1150.0,14.0,,false
1134,1000.0,8.0,,false
1135,1350.0,47.0,,true
1136,500.0,59.0,,true
1137,5000.0,17.0,,true
1138,2200.0,131.0,,true
1139,3500.0,400.0,,true
1140,5000.0,600.0,,true
1141,500.0,148.0,,true
1142,125.0,514.0,,true
1143,40.0,383.0,,true
1144,350.0,164.0,,true
1145,500.0,178.0,,false
1146,500.0,586.0,,false
1147,3300.0,24.0,,false
1148,3300.0,26.0,,false
1149,3300.0,30.0,,false
1150,60.0,170.0,,false
1151,60.0,175.0,,false
1152,60.0,231.0,,false
1153,800.0,4.0,,false
1154,60.0,88.0,,false
1155,60.0,81.0,,false
1156,60.0,95.0,,false
1157,60.0,112.0,,false
1158,60.0,96.0,,false
1159,60.0,107.0,,false
1160,60.0,106.0,,false
1161,60.0,108.0,,false
1162,60.0,89.0,,false
1163,100.0,250.0,,false
1164,100.0,220.0,,false
1165,900.0,7.0,,false
1166,1150.0,13.0,,false
1167,1000.0,5.0,,false
1168,1350.0,49.0,,true
1169,500.0,56.0,,true
1170,5000.0,17.0,,true
1171,2200.0,136.0,,true
1172,3500.0,243.0,,true
1173,5000.0,600.0,,true
1174,500.0,148.0,,true
1175,125.0,469.0,,true
1176,40.0,395.0,,true
1177,350.0,178.0,,true
1178,500.0,180.0,,false
1179,500.0,511.0,,false
1180,3300.0,21.0,,false
1181,3300.0,22.0,,false
1182,3300.0,23.0,,false
1183,60.0,238.0,,false
1184,60.0,226.0,,false
1185,60.0,161.0,,false
1186,800.0,4.0,,false
1187,60.0,82.0,,false
1188,60.0,103.0,,false
1189,60.0,81.0,,false
1190,60.0,92.0,,false
1191,60.0,87.0,,false
1192,60.0,120.0,,false
1193,60.0,95.0,,false
1194,60.0,89.0,,false
1195,60.0,117.0,,false
1196,100.0,215.0,,false
1197,100.0,246.0,,false
1198,900.0,7.0,,false
1199,1150.0,17.0,,false
1200,1000.0,8.0,,false
1201,1350.0,50.0,,true
1202,500.0,56.0,,true
1203,5000.0,16.0,,true
1204,2200.0,131.0,,true
1205,3500.0,266.0,,true
1206,5000.0,600.0,,true
1207,500.0,152.0,,true
1208,125.0,495.0,,true
1209,40.0,457.0,,true
1210,350.0,173.0,,true
1211,500.0,198.0,,false
1212,500.0,515.0,,false
1213,3300.0,30.0,,false
1214,3300.0,29.0,,false
1215,3300.0,24.0,,false
1216,60.0,218.0,,false
1217,60.0,164.0,,false
1218,60.0,174.0,,false
1219,60.0,191.0,,false
1220,800.0,4.0,,false
1221,60.0,103.0,,false
1222,60.0,94.0,,false
1223,60.0,87.0,,false
1224,60.0,83.0,,false
1225,60.0,91.0,,false
1226,60.0,96.0,,false
1227,100.0,216.0,,false
1228,100.0,242.0,,false
1229,900.0,10.0,,false
1230,1150.0,16.0,,false
1231,1000.0,5.0,,false
1232,1350.0,47.0,,true
1233,500.0,58.0,,true
1234,5000.0,16.0,,true
1235,2200.0,132.0,,true
1236,3500.0,292.0,,true
1237,5000.0,600.0,,true
1238,500.0,150.0,,true
1239,125.0,457.0,,true
1240,40.0,359.0,,true
1241,350.0,150.0,,true
1242,500.0,186.0,,false
1243,500.0,513.0,,false
1244,3300.0,25.0,,false
1245,3300.0,24.0,,false
1246,3300.0,26.0,,false
1247,60.0,215.0,,false
1248,60.0,246.0,,false
1249,60.0,208.0,,false
1250,800.0,6.0,,false
1251,60.0,120.0,,false
1252,60.0,82.0,,false
1253,60.0,83.0,,false
1254,60.0,99.0,,false
1255,60.0,90.0,,false
1256,60.0,95.0,,false
1257,60.0,113.0,,false
1258,60.0,81.0,,false
1259,60.0,104.0,,false
1260,60.0,105.0,,false
1261,100.0,238.0,,false
1262,100.0,200.0,,false
1263,900.0,8.0,,false
1264,1150.0,13.0,,false
1265,1000.0,7.0,,false
1266,1350.0,46.0,,true
1267,500.0,57.0,,true
1268,5000.0,18.0,,true
1269,2200.0,140.0,,true
1270,3500.0,231.0,,true
1271,5000.0,600.0,,true
1272,500.0,158.0,,true
1273,125.0,511.0,,true
1274,40.0,452.0,,true
1275,350.0,143.0,,true
1276,500.0,197.0,,false
1277,500.0,582.0,,false
1278,3300.0,21.0,,false
1279,3300.0,24.0,,false
1280,3300.0,30.0,,false
1281,60.0,176.0,,false
1282,60.0,223.0,,false
1283,60.0,178.0,,false
1284,60.0,220.0,,false
1285,800.0,4.0,,false
1286,60.0,116.0,,false
1287,60.0,118.0,,false
1288,60.0,114.0,,false
1289,60.0,86.0,,false
1290,60.0,82.0,,false
1291,60.0,118.0,,false
1292,60.0,119.0,,false
1293,60.0,117.0,,false
1294,60.0,99.0,,false
1295,100.0,246.0,,false
1296,100.0,230.0,,false
1297,900.0,9.0,,false
1298,1150.0,13.0,,false
1299,1000.0,8.0,,false
1300,1350.0,50.0,,true
1301,500.0,57.0,,true
1302,5000.0,20.0,,true
1303,2200.0,140.0,,true
1304,3500.0,243.0,,true
1305,5000.0,600.0,,true
1306,500.0,160.0,,true
1307,125.0,465.0,,true
1308,40.0,409.0,,true
1309,350.0,169.0,,true
1310,500.0,190.0,,false
1311,500.0,547.0,,false
1312,3300.0,24.0,,false
1313,3300.0,27.0,,false
1314,3300.0,29.0,,false
1315,60.0,187.0,,false
1316,60.0,211.0,,false
1317,60.0,191.0,,false
1318,60.0,216.0,,false
1319,800.0,4.0,,false
1320,60.0,91.0,,false
1321,60.0,85.0,,false
1322,60.0,112.0,,false
1323,60.0,86.0,,false
1324,60.0,104.0,,false
1325,60.0,117.0,,false
1326,60.0,118.0,,false
1327,60.0,89.0,,false
1328,60.0,115.0,,false
1329,100.0,237.0,,false
1330,100.0,183.0,,false
1331,900.0,8.0,,false
1332,1150.0,17.0,,false
1333,1000.0,7.0,,false
1334,1350.0,48.0,,true
1335,500.0,56.0,,true
1336,5000.0,16.0,,true
1337,2200.0,133.0,,true
1338,3500.0,234.0,,true
1339,5000.0,600.0,,true
1340,500.0,151.0,,true
1341,125.0,500.0,,true
1342,40.0,358.0,,true
1343,350.0,164.0,,true
1344,500.0,171.0,,false
1345,500.0,371.0,,false
1346,3300.0,27.0,,false
1347,3300.0,26.0,,false
1348,3300.0,30.0,,false
1349,60.0,224.0,,false
1350,60.0,242.0,,false
1351,60.0,221.0,,false
1352,60.0,188.0,,false
1353,800.0,5.0,,false
1354,60.0,115.0,,false
1355,60.0,117.0,,false
1356,60.0,91.0,,false
1357,60.0,115.0,,false
1358,60.0,92.0,,false
1359,60.0,100.0,,false
1360,60.0,110.0,,false
1361,60.0,98.0,,false
1362,60.0,104.0,,false
1363,100.0,234.0,,false
1364,100.0,208.0,,false
1365,900.0,10.0,,false
1366,1150.0,16.0,,false
1367,1000.0,7.0,,false
1368,1350.0,50.0,,true
1369,500.0,59.0,,true
1370,5000.0,17.0,,true
1371,2200.0,139.0,,true
1372,3500.0,250.0,,true
1373,5000.0,600.0,,true
1374,500.0,145.0,,true
1375,125.0,466.0,,true
1376,40.0,382.0,,true
1377,350.0,166.0,,true
1378,500.0,195.0,,false
1379,500.0,383.0,,false
1380,3300.0,22.0,,false
1381,3300.0,26.0,,false
1382,3300.0,30.0,,false
1383,60.0,212.0,,false
1384,60.0,236.0,,false
1385,60.0,194.0,,false
1386,60.0,215.0,,false
1387,800.0,5.0,,false
1388,60.0,119.0,,false
1389,60.0,114.0,,false
1390,60.0,93.0,,false
1391,60.0,106.0,,false
1392,60.0,119.0,,false
1393,60.0,118.0,,false
1394,100.0,208.0,,false
1395,100.0,202.0,,false
1396,900.0,8.0,,false
1397,1150.0,15.0,,false
1398,1000.0,5.0,,false
1399,1350.0,48.0,,true
1400,500.0,59.0,,true
1401,5000.0,16.0,,true
1402,2200.0,137.0,,true
1403,3500.0,353.0,,true
1404,5000.0,600.0,,true
1405,500.0,144.0,,true
1406,125.0,550.0,,true
1407,40.0,362.0,,true
1408,350.0,165.0,,true
1409,500.0,175.0,,false
1410,500.0,483.0,,false
1411,3300.0,24.0,,false
1412,3300.0,27.0,,false
1413,3300.0,21.0,,false
1414,60.0,159.0,,false
1415,60.0,238.0,,false
1416,60.0,234.0,,false
1417,800.0,4.0,,false
1418,60.0,112.0,,false
1419,60.0,95.0,,false
1420,60.0,101.0,,false
1421,60.0,92.0,,false
1422,60.0,110.0,,false
1423,60.0,112.0,,false
1424,60.0,107.0,,false
1425,60.0,81.0,,false
1426,60.0,114.0,,false
1427,60.0,120.0,,false
1428,100.0,225.0,,false
1429,100.0,182.0,,false
1430,900.0,7.0,,false
1431,1150.0,16.0,,false
1432,1000.0,8.0,,false
1433,1350.0,46.0,,true
1434,500.0,58.0,,true
1435,5000.0,20.0,,true
1436,2200.0,133.0,,true
1437,3500.0,263.0,,true
1438,5000.0,600.0,,true
1439,500.0,160.0,,true
1440,125.0,508.0,,true
1441,40.0,431.0,,true
1442,350.0,168.0,,true
1443,500.0,185.0,,false
1444,500.0,317.0,,false
1445,3300.0,30.0,,false
1446,3300.0,26.0,,false
1447,3300.0,24.0,,false
1448,60.0,179.0,,false
1449,60.0,206.0,,false
1450,60.0,188.0,,false
1451,800.0,5.0,,false
1452,60.0,111.0,,false
1453,60.0,116.0,,false
1454,60.0,106.0,,false
1455,60.0,89.0,,false
1456,60.0,86.0,,false
1457,60.0,86.0,,false
1458,60.0,96.0,,false
1459,60.0,107.0,,false
1460,60.0,107.0,,false
1461,100.0,220.0,,false
1462,100.0,235.0,,false
1463,900.0,9.0,,false
1464,1150.0,17.0,,false
1465,1000.0,7.0,,false
1466,1350.0,49.0,,true
1467,500.0,60.0,,true
1468,5000.0,18.0,,true
1469,2200.0,134.0,,true
1470,3500.0,302.0,,true
1471,5000.0,600.0,,true
1472,500.0,145.0,,true
1473,125.0,478.0,,true
1474,40.0,458.0,,true
1475,350.0,167.0,,true
1476,500.0,189.0,,false
1477,500.0,504.0,,false
1478,3300.0,23.0,,false
1479,3300.0,27.0,,false
1480,3300.0,21.0,,false
1481,60.0,159.0,,false
1482,60.0,173.0,,false
1483,60.0,179.0,,false
1484,800.0,4.0,,false
1485,60.0,103.0,,false
1486,60.0,112.0,,false
1487,60.0,89.0,,false
1488,60.0,114.0,,false
1489,60.0,94.0,,false
1490,60.0,81.0,,false
1491,60.0,106.0,,false
1492,60.0,109.0,,false
1493,60.0,92.0,,false
1494,60.0,108.0,,false
1495,100.0,203.0,,false
1496,100.0,220.0,,false
1497,900.0,7.0,,false
1498,1150.0,13.0,,false
1499,1000.0,5.0,,false
1500,1350.0,46.0,,true
1501,500.0,59.0,,true
1502,5000.0,20.0,,true
1503,2200.0,138.0,,true
1504,3500.0,215.0,,true
1505,5000.0,600.0,,true
1506,500.0,152.0,,true
1507,125.0,495.0,,true
1508,40.0,390.0,,true
1509,350.0,166.0,,true
1510,500.0,194.0,,false
1511,500.0,375.0,,false
1512,3300.0,23.0,,false
1513,3300.0,26.0,,false
1514,3300.0,21.0,,false
1515,60.0,173.0,,false
1516,60.0,229.0,,false
1517,60.0,165.0,,false
1518,60.0,229.0,,false
1519,800.0,4.0,,false
1520,60.0,106.0,,false
1521,60.0,110.0,,false
1522,60.0,111.0,,false
1523,60.0,86.0,,false
1524,60.0,114.0,,false
1525,60.0,90.0,,false
1526,60.0,89.0,,false
1527,60.0,102.0,,false
1528,60.0,87.0,,false
1529,100.0,237.0,,false
1530,100.0,187.0,,false
1531,900.0,8.0,,false
1532,1150.0,17.0,,false
1533,1000.0,8.0,,false
1534,1350.0,47.0,,true
1535,500.0,59.0,,true
1536,5000.0,20.0,,true
1537,2200.0,139.0,,true
1538,3500.0,229.0,,true
1539,5000.0,600.0,,true
1540,500.0,150.0,,true
1541,125.0,527.0,,true
1542,40.0,356.0,,true
1543,350.0,180.0,,true
1544,500.0,177.0,,false
1545,500.0,392.0,,false
1546,3300.0,24.0,,false
1547,3300.0,26.0,,false
1548,3300.0,25.0,,false
1549,60.0,247.0,,false
1550,60.0,183.0,,false
1551,60.0,174.0,,false
1552,60.0,185.0,,false
1553,800.0,6.0,,false
1554,60.0,92.0,,false
1555,60.0,117.0,,false
1556,60.0,120.0,,false
1557,60.0,98.0,,false
1558,60.0,87.0,,false
1559,60.0,90.0,,false
1560,60.0,88.0,,false
1561,60.0,85.0,,false
1562,60.0,120.0,,false
1563,60.0,101.0,,false
1564,100.0,188.0,,false
1565,100.0,214.0,,false
1566,900.0,9.0,,false
1567,1150.0,17.0,,false
1568,1000.0,5.0,,false
1569,1350.0,50.0,,true
1570,500.0,56.0,,true
1571,5000.0,20.0,,true
1572,2200.0,131.0,,true
1573,3500.0,287.0,,true
1574,5000.0,600.0,,true
1575,500.0,157.0,,true
1576,125.0,512.0,,true
1577,40.0,417.0,,true
1578,350.0,152.0,,true
1579,500.0,180.0,,false
1580,500.0,522.0,,false
1581,3300.0,26.0,,false
1582,3300.0,30.0,,false
1583,3300.0,27.0,,false
1584,60.0,237.0,,false
1585,60.0,159.0,,false
1586,60.0,216.0,,false
1587,60.0,240.0,,false
1588,800.0,6.0,,false
1589,60.0,111.0,,false
1590,60.0,94.0,,false
1591,60.0,102.0,,false
1592,60.0,93.0,,false
1593,60.0,99.0,,false
1594,60.0,109.0,,false
1595,60.0,86.0,,false
1596,60.0,114.0,,false
1597,60.0,93.0,,false
1598,100.0,242.0,,false
1599,100.0,232.0,,false
1600,900.0,9.0,,false
1601,1150.0,13.0,,false
1602,1000.0,7.0,,false
1603,1350.0,47.0,,true
1604,500.0,60.0,,true
1605,5000.0,19.0,,true
1606,2200.0,136.0,,true
1607,3500.0,380.0,,true
1608,5000.0,600.0,,true
1609,500.0,151.0,,true
1610,125.0,547.0,,true
1611,40.0,425.0,,true
1612,350.0,153.0,,true
1613,500.0,180.0,,false
1614,500.0,427.0,,false
1615,3300.0,24.0,,false
1616,3300.0,27.0,,false
1617,3300.0,23.0,,false
1618,60.0,173.0,,false
1619,60.0,226.0,,false
1620,60.0,223.0,,false
1621,60.0,208.0,,false
1622,800.0,4.0,,false
1623,60.0,89.0,,false
1624,60.0,118.0,,false
1625,60.0,119.0,,false
1626,60.0,119.0,,false
1627,60.0,101.0,,false
1628,60.0,82.0,,false
1629,60.0,117.0,,false
1630,60.0,89.0,,false
1631,60.0,105.0,,false
1632,60.0,120.0,,false
1633,100.0,192.0,,false
1634,100.0,200.0,,false
1635,900.0,10.0,,false
1636,1150.0,17.0,,false
1637,1000.0,5.0,,false
1638,1350.0,48.0,,true
1639,500.0,60.0,,true
1640,5000.0,17.0,,true
1641,2200.0,137.0,,true
1642,3500.0,216.0,,true
1643,5000.0,600.0,,true
1644,500.0,150.0,,true
1645,125.0,493.0,,true
1646,40.0,398.0,,true
1647,350.0,145.0,,true
1648,500.0,173.0,,false
1649,500.0,431.0,,false
1650,3300.0,25.0,,false
1651,3300.0,22.0,,false
1652,3300.0,25.0,,false
1653,60.0,229.0,,false
1654,60.0,200.0,,false
1655,60.0,213.0,,false
1656,800.0,4.0,,false
1657,60.0,108.0,,false
1658,60.0,117.0,,false
1659,60.0,88.0,,false
1660,60.0,88.0,,false
1661,60.0,88.0,,false
1662,60.0,114.0,,false
1663,60.0,111.0,,false
1664,60.0,111.0,,false
1665,60.0,101.0,,false
1666,60.0,93.0,,false
1667,100.0,239.0,,false
1668,100.0,210.0,,false
1669,900.0,8.0,,false
1670,1150.0,15.0,,false
1671,1000.0,7.0,,false
1672,1350.0,50.0,,true
1673,500.0,59.0,,true
1674,5000.0,19.0,,true
1675,2200.0,139.0,,true
1676,3500.0,239.0,,true
1677,5000.0,600.0,,true
1678,500.0,150.0,,true
1679,125.0,472.0,,true
1680,40.0,453.0,,true
1681,350.0,143.0,,true
1682,500.0,187.0,,false
1683,500.0,356.0,,false
1684,3300.0,24.0,,false
1685,3300.0,30.0,,false
1686,3300.0,24.0,,false
1687,60.0,160.0,,false
1688,60.0,196.0,,false
1689,60.0,222.0,,false
1690,60.0,165.0,,false
1691,800.0,4.0,,false
1692,60.0,98.0,,false
1693,60.0,114.0,,false
1694,60.0,101.0,,false
1695,60.0,117.0,,false
1696,60.0,81.0,,false
1697,60.0,114.0,,false
1698,60.0,86.0,,false
1699,100.0,239.0,,false
1700,100.0,241.0,,false
1701,900.0,10.0,,false
1702,1150.0,15.0,,false
1703,1000.0,7.0,,false
1704,1350.0,46.0,,true
1705,500.0,57.0,,true
1706,5000.0,18.0,,true
1707,2200.0,133.0,,true
1708,3500.0,270.0,,true
1709,5000.0,600.0,,true
1710,500.0,153.0,,true
1711,125.0,507.0,,true
1712,40.0,380.0,,true
1713,350.0,154.0,,true
1714,500.0,184.0,,false
1715,500.0,366.0,,false
1716,3300.0,23.0,,false
1717,3300.0,28.0,,false
1718,3300.0,30.0,,false
1719,60.0,170.0,,false
1720,60.0,217.0,,false
1721,60.0,172.0,,false
1722,800.0,4.0,,false
1723,60.0,118.0,,false
1724,60.0,96.0,,false
1725,60.0,106.0,,false
1726,60.0,97.0,,false
1727,60.0,103.0,,false
1728,60.0,114.0,,false
1729,60.0,92.0,,false
1730,60.0,97.0,,false
1731,100.0,230.0,,false
1732,100.0,201.0,,false
1733,900.0,10.0,,false
1734,1150.0,13.0,,false
1735,1000.0,6.0,,false
1736,1350.0,47.0,,true
1737,500.0,56.0,,true
1738,5000.0,19.0,,true
1739,2200.0,134.0,,true
1740,3500.0,378.0,,true
1741,5000.0,600.0,,true
1742,500.0,152.0,,true
1743,125.0,459.0,,true
1744,40.0,448.0,,true
1745,350.0,170.0,,true
1746,500.0,177.0,,false
1747,500.0,373.0,,false
1748,3300.0,29.0,,false
1749,3300.0,22.0,,false
1750,3300.0,24.0,,false
1751,60.0,157.0,,false
1752,60.0,230.0,,false
1753,60.0,231.0,,false
1754,60.0,193.0,,false
1755,800.0,5.0,,false
1756,60.0,88.0,,false
1757,60.0,88.0,,false
1758,60.0,120.0,,false
1759,60.0,101.0,,false
1760,60.0,120.0,,false
1761,60.0,106.0,,false
1762,60.0,97.0,,false
1763,60.0,105.0,,false
1764,60.0,90.0,,false
1765,100.0,193.0,,false
1766,100.0,225.0,,false
1767,900.0,8.0,,false
1768,1150.0,17.0,,false
1769,1000.0,6.0,,false
1770,1350.0,50.0,,true
1771,500.0,59.0,,true
1772,5000.0,20.0,,true
1773,2200.0,139.0,,true
1774,3500.0,253.0,,true
1775,5000.0,600.0,,true
1776,500.0,155.0,,true
1777,125.0,530.0,,true
1778,40.0,357.0,,true
1779,350.0,158.0,,true
1780,500.0,187.0,,false
1781,500.0,561.0,,false
1782,3300.0,27.0,,false
1783,3300.0,26.0,,false
1784,3300.0,30.0,,false
1785,60.0,219.0,,false
1786,60.0,213.0,,false
1787,60.0,175.0,,false
1788,60.0,188.0,,false
1789,800.0,5.0,,false
1790,60.0,88.0,,false
1791,60.0,106.0,,false
1792,60.0,102.0,,false
1793,60.0,120.0,,false
1794,60.0,85.0,,false
1795,60.0,99.0,,false
1796,60.0,94.0,,false
1797,60.0,89.0,,false
1798,100.0,241.0,,false
1799,100.0,185.0,,false
1800,900.0,7.0,,false
1801,1150.0,15.0,,false
1802,1000.0,5.0,,false
1803,1350.0,48.0,,true
1804,500.0,60.0,,true
1805,5000.0,20.0,,true
1806,2200.0,137.0,,true
1807,3500.0,230.0,,true
1808,5000.0,600.0,,true
1809,500.0,149.0,,true
1810,125.0,529.0,,true
1811,40.0,450.0,,true
1812,350.0,148.0,,true
1813,500.0,180.0,,false
1814,500.0,551.0,,false
1815,3300.0,25.0,,false
1816,3300.0,26.0,,false
1817,3300.0,24.0,,false
1818,60.0,186.0,,false
1819,60.0,225.0,,false
1820,60.0,172.0,,false
1821,60.0,153.0,,false
1822,800.0,4.0,,false
1823,60.0,101.0,,false
1824,60.0,101.0,,false
1825,60.0,86.0,,false
1826,60.0,93.0,,false
1827,60.0,99.0,,false
1828,60.0,103.0,,false
1829,60.0,94.0,,false
1830,60.0,88.0,,false
1831,60.0,81.0,,false
1832,60.0,98.0,,false
1833,100.0,193.0,,false
1834,100.0,226.0,,false
1835,900.0,10.0,,false
1836,1150.0,14.0,,false
1837,1000.0,7.0,,false
1838,1350.0,48.0,,true
1839,500.0,59.0,,true
1840,5000.0,17.0,,true
1841,2200.0,140.0,,true
1842,3500.0,359.0,,true
1843,5000.0,600.0,,true
1844,500.0,143.0,,true
1845,125.0,489.0,,true
1846,40.0,453.0,,true
1847,350.0,177.0,,true
1848,500.0,193.0,,false
1849,500.0,369.0,,false
1850,3300.0,22.0,,false
1851,3300.0,26.0,,false
1852,3300.0,21.0,,false
1853,60.0,174.0,,false
1854,60.0,244.0,,false
1855,60.0,214.0,,false
1856,60.0,238.0,,false
1857,800.0,6.0,,false
1858,60.0,100.0,,false
1859,60.0,118.0,,false
1860,60.0,106.0,,false
1861,60.0,110.0,,false
1862,60.0,101.0,,false
1863,60.0,83.0,,false
1864,60.0,83.0,,false
1865,60.0,81.0,,false
1866,100.0,184.0,,false
1867,100.0,205.0,,false
1868,900.0,10.0,,false
1869,1150.0,15.0,,false
1870,1000.0,8.0,,false
1871,1350.0,47.0,,true
1872,500.0,58.0,,true
1873,5000.0,17.0,,true
1874,2200.0,134.0,,true
1875,3500.0,276.0,,true
1876,5000.0,600.0,,true
1877,500.0,158.0,,true
1878,125.0,479.0,,true
1879,40.0,457.0,,true
1880,350.0,174.0,,true
1881,500.0,176.0,,false
1882,500.0,394.0,,false
1883,3300.0,28.0,,false
1884,3300.0,25.0,,false
1885,3300.0,25.0,,false
1886,60.0,232.0,,false
1887,60.0,162.0,,false
1888,60.0,184.0,,false
1889,60.0,215.0,,false
1890,800.0,4.0,,false
1891,60.0,87.0,,false
1892,60.0,111.0,,false
1893,60.0,93.0,,false
1894,60.0,101.0,,false
1895,60.0,120.0,,false
1896,60.0,103.0,,false
1897,60.0,105.0,,false
1898,60.0,91.0,,false
1899,60.0,120.0,,false
1900,100.0,211.0,,false
1901,100.0,227.0,,false
1902,900.0,7.0,,false
1903,1150.0,18.0,,false
1904,1000.0,5.0,,false
1905,1350.0,47.0,,true
1906,500.0,59.0,,true
1907,5000.0,17.0,,true
1908,2200.0,132.0,,true
1909,3500.0,398.0,,true
1910,5000.0,600.0,,true
1911,500.0,141.0,,true
1912,125.0,531.0,,true
1913,40.0,418.0,,true
1914,350.0,178.0,,true
1915,500.0,196.0,,false
1916,500.0,517.0,,false
1917,3300.0,21.0,,false
1918,3300.0,29.0,,false
1919,3300.0,21.0,,false
1920,60.0,208.0,,false
1921,60.0,187.0,,false
1922,60.0,204.0,,false
1923,60.0,182.0,,false
1924,800.0,4.0,,false
1925,60.0,94.0,,false
1926,60.0,111.0,,false
1927,60.0,82.0,,false
1928,60.0,81.0,,false
1929,60.0,98.0,,false
1930,60.0,82.0,,false
1931,100.0,243.0,,false
1932,100.0,248.0,,false
1933,900.0,9.0,,false
1934,1150.0,15.0,,false
1935,1000.0,6.0,,false
1936,1350.0,47.0,,true
1937,500.0,57.0,,true
1938,5000.0,16.0,,true
1939,2200.0,140.0,,true
1940,3500.0,305.0,,true
1941,5000.0,600.0,,true
1942,500.0,142.0,,true
1943,125.0,529.0,,true
1944,40.0,384.0,,true
1945,350.0,167.0,,true
1946,500.0,198.0,,false
1947,500.0,393.0,,false
1948,3300.0,30.0,,false
1949,3300.0,24.0,,false
1950,3300.0,25.0,,false
1951,60.0,247.0,,false
1952,60.0,218.0,,false
1953,60.0,217.0,,false
1954,60.0,229.0,,false
1955,800.0,5.0,,false
1956,60.0,99.0,,false
1957,60.0,95.0,,false
1958,60.0,101.0,,false
1959,60.0,90.0,,false
1960,60.0,117.0,,false
1961,60.0,100.0,,false
1962,60.0,118.0,,false
1963,100.0,205.0,,false
1964,100.0,240.0,,false
1965,900.0,8.0,,false
1966,1150.0,18.0,,false
1967,1000.0,8.0,,false
1968,1350.0,48.0,,true
1969,500.0,59.0,,true
1970,5000.0,20.0,,true
1971,2200.0,132.0,,true
1972,3500.0,352.0,,true
1973,5000.0,600.0,,true
1974,500.0,148.0,,true
1975,125.0,536.0,,true
1976,40.0,405.0,,true
1977,350.0,172.0,,true
1978,500.0,176.0,,false
1979,500.0,536.0,,false
1980,3300.0,29.0,,false
1981,3300.0,23.0,,false
1982,3300.0,25.0,,false
1983,60.0,246.0,,false
1984,60.0,164.0,,false
1985,60.0,167.0,,false
1986,800.0,4.0,,false
1987,60.0,115.0,,false
1988,60.0,112.0,,false
1989,60.0,114.0,,false
1990,60.0,116.0,,false
1991,60.0,113.0,,false
1992,60.0,102.0,,false
1993,60.0,84.0,,false
1994,60.0,87.0,,false
1995,100.0,191.0,,false
1996,100.0,196.0,,false
1997,900.0,10.0,,false
1998,1150.0,14.0,,false
1999,1000.0,7.0,,false
2000,1350.0,47.0,,true
2001,500.0,56.0,,true
2002,5000.0,18.0,,true
2003,2200.0,133.0,,true
2004,3500.0,302.0,,true
2005,5000.0,600.0,,true
2006,500.0,144.0,,true
2007,125.0,527.0,,true
2008,40.0,384.0,,true
2009,350.0,170.0,,true
2010,500.0,194.0,,false
2011,500.0,461.0,,false
2012,3300.0,24.0,,false
2013,3300.0,21.0,,false
2014,3300.0,21.0,,false
2015,60.0,177.0,,false
2016,60.0,223.0,,false
2017,60.0,211.0,,false
2018,60.0,174.0,,false
2019,800.0,6.0,,false
2020,60.0,98.0,,false
2021,60.0,92.0,,false
2022,60.0,88.0,,false
2023,60.0,101.0,,false
2024,60.0,102.0,,false
2025,60.0,107.0,,false
2026,100.0,242.0,,false
2027,100.0,198.0,,false
2028,900.0,10.0,,false
2029,1150.0,14.0,,false
2030,1000.0,8.0,,false
2031,1350.0,46.0,,true
2032,500.0,56.0,,true
2033,5000.0,19.0,,true
2034,2200.0,135.0,,true
2035,3500.0,276.0,,true
2036,5000.0,600.0,,true
2037,500.0,158.0,,true
2038,125.0,487.0,,true
2039,40.0,439.0,,true
2040,350.0,155.0,,true
2041,500.0,192.0,,false
2042,500.0,359.0,,false
2043,3300.0,24.0,,false
2044,3300.0,27.0,,false
2045,3300.0,27.0,,false
2046,60.0,241.0,,false
2047,60.0,215.0,,false
2048,60.0,192.0,,false
2049,800.0,6.0,,false
2050,60.0,120.0,,false
2051,60.0,97.0,,false
2052,60.0,98.0,,false
2053,60.0,108.0,,false
2054,60.0,99.0,,false
2055,60.0,117.0,,false
2056,60.0,106.0,,false
2057,100.0,224.0,,false
2058,100.0,228.0,,false
2059,900.0,7.0,,false
2060,1150.0,18.0,,false
2061,1000.0,7.0,,false
2062,1350.0,48.0,,true
2063,500.0,59.0,,true
2064,5000.0,19.0,,true
2065,2200.0,131.0,,true
2066,3500.0,338.0,,true
2067,5000.0,600.0,,true
2068,500.0,145.0,,true
2069,125.0,488.0,,true
2070,40.0,449.0,,true
2071,350.0,180.0,,true
2072,500.0,184.0,,false
2073,500.0,365.0,,false
2074,3300.0,24.0,,false
2075,3300.0,22.0,,false
2076,3300.0,23.0,,false
2077,60.0,227.0,,false
2078,60.0,239.0,,false
2079,60.0,178.0,,false
2080,60.0,220.0,,false
2081,800.0,6.0,,false
2082,60.0,106.0,,false
2083,60.0,115.0,,false
2084,60.0,101.0,,false
2085,60.0,101.0,,false
2086,60.0,87.0,,false
2087,60.0,101.0,,false
2088,100.0,198.0,,false
2089,100.0,204.0,,false
2090,900.0,8.0,,false
2091,1150.0,17.0,,false
2092,1000.0,6.0,,false
2093,1350.0,48.0,,true
2094,500.0,59.0,,true
2095,5000.0,18.0,,true
2096,2200.0,140.0,,true
2097,3500.0,293.0,,true
2098,5000.0,600.0,,true
2099,500.0,147.0,,true
2100,125.0,462.0,,true
2101,40.0,355.0,,true
2102,350.0,144.0,,true
2103,500.0,199.0,,false
2104,500.0,309.0,,false
2105,3300.0,21.0,,false
2106,3300.0,28.0,,false
2107,3300.0,29.0,,false
2108,60.0,226.0,,false
2109,60.0,195.0,,false
2110,60.0,193.0,,false
2111,800.0,5.0,,false
2112,60.0,82.0,,false
2113,60.0,102.0,,false
2114,60.0,96.0,,false
2115,60.0,107.0,,false
2116,60.0,93.0,,false
2117,60.0,95.0,,false
2118,60.0,84.0,,false
2119,100.0,232.0,,false
2120,100.0,242.0,,false
2121,900.0,8.0,,false
2122,1150.0,13.0,,false
2123,1000.0,7.0,,false
2124,1350.0,48.0,,true
2125,500.0,58.0,,true
2126,5000.0,16.0,,true
2127,2200.0,133.0,,true
2128,3500.0,364.0,,true
2129,5000.0,600.0,,true
2130,500.0,152.0,,true
2131,125.0,464.0,,true
2132,40.0,361.0,,true
2133,350.0,178.0,,true
2134,500.0,182.0,,false
2135,500.0,404.0,,false
2136,3300.0,30.0,,false
2137,3300.0,26.0,,false
2138,3300.0,27.0,,false
2139,60.0,191.0,,false
2140,60.0,181.0,,false
2141,60.0,203.0,,false
2142,800.0,6.0,,false
2143,60.0,109.0,,false
2144,60.0,85.0,,false
2145,60.0,82.0,,false
2146,60.0,111.0,,false
2147,60.0,115.0,,false
2148,60.0,91.0,,false
2149,60.0,97.0,,false
2150,60.0,104.0,,false
2151,60.0,98.0,,false
2152,100.0,186.0,,false
2153,100.0,206.0,,false
2154,900.0,8.0,,false
2155,1150.0,17.0,,false
2156,1000.0,5.0,,false
2157,1350.0,48.0,,true
2158,500.0,57.0,,true
2159,5000.0,17.0,,true
2160,2200.0,131.0,,true
2161,3500.0,257.0,,true
2162,5000.0,600.0,,true
2163,500.0,144.0,,true
2164,125.0,495.0,,true
2165,40.0,368.0,,true
2166,350.0,163.0,,true
2167,500.0,182.0,,false
2168,500.0,493.0,,false
2169,3300.0,26.0,,false
2170,3300.0,22.0,,false
2171,3300.0,30.0,,false
2172,60.0,230.0,,false
2173,60.0,159.0,,false
2174,60.0,153.0,,false
2175,60.0,248.0,,false
2176,800.0,4.0,,false
2177,60.0,92.0,,false
2178,60.0,90.0,,false
2179,60.0,120.0,,false
2180,60.0,102.0,,false
2181,60.0,107.0,,false
2182,60.0,104.0,,false
2183,100.0,181.0,,false
2184,100.0,214.0,,false
2185,900.0,8.0,,false
2186,1150.0,16.0,,false
2187,1000.0,7.0,,false
2188,1350.0,47.0,,true
2189,500.0,59.0,,true
2190,5000.0,16.0,,true
2191,2200.0,140.0,,true
2192,3500.0,276.0,,true
2193,5000.0,600.0,,true
2194,500.0,152.0,,true
2195,125.0,498.0,,true
2196,40.0,406.0,,true
2197,350.0,170.0,,true
2198,500.0,172.0,,false
2199,500.0,404.0,,false
2200,3300.0,28.0,,false
2201,3300.0,21.0,,false
2202,3300.0,26.0,,false
2203,60.0,220.0,,false
2204,60.0,197.0,,false
2205,60.0,229.0,,false
2206,800.0,5.0,,false
2207,60.0,102.0,,false
2208,60.0,85.0,,false
2209,60.0,109.0,,false
2210,60.0,94.0,,false
2211,60.0,98.0,,false
2212,60.0,119.0,,false
2213,60.0,106.0,,false
2214,60.0,118.0,,false
2215,100.0,237.0,,false
2216,100.0,204.0,,false
2217,900.0,7.0,,false
2218,1150.0,15.0,,false
2219,1000.0,6.0,,false
2220,1350.0,47.0,,true
2221,500.0,57.0,,true
2222,5000.0,19.0,,true
2223,2200.0,140.0,,true
2224,3500.0,236.0,,true
2225,5000.0,600.0,,true
2226,500.0,160.0,,true
2227,125.0,501.0,,true
2228,40.0,432.0,,true
2229,350.0,158.0,,true
2230,500.0,199.0,,false
2231,500.0,380.0,,false
2232,3300.0,27.0,,false
2233,3300.0,21.0,,false
2234,3300.0,25.0,,false
2235,60.0,216.0,,false
2236,60.0,199.0,,false
2237,60.0,199.0,,false
2238,800.0,5.0,,false
2239,60.0,116.0,,false
2240,60.0,92.0,,false
2241,60.0,81.0,,false
2242,60.0,88.0,,false
2243,60.0,88.0,,false
2244,60.0,106.0,,false
2245,60.0,117.0,,false
2246,60.0,93.0,,false
2247,60.0,90.0,,false
2248,100.0,226.0,,false
2249,100.0,224.0,,false
2250,900.0,9.0,,false
2251,1150.0,17.0,,false
2252,1000.0,7.0,,false
2253,1350.0,47.0,,true
2254,500.0,57.0,,true
2255,5000.0,17.0,,true
2256,2200.0,137.0,,true
2257,3500.0,309.0,,true
2258,5000.0,600.0,,true
2259,500.0,143.0,,true
2260,125.0,501.0,,true
2261,40.0,419.0,,true
2262,350.0,160.0,,true
2263,500.0,171.0,,false
2264,500.0,364.0,,false
2265,3300.0,27.0,,false
2266,3300.0,21.0,,false
2267,3300.0,21.0,,false
2268,60.0,247.0,,false
2269,60.0,197.0,,false
2270,60.0,242.0,,false
2271,800.0,5.0,,false
2272,60.0,111.0,,false
2273,60.0,117.0,,false
2274,60.0,94.0,,false
2275,60.0,110.0,,false
2276,60.0,88.0,,false
2277,60.0,109.0,,false
2278,60.0,101.0,,false
2279,60.0,116.0,,false
2280,100.0,212.0,,false
2281,100.0,214.0,,false
2282,900.0,8.0,,false
2283,1150.0,17.0,,false
2284,1000.0,5.0,,false
2285,1350.0,48.0,,true
2286,500.0,56.0,,true
2287,5000.0,17.0,,true
2288,2200.0,132.0,,true
2289,3500.0,261.0,,true
2290,5000.0,600.0,,true
2291,500.0,158.0,,true
2292,125.0,539.0,,true
2293,40.0,383.0,,true
2294,350.0,149.0,,true
2295,500.0,196.0,,false
2296,500.0,556.0,,false
2297,3300.0,24.0,,false
2298,3300.0,23.0,,false
2299,3300.0,27.0,,false
2300,60.0,215.0,,false
2301,60.0,178.0,,false
2302,60.0,235.0,,false
2303,800.0,6.0,,false
2304,60.0,102.0,,false
2305,60.0,82.0,,false
2306,60.0,104.0,,false
2307,60.0,84.0,,false
2308,60.0,84.0,,false
2309,60.0,97.0,,false
2310,60.0,87.0,,false
2311,100.0,227.0,,false
2312,100.0,237.0,,false
2313,900.0,9.0,,false
2314,1150.0,16.0,,false
2315,1000.0,7.0,,false
2316,1350.0,49.0,,true
2317,500.0,60.0,,true
2318,5000.0,20.0,,true
2319,2200.0,137.0,,true
2320,3500.0,241.0,,true
2321,5000.0,600.0,,true
2322,500.0,145.0,,true
2323,125.0,537.0,,true
2324,40.0,435.0,,true
2325,350.0,147.0,,true
2326,500.0,180.0,,false
2327,500.0,589.0,,false
2328,3300.0,28.0,,false
2329,3300.0,28.0,,false
2330,3300.0,30.0,,false
2331,60.0,221.0,,false
2332,60.0,169.0,,false
2333,60.0,185.0,,false
2334,800.0,4.0,,false
2335,60.0,108.0,,false
2336,60.0,101.0,,false
2337,60.0,82.0,,false
2338,60.0,98.0,,false
2339,60.0,117.0,,false
2340,60.0,110.0,,false
2341,60.0,89.0,,false
2342,100.0,203.0,,false
2343,100.0,242.0,,false
2344,900.0,10.0,,false
2345,1150.0,18.0,,false
2346,1000.0,8.0,,false
2347,1350.0,46.0,,true
2348,500.0,57.0,,true
2349,5000.0,20.0,,true
2350,2200.0,131.0,,true
2351,3500.0,233.0,,true
2352,5000.0,600.0,,true
2353,500.0,142.0,,true
2354,125.0,482.0,,true
2355,40.0,445.0,,true
2356,350.0,158.0,,true
2357,500.0,174.0,,false
2358,500.0,576.0,,false
2359,3300.0,22.0,,false
2360,3300.0,30.0,,false
2361,3300.0,30.0,,false
2362,60.0,157.0,,false
2363,60.0,237.0,,false
2364,60.0,165.0,,false
2365,800.0,5.0,,false
2366,60.0,120.0,,false
2367,60.0,94.0,,false
2368,60.0,105.0,,false
2369,60.0,82.0,,false
2370,60.0,114.0,,false
2371,60.0,103.0,,false
2372,60.0,93.0,,false
2373,60.0,111.0,,false
2374,60.0,88.0,,false
2375,100.0,228.0,,false
2376,100.0,215.0,,false
2377,900.0,8.0,,false
2378,1150.0,15.0,,false
2379,1000.0,7.0,,false
2380,1350.0,50.0,,true
2381,500.0,59.0,,true
2382,5000.0,20.0,,true
2383,2200.0,131.0,,true
2384,3500.0,237.0,,true
2385,5000.0,600.0,,true
2386,500.0,155.0,,true
2387,125.0,475.0,,true
2388,40.0,385.0,,true
2389,350.0,144.0,,true
2390,500.0,183.0,,false
2391,500.0,565.0,,false
2392,3300.0,27.0,,false
2393,3300.0,28.0,,false
2394,3300.0,26.0,,false
2395,60.0,215.0,,false
2396,60.0,167.0,,false
2397,60.0,246.0,,false
2398,60.0,166.0,,false
2399,800.0,4.0,,false
2400,60.0,98.0,,false
2401,60.0,96.0,,false
2402,60.0,81.0,,false
2403,60.0,102.0,,false
2404,60.0,117.0,,false
2405,60.0,108.0,,false
2406,100.0,231.0,,false
2407,100.0,220.0,,false
2408,900.0,10.0,,false
2409,1150.0,16.0,,false
2410,1000.0,5.0,,false
2411,1350.0,47.0,,true
2412,500.0,59.0,,true
2413,5000.0,18.0,,true
2414,2200.0,137.0,,true
2415,3500.0,334.0,,true
2416,5000.0,600.0,,true
2417,500.0,149.0,,true
2418,125.0,463.0,,true
2419,40.0,351.0,,true
2420,350.0,151.0,,true
2421,500.0,197.0,,false
2422,500.0,343.0,,false
2423,3300.0,30.0,,false
2424,3300.0,29.0,,false
2425,3300.0,26.0,,false
2426,60.0,196.0,,false
2427,60.0,166.0,,false
2428,60.0,223.0,,false
2429,800.0,6.0,,false
2430,60.0,116.0,,false
2431,60.0,120.0,,false
2432,60.0,105.0,,false
2433,60.0,111.0,,false
2434,60.0,115.0,,false
2435,60.0,97.0,,false
2436,100.0,195.0,,false
2437,100.0,187.0,,false
2438,900.0,7.0,,false
2439,1150.0,14.0,,false
2440,1000.0,8.0,,false
2441,1350.0,48.0,,true
2442,500.0,59.0,,true
2443,5000.0,16.0,,true
2444,2200.0,131.0,,true
2445,3500.0,228.0,,true
2446,5000.0,600.0,,true
2447,500.0,160.0,,true
2448,125.0,471.0,,true
2449,40.0,394.0,,true
2450,350.0,151.0,,true
2451,500.0,199.0,,false
2452,500.0,417.0,,false
2453,3300.0,23.0,,false
2454,3300.0,27.0,,false
2455,3300.0,22.0,,false
2456,60.0,238.0,,false
2457,60.0,196.0,,false
2458,60.0,155.0,,false
2459,800.0,4.0,,false
2460,60.0,81.0,,false
2461,60.0,117.0,,false
2462,60.0,107.0,,false
2463,60.0,84.0,,false
2464,60.0,97.0,,false
2465,60.0,100.0,,false
2466,60.0,109.0,,false
2467,100.0,198.0,,false
2468,100.0,199.0,,false
2469,900.0,10.0,,false
2470,1150.0,13.0,,false
2471,1000.0,8.0,,false
2472,1350.0,50.0,,true
2473,500.0,56.0,,true
2474,5000.0,16.0,,true
2475,2200.0,138.0,,true
2476,3500.0,270.0,,true
2477,5000.0,600.0,,true
2478,500.0,153.0,,true
2479,125.0,459.0,,true
2480,40.0,387.0,,true
2481,350.0,167.0,,true
2482,500.0,189.0,,false
2483,500.0,442.0,,false
2484,3300.0,24.0,,false
2485,3300.0,24.0,,false
2486,3300.0,22.0,,false
2487,60.0,222.0,,false
2488,60.0,242.0,,false
2489,60.0,179.0,,false
2490,800.0,5.0,,false
2491,60.0,91.0,,false
2492,60.0,105.0,,false
2493,60.0,81.0,,false
2494,60.0,114.0,,false
2495,60.0,118.0,,false
2496,60.0,92.0,,false
2497,100.0,237.0,,false
2498,100.0,196.0,,false
2499,900.0,10.0,,false
2500,1150.0,14.0,,false
2501,1000.0,8.0,,false
2502,1350.0,47.0,,true
2503,500.0,56.0,,true
2504,5000.0,16.0,,true
2505,2200.0,131.0,,true
2506,3500.0,377.0,,true
2507,5000.0,600.0,,true
2508,500.0,150.0,,true
2509,125.0,533.0,,true
2510,40.0,413.0,,true
2511,350.0,151.0,,true
2512,500.0,177.0,,false
2513,500.0,536.0,,false
2514,3300.0,24.0,,false
2515,3300.0,21.0,,false
2516,3300.0,22.0,,false
2517,60.0,188.0,,false
2518,60.0,217.0,,false
2519,60.0,179.0,,false
2520,800.0,5.0,,false
2521,60.0,88.0,,false
2522,60.0,119.0,,false
2523,60.0,114.0,,false
2524,60.0,112.0,,false
2525,60.0,95.0,,false
2526,60.0,102.0,,false
2527,60.0,85.0,,false
2528,100.0,209.0,,false
2529,100.0,199.0,,false
2530,900.0,8.0,,false
2531,1150.0,17.0,,false
2532,1000.0,7.0,,false
2533,1350.0,46.0,,true
2534,500.0,60.0,,true
2535,5000.0,17.0,,true
2536,2200.0,134.0,,true
2537,3500.0,291.0,,true
2538,5000.0,600.0,,true
2539,500.0,143.0,,true
2540,125.0,542.0,,true
2541,40.0,410.0,,true
2542,350.0,179.0,,true
2543,500.0,175.0,,false
2544,500.0,406.0,,false
2545,3300.0,28.0,,false
2546,3300.0,22.0,,false
2547,3300.0,22.0,,false
2548,60.0,158.0,,false
2549,60.0,212.0,,false
2550,60.0,159.0,,false
2551,800.0,5.0,,false
2552,60.0,116.0,,false
2553,60.0,93.0,,false
2554,60.0,86.0,,false
2555,60.0,105.0,,false
2556,60.0,113.0,,false
2557,60.0,85.0,,false
2558,60.0,103.0,,false
2559,60.0,118.0,,false
2560,60.0,96.0,,false
2561,100.0,190.0,,false
2562,100.0,192.0,,false
2563,900.0,8.0,,false
2564,1150.0,15.0,,false
2565,1000.0,5.0,,false
2566,1350.0,50.0,,true
2567,500.0,59.0,,true
2568,5000.0,19.0,,true
2569,2200.0,140.0,,true
2570,3500.0,390.0,,true
2571,5000.0,600.0,,true
2572,500.0,148.0,,true
2573,125.0,487.0,,true
2574,40.0,410.0,,true
2575,350.0,152.0,,true
2576,500.0,196.0,,false
2577,500.0,389.0,,false
2578,3300.0,28.0,,false
2579,3300.0,27.0,,false
2580,3300.0,30.0,,false
2581,60.0,234.0,,false
2582,60.0,247.0,,false
2583,60.0,176.0,,false
2584,800.0,5.0,,false
2585,60.0,112.0,,false
2586,60.0,103.0,,false
2587,60.0,102.0,,false
2588,60.0,96.0,,false
2589,60.0,113.0,,false
2590,60.0,86.0,,false
2591,60.0,105.0,,false
2592,100.0,214.0,,false
2593,100.0,185.0,,false
2594,900.0,8.0,,false
2595,1150.0,13.0,,false
2596,1000.0,7.0,,false
2597,1350.0,47.0,,true
2598,500.0,57.0,,true
2599,5000.0,16.0,,true
2600,2200.0,139.0,,true
2601,3500.0,320.0,,true
2602,5000.0,600.0,,true
2603,500.0,141.0,,true
2604,125.0,516.0,,true
2605,40.0,438.0,,true
2606,350.0,169.0,,true
2607,500.0,189.0,,false
2608,500.0,436.0,,false
2609,3300.0,29.0,,false
2610,3300.0,24.0,,false
2611,3300.0,25.0,,false
2612,60.0,232.0,,false
2613,60.0,208.0,,false
2614,60.0,183.0,,false
2615,800.0,5.0,,false
2616,60.0,111.0,,false
2617,60.0,101.0,,false
2618,60.0,96.0,,false
2619,60.0,94.0,,false
2620,60.0,92.0,,false
2621,60.0,87.0,,false
2622,60.0,109.0,,false
2623,60.0,94.0,,false
2624,60.0,95.0,,false
2625,100.0,192.0,,false
2626,100.0,249.0,,false
2627,900.0,9.0,,false
2628,1150.0,18.0,,false
2629,1000.0,5.0,,false
2630,1350.0,49.0,,true
2631,500.0,60.0,,true
2632,5000.0,18.0,,true
2633,2200.0,138.0,,true
2634,3500.0,270.0,,true
2635,5000.0,600.0,,true
2636,500.0,152.0,,true
2637,125.0,501.0,,true
2638,40.0,405.0,,true
2639,350.0,145.0,,true
2640,500.0,199.0,,false
2641,500.0,447.0,,false
2642,3300.0,27.0,,false
2643,3300.0,22.0,,false
2644,3300.0,28.0,,false
2645,60.0,161.0,,false
2646,60.0,215.0,,false
2647,60.0,204.0,,false
2648,800.0,6.0,,false
2649,60.0,105.0,,false
2650,60.0,119.0,,false
2651,60.0,109.0,,false
2652,60.0,120.0,,false
2653,60.0,109.0,,false
2654,60.0,93.0,,false
2655,60.0,91.0,,false
2656,60.0,82.0,,false
2657,60.0,97.0,,false
2658,100.0,228.0,,false
2659,100.0,246.0,,false
2660,900.0,8.0,,false
2661,1150.0,18.0,,false
2662,1000.0,6.0,,false
2663,1350.0,48.0,,true
2664,500.0,60.0,,true
2665,5000.0,16.0,,true
2666,2200.0,136.0,,true
2667,3500.0,341.0,,true
2668,5000.0,600.0,,true
2669,500.0,147.0,,true
2670,125.0,536.0,,true
2671,40.0,413.0,,true
2672,350.0,164.0,,true
2673,500.0,195.0,,false
2674,500.0,490.0,,false
2675,3300.0,28.0,,false
2676,3300.0,23.0,,false
2677,3300.0,21.0,,false
2678,60.0,159.0,,false
2679,60.0,171.0,,false
2680,60.0,199.0,,false
2681,60.0,227.0,,false
2682,800.0,6.0,,false
2683,60.0,106.0,,false
2684,60.0,113.0,,false
2685,60.0,99.0,,false
2686,60.0,88.0,,false
2687,60.0,117.0,,false
2688,60.0,82.0,,false
2689,60.0,101.0,,false
2690,100.0,213.0,,false
2691,100.0,229.0,,false
2692,900.0,10.0,,false
2693,1150.0,17.0,,false
2694,1000.0,5.0,,false
2695,1350.0,49.0,,true
2696,500.0,58.0,,true
2697,5000.0,18.0,,true
2698,2200.0,133.0,,true
2699,3500.0,220.0,,true
2700,5000.0,600.0,,true
2701,500.0,150.0,,true
2702,125.0,470.0,,true
2703,40.0,441.0,,true
2704,350.0,160.0,,true
2705,500.0,182.0,,false
2706,500.0,367.0,,false
2707,3300.0,24.0,,false
2708,3300.0,24.0,,false
2709,3300.0,24.0,,false
2710,60.0,192.0,,false
2711,60.0,204.0,,false
2712,60.0,247.0,,false
2713,800.0,6.0,,false
2714,60.0,113.0,,false
2715,60.0,111.0,,false
2716,60.0,91.0,,false
2717,60.0,108.0,,false
2718,60.0,105.0,,false
2719,60.0,114.0,,false
2720,60.0,95.0,,false
2721,60.0,85.0,,false
2722,60.0,118.0,,false
2723,60.0,120.0,,false
2724,100.0,208.0,,false
2725,100.0,219.0,,false
2726,900.0,8.0,,false
2727,1150.0,15.0,,false
2728,1000.0,6.0,,false
2729,1350.0,48.0,,true
2730,500.0,56.0,,true
2731,5000.0,18.0,,true
2732,2200.0,138.0,,true
2733,3500.0,296.0,,true
2734,5000.0,600.0,,true
2735,500.0,149.0,,true
2736,125.0,493.0,,true
2737,40.0,364.0,,true
2738,350.0,153.0,,true
2739,500.0,187.0,,false
2740,500.0,441.0,,false
2741,3300.0,23.0,,false
2742,3300.0,25.0,,false
2743,3300.0,29.0,,false
2744,60.0,182.0,,false
2745,60.0,221.0,,false
2746,60.0,211.0,,false
2747,60.0,205.0,,false
2748,800.0,5.0,,false
2749,60.0,113.0,,false
2750,60.0,87.0,,false
2751,60.0,120.0,,false
2752,60.0,107.0,,false
2753,60.0,114.0,,false
2754,60.0,99.0,,false
2755,100.0,209.0,,false
2756,100.0,193.0,,false
2757,900.0,9.0,,false
2758,1150.0,16.0,,false
2759,1000.0,6.0,,false
2760,1350.0,46.0,,true
2761,500.0,58.0,,true
2762,5000.0,18.0,,true
2763,2200.0,133.0,,true
2764,3500.0,378.0,,true
2765,5000.0,600.0,,true
2766,500.0,151.0,,true
2767,125.0,545.0,,true
2768,40.0,386.0,,true
2769,350.0,169.0,,true
2770,500.0,191.0,,false
2771,500.0,415.0,,false
2772,3300.0,27.0,,false
2773,3300.0,22.0,,false
2774,3300.0,24.0,,false
2775,60.0,165.0,,false
2776,60.0,202.0,,false
2777,60.0,204.0,,false
2778,60.0,183.0,,false
2779,800.0,5.0,,false
2780,60.0,92.0,,false
2781,60.0,106.0,,false
2782,60.0,104.0,,false
2783,60.0,108.0,,false
2784,60.0,101.0,,false
2785,60.0,85.0,,false
2786,60.0,110.0,,false
2787,60.0,104.0,,false
2788,60.0,96.0,,false
2789,100.0,238.0,,false
2790,100.0,190.0,,false
2791,900.0,9.0,,false
2792,1150.0,18.0,,false
2793,1000.0,7.0,,false
2794,1350.0,46.0,,true
2795,500.0,59.0,,true
2796,5000.0,16.0,,true
2797,2200.0,135.0,,true
2798,3500.0,282.0,,true
2799,5000.0,600.0,,true
2800,500.0,151.0,,true
2801,125.0,484.0,,true
2802,40.0,446.0,,true
2803,350.0,154.0,,true
2804,500.0,198.0,,false
2805,500.0,536.0,,false
2806,3300.0,27.0,,false
2807,3300.0,22.0,,false
2808,3300.0,27.0,,false
2809,60.0,217.0,,false
2810,60.0,207.0,,false
2811,60.0,206.0,,false
2812,800.0,5.0,,false
2813,60.0,118.0,,false
2814,60.0,89.0,,false
2815,60.0,109.0,,false
2816,60.0,93.0,,false
2817,60.0,96.0,,false
2818,60.0,116.0,,false
2819,60.0,84.0,,false
2820,100.0,194.0,,false
2821,100.0,230.0,,false
2822,900.0,10.0,,false
2823,1150.0,17.0,,false
2824,1000.0,8.0,,false
2825,1350.0,50.0,,true
2826,500.0,57.0,,true
2827,5000.0,19.0,,true
2828,2200.0,135.0,,true
2829,3500.0,261.0,,true
2830,5000.0,600.0,,true
2831,500.0,155.0,,true
2832,125.0,463.0,,true
2833,40.0,437.0,,true
2834,350.0,174.0,,true
2835,500.0,178.0,,false
2836,500.0,554.0,,false
2837,3300.0,30.0,,false
2838,3300.0,26.0,,false
2839,3300.0,21.0,,false
2840,60.0,250.0,,false
2841,60.0,173.0,,false
2842,60.0,162.0,,false
2843,60.0,164.0,,false
2844,800.0,5.0,,false
2845,60.0,118.0,,false
2846,60.0,84.0,,false
2847,60.0,92.0,,false
2848,60.0,81.0,,false
2849,60.0,115.0,,false
2850,60.0,109.0,,false
2851,60.0,117.0,,false
2852,60.0,93.0,,false
2853,60.0,94.0,,false
2854,60.0,114.0,,false
2855,100.0,229.0,,false
2856,100.0,195.0,,false
2857,900.0,9.0,,false
2858,1150.0,18.0,,false
2859,1000.0,7.0,,false
2860,1350.0,50.0,,true
2861,500.0,59.0,,true
2862,5000.0,17.0,,true
2863,2200.0,134.0,,true
2864,3500.0,316.0,,true
2865,5000.0,600.0,,true
2866,500.0,146.0,,true
2867,125.0,479.0,,true
2868,40.0,439.0,,true
2869,350.0,145.0,,true
2870,500.0,200.0,,false
2871,500.0,305.0,,false
2872,3300.0,26.0,,false
2873,3300.0,30.0,,false
2874,3300.0,21.0,,false
2875,60.0,223.0,,false
2876,60.0,210.0,,false
2877,60.0,206.0,,false
2878,800.0,5.0,,false
2879,60.0,89.0,,false
2880,60.0,89.0,,false
2881,60.0,115.0,,false
2882,60.0,108.0,,false
2883,60.0,89.0,,false
2884,60.0,81.0,,false
2885,60.0,102.0,,false
2886,60.0,97.0,,false
2887,60.0,120.0,,false
2888,60.0,81.0,,false
2889,100.0,197.0,,false
2890,100.0,201.0,,false
2891,900.0,8.0,,false
2892,1150.0,15.0,,false
2893,1000.0,6.0,,false
2894,1350.0,48.0,,true
2895,500.0,59.0,,true
2896,5000.0,16.0,,true
2897,2200.0,131.0,,true
2898,3500.0,284.0,,true
2899,5000.0,600.0,,true
2900,500.0,147.0,,true
2901,125.0,506.0,,true
2902,40.0,411.0,,true
2903,350.0,147.0,,true
2904,500.0,180.0,,false
2905,500.0,382.0,,false
2906,3300.0,28.0,,false
2907,3300.0,28.0,,false
2908,3300.0,25.0,,false
2909,60.0,192.0,,false
2910,60.0,204.0,,false
2911,60.0,200.0,,false
2912,800.0,5.0,,false
2913,60.0,116.0,,false
2914,60.0,104.0,,false
2915,60.0,119.0,,false
2916,60.0,104.0,,false
2917,60.0,114.0,,false
2918,60.0,108.0,,false
2919,60.0,115.0,,false
2920,60.0,89.0,,false
2921,60.0,104.0,,false
2922,100.0,232.0,,false
2923,100.0,203.0,,false
2924,900.0,10.0,,false
2925,1150.0,16.0,,false
2926,1000.0,6.0,,false
2927,1350.0,46.0,,true
2928,500.0,56.0,,true
2929,5000.0,20.0,,true
2930,2200.0,138.0,,true
2931,3500.0,376.0,,true
2932,5000.0,600.0,,true
2933,500.0,156.0,,true
2934,125.0,457.0,,true
2935,40.0,419.0,,true
2936,350.0,145.0,,true
2937,500.0,187.0,,false
2938,500.0,544.0,,false
2939,3300.0,29.0,,false
2940,3300.0,27.0,,false
2941,3300.0,29.0,,false
2942,60.0,169.0,,false
2943,60.0,168.0,,false
2944,60.0,248.0,,false
2945,800.0,4.0,,false
2946,60.0,104.0,,false
2947,60.0,118.0,,false
2948,60.0,92.0,,false
2949,60.0,116.0,,false
2950,60.0,104.0,,false
2951,60.0,84.0,,false
2952,60.0,88.0,,false
2953,100.0,202.0,,false
2954,100.0,212.0,,false
2955,900.0,7.0,,false
2956,1150.0,17.0,,false
2957,1000.0,6.0,,false
2958,1350.0,46.0,,true
2959,500.0,57.0,,true
2960,5000.0,16.0,,true
2961,2200.0,140.0,,true
2962,3500.0,281.0,,true
2963,5000.0,600.0,,true
2964,500.0,146.0,,true
2965,125.0,452.0,,true
2966,40.0,380.0,,true
2967,350.0,160.0,,true
2968,500.0,178.0,,false
2969,500.0,418.0,,false
2970,3300.0,29.0,,false
2971,3300.0,24.0,,false
2972,3300.0,23.0,,false
2973,60.0,185.0,,false
2974,60.0,187.0,,false
2975,60.0,214.0,,false
2976,800.0,5.0,,false
2977,60.0,88.0,,false
2978,60.0,86.0,,false
2979,60.0,113.0,,false
2980,60.0,113.0,,false
2981,60.0,117.0,,false
2982,60.0,101.0,,false
2983,60.0,106.0,,false
2984,60.0,109.0,,false
2985,100.0,216.0,,false
2986,100.0,230.0,,false
2987,900.0,10.0,,false
2988,1150.0,18.0,,false
2989,1000.0,5.0,,false
2990,1350.0,48.0,,true
2991,500.0,56.0,,true
2992,5000.0,18.0,,true
2993,2200.0,132.0,,true
2994,3500.0,346.0,,true
2995,5000.0,600.0,,true
2996,500.0,155.0,,true
2997,125.0,528.0,,true
2998,40.0,404.0,,true
2999,350.0,162.0,,true
3000,500.0,197.0,,false
3001,500.0,593.0,,false
3002,3300.0,28.0,,false
3003,3300.0,21.0,,false
3004,3300.0,26.0,,false
3005,60.0,209.0,,false
3006,60.0,248.0,,false
3007,60.0,231.0,,false
3008,60.0,211.0,,false
3009,800.0,6.0,,false
3010,60.0,105.0,,false
3011,60.0,88.0,,false
3012,60.0,109.0,,false
3013,60.0,118.0,,false
3014,60.0,102.0,,false
3015,60.0,98.0,,false
3016,100.0,236.0,,false
3017,100.0,246.0,,false
3018,900.0,8.0,,false
3019,1150.0,15.0,,false
3020,1000.0,5.0,,false
3021,1350.0,48.0,,true
3022,500.0,59.0,,true
3023,5000.0,20.0,,true
3024,2200.0,132.0,,true
3025,3500.0,248.0,,true
3026,5000.0,600.0,,true
3027,500.0,154.0,,true
3028,125.0,507.0,,true
3029,40.0,359.0,,true
3030,350.0,149.0,,true
3031,500.0,171.0,,false
3032,500.0,375.0,,false
3033,3300.0,27.0,,false
3034,3300.0,25.0,,false
3035,3300.0,22.0,,false
3036,60.0,171.0,,false
3037,60.0,223.0,,false
3038,60.0,204.0,,false
3039,800.0,5.0,,false
3040,60.0,102.0,,false
3041,60.0,114.0,,false
3042,60.0,88.0,,false
3043,60.0,94.0,,false
3044,60.0,117.0,,false
3045,60.0,114.0,,false
3046,60.0,108.0,,false
3047,100.0,198.0,,false
3048,100.0,230.0,,false
3049,900.0,8.0,,false
3050,1150.0,15.0,,false
3051,1000.0,5.0,,false
3052,1350.0,50.0,,true
3053,500.0,56.0,,true
3054,5000.0,16.0,,true
3055,2200.0,135.0,,true
3056,3500.0,283.0,,true
3057,5000.0,600.0,,true
3058,500.0,149.0,,true
3059,125.0,495.0,,true
3060,40.0,369.0,,true
3061,350.0,156.0,,true
3062,500.0,199.0,,false
3063,500.0,555.0,,false
3064,3300.0,23.0,,false
3065,3300.0,28.0,,false
3066,3300.0,22.0,,false
3067,60.0,247.0,,false
3068,60.0,170.0,,false
3069,60.0,161.0,,false
3070,60.0,232.0,,false
3071,800.0,4.0,,false
3072,60.0,83.0,,false
3073,60.0,93.0,,false
3074,60.0,97.0,,false
3075,60.0,99.0,,false
3076,60.0,98.0,,false
3077,60.0,104.0,,false
3078,60.0,86.0,,false
3079,60.0,93.0,,false
3080,60.0,104.0,,false
3081,60.0,96.0,,false
3082,100.0,197.0,,false
3083,100.0,229.0,,false
3084,900.0,8.0,,false
3085,1150.0,18.0,,false
3086,1000.0,8.0,,false
3087,1350.0,47.0,,true
3088,500.0,60.0,,true
3089,5000.0,16.0,,true
3090,2200.0,132.0,,true
3091,3500.0,340.0,,true
3092,5000.0,600.0,,true
3093,500.0,145.0,,true
3094,125.0,465.0,,true
3095,40.0,444.0,,true
3096,350.0,170.0,,true
3097,500.0,186.0,,false
3098,500.0,559.0,,false
3099,3300.0,21.0,,false
3100,3300.0,25.0,,false
3101,3300.0,26.0,,false
3102,60.0,234.0,,false
3103,60.0,202.0,,false
3104,60.0,242.0,,false
3105,60.0,180.0,,false
3106,800.0,5.0,,false
3107,60.0,109.0,,false
3108,60.0,105.0,,false
3109,60.0,102.0,,false
3110,60.0,105.0,,false
3111,60.0,114.0,,false
3112,60.0,85.0,,false
3113,100.0,245.0,,false
3114,100.0,196.0,,false
3115,900.0,10.0,,false
3116,1150.0,13.0,,false
3117,1000.0,8.0,,false
3118,1350.0,46.0,,true
3119,500.0,56.0,,true
3120,5000.0,16.0,,true
3121,2200.0,140.0,,true
3122,3500.0,232.0,,true
3123,5000.0,600.0,,true
3124,500.0,146.0,,true
3125,125.0,525.0,,true
3126,40.0,446.0,,true
3127,350.0,166.0,,true
3128,500.0,174.0,,false
3129,500.0,557.0,,false
3130,3300.0,28.0,,false
3131,3300.0,28.0,,false
3132,3300.0,28.0,,false
3133,60.0,188.0,,false
3134,60.0,241.0,,false
3135,60.0,188.0,,false
3136,800.0,6.0,,false
3137,60.0,112.0,,false
3138,60.0,87.0,,false
3139,60.0,113.0,,false
3140,60.0,102.0,,false
3141,60.0,103.0,,false
3142,60.0,98.0,,false
3143,100.0,199.0,,false
3144,100.0,193.0,,false
3145,900.0,10.0,,false
3146,1150.0,17.0,,false
3147,1000.0,7.0,,false
3148,1350.0,49.0,,true
3149,500.0,60.0,,true
3150,5000.0,19.0,,true
3151,2200.0,136.0,,true
3152,3500.0,386.0,,true
3153,5000.0,600.0,,true
3154,500.0,158.0,,true
3155,125.0,507.0,,true
3156,40.0,406.0,,true
3157,350.0,173.0,,true
3158,500.0,195.0,,false
3159,500.0,385.0,,false
3160,3300.0,30.0,,false
3161,3300.0,21.0,,false
3162,3300.0,23.0,,false
3163,60.0,232.0,,false
3164,60.0,223.0,,false
3165,60.0,223.0,,false
3166,800.0,4.0,,false
3167,60.0,116.0,,false
3168,60.0,106.0,,false
3169,60.0,118.0,,false
3170,60.0,81.0,,false
3171,60.0,92.0,,false
3172,60.0,91.0,,false
3173,100.0,215.0,,false
3174,100.0,199.0,,false
3175,900.0,7.0,,false
3176,1150.0,16.0,,false
3177,1000.0,8.0,,false
3178,1350.0,49.0,,true
3179,500.0,56.0,,true
3180,5000.0,20.0,,true
3181,2200.0,131.0,,true
3182,3500.0,299.0,,true
3183,5000.0,600.0,,true
3184,500.0,159.0,,true
3185,125.0,468.0,,true
3186,40.0,358.0,,true
3187,350.0,146.0,,true
3188,500.0,197.0,,false
3189,500.0,302.0,,false
3190,3300.0,28.0,,false
3191,3300.0,25.0,,false
3192,3300.0,24.0,,false
3193,60.0,210.0,,false
3194,60.0,165.0,,false
3195,60.0,239.0,,false
3196,60.0,249.0,,false
3197,800.0,6.0,,false
3198,60.0,117.0,,false
3199,60.0,100.0,,false
3200,60.0,88.0,,false
3201,60.0,90.0,,false
3202,60.0,83.0,,false
3203,60.0,101.0,,false
3204,60.0,118.0,,false
3205,60.0,106.0,,false
3206,100.0,227.0,,false
3207,100.0,214.0,,false
3208,900.0,8.0,,false
3209,1150.0,14.0,,false
3210,1000.0,8.0,,false
3211,1350.0,50.0,,true
3212,500.0,56.0,,true
3213,5000.0,16.0,,true
3214,2200.0,133.0,,true
3215,3500.0,378.0,,true
3216,5000.0,600.0,,true
3217,500.0,156.0,,true
3218,125.0,458.0,,true
3219,40.0,421.0,,true
3220,350.0,149.0,,true
3221,500.0,184.0,,false
3222,500.0,319.0,,false
3223,3300.0,27.0,,false
3224,3300.0,29.0,,false
3225,3300.0,22.0,,false
3226,60.0,232.0,,false
3227,60.0,161.0,,false
3228,60.0,191.0,,false
3229,60.0,162.0,,false
3230,800.0,4.0,,false
3231,60.0,91.0,,false
3232,60.0,84.0,,false
3233,60.0,90.0,,false
3234,60.0,107.0,,false
3235,60.0,88.0,,false
3236,60.0,86.0,,false
3237,100.0,201.0,,false
3238,100.0,230.0,,false
3239,900.0,9.0,,false
3240,1150.0,13.0,,false
3241,1000.0,6.0,,false
