Reference,height,width,stripwidth,preemptable
1,1350.0,48.0,720,true
2,500.0,58.0,,true
3,5000.0,20.0,,true
4,2200.0,133.0,,true
5,3500.0,366.0,,true
6,5000.0,600.0,,true
7,500.0,148.0,,true
8,125.0,540.0,,true
9,40.0,366.0,,true
10,350.0,177.0,,true
11,500.0,172.0,,false
12,500.0,458.0,,false
13,3300.0,24.0,,false
14,3300.0,22.0,,false
15,3300.0,21.0,,false
16,60.0,173.0,,false
17,60.0,239.0,,false
18,60.0,221.0,,false
19,800.0,4.0,,false
20,60.0,90.0,,false
21,60.0,93.0,,false
22,60.0,109.0,,false
23,60.0,107.0,,false
24,60.0,87.0,,false
25,60.0,118.0,,false
26,60.0,113.0,,false
27,60.0,85.0,,false
28,60.0,109.0,,false
29,100.0,247.0,,false
30,100.0,213.0,,false
31,900.0,9.0,,false
32,1150.0,16.0,,false
33,1000.0,6.0,,false
34,1350.0,48.0,,true
35,500.0,59.0,,true
36,5000.0,20.0,,true
37,2200.0,136.0,,true
38,3500.0,286.0,,true
39,5000.0,600.0,,true
40,500.0,149.0,,true
41,125.0,486.0,,true
42,40.0,426.0,,true
43,350.0,141.0,,true
44,500.0,188.0,,false
45,500.0,374.0,,false
46,3300.0,22.0,,false
47,3300.0,28.0,,false
48,3300.0,30.0,,false
49,60.0,204.0,,false
50,60.0,202.0,,false
51,60.0,232.0,,false
52,800.0,4.0,,false
53,60.0,119.0,,false
54,60.0,113.0,,false
55,60.0,96.0,,false
56,60.0,117.0,,false
57,60.0,85.0,,false
58,60.0,99.0,,false
59,60.0,88.0,,false
60,60.0,83.0,,false
61,60.0,112.0,,false
62,100.0,191.0,,false
63,100.0,217.0,,false
64,900.0,10.0,,false
65,1150.0,13.0,,false
66,1000.0,7.0,,false
67,1350.0,48.0,,true
68,500.0,58.0,,true
69,5000.0,18.0,,true
70,2200.0,131.0,,true
71,3500.0,213.0,,true
72,5000.0,600.0,,true
73,500.0,155.0,,true
74,125.0,453.0,,true
75,40.0,427.0,,true
76,350.0,158.0,,true
77,500.0,194.0,,false
78,500.0,468.0,,false
79,3300.0,22.0,,false
80,3300.0,22.0,,false
81,3300.0,23.0,,false
82,60.0,193.0,,false
83,60.0,160.0,,false
84,60.0,211.0,,false
85,60.0,238.0,,false
86,800.0,6.0,,false
87,60.0,97.0,,false
88,60.0,110.0,,false
89,60.0,104.0,,false
90,60.0,108.0,,false
91,60.0,112.0,,false
92,60.0,107.0,,false
93,60.0,116.0,,false
94,60.0,116.0,,false
95,60.0,119.0,,false
96,60.0,107.0,,false
97,100.0,246.0,,false
98,100.0,202.0,,false
99,900.0,7.0,,false
100,1150.0,13.0,,false
101,1000.0,5.0,,false
102,1350.0,46.0,,true
103,500.0,59.0,,true
104,5000.0,16.0,,true
105,2200.0,138.0,,true
106,3500.0,398.0,,true
107,5000.0,600.0,,true
108,500.0,143.0,,true
109,125.0,510.0,,true
110,40.0,402.0,,true
111,350.0,166.0,,true
112,500.0,181.0,,false
113,500.0,314.0,,false
114,3300.0,28.0,,false
115,3300.0,30.0,,false
116,3300.0,23.0,,false
117,60.0,228.0,,false
118,60.0,153.0,,false
119,60.0,221.0,,false
120,800.0,4.0,,false
121,60.0,107.0,,false
122,60.0,110.0,,false
123,60.0,93.0,,false
124,60.0,118.0,,false
125,60.0,91.0,,false
126,60.0,111.0,,false
127,60.0,104.0,,false
128,100.0,219.0,,false
129,100.0,228.0,,false
130,900.0,9.0,,false
131,1150.0,18.0,,false
132,1000.0,5.0,,false
133,1350.0,49.0,,true
134,500.0,58.0,,true
135,5000.0,20.0,,true
136,2200.0,133.0,,true
137,3500.0,314.0,,true
138,5000.0,600.0,,true
139,500.0,156.0,,true
140,125.0,531.0,,true
141,40.0,378.0,,true
142,350.0,178.0,,true
143,500.0,194.0,,false
144,500.0,511.0,,false
145,3300.0,21.0,,false
146,3300.0,30.0,,false
147,3300.0,22.0,,false
148,60.0,198.0,,false
149,60.0,228.0,,false
150,60.0,160.0,,false
151,60.0,229.0,,false
152,800.0,6.0,,false
153,60.0,113.0,,false
154,60.0,91.0,,false
155,60.0,87.0,,false
156,60.0,109.0,,false
157,60.0,91.0,,false
158,60.0,109.0,,false
159,60.0,117.0,,false
160,60.0,91.0,,false
161,100.0,235.0,,false
162,100.0,230.0,,false
163,900.0,9.0,,false
164,1150.0,17.0,,false
165,1000.0,7.0,,false
166,1350.0,49.0,,true
167,500.0,59.0,,true
168,5000.0,18.0,,true
169,2200.0,137.0,,true
170,3500.0,343.0,,true
171,5000.0,600.0,,true
172,500.0,159.0,,true
173,125.0,537.0,,true
174,40.0,437.0,,true
175,350.0,148.0,,true
176,500.0,182.0,,false
177,500.0,514.0,,false
178,3300.0,21.0,,false
179,3300.0,26.0,,false
180,3300.0,29.0,,false
181,60.0,235.0,,false
182,60.0,165.0,,false
183,60.0,188.0,,false
184,800.0,4.0,,false
185,60.0,91.0,,false
186,60.0,87.0,,false
187,60.0,104.0,,false
188,60.0,118.0,,false
189,60.0,101.0,,false
190,60.0,113.0,,false
191,60.0,97.0,,false
192,60.0,95.0,,false
193,60.0,108.0,,false
194,100.0,185.0,,false
195,100.0,181.0,,false
196,900.0,9.0,,false
197,1150.0,13.0,,false
198,1000.0,6.0,,false
199,1350.0,48.0,,true
200,500.0,57.0,,true
201,5000.0,19.0,,true
202,2200.0,136.0,,true
203,3500.0,293.0,,true
204,5000.0,600.0,,true
205,500.0,157.0,,true
206,125.0,453.0,,true
207,40.0,429.0,,true
208,350.0,147.0,,true
209,500.0,187.0,,false
210,500.0,384.0,,false
211,3300.0,30.0,,false
212,3300.0,28.0,,false
213,3300.0,30.0,,false
214,60.0,231.0,,false
215,60.0,213.0,,false
216,60.0,234.0,,false
217,60.0,178.0,,false
218,800.0,5.0,,false
219,60.0,115.0,,false
220,60.0,88.0,,false
221,60.0,104.0,,false
222,60.0,103.0,,false
223,60.0,86.0,,false
224,60.0,111.0,,false
225,100.0,194.0,,false
226,100.0,213.0,,false
227,900.0,7.0,,false
228,1150.0,15.0,,false
229,1000.0,7.0,,false
230,1350.0,50.0,,true
231,500.0,60.0,,true
232,5000.0,19.0,,true
233,2200.0,134.0,,true
234,3500.0,294.0,,true
235,5000.0,600.0,,true
236,500.0,152.0,,true
237,125.0,489.0,,true
238,40.0,408.0,,true
239,350.0,167.0,,true
240,500.0,174.0,,false
241,500.0,556.0,,false
242,3300.0,23.0,,false
243,3300.0,24.0,,false
244,3300.0,27.0,,false
245,60.0,181.0,,false
246,60.0,151.0,,false
247,60.0,155.0,,false
248,800.0,4.0,,false
249,60.0,94.0,,false
250,60.0,90.0,,false
251,60.0,94.0,,false
252,60.0,99.0,,false
253,60.0,108.0,,false
254,60.0,105.0,,false
255,60.0,117.0,,false
256,60.0,97.0,,false
257,100.0,235.0,,false
258,100.0,234.0,,false
259,900.0,9.0,,false
260,1150.0,17.0,,false
261,1000.0,5.0,,false
262,1350.0,48.0,,true
263,500.0,60.0,,true
264,5000.0,20.0,,true
265,2200.0,131.0,,true
266,3500.0,346.0,,true
267,5000.0,600.0,,true
268,500.0,150.0,,true
269,125.0,520.0,,true
270,40.0,426.0,,true
271,350.0,142.0,,true
272,500.0,174.0,,false
273,500.0,391.0,,false
274,3300.0,23.0,,false
275,3300.0,22.0,,false
276,3300.0,26.0,,false
277,60.0,166.0,,false
278,60.0,196.0,,false
279,60.0,161.0,,false
280,800.0,4.0,,false
281,60.0,83.0,,false
282,60.0,81.0,,false
283,60.0,110.0,,false
284,60.0,94.0,,false
285,60.0,104.0,,false
286,60.0,107.0,,false
287,60.0,107.0,,false
288,100.0,203.0,,false
289,100.0,236.0,,false
290,900.0,10.0,,false
291,1150.0,14.0,,false
292,1000.0,7.0,,false
293,1350.0,48.0,,true
294,500.0,56.0,,true
295,5000.0,20.0,,true
296,2200.0,138.0,,true
297,3500.0,259.0,,true
298,5000.0,600.0,,true
299,500.0,142.0,,true
300,125.0,506.0,,true
301,40.0,391.0,,true
302,350.0,157.0,,true
303,500.0,194.0,,false
304,500.0,407.0,,false
305,3300.0,25.0,,false
306,3300.0,23.0,,false
307,3300.0,23.0,,false
308,60.0,165.0,,false
309,60.0,236.0,,false
310,60.0,189.0,,false
311,60.0,183.0,,false
312,800.0,5.0,,false
313,60.0,102.0,,false
314,60.0,92.0,,false
315,60.0,88.0,,false
316,60.0,118.0,,false
317,60.0,87.0,,false
318,60.0,84.0,,false
319,60.0,90.0,,false
320,60.0,96.0,,false
321,60.0,101.0,,false
322,100.0,247.0,,false
323,100.0,215.0,,false
324,900.0,8.0,,false
325,1150.0,15.0,,false
326,1000.0,5.0,,false
327,1350.0,47.0,,true
328,500.0,59.0,,true
329,5000.0,16.0,,true
330,2200.0,140.0,,true
331,3500.0,238.0,,true
332,5000.0,600.0,,true
333,500.0,146.0,,true
334,125.0,536.0,,true
335,40.0,381.0,,true
336,350.0,145.0,,true
337,500.0,194.0,,false
338,500.0,350.0,,false
339,3300.0,30.0,,false
340,3300.0,28.0,,false
341,3300.0,22.0,,false
342,60.0,175.0,,false
343,60.0,217.0,,false
344,60.0,209.0,,false
345,800.0,4.0,,false
346,60.0,109.0,,false
347,60.0,119.0,,false
348,60.0,101.0,,false
349,60.0,117.0,,false
350,60.0,84.0,,false
351,60.0,98.0,,false
352,60.0,94.0,,false
353,60.0,88.0,,false
354,60.0,114.0,,false
355,100.0,188.0,,false
356,100.0,194.0,,false
357,900.0,10.0,,false
358,1150.0,17.0,,false
359,1000.0,5.0,,false
360,1350.0,50.0,,true
361,500.0,57.0,,true
362,5000.0,19.0,,true
363,2200.0,138.0,,true
364,3500.0,267.0,,true
365,5000.0,600.0,,true
366,500.0,158.0,,true
367,125.0,472.0,,true
368,40.0,400.0,,true
369,350.0,145.0,,true
370,500.0,171.0,,false
371,500.0,366.0,,false
372,3300.0,24.0,,false
373,3300.0,21.0,,false
374,3300.0,29.0,,false
375,60.0,170.0,,false
376,60.0,172.0,,false
377,60.0,183.0,,false
378,800.0,4.0,,false
379,60.0,116.0,,false
380,60.0,100.0,,false
381,60.0,100.0,,false
382,60.0,104.0,,false
383,60.0,110.0,,false
384,60.0,120.0,,false
385,60.0,117.0,,false
386,60.0,117.0,,false
387,100.0,190.0,,false
388,100.0,215.0,,false
389,900.0,10.0,,false
390,1150.0,13.0,,false
391,1000.0,8.0,,false
392,1350.0,46.0,,true
393,500.0,58.0,,true
394,5000.0,20.0,,true
395,2200.0,137.0,,true
396,3500.0,201.0,,true
397,5000.0,600.0,,true
398,500.0,152.0,,true
399,125.0,501.0,,true
400,40.0,446.0,,true
401,350.0,177.0,,true
402,500.0,190.0,,false
403,500.0,456.0,,false
404,3300.0,30.0,,false
405,3300.0,23.0,,false
406,3300.0,22.0,,false
407,60.0,248.0,,false
408,60.0,173.0,,false
409,60.0,220.0,,false
410,800.0,5.0,,false
411,60.0,84.0,,false
412,60.0,109.0,,false
413,60.0,113.0,,false
414,60.0,85.0,,false
415,60.0,107.0,,false
416,60.0,103.0,,false
417,60.0,106.0,,false
418,100.0,241.0,,false
419,100.0,209.0,,false
420,900.0,9.0,,false
421,1150.0,14.0,,false
422,1000.0,6.0,,false
423,1350.0,50.0,,true
424,500.0,60.0,,true
425,5000.0,20.0,,true
426,2200.0,132.0,,true
427,3500.0,325.0,,true
428,5000.0,600.0,,true
429,500.0,153.0,,true
430,125.0,510.0,,true
431,40.0,401.0,,true
432,350.0,168.0,,true
433,500.0,183.0,,false
434,500.0,418.0,,false
435,3300.0,30.0,,false
436,3300.0,26.0,,false
437,3300.0,21.0,,false
438,60.0,158.0,,false
439,60.0,180.0,,false
440,60.0,152.0,,false
441,800.0,5.0,,false
442,60.0,95.0,,false
443,60.0,86.0,,false
444,60.0,87.0,,false
445,60.0,110.0,,false
446,60.0,86.0,,false
447,60.0,107.0,,false
448,60.0,86.0,,false
449,60.0,90.0,,false
450,60.0,113.0,,false
451,60.0,101.0,,false
452,100.0,207.0,,false
453,100.0,226.0,,false
454,900.0,8.0,,false
455,1150.0,18.0,,false
456,1000.0,5.0,,false
457,1350.0,50.0,,true
458,500.0,56.0,,true
459,5000.0,17.0,,true
460,2200.0,134.0,,true
461,3500.0,269.0,,true
462,5000.0,600.0,,true
463,500.0,154.0,,true
464,125.0,529.0,,true
465,40.0,390.0,,true
466,350.0,179.0,,true
467,500.0,187.0,,false
468,500.0,307.0,,false
469,3300.0,26.0,,false
470,3300.0,27.0,,false
471,3300.0,30.0,,false
472,60.0,167.0,,false
473,60.0,220.0,,false
474,60.0,169.0,,false
475,60.0,187.0,,false
476,800.0,5.0,,false
477,60.0,101.0,,false
478,60.0,118.0,,false
479,60.0,110.0,,false
480,60.0,92.0,,false
481,60.0,113.0,,false
482,60.0,91.0,,false
483,60.0,102.0,,false
484,60.0,84.0,,false
485,60.0,97.0,,false
486,60.0,107.0,,false
487,100.0,232.0,,false
488,100.0,217.0,,false
489,900.0,10.0,,false
490,1150.0,14.0,,false
491,1000.0,6.0,,false
492,1350.0,47.0,,true
493,500.0,57.0,,true
494,5000.0,17.0,,true
495,2200.0,134.0,,true
496,3500.0,280.0,,true
497,5000.0,600.0,,true
498,500.0,144.0,,true
499,125.0,533.0,,true
500,40.0,412.0,,true
501,350.0,180.0,,true
502,500.0,183.0,,false
503,500.0,351.0,,false
504,3300.0,21.0,,false
505,3300.0,29.0,,false
506,3300.0,26.0,,false
507,60.0,188.0,,false
508,60.0,239.0,,false
509,60.0,225.0,,false
510,800.0,5.0,,false
511,60.0,101.0,,false
512,60.0,94.0,,false
513,60.0,118.0,,false
514,60.0,116.0,,false
515,60.0,95.0,,false
516,60.0,97.0,,false
517,60.0,104.0,,false
518,100.0,218.0,,false
519,100.0,193.0,,false
520,900.0,8.0,,false
521,1150.0,13.0,,false
522,1000.0,7.0,,false
523,1350.0,50.0,,true
524,500.0,57.0,,true
525,5000.0,19.0,,true
526,2200.0,135.0,,true
527,3500.0,384.0,,true
528,5000.0,600.0,,true
529,500.0,154.0,,true
530,125.0,499.0,,true
531,40.0,420.0,,true
532,350.0,161.0,,true
533,500.0,187.0,,false
534,500.0,422.0,,false
535,3300.0,26.0,,false
536,3300.0,21.0,,false
537,3300.0,25.0,,false
538,60.0,159.0,,false
539,60.0,211.0,,false
540,60.0,216.0,,false
541,60.0,153.0,,false
542,800.0,4.0,,false
543,60.0,120.0,,false
544,60.0,110.0,,false
545,60.0,83.0,,false
546,60.0,100.0,,false
547,60.0,89.0,,false
548,60.0,113.0,,false
549,100.0,234.0,,false
550,100.0,188.0,,false
551,900.0,8.0,,false
552,1150.0,16.0,,false
553,1000.0,6.0,,false
554,1350.0,47.0,,true
555,500.0,60.0,,true
556,5000.0,18.0,,true
557,2200.0,132.0,,true
558,3500.0,302.0,,true
559,5000.0,600.0,,true
560,500.0,158.0,,true
561,125.0,484.0,,true
562,40.0,449.0,,true
563,350.0,179.0,,true
564,500.0,192.0,,false
565,500.0,441.0,,false
566,3300.0,26.0,,false
567,3300.0,28.0,,false
568,3300.0,21.0,,false
569,60.0,164.0,,false
570,60.0,189.0,,false
571,60.0,215.0,,false
572,800.0,6.0,,false
573,60.0,118.0,,false
574,60.0,120.0,,false
575,60.0,87.0,,false
576,60.0,105.0,,false
577,60.0,118.0,,false
578,60.0,95.0,,false
579,60.0,92.0,,false
580,60.0,90.0,,false
581,60.0,108.0,,false
582,60.0,81.0,,false
583,100.0,208.0,,false
584,100.0,205.0,,false
585,900.0,9.0,,false
586,1150.0,13.0,,false
587,1000.0,8.0,,false
588,1350.0,48.0,,true
589,500.0,58.0,,true
590,5000.0,18.0,,true
591,2200.0,132.0,,true
592,3500.0,254.0,,true
593,5000.0,600.0,,true
594,500.0,156.0,,true
595,125.0,547.0,,true
596,40.0,357.0,,true
597,350.0,178.0,,true
598,500.0,171.0,,false
599,500.0,573.0,,false
600,3300.0,24.0,,false
601,3300.0,22.0,,false
602,3300.0,24.0,,false
603,60.0,164.0,,false
604,60.0,231.0,,false
605,60.0,155.0,,false
606,60.0,225.0,,false
607,800.0,5.0,,false
608,60.0,86.0,,false
609,60.0,101.0,,false
610,60.0,93.0,,false
611,60.0,120.0,,false
612,60.0,118.0,,false
613,60.0,119.0,,false
614,60.0,115.0,,false
615,60.0,120.0,,false
616,100.0,237.0,,false
617,100.0,241.0,,false
618,900.0,8.0,,false
619,1150.0,15.0,,false
620,1000.0,8.0,,false
621,1350.0,47.0,,true
622,500.0,58.0,,true
623,5000.0,18.0,,true
624,2200.0,138.0,,true
625,3500.0,273.0,,true
626,5000.0,600.0,,true
627,500.0,159.0,,true
628,125.0,514.0,,true
629,40.0,385.0,,true
630,350.0,142.0,,true
631,500.0,174.0,,false
632,500.0,582.0,,false
633,3300.0,30.0,,false
634,3300.0,25.0,,false
635,3300.0,24.0,,false
636,60.0,234.0,,false
637,60.0,209.0,,false
638,60.0,224.0,,false
639,60.0,238.0,,false
640,800.0,4.0,,false
641,60.0,92.0,,false
642,60.0,91.0,,false
643,60.0,95.0,,false
644,60.0,118.0,,false
645,60.0,104.0,,false
646,60.0,85.0,,false
647,60.0,95.0,,false
648,60.0,118.0,,false
649,60.0,120.0,,false
650,60.0,115.0,,false
651,100.0,228.0,,false
652,100.0,200.0,,false
653,900.0,9.0,,false
654,1150.0,13.0,,false
655,1000.0,5.0,,false
656,1350.0,47.0,,true
657,500.0,58.0,,true
658,5000.0,16.0,,true
659,2200.0,137.0,,true
660,3500.0,386.0,,true
661,5000.0,600.0,,true
662,500.0,152.0,,true
663,125.0,498.0,,true
664,40.0,366.0,,true
665,350.0,147.0,,true
666,500.0,181.0,,false
667,500.0,317.0,,false
668,3300.0,27.0,,false
669,3300.0,27.0,,false
670,3300.0,29.0,,false
671,60.0,236.0,,false
672,60.0,208.0,,false
673,60.0,159.0,,false
674,800.0,5.0,,false
675,60.0,117.0,,false
676,60.0,113.0,,false
677,60.0,106.0,,false
678,60.0,106.0,,false
679,60.0,96.0,,false
680,60.0,114.0,,false
681,60.0,96.0,,false
682,60.0,110.0,,false
683,100.0,182.0,,false
684,100.0,182.0,,false
685,900.0,8.0,,false
686,1150.0,14.0,,false
687,1000.0,8.0,,false
688,1350.0,46.0,,true
689,500.0,57.0,,true
690,5000.0,19.0,,true
691,2200.0,133.0,,true
692,3500.0,370.0,,true
693,5000.0,600.0,,true
694,500.0,159.0,,true
695,125.0,490.0,,true
696,40.0,431.0,,true
697,350.0,152.0,,true
698,500.0,175.0,,false
699,500.0,328.0,,false
700,3300.0,29.0,,false
701,3300.0,29.0,,false
702,3300.0,29.0,,false
703,60.0,247.0,,false
704,60.0,203.0,,false
705,60.0,195.0,,false
706,60.0,156.0,,false
707,800.0,6.0,,false
708,60.0,96.0,,false
709,60.0,119.0,,false
710,60.0,81.0,,false
711,60.0,97.0,,false
712,60.0,100.0,,false
713,60.0,95.0,,false
714,60.0,120.0,,false
715,100.0,216.0,,false
716,100.0,237.0,,false
717,900.0,10.0,,false
718,1150.0,16.0,,false
719,1000.0,7.0,,false
720,1350.0,46.0,,true
721,500.0,58.0,,true
722,5000.0,18.0,,true
723,2200.0,139.0,,true
724,3500.0,241.0,,true
725,5000.0,600.0,,true
726,500.0,158.0,,true
727,125.0,511.0,,true
728,40.0,444.0,,true
729,350.0,173.0,,true
730,500.0,195.0,,false
731,500.0,520.0,,false
732,3300.0,22.0,,false
733,3300.0,27.0,,false
734,3300.0,23.0,,false
735,60.0,247.0,,false
736,60.0,168.0,,false
737,60.0,158.0,,false
738,800.0,6.0,,false
739,60.0,82.0,,false
740,60.0,90.0,,false
741,60.0,112.0,,false
742,60.0,84.0,,false
743,60.0,105.0,,false
744,60.0,105.0,,false
745,60.0,82.0,,false
746,60.0,81.0,,false
747,60.0,98.0,,false
748,100.0,203.0,,false
749,100.0,227.0,,false
750,900.0,9.0,,false
751,1150.0,17.0,,false
752,1000.0,8.0,,false
753,1350.0,48.0,,true
754,500.0,60.0,,true
755,5000.0,16.0,,true
756,2200.0,140.0,,true
757,3500.0,364.0,,true
758,5000.0,600.0,,true
759,500.0,142.0,,true
760,125.0,466.0,,true
761,40.0,396.0,,true
762,350.0,153.0,,true
763,500.0,195.0,,false
764,500.0,387.0,,false
765,3300.0,21.0,,false
766,3300.0,30.0,,false
767,3300.0,27.0,,false
768,60.0,241.0,,false
769,60.0,174.0,,false
770,60.0,241.0,,false
771,60.0,177.0,,false
772,800.0,4.0,,false
773,60.0,108.0,,false
774,60.0,114.0,,false
775,60.0,110.0,,false
776,60.0,87.0,,false
777,60.0,85.0,,false
778,60.0,120.0,,false
779,60.0,97.0,,false
780,60.0,88.0,,false
781,60.0,117.0,,false
782,100.0,210.0,,false
783,100.0,235.0,,false
784,900.0,10.0,,false
785,1150.0,15.0,,false
786,1000.0,7.0,,false
787,1350.0,47.0,,true
788,500.0,59.0,,true
789,5000.0,16.0,,true
790,2200.0,133.0,,true
791,3500.0,245.0,,true
792,5000.0,600.0,,true
793,500.0,143.0,,true
794,125.0,459.0,,true
795,40.0,398.0,,true
796,350.0,178.0,,true
797,500.0,176.0,,false
798,500.0,477.0,,false
799,3300.0,22.0,,false
800,3300.0,23.0,,false
801,3300.0,28.0,,false
802,60.0,226.0,,false
803,60.0,231.0,,false
804,60.0,164.0,,false
805,800.0,4.0,,false
806,60.0,93.0,,false
807,60.0,100.0,,false
808,60.0,111.0,,false
809,60.0,82.0,,false
810,60.0,101.0,,false
811,60.0,89.0,,false
812,60.0,108.0,,false
813,60.0,88.0,,false
814,100.0,250.0,,false
815,100.0,244.0,,false
816,900.0,9.0,,false
817,1150.0,15.0,,false
818,1000.0,7.0,,false
819,1350.0,47.0,,true
820,500.0,60.0,,true
821,5000.0,20.0,,true
822,2200.0,132.0,,true
823,3500.0,365.0,,true
824,5000.0,600.0,,true
825,500.0,149.0,,true
826,125.0,494.0,,true
827,40.0,452.0,,true
828,350.0,174.0,,true
829,500.0,193.0,,false
830,500.0,565.0,,false
831,3300.0,25.0,,false
832,3300.0,22.0,,false
833,3300.0,22.0,,false
834,60.0,203.0,,false
835,60.0,220.0,,false
836,60.0,208.0,,false
837,60.0,206.0,,false
838,800.0,6.0,,false
839,60.0,118.0,,false
840,60.0,92.0,,false
841,60.0,94.0,,false
842,60.0,116.0,,false
843,60.0,111.0,,false
844,60.0,91.0,,false
845,60.0,120.0,,false
846,60.0,87.0,,false
847,60.0,85.0,,false
848,60.0,119.0,,false
849,100.0,210.0,,false
850,100.0,219.0,,false
851,900.0,7.0,,false
852,1150.0,15.0,,false
853,1000.0,6.0,,false
854,1350.0,50.0,,true
855,500.0,58.0,,true
856,5000.0,18.0,,true
857,2200.0,136.0,,true
858,3500.0,377.0,,true
859,5000.0,600.0,,true
860,500.0,155.0,,true
861,125.0,523.0,,true
862,40.0,377.0,,true
863,350.0,180.0,,true
864,500.0,172.0,,false
865,500.0,303.0,,false
866,3300.0,27.0,,false
867,3300.0,28.0,,false
868,3300.0,24.0,,false
869,60.0,192.0,,false
870,60.0,201.0,,false
871,60.0,239.0,,false
872,60.0,239.0,,false
873,800.0,6.0,,false
874,60.0,111.0,,false
875,60.0,82.0,,false
876,60.0,82.0,,false
877,60.0,84.0,,false
878,60.0,91.0,,false
879,60.0,82.0,,false
880,60.0,112.0,,false
881,60.0,86.0,,false
882,60.0,105.0,,false
883,100.0,224.0,,false
884,100.0,209.0,,false
885,900.0,9.0,,false
886,1150.0,16.0,,false
887,1000.0,6.0,,false
888,1350.0,49.0,,true
889,500.0,56.0,,true
890,5000.0,17.0,,true
891,2200.0,135.0,,true
892,3500.0,277.0,,true
893,5000.0,600.0,,true
894,500.0,143.0,,true
895,125.0,534.0,,true
896,40.0,386.0,,true
897,350.0,144.0,,true
898,500.0,180.0,,false
899,500.0,331.0,,false
900,3300.0,22.0,,false
901,3300.0,25.0,,false
902,3300.0,28.0,,false
903,60.0,250.0,,false
904,60.0,224.0,,false
905,60.0,156.0,,false
906,60.0,192.0,,false
907,800.0,6.0,,false
908,60.0,85.0,,false
909,60.0,113.0,,false
910,60.0,84.0,,false
911,60.0,89.0,,false
912,60.0,116.0,,false
913,60.0,92.0,,false
914,60.0,112.0,,false
915,100.0,200.0,,false
916,100.0,196.0,,false
917,900.0,10.0,,false
918,1150.0,17.0,,false
919,1000.0,8.0,,false
920,1350.0,50.0,,true
921,500.0,59.0,,true
922,5000.0,16.0,,true
923,2200.0,132.0,,true
924,3500.0,254.0,,true
925,5000.0,600.0,,true
926,500.0,141.0,,true
927,125.0,461.0,,true
928,40.0,411.0,,true
929,350.0,150.0,,true
930,500.0,197.0,,false
931,500.0,508.0,,false
932,3300.0,27.0,,false
933,3300.0,29.0,,false
934,3300.0,30.0,,false
935,60.0,187.0,,false
936,60.0,230.0,,false
937,60.0,198.0,,false
938,800.0,6.0,,false
939,60.0,88.0,,false
940,60.0,86.0,,false
941,60.0,98.0,,false
942,60.0,87.0,,false
943,60.0,113.0,,false
944,60.0,114.0,,false
945,60.0,120.0,,false
946,60.0,85.0,,false
947,60.0,94.0,,false
948,60.0,85.0,,false
949,100.0,235.0,,false
950,100.0,207.0,,false
951,900.0,8.0,,false
952,1150.0,15.0,,false
953,1000.0,5.0,,false
954,1350.0,47.0,,true
955,500.0,56.0,,true
956,5000.0,16.0,,true
957,2200.0,134.0,,true
958,3500.0,340.0,,true
959,5000.0,600.0,,true
960,500.0,143.0,,true
961,125.0,528.0,,true
962,40.0,371.0,,true
963,350.0,144.0,,true
964,500.0,177.0,,false
965,500.0,516.0,,false
966,3300.0,26.0,,false
967,3300.0,29.0,,false
968,3300.0,28.0,,false
969,60.0,238.0,,false
970,60.0,200.0,,false
971,60.0,154.0,,false
972,800.0,6.0,,false
973,60.0,115.0,,false
974,60.0,89.0,,false
975,60.0,95.0,,false
976,60.0,100.0,,false
977,60.0,99.0,,false
978,60.0,107.0,,false
979,60.0,95.0,,false
980,60.0,82.0,,false
981,100.0,234.0,,false
982,100.0,208.0,,false
983,900.0,7.0,,false
984,1150.0,13.0,,false
985,1000.0,5.0,,false
986,1350.0,50.0,,true
987,500.0,58.0,,true
988,5000.0,17.0,,true
989,2200.0,139.0,,true
990,3500.0,218.0,,true
991,5000.0,600.0,,true
992,500.0,154.0,,true
993,125.0,454.0,,true
994,40.0,401.0,,true
995,350.0,162.0,,true
996,500.0,189.0,,false
997,500.0,322.0,,false
998,3300.0,29.0,,false
999,3300.0,30.0,,false
1000,3300.0,25.0,,false
1001,60.0,182.0,,false
1002,60.0,187.0,,false
1003,60.0,186.0,,false
1004,800.0,4.0,,false
1005,60.0,108.0,,false
1006,60.0,105.0,,false
1007,60.0,103.0,,false
1008,60.0,86.0,,false
1009,60.0,87.0,,false
1010,60.0,99.0,,false
1011,60.0,81.0,,false
1012,60.0,105.0,,false
1013,100.0,215.0,,false
1014,100.0,196.0,,false
1015,900.0,10.0,,false
1016,1150.0,13.0,,false
1017,1000.0,7.0,,false
1018,1350.0,48.0,,true
1019,500.0,58.0,,true
1020,5000.0,18.0,,true
1021,2200.0,133.0,,true
1022,3500.0,378.0,,true
1023,5000.0,600.0,,true
1024,500.0,157.0,,true
1025,125.0,534.0,,true
1026,40.0,355.0,,true
1027,350.0,168.0,,true
1028,500.0,182.0,,false
1029,500.0,479.0,,false
1030,3300.0,25.0,,false
1031,3300.0,30.0,,false
1032,3300.0,25.0,,false
1033,60.0,237.0,,false
1034,60.0,212.0,,false
1035,60.0,238.0,,false
1036,800.0,5.0,,false
1037,60.0,110.0,,false
1038,60.0,100.0,,false
1039,60.0,115.0,,false
1040,60.0,91.0,,false
1041,60.0,112.0,,false
1042,60.0,81.0,,false
1043,60.0,100.0,,false
1044,60.0,98.0,,false
1045,60.0,94.0,,false
1046,100.0,247.0,,false
1047,100.0,200.0,,false
1048,900.0,10.0,,false
1049,1150.0,13.0,,false
1050,1000.0,5.0,,false
1051,1350.0,48.0,,true
1052,500.0,58.0,,true
1053,5000.0,16.0,,true
1054,2200.0,132.0,,true
1055,3500.0,207.0,,true
1056,5000.0,600.0,,true
1057,500.0,155.0,,true
1058,125.0,485.0,,true
1059,40.0,407.0,,true
1060,350.0,159.0,,true
1061,500.0,192.0,,false
1062,500.0,346.0,,false
1063,3300.0,26.0,,false
1064,3300.0,23.0,,false
1065,3300.0,30.0,,false
1066,60.0,246.0,,false
1067,60.0,164.0,,false
1068,60.0,209.0,,false
1069,800.0,6.0,,false
1070,60.0,113.0,,false
1071,60.0,91.0,,false
1072,60.0,86.0,,false
1073,60.0,119.0,,false
1074,60.0,111.0,,false
1075,60.0,108.0,,false
1076,100.0,229.0,,false
1077,100.0,195.0,,false
1078,900.0,8.0,,false
1079,1150.0,13.0,,false
1080,1000.0,5.0,,false
1081,1350.0,50.0,,true
1082,500.0,58.0,,true
1083,5000.0,17.0,,true
1084,2200.0,133.0,,true
1085,3500.0,400.0,,true
1086,5000.0,600.0,,true
1087,500.0,148.0,,true
1088,125.0,497.0,,true
1089,40.0,365.0,,true
1090,350.0,146.0,,true
1091,500.0,176.0,,false
1092,500.0,421.0,,false
1093,3300.0,23.0,,false
1094,3300.0,29.0,,false
1095,3300.0,25.0,,false
1096,60.0,181.0,,false
1097,60.0,201.0,,false
1098,60.0,211.0,,false
1099,60.0,250.0,,false
1100,800.0,5.0,,false
1101,60.0,85.0,,false
1102,60.0,89.0,,false
1103,60.0,92.0,,false
1104,60.0,89.0,,false
1105,60.0,111.0,,false
1106,60.0,118.0,,false
1107,60.0,111.0,,false
1108,60.0,111.0,,false
1109,60.0,100.0,,false
1110,60.0,110.0,,false
1111,100.0,224.0,,false
1112,100.0,227.0,,false
1113,900.0,10.0,,false
1114,1150.0,18.0,,false
1115,1000.0,7.0,,false
1116,1350.0,49.0,,true
1117,500.0,58.0,,true
1118,5000.0,16.0,,true
1119,2200.0,140.0,,true
1120,3500.0,367.0,,true
1121,5000.0,600.0,,true
1122,500.0,152.0,,true
1123,125.0,544.0,,true
1124,40.0,355.0,,true
1125,350.0,180.0,,true
1126,500.0,185.0,,false
1127,500.0,374.0,,false
1128,3300.0,29.0,,false
1129,3300.0,29.0,,false
1130,3300.0,30.0,,false
1131,60.0,173.0,,false
1132,60.0,198.0,,false
1133,60.0,249.0,,false
1134,800.0,4.0,,false
1135,60.0,85.0,,false
1136,60.0,106.0,,false
1137,60.0,98.0,,false
1138,60.0,119.0,,false
1139,60.0,92.0,,false
1140,60.0,110.0,,false
1141,60.0,115.0,,false
1142,60.0,119.0,,false
1143,100.0,234.0,,false
1144,100.0,197.0,,false
1145,900.0,7.0,,false
1146,1150.0,14.0,,false
1147,1000.0,5.0,,false
1148,1350.0,46.0,,true
1149,500.0,59.0,,true
1150,5000.0,16.0,,true
1151,2200.0,134.0,,true
1152,3500.0,301.0,,true
1153,5000.0,600.0,,true
1154,500.0,151.0,,true
1155,125.0,455.0,,true
1156,40.0,376.0,,true
1157,350.0,156.0,,true
1158,500.0,194.0,,false
1159,500.0,498.0,,false
1160,3300.0,30.0,,false
1161,3300.0,30.0,,false
1162,3300.0,25.0,,false
1163,60.0,212.0,,false
1164,60.0,217.0,,false
1165,60.0,243.0,,false
1166,800.0,5.0,,false
1167,60.0,89.0,,false
1168,60.0,98.0,,false
1169,60.0,116.0,,false
1170,60.0,111.0,,false
1171,60.0,105.0,,false
1172,60.0,87.0,,false
1173,60.0,87.0,,false
1174,60.0,81.0,,false
1175,60.0,120.0,,false
1176,100.0,234.0,,false
1177,100.0,196.0,,false
1178,900.0,10.0,,false
1179,1150.0,17.0,,false
1180,1000.0,8.0,,false
1181,1350.0,47.0,,true
1182,500.0,60.0,,true
1183,5000.0,17.0,,true
1184,2200.0,132.0,,true
1185,3500.0,295.0,,true
1186,5000.0,600.0,,true
1187,500.0,154.0,,true
1188,125.0,525.0,,true
1189,40.0,389.0,,true
1190,350.0,165.0,,true
1191,500.0,180.0,,false
1192,500.0,488.0,,false
1193,3300.0,26.0,,false
1194,3300.0,27.0,,false
1195,3300.0,23.0,,false
1196,60.0,211.0,,false
1197,60.0,215.0,,false
1198,60.0,231.0,,false
1199,60.0,151.0,,false
1200,800.0,5.0,,false
1201,60.0,117.0,,false
1202,60.0,115.0,,false
1203,60.0,118.0,,false
1204,60.0,83.0,,false
1205,60.0,112.0,,false
1206,60.0,116.0,,false
1207,60.0,94.0,,false
1208,100.0,191.0,,false
1209,100.0,242.0,,false
1210,900.0,8.0,,false
1211,1150.0,15.0,,false
1212,1000.0,7.0,,false
1213,1350.0,48.0,,true
1214,500.0,59.0,,true
1215,5000.0,16.0,,true
1216,2200.0,138.0,,true
1217,3500.0,364.0,,true
1218,5000.0,600.0,,true
1219,500.0,146.0,,true
1220,125.0,506.0,,true
1221,40.0,383.0,,true
1222,350.0,143.0,,true
1223,500.0,193.0,,false
1224,500.0,564.0,,false
1225,3300.0,21.0,,false
1226,3300.0,21.0,,false
1227,3300.0,24.0,,false
1228,60.0,212.0,,false
1229,60.0,247.0,,false
1230,60.0,156.0,,false
1231,800.0,5.0,,false
1232,60.0,108.0,,false
1233,60.0,116.0,,false
1234,60.0,119.0,,false
1235,60.0,97.0,,false
1236,60.0,84.0,,false
1237,60.0,105.0,,false
1238,100.0,192.0,,false
1239,100.0,232.0,,false
1240,900.0,10.0,,false
1241,1150.0,15.0,,false
1242,1000.0,8.0,,false
1243,1350.0,49.0,,true
1244,500.0,56.0,,true
1245,5000.0,19.0,,true
1246,2200.0,139.0,,true
1247,3500.0,293.0,,true
1248,5000.0,600.0,,true
1249,500.0,146.0,,true
1250,125.0,521.0,,true
1251,40.0,438.0,,true
1252,350.0,170.0,,true
1253,500.0,173.0,,false
1254,500.0,437.0,,false
1255,3300.0,29.0,,false
1256,3300.0,22.0,,false
1257,3300.0,21.0,,false
1258,60.0,158.0,,false
1259,60.0,191.0,,false
1260,60.0,199.0,,false
1261,800.0,4.0,,false
1262,60.0,95.0,,false
1263,60.0,118.0,,false
1264,60.0,120.0,,false
1265,60.0,82.0,,false
1266,60.0,95.0,,false
1267,60.0,106.0,,false
1268,60.0,96.0,,false
1269,60.0,92.0,,false
1270,100.0,249.0,,false
1271,100.0,190.0,,false
1272,900.0,7.0,,false
1273,1150.0,13.0,,false
1274,1000.0,5.0,,false
1275,1350.0,49.0,,true
1276,500.0,58.0,,true
1277,5000.0,18.0,,true
1278,2200.0,135.0,,true
1279,3500.0,328.0,,true
1280,5000.0,600.0,,true
1281,500.0,151.0,,true
1282,125.0,477.0,,true
1283,40.0,395.0,,true
1284,350.0,152.0,,true
1285,500.0,187.0,,false
1286,500.0,424.0,,false
1287,3300.0,24.0,,false
1288,3300.0,28.0,,false
1289,3300.0,27.0,,false
1290,60.0,211.0,,false
1291,60.0,188.0,,false
1292,60.0,223.0,,false
1293,60.0,169.0,,false
1294,800.0,4.0,,false
1295,60.0,90.0,,false
1296,60.0,119.0,,false
1297,60.0,101.0,,false
1298,60.0,90.0,,false
1299,60.0,94.0,,false
1300,60.0,88.0,,false
1301,60.0,115.0,,false
1302,60.0,98.0,,false
1303,60.0,87.0,,false
1304,100.0,181.0,,false
1305,100.0,204.0,,false
1306,900.0,8.0,,false
1307,1150.0,14.0,,false
1308,1000.0,5.0,,false
1309,1350.0,50.0,,true
1310,500.0,58.0,,true
1311,5000.0,16.0,,true
1312,2200.0,139.0,,true
1313,3500.0,254.0,,true
1314,5000.0,600.0,,true
1315,500.0,153.0,,true
1316,125.0,493.0,,true
1317,40.0,444.0,,true
1318,350.0,142.0,,true
1319,500.0,191.0,,false
1320,500.0,541.0,,false
1321,3300.0,27.0,,false
1322,3300.0,26.0,,false
1323,3300.0,27.0,,false
1324,60.0,239.0,,false
1325,60.0,224.0,,false
1326,60.0,166.0,,false
1327,800.0,6.0,,false
1328,60.0,82.0,,false
1329,60.0,83.0,,false
1330,60.0,93.0,,false
1331,60.0,101.0,,false
1332,60.0,115.0,,false
1333,60.0,93.0,,false
1334,60.0,88.0,,false
1335,60.0,90.0,,false
1336,100.0,202.0,,false
1337,100.0,200.0,,false
1338,900.0,8.0,,false
1339,1150.0,13.0,,false
1340,1000.0,6.0,,false
1341,1350.0,49.0,,true
1342,500.0,59.0,,true
1343,5000.0,17.0,,true
1344,2200.0,139.0,,true
1345,3500.0,296.0,,true
1346,5000.0,600.0,,true
1347,500.0,143.0,,true
1348,125.0,507.0,,true
1349,40.0,418.0,,true
1350,350.0,168.0,,true
1351,500.0,194.0,,false
1352,500.0,349.0,,false
1353,3300.0,23.0,,false
1354,3300.0,26.0,,false
1355,3300.0,27.0,,false
1356,60.0,157.0,,false
1357,60.0,189.0,,false
1358,60.0,210.0,,false
1359,800.0,6.0,,false
1360,60.0,85.0,,false
1361,60.0,103.0,,false
1362,60.0,92.0,,false
1363,60.0,108.0,,false
1364,60.0,83.0,,false
1365,60.0,97.0,,false
1366,100.0,201.0,,false
1367,100.0,250.0,,false
1368,900.0,10.0,,false
1369,1150.0,18.0,,false
1370,1000.0,8.0,,false
1371,1350.0,50.0,,true
1372,500.0,59.0,,true
1373,5000.0,19.0,,true
1374,2200.0,134.0,,true
1375,3500.0,359.0,,true
1376,5000.0,600.0,,true
1377,500.0,160.0,,true
1378,125.0,483.0,,true
1379,40.0,386.0,,true
1380,350.0,145.0,,true
1381,500.0,184.0,,false
1382,500.0,537.0,,false
1383,3300.0,30.0,,false
1384,3300.0,30.0,,false
1385,3300.0,22.0,,false
1386,60.0,216.0,,false
1387,60.0,237.0,,false
1388,60.0,231.0,,false
1389,60.0,196.0,,false
1390,800.0,6.0,,false
1391,60.0,115.0,,false
1392,60.0,100.0,,false
1393,60.0,110.0,,false
1394,60.0,117.0,,false
1395,60.0,120.0,,false
1396,60.0,106.0,,false
1397,60.0,104.0,,false
1398,60.0,109.0,,false
1399,60.0,84.0,,false
1400,60.0,102.0,,false
1401,100.0,201.0,,false
1402,100.0,241.0,,false
1403,900.0,10.0,,false
1404,1150.0,17.0,,false
1405,1000.0,6.0,,false
1406,1350.0,49.0,,true
1407,500.0,60.0,,true
1408,5000.0,16.0,,true
1409,2200.0,134.0,,true
1410,3500.0,202.0,,true
1411,5000.0,600.0,,true
1412,500.0,148.0,,true
1413,125.0,550.0,,true
1414,40.0,396.0,,true
1415,350.0,159.0,,true
1416,500.0,186.0,,false
1417,500.0,312.0,,false
1418,3300.0,28.0,,false
1419,3300.0,29.0,,false
1420,3300.0,22.0,,false
1421,60.0,249.0,,false
1422,60.0,157.0,,false
1423,60.0,209.0,,false
1424,60.0,191.0,,false
1425,800.0,4.0,,false
1426,60.0,120.0,,false
1427,60.0,99.0,,false
1428,60.0,96.0,,false
1429,60.0,110.0,,false
1430,60.0,107.0,,false
1431,60.0,101.0,,false
1432,60.0,93.0,,false
1433,60.0,94.0,,false
1434,60.0,104.0,,false
1435,100.0,193.0,,false
1436,100.0,193.0,,false
1437,900.0,9.0,,false
1438,1150.0,15.0,,false
1439,1000.0,8.0,,false
1440,1350.0,50.0,,true
1441,500.0,56.0,,true
1442,5000.0,19.0,,true
1443,2200.0,137.0,,true
1444,3500.0,395.0,,true
1445,5000.0,600.0,,true
1446,500.0,147.0,,true
1447,125.0,454.0,,true
1448,40.0,399.0,,true
1449,350.0,171.0,,true
1450,500.0,200.0,,false
1451,500.0,559.0,,false
1452,3300.0,24.0,,false
1453,3300.0,23.0,,false
1454,3300.0,22.0,,false
1455,60.0,176.0,,false
1456,60.0,181.0,,false
1457,60.0,151.0,,false
1458,60.0,181.0,,false
1459,800.0,6.0,,false
1460,60.0,96.0,,false
1461,60.0,102.0,,false
1462,60.0,111.0,,false
1463,60.0,90.0,,false
1464,60.0,107.0,,false
1465,60.0,92.0,,false
1466,60.0,98.0,,false
1467,100.0,241.0,,false
1468,100.0,240.0,,false
1469,900.0,9.0,,false
1470,1150.0,16.0,,false
1471,1000.0,7.0,,false
1472,1350.0,47.0,,true
1473,500.0,59.0,,true
1474,5000.0,20.0,,true
1475,2200.0,135.0,,true
1476,3500.0,247.0,,true
1477,5000.0,600.0,,true
1478,500.0,150.0,,true
1479,125.0,547.0,,true
1480,40.0,386.0,,true
1481,350.0,143.0,,true
1482,500.0,189.0,,false
1483,500.0,477.0,,false
1484,3300.0,24.0,,false
1485,3300.0,22.0,,false
1486,3300.0,26.0,,false
1487,60.0,157.0,,false
1488,60.0,194.0,,false
1489,60.0,239.0,,false
1490,800.0,5.0,,false
1491,60.0,100.0,,false
1492,60.0,91.0,,false
1493,60.0,87.0,,false
1494,60.0,110.0,,false
1495,60.0,85.0,,false
1496,60.0,112.0,,false
1497,60.0,110.0,,false
1498,60.0,120.0,,false
1499,60.0,83.0,,false
1500,100.0,224.0,,false
1501,100.0,238.0,,false
1502,900.0,10.0,,false
1503,1150.0,16.0,,false
1504,1000.0,8.0,,false
1505,1350.0,46.0,,true
1506,500.0,59.0,,true
1507,5000.0,19.0,,true
1508,2200.0,133.0,,true
1509,3500.0,230.0,,true
1510,5000.0,600.0,,true
1511,500.0,158.0,,true
1512,125.0,497.0,,true
1513,40.0,372.0,,true
1514,350.0,179.0,,true
1515,500.0,191.0,,false
1516,500.0,472.0,,false
1517,3300.0,21.0,,false
1518,3300.0,30.0,,false
1519,3300.0,25.0,,false
1520,60.0,164.0,,false
1521,60.0,228.0,,false
1522,60.0,190.0,,false
1523,800.0,6.0,,false
1524,60.0,82.0,,false
1525,60.0,114.0,,false
1526,60.0,112.0,,false
1527,60.0,108.0,,false
1528,60.0,109.0,,false
1529,60.0,100.0,,false
1530,100.0,215.0,,false
1531,100.0,202.0,,false
1532,900.0,10.0,,false
1533,1150.0,17.0,,false
1534,1000.0,8.0,,false
1535,1350.0,48.0,,true
1536,500.0,57.0,,true
1537,5000.0,20.0,,true
1538,2200.0,131.0,,true
1539,3500.0,247.0,,true
1540,5000.0,600.0,,true
1541,500.0,153.0,,true
1542,125.0,492.0,,true
1543,40.0,417.0,,true
1544,350.0,160.0,,true
1545,500.0,187.0,,false
1546,500.0,472.0,,false
1547,3300.0,25.0,,false
1548,3300.0,23.0,,false
1549,3300.0,23.0,,false
1550,60.0,224.0,,false
1551,60.0,202.0,,false
1552,60.0,171.0,,false
1553,60.0,165.0,,false
1554,800.0,4.0,,false
1555,60.0,119.0,,false
1556,60.0,115.0,,false
1557,60.0,93.0,,false
1558,60.0,119.0,,false
1559,60.0,110.0,,false
1560,60.0,81.0,,false
1561,60.0,96.0,,false
1562,60.0,113.0,,false
1563,60.0,114.0,,false
1564,100.0,193.0,,false
1565,100.0,219.0,,false
1566,900.0,7.0,,false
1567,1150.0,18.0,,false
1568,1000.0,7.0,,false
1569,1350.0,48.0,,true
1570,500.0,57.0,,true
1571,5000.0,20.0,,true
1572,2200.0,139.0,,true
1573,3500.0,221.0,,true
1574,5000.0,600.0,,true
1575,500.0,157.0,,true
1576,125.0,454.0,,true
1577,40.0,368.0,,true
1578,350.0,143.0,,true
1579,500.0,197.0,,false
1580,500.0,355.0,,false
1581,3300.0,23.0,,false
1582,3300.0,24.0,,false
1583,3300.0,23.0,,false
1584,60.0,226.0,,false
1585,60.0,224.0,,false
1586,60.0,188.0,,false
1587,800.0,4.0,,false
1588,60.0,114.0,,false
1589,60.0,90.0,,false
1590,60.0,118.0,,false
1591,60.0,111.0,,false
1592,60.0,91.0,,false
1593,60.0,101.0,,false
1594,100.0,184.0,,false
1595,100.0,203.0,,false
1596,900.0,7.0,,false
1597,1150.0,14.0,,false
1598,1000.0,7.0,,false
1599,1350.0,49.0,,true
1600,500.0,57.0,,true
1601,5000.0,20.0,,true
1602,2200.0,133.0,,true
1603,3500.0,251.0,,true
1604,5000.0,600.0,,true
1605,500.0,148.0,,true
1606,125.0,536.0,,true
1607,40.0,357.0,,true
1608,350.0,153.0,,true
1609,500.0,184.0,,false
1610,500.0,406.0,,false
1611,3300.0,26.0,,false
1612,3300.0,25.0,,false
1613,3300.0,21.0,,false
1614,60.0,220.0,,false
1615,60.0,230.0,,false
1616,60.0,209.0,,false
1617,800.0,4.0,,false
1618,60.0,97.0,,false
1619,60.0,87.0,,false
1620,60.0,95.0,,false
1621,60.0,84.0,,false
1622,60.0,103.0,,false
1623,60.0,120.0,,false
1624,60.0,86.0,,false
1625,60.0,86.0,,false
1626,100.0,210.0,,false
1627,100.0,182.0,,false
1628,900.0,7.0,,false
1629,1150.0,17.0,,false
1630,1000.0,8.0,,false
1631,1350.0,47.0,,true
1632,500.0,57.0,,true
1633,5000.0,19.0,,true
1634,2200.0,137.0,,true
1635,3500.0,245.0,,true
1636,5000.0,600.0,,true
1637,500.0,158.0,,true
1638,125.0,527.0,,true
1639,40.0,420.0,,true
1640,350.0,172.0,,true
1641,500.0,179.0,,false
1642,500.0,359.0,,false
1643,3300.0,25.0,,false
1644,3300.0,25.0,,false
1645,3300.0,29.0,,false
1646,60.0,200.0,,false
1647,60.0,195.0,,false
1648,60.0,164.0,,false
1649,60.0,246.0,,false
1650,800.0,4.0,,false
1651,60.0,106.0,,false
1652,60.0,84.0,,false
1653,60.0,108.0,,false
1654,60.0,106.0,,false
1655,60.0,91.0,,false
1656,60.0,99.0,,false
1657,60.0,94.0,,false
1658,60.0,105.0,,false
1659,60.0,92.0,,false
1660,60.0,90.0,,false
1661,100.0,208.0,,false
1662,100.0,182.0,,false
1663,900.0,9.0,,false
1664,1150.0,14.0,,false
1665,1000.0,6.0,,false
1666,1350.0,47.0,,true
1667,500.0,60.0,,true
1668,5000.0,17.0,,true
1669,2200.0,136.0,,true
1670,3500.0,223.0,,true
1671,5000.0,600.0,,true
1672,500.0,159.0,,true
1673,125.0,457.0,,true
1674,40.0,422.0,,true
1675,350.0,171.0,,true
1676,500.0,175.0,,false
1677,500.0,472.0,,false
1678,3300.0,29.0,,false
1679,3300.0,27.0,,false
1680,3300.0,21.0,,false
1681,60.0,189.0,,false
1682,60.0,231.0,,false
1683,60.0,169.0,,false
1684,800.0,6.0,,false
1685,60.0,91.0,,false
1686,60.0,112.0,,false
1687,60.0,117.0,,false
1688,60.0,89.0,,false
1689,60.0,92.0,,false
1690,60.0,104.0,,false
1691,60.0,84.0,,false
1692,60.0,120.0,,false
1693,60.0,118.0,,false
1694,60.0,96.0,,false
1695,100.0,186.0,,false
1696,100.0,194.0,,false
1697,900.0,9.0,,false
1698,1150.0,15.0,,false
1699,1000.0,8.0,,false
1700,1350.0,49.0,,true
1701,500.0,57.0,,true
1702,5000.0,18.0,,true
1703,2200.0,131.0,,true
1704,3500.0,386.0,,true
1705,5000.0,600.0,,true
1706,500.0,143.0,,true
1707,125.0,476.0,,true
1708,40.0,365.0,,true
1709,350.0,156.0,,true
1710,500.0,189.0,,false
1711,500.0,421.0,,false
1712,3300.0,23.0,,false
1713,3300.0,25.0,,false
1714,3300.0,25.0,,false
1715,60.0,239.0,,false
1716,60.0,199.0,,false
1717,60.0,170.0,,false
1718,60.0,192.0,,false
1719,800.0,6.0,,false
1720,60.0,92.0,,false
1721,60.0,107.0,,false
1722,60.0,82.0,,false
1723,60.0,85.0,,false
1724,60.0,118.0,,false
1725,60.0,92.0,,false
1726,60.0,101.0,,false
1727,60.0,117.0,,false
1728,60.0,118.0,,false
1729,60.0,110.0,,false
1730,100.0,181.0,,false
1731,100.0,188.0,,false
1732,900.0,10.0,,false
1733,1150.0,18.0,,false
1734,1000.0,5.0,,false
1735,1350.0,49.0,,true
1736,500.0,60.0,,true
1737,5000.0,17.0,,true
1738,2200.0,137.0,,true
1739,3500.0,265.0,,true
1740,5000.0,600.0,,true
1741,500.0,141.0,,true
1742,125.0,473.0,,true
1743,40.0,427.0,,true
1744,350.0,178.0,,true
1745,500.0,184.0,,false
1746,500.0,480.0,,false
1747,3300.0,22.0,,false
1748,3300.0,21.0,,false
1749,3300.0,25.0,,false
1750,60.0,199.0,,false
1751,60.0,181.0,,false
1752,60.0,153.0,,false
1753,800.0,6.0,,false
1754,60.0,101.0,,false
1755,60.0,118.0,,false
1756,60.0,100.0,,false
1757,60.0,82.0,,false
1758,60.0,103.0,,false
1759,60.0,118.0,,false
1760,100.0,210.0,,false
1761,100.0,192.0,,false
1762,900.0,10.0,,false
1763,1150.0,16.0,,false
1764,1000.0,6.0,,false
1765,1350.0,49.0,,true
1766,500.0,58.0,,true
1767,5000.0,18.0,,true
1768,2200.0,131.0,,true
1769,3500.0,263.0,,true
1770,5000.0,600.0,,true
1771,500.0,150.0,,true
1772,125.0,539.0,,true
1773,40.0,396.0,,true
1774,350.0,169.0,,true
1775,500.0,180.0,,false
1776,500.0,351.0,,false
1777,3300.0,29.0,,false
1778,3300.0,23.0,,false
1779,3300.0,23.0,,false
1780,60.0,192.0,,false
1781,60.0,173.0,,false
1782,60.0,216.0,,false
1783,800.0,4.0,,false
1784,60.0,111.0,,false
1785,60.0,84.0,,false
1786,60.0,87.0,,false
1787,60.0,83.0,,false
1788,60.0,102.0,,false
1789,60.0,81.0,,false
1790,60.0,94.0,,false
1791,100.0,227.0,,false
1792,100.0,243.0,,false
1793,900.0,9.0,,false
1794,1150.0,16.0,,false
1795,1000.0,7.0,,false
1796,1350.0,49.0,,true
1797,500.0,59.0,,true
1798,5000.0,19.0,,true
1799,2200.0,136.0,,true
1800,3500.0,205.0,,true
1801,5000.0,600.0,,true
1802,500.0,147.0,,true
1803,125.0,457.0,,true
1804,40.0,352.0,,true
1805,350.0,178.0,,true
1806,500.0,196.0,,false
1807,500.0,356.0,,false
1808,3300.0,28.0,,false
1809,3300.0,24.0,,false
1810,3300.0,21.0,,false
1811,60.0,222.0,,false
1812,60.0,210.0,,false
1813,60.0,157.0,,false
1814,800.0,6.0,,false
1815,60.0,85.0,,false
1816,60.0,101.0,,false
1817,60.0,88.0,,false
1818,60.0,109.0,,false
1819,60.0,103.0,,false
1820,60.0,103.0,,false
1821,60.0,84.0,,false
1822,100.0,200.0,,false
1823,100.0,215.0,,false
1824,900.0,8.0,,false
1825,1150.0,14.0,,false
1826,1000.0,8.0,,false
1827,1350.0,49.0,,true
1828,500.0,60.0,,true
1829,5000.0,18.0,,true
1830,2200.0,137.0,,true
1831,3500.0,231.0,,true
1832,5000.0,600.0,,true
1833,500.0,144.0,,true
1834,125.0,500.0,,true
1835,40.0,435.0,,true
1836,350.0,172.0,,true
1837,500.0,177.0,,false
1838,500.0,598.0,,false
1839,3300.0,30.0,,false
1840,3300.0,26.0,,false
1841,3300.0,22.0,,false
1842,60.0,242.0,,false
1843,60.0,179.0,,false
1844,60.0,228.0,,false
1845,60.0,183.0,,false
1846,800.0,5.0,,false
1847,60.0,82.0,,false
1848,60.0,108.0,,false
1849,60.0,90.0,,false
1850,60.0,89.0,,false
1851,60.0,89.0,,false
1852,60.0,102.0,,false
1853,60.0,94.0,,false
1854,60.0,108.0,,false
1855,60.0,107.0,,false
1856,100.0,181.0,,false
1857,100.0,245.0,,false
1858,900.0,9.0,,false
1859,1150.0,16.0,,false
1860,1000.0,8.0,,false
1861,1350.0,50.0,,true
1862,500.0,60.0,,true
1863,5000.0,18.0,,true
1864,2200.0,132.0,,true
1865,3500.0,286.0,,true
1866,5000.0,600.0,,true
1867,500.0,157.0,,true
1868,125.0,505.0,,true
1869,40.0,443.0,,true
1870,350.0,155.0,,true
1871,500.0,193.0,,false
1872,500.0,482.0,,false
1873,3300.0,23.0,,false
1874,3300.0,21.0,,false
1875,3300.0,25.0,,false
1876,60.0,194.0,,false
1877,60.0,230.0,,false
1878,60.0,170.0,,false
1879,800.0,5.0,,false
1880,60.0,88.0,,false
1881,60.0,120.0,,false
1882,60.0,103.0,,false
1883,60.0,85.0,,false
1884,60.0,107.0,,false
1885,60.0,115.0,,false
1886,60.0,105.0,,false
1887,60.0,105.0,,false
1888,60.0,104.0,,false
1889,100.0,245.0,,false
1890,100.0,197.0,,false
1891,900.0,8.0,,false
1892,1150.0,13.0,,false
1893,1000.0,5.0,,false
1894,1350.0,46.0,,true
1895,500.0,57.0,,true
1896,5000.0,18.0,,true
1897,2200.0,137.0,,true
1898,3500.0,213.0,,true
1899,5000.0,600.0,,true
1900,500.0,148.0,,true
1901,125.0,537.0,,true
1902,40.0,416.0,,true
1903,350.0,143.0,,true
1904,500.0,173.0,,false
1905,500.0,548.0,,false
1906,3300.0,22.0,,false
1907,3300.0,22.0,,false
1908,3300.0,28.0,,false
1909,60.0,201.0,,false
1910,60.0,188.0,,false
1911,60.0,190.0,,false
1912,800.0,5.0,,false
1913,60.0,86.0,,false
1914,60.0,87.0,,false
1915,60.0,94.0,,false
1916,60.0,113.0,,false
1917,60.0,112.0,,false
1918,60.0,90.0,,false
1919,60.0,96.0,,false
1920,100.0,206.0,,false
1921,100.0,201.0,,false
1922,900.0,9.0,,false
1923,1150.0,13.0,,false
1924,1000.0,8.0,,false
1925,1350.0,46.0,,true
1926,500.0,57.0,,true
1927,5000.0,17.0,,true
1928,2200.0,131.0,,true
1929,3500.0,327.0,,true
1930,5000.0,600.0,,true
1931,500.0,149.0,,true
1932,125.0,542.0,,true
1933,40.0,372.0,,true
1934,350.0,146.0,,true
1935,500.0,181.0,,false
1936,500.0,558.0,,false
1937,3300.0,26.0,,false
1938,3300.0,30.0,,false
1939,3300.0,21.0,,false
1940,60.0,167.0,,false
1941,60.0,221.0,,false
1942,60.0,222.0,,false
1943,60.0,208.0,,false
1944,800.0,4.0,,false
1945,60.0,94.0,,false
1946,60.0,95.0,,false
1947,60.0,84.0,,false
1948,60.0,92.0,,false
1949,60.0,115.0,,false
1950,60.0,95.0,,false
1951,60.0,115.0,,false
1952,60.0,113.0,,false
1953,60.0,98.0,,false
1954,100.0,224.0,,false
1955,100.0,231.0,,false
1956,900.0,7.0,,false
1957,1150.0,18.0,,false
1958,1000.0,5.0,,false
1959,1350.0,49.0,,true
1960,500.0,57.0,,true
1961,5000.0,20.0,,true
1962,2200.0,135.0,,true
1963,3500.0,301.0,,true
1964,5000.0,600.0,,true
1965,500.0,151.0,,true
1966,125.0,508.0,,true
1967,40.0,423.0,,true
1968,350.0,153.0,,true
1969,500.0,195.0,,false
1970,500.0,335.0,,false
1971,3300.0,26.0,,false
1972,3300.0,26.0,,false
1973,3300.0,25.0,,false
1974,60.0,195.0,,false
1975,60.0,226.0,,false
1976,60.0,172.0,,false
1977,60.0,221.0,,false
1978,800.0,6.0,,false
1979,60.0,114.0,,false
1980,60.0,99.0,,false
1981,60.0,91.0,,false
1982,60.0,96.0,,false
1983,60.0,100.0,,false
1984,60.0,104.0,,false
1985,60.0,100.0,,false
1986,60.0,90.0,,false
1987,100.0,219.0,,false
1988,100.0,250.0,,false
1989,900.0,9.0,,false
1990,1150.0,13.0,,false
1991,1000.0,7.0,,false
1992,1350.0,46.0,,true
1993,500.0,58.0,,true
1994,5000.0,17.0,,true
1995,2200.0,140.0,,true
1996,3500.0,328.0,,true
1997,5000.0,600.0,,true
1998,500.0,159.0,,true
1999,125.0,520.0,,true
2000,40.0,459.0,,true
2001,350.0,166.0,,true
2002,500.0,192.0,,false
2003,500.0,510.0,,false
2004,3300.0,29.0,,false
2005,3300.0,29.0,,false
2006,3300.0,21.0,,false
2007,60.0,181.0,,false
2008,60.0,170.0,,false
2009,60.0,210.0,,false
2010,800.0,4.0,,false
2011,60.0,81.0,,false
2012,60.0,95.0,,false
2013,60.0,100.0,,false
2014,60.0,88.0,,false
2015,60.0,109.0,,false
2016,60.0,116.0,,false
2017,60.0,85.0,,false
2018,60.0,100.0,,false
2019,60.0,113.0,,false
2020,60.0,99.0,,false
2021,100.0,211.0,,false
2022,100.0,224.0,,false
2023,900.0,9.0,,false
2024,1150.0,15.0,,false
2025,1000.0,7.0,,false
2026,1350.0,49.0,,true
2027,500.0,57.0,,true
2028,5000.0,18.0,,true
2029,2200.0,132.0,,true
2030,3500.0,232.0,,true
2031,5000.0,600.0,,true
2032,500.0,159.0,,true
2033,125.0,544.0,,true
2034,40.0,380.0,,true
2035,350.0,173.0,,true
2036,500.0,190.0,,false
2037,500.0,309.0,,false
2038,3300.0,24.0,,false
2039,3300.0,24.0,,false
2040,3300.0,26.0,,false
2041,60.0,185.0,,false
2042,60.0,160.0,,false
2043,60.0,179.0,,false
2044,800.0,4.0,,false
2045,60.0,86.0,,false
2046,60.0,110.0,,false
2047,60.0,96.0,,false
2048,60.0,88.0,,false
2049,60.0,111.0,,false
2050,60.0,115.0,,false
2051,60.0,107.0,,false
2052,60.0,83.0,,false
2053,60.0,111.0,,false
2054,60.0,105.0,,false
2055,100.0,246.0,,false
2056,100.0,240.0,,false
2057,900.0,7.0,,false
2058,1150.0,15.0,,false
2059,1000.0,6.0,,false
2060,1350.0,47.0,,true
2061,500.0,59.0,,true
2062,5000.0,17.0,,true
2063,2200.0,133.0,,true
2064,3500.0,277.0,,true
2065,5000.0,600.0,,true
2066,500.0,149.0,,true
2067,125.0,529.0,,true
2068,40.0,436.0,,true
2069,350.0,145.0,,true
2070,500.0,200.0,,false
2071,500.0,504.0,,false
2072,3300.0,22.0,,false
2073,3300.0,23.0,,false
2074,3300.0,29.0,,false
2075,60.0,192.0,,false
2076,60.0,168.0,,false
2077,60.0,239.0,,false
2078,60.0,208.0,,false
2079,800.0,5.0,,false
2080,60.0,114.0,,false
2081,60.0,111.0,,false
2082,60.0,94.0,,false
2083,60.0,102.0,,false
2084,60.0,98.0,,false
2085,60.0,119.0,,false
2086,60.0,112.0,,false
2087,60.0,95.0,,false
2088,60.0,120.0,,false
2089,100.0,243.0,,false
2090,100.0,225.0,,false
2091,900.0,10.0,,false
2092,1150.0,17.0,,false
2093,1000.0,8.0,,false
2094,1350.0,49.0,,true
2095,500.0,60.0,,true
2096,5000.0,20.0,,true
2097,2200.0,135.0,,true
2098,3500.0,268.0,,true
2099,5000.0,600.0,,true
2100,500.0,146.0,,true
2101,125.0,456.0,,true
2102,40.0,393.0,,true
2103,350.0,177.0,,true
2104,500.0,184.0,,false
2105,500.0,464.0,,false
2106,3300.0,30.0,,false
2107,3300.0,26.0,,false
2108,3300.0,22.0,,false
2109,60.0,160.0,,false
2110,60.0,246.0,,false
2111,60.0,243.0,,false
2112,60.0,234.0,,false
2113,800.0,6.0,,false
2114,60.0,115.0,,false
2115,60.0,85.0,,false
2116,60.0,98.0,,false
2117,60.0,100.0,,false
2118,60.0,94.0,,false
2119,60.0,108.0,,false
2120,60.0,93.0,,false
2121,60.0,101.0,,false
2122,60.0,120.0,,false
2123,100.0,228.0,,false
2124,100.0,222.0,,false
2125,900.0,8.0,,false
2126,1150.0,15.0,,false
2127,1000.0,8.0,,false
2128,1350.0,49.0,,true
2129,500.0,57.0,,true
2130,5000.0,20.0,,true
2131,2200.0,140.0,,true
2132,3500.0,369.0,,true
2133,5000.0,600.0,,true
2134,500.0,153.0,,true
2135,125.0,488.0,,true
2136,40.0,422.0,,true
2137,350.0,178.0,,true
2138,500.0,175.0,,false
2139,500.0,569.0,,false
2140,3300.0,23.0,,false
2141,3300.0,23.0,,false
2142,3300.0,27.0,,false
2143,60.0,189.0,,false
2144,60.0,229.0,,false
2145,60.0,224.0,,false
2146,60.0,205.0,,false
2147,800.0,6.0,,false
2148,60.0,110.0,,false
2149,60.0,84.0,,false
2150,60.0,96.0,,false
2151,60.0,89.0,,false
2152,60.0,85.0,,false
2153,60.0,105.0,,false
2154,100.0,197.0,,false
2155,100.0,229.0,,false
2156,900.0,7.0,,false
2157,1150.0,13.0,,false
2158,1000.0,6.0,,false
2159,1350.0,49.0,,true
2160,500.0,60.0,,true
2161,5000.0,16.0,,true
2162,2200.0,136.0,,true
2163,3500.0,303.0,,true
2164,5000.0,600.0,,true
2165,500.0,146.0,,true
2166,125.0,510.0,,true
2167,40.0,444.0,,true
2168,350.0,168.0,,true
2169,500.0,187.0,,false
2170,500.0,400.0,,false
2171,3300.0,22.0,,false
2172,3300.0,26.0,,false
2173,3300.0,25.0,,false
2174,60.0,153.0,,false
2175,60.0,160.0,,false
2176,60.0,236.0,,false
2177,800.0,4.0,,false
2178,60.0,108.0,,false
2179,60.0,84.0,,false
2180,60.0,81.0,,false
2181,60.0,101.0,,false
2182,60.0,87.0,,false
2183,60.0,101.0,,false
2184,60.0,104.0,,false
2185,60.0,105.0,,false
2186,100.0,204.0,,false
2187,100.0,237.0,,false
2188,900.0,9.0,,false
2189,1150.0,14.0,,false
2190,1000.0,7.0,,false
2191,1350.0,47.0,,true
2192,500.0,60.0,,true
2193,5000.0,17.0,,true
2194,2200.0,132.0,,true
2195,3500.0,218.0,,true
2196,5000.0,600.0,,true
2197,500.0,143.0,,true
2198,125.0,500.0,,true
2199,40.0,433.0,,true
2200,350.0,161.0,,true
2201,500.0,180.0,,false
2202,500.0,464.0,,false
2203,3300.0,22.0,,false
2204,3300.0,27.0,,false
2205,3300.0,28.0,,false
2206,60.0,173.0,,false
2207,60.0,193.0,,false
2208,60.0,226.0,,false
2209,800.0,6.0,,false
2210,60.0,81.0,,false
2211,60.0,102.0,,false
2212,60.0,102.0,,false
2213,60.0,91.0,,false
2214,60.0,101.0,,false
2215,60.0,83.0,,false
2216,60.0,87.0,,false
2217,60.0,86.0,,false
2218,100.0,201.0,,false
2219,100.0,185.0,,false
2220,900.0,8.0,,false
2221,1150.0,13.0,,false
2222,1000.0,5.0,,false
2223,1350.0,50.0,,true
2224,500.0,58.0,,true
2225,5000.0,17.0,,true
2226,2200.0,138.0,,true
2227,3500.0,215.0,,true
2228,5000.0,600.0,,true
2229,500.0,158.0,,true
2230,125.0,504.0,,true
2231,40.0,414.0,,true
2232,350.0,170.0,,true
2233,500.0,190.0,,false
2234,500.0,522.0,,false
2235,3300.0,28.0,,false
2236,3300.0,23.0,,false
2237,3300.0,30.0,,false
2238,60.0,208.0,,false
2239,60.0,192.0,,false
2240,60.0,196.0,,false
2241,60.0,159.0,,false
2242,800.0,5.0,,false
2243,60.0,96.0,,false
2244,60.0,109.0,,false
2245,60.0,107.0,,false
2246,60.0,117.0,,false
2247,60.0,108.0,,false
2248,60.0,89.0,,false
2249,60.0,107.0,,false
2250,100.0,197.0,,false
2251,100.0,222.0,,false
2252,900.0,7.0,,false
2253,1150.0,17.0,,false
2254,1000.0,5.0,,false
2255,1350.0,47.0,,true
2256,500.0,58.0,,true
2257,5000.0,18.0,,true
2258,2200.0,136.0,,true
2259,3500.0,302.0,,true
2260,5000.0,600.0,,true
2261,500.0,143.0,,true
2262,125.0,488.0,,true
2263,40.0,423.0,,true
2264,350.0,162.0,,true
2265,500.0,197.0,,false
2266,500.0,351.0,,false
2267,3300.0,30.0,,false
2268,3300.0,23.0,,false
2269,3300.0,28.0,,false
2270,60.0,174.0,,false
2271,60.0,240.0,,false
2272,60.0,184.0,,false
2273,60.0,152.0,,false
2274,800.0,4.0,,false
2275,60.0,119.0,,false
2276,60.0,89.0,,false
2277,60.0,109.0,,false
2278,60.0,98.0,,false
2279,60.0,86.0,,false
2280,60.0,116.0,,false
2281,60.0,107.0,,false
2282,60.0,93.0,,false
2283,60.0,84.0,,false
2284,60.0,81.0,,false
2285,100.0,188.0,,false
2286,100.0,191.0,,false
2287,900.0,9.0,,false
2288,1150.0,17.0,,false
2289,1000.0,8.0,,false
2290,1350.0,48.0,,true
2291,500.0,58.0,,true
2292,5000.0,18.0,,true
2293,2200.0,136.0,,true
2294,3500.0,318.0,,true
2295,5000.0,600.0,,true
2296,500.0,153.0,,true
2297,125.0,458.0,,true
2298,40.0,384.0,,true
2299,350.0,161.0,,true
2300,500.0,175.0,,false
2301,500.0,564.0,,false
2302,3300.0,22.0,,false
2303,3300.0,23.0,,false
2304,3300.0,26.0,,false
2305,60.0,175.0,,false
2306,60.0,216.0,,false
2307,60.0,237.0,,false
2308,60.0,246.0,,false
2309,800.0,5.0,,false
2310,60.0,106.0,,false
2311,60.0,90.0,,false
2312,60.0,88.0,,false
2313,60.0,116.0,,false
2314,60.0,90.0,,false
2315,60.0,83.0,,false
2316,60.0,108.0,,false
2317,100.0,216.0,,false
2318,100.0,191.0,,false
2319,900.0,9.0,,false
2320,1150.0,15.0,,false
2321,1000.0,5.0,,false
2322,1350.0,50.0,,true
2323,500.0,59.0,,true
2324,5000.0,19.0,,true
2325,2200.0,140.0,,true
2326,3500.0,224.0,,true
2327,5000.0,600.0,,true
2328,500.0,154.0,,true
2329,125.0,512.0,,true
2330,40.0,439.0,,true
2331,350.0,146.0,,true
2332,500.0,199.0,,false
2333,500.0,598.0,,false
2334,3300.0,26.0,,false
2335,3300.0,23.0,,false
2336,3300.0,25.0,,false
2337,60.0,167.0,,false
2338,60.0,196.0,,false
2339,60.0,170.0,,false
2340,60.0,188.0,,false
2341,800.0,4.0,,false
2342,60.0,83.0,,false
2343,60.0,94.0,,false
2344,60.0,104.0,,false
2345,60.0,87.0,,false
2346,60.0,109.0,,false
2347,60.0,88.0,,false
2348,60.0,119.0,,false
2349,100.0,203.0,,false
2350,100.0,224.0,,false
2351,900.0,7.0,,false
2352,1150.0,16.0,,false
2353,1000.0,5.0,,false
2354,1350.0,47.0,,true
2355,500.0,59.0,,true
2356,5000.0,17.0,,true
2357,2200.0,139.0,,true
2358,3500.0,315.0,,true
2359,5000.0,600.0,,true
2360,500.0,146.0,,true
2361,125.0,488.0,,true
2362,40.0,396.0,,true
2363,350.0,142.0,,true
2364,500.0,190.0,,false
2365,500.0,495.0,,false
2366,3300.0,25.0,,false
2367,3300.0,22.0,,false
2368,3300.0,23.0,,false
2369,60.0,191.0,,false
2370,60.0,235.0,,false
2371,60.0,159.0,,false
2372,800.0,4.0,,false
2373,60.0,104.0,,false
2374,60.0,117.0,,false
2375,60.0,96.0,,false
2376,60.0,96.0,,false
2377,60.0,105.0,,false
2378,60.0,91.0,,false
2379,60.0,118.0,,false
2380,60.0,104.0,,false
2381,60.0,115.0,,false
2382,60.0,83.0,,false
2383,100.0,198.0,,false
2384,100.0,249.0,,false
2385,900.0,8.0,,false
2386,1150.0,15.0,,false
2387,1000.0,8.0,,false
2388,1350.0,49.0,,true
2389,500.0,60.0,,true
2390,5000.0,20.0,,true
2391,2200.0,139.0,,true
2392,3500.0,391.0,,true
2393,5000.0,600.0,,true
2394,500.0,142.0,,true
2395,125.0,469.0,,true
2396,40.0,384.0,,true
2397,350.0,159.0,,true
2398,500.0,179.0,,false
2399,500.0,343.0,,false
2400,3300.0,29.0,,false
2401,3300.0,26.0,,false
2402,3300.0,24.0,,false
2403,60.0,232.0,,false
2404,60.0,207.0,,false
2405,60.0,246.0,,false
2406,60.0,162.0,,false
2407,800.0,6.0,,false
2408,60.0,99.0,,false
2409,60.0,82.0,,false
2410,60.0,85.0,,false
2411,60.0,96.0,,false
2412,60.0,102.0,,false
2413,60.0,115.0,,false
2414,60.0,120.0,,false
2415,60.0,112.0,,false
2416,60.0,87.0,,false
2417,60.0,112.0,,false
2418,100.0,230.0,,false
2419,100.0,203.0,,false
2420,900.0,10.0,,false
2421,1150.0,15.0,,false
2422,1000.0,8.0,,false
2423,1350.0,46.0,,true
2424,500.0,59.0,,true
2425,5000.0,18.0,,true
2426,2200.0,136.0,,true
2427,3500.0,315.0,,true
2428,5000.0,600.0,,true
2429,500.0,160.0,,true
2430,125.0,549.0,,true
2431,40.0,426.0,,true
2432,350.0,148.0,,true
2433,500.0,194.0,,false
2434,500.0,373.0,,false
2435,3300.0,21.0,,false
2436,3300.0,29.0,,false
2437,3300.0,29.0,,false
2438,60.0,238.0,,false
2439,60.0,192.0,,false
2440,60.0,152.0,,false
2441,800.0,5.0,,false
2442,60.0,111.0,,false
2443,60.0,87.0,,false
2444,60.0,88.0,,false
2445,60.0,90.0,,false
2446,60.0,83.0,,false
2447,60.0,116.0,,false
2448,60.0,82.0,,false
2449,60.0,112.0,,false
2450,100.0,202.0,,false
2451,100.0,200.0,,false
2452,900.0,10.0,,false
2453,1150.0,14.0,,false
2454,1000.0,6.0,,false
2455,1350.0,49.0,,true
2456,500.0,57.0,,true
2457,5000.0,16.0,,true
2458,2200.0,139.0,,true
2459,3500.0,280.0,,true
2460,5000.0,600.0,,true
2461,500.0,159.0,,true
2462,125.0,516.0,,true
2463,40.0,393.0,,true
2464,350.0,166.0,,true
2465,500.0,177.0,,false
2466,500.0,491.0,,false
2467,3300.0,25.0,,false
2468,3300.0,26.0,,false
2469,3300.0,30.0,,false
2470,60.0,207.0,,false
2471,60.0,216.0,,false
2472,60.0,192.0,,false
2473,60.0,242.0,,false
2474,800.0,4.0,,false
2475,60.0,106.0,,false
2476,60.0,113.0,,false
2477,60.0,117.0,,false
2478,60.0,113.0,,false
2479,60.0,118.0,,false
2480,60.0,115.0,,false
2481,60.0,100.0,,false
2482,60.0,96.0,,false
2483,60.0,95.0,,false
2484,60.0,108.0,,false
2485,100.0,185.0,,false
2486,100.0,221.0,,false
2487,900.0,8.0,,false
2488,1150.0,15.0,,false
2489,1000.0,6.0,,false
2490,1350.0,49.0,,true
2491,500.0,57.0,,true
2492,5000.0,20.0,,true
2493,2200.0,140.0,,true
2494,3500.0,325.0,,true
2495,5000.0,600.0,,true
2496,500.0,157.0,,true
2497,125.0,547.0,,true
2498,40.0,382.0,,true
2499,350.0,155.0,,true
2500,500.0,192.0,,false
2501,500.0,304.0,,false
2502,3300.0,24.0,,false
2503,3300.0,30.0,,false
2504,3300.0,26.0,,false
2505,60.0,241.0,,false
2506,60.0,222.0,,false
2507,60.0,157.0,,false
2508,800.0,5.0,,false
2509,60.0,82.0,,false
2510,60.0,81.0,,false
2511,60.0,120.0,,false
2512,60.0,97.0,,false
2513,60.0,103.0,,false
2514,60.0,119.0,,false
2515,60.0,110.0,,false
2516,100.0,189.0,,false
2517,100.0,238.0,,false
2518,900.0,10.0,,false
2519,1150.0,18.0,,false
2520,1000.0,6.0,,false
2521,1350.0,46.0,,true
2522,500.0,57.0,,true
2523,5000.0,20.0,,true
2524,2200.0,139.0,,true
2525,3500.0,311.0,,true
2526,5000.0,600.0,,true
2527,500.0,158.0,,true
2528,125.0,538.0,,true
2529,40.0,360.0,,true
2530,350.0,150.0,,true
2531,500.0,187.0,,false
2532,500.0,456.0,,false
2533,3300.0,22.0,,false
2534,3300.0,24.0,,false
2535,3300.0,30.0,,false
2536,60.0,161.0,,false
2537,60.0,214.0,,false
2538,60.0,238.0,,false
2539,60.0,192.0,,false
2540,800.0,4.0,,false
2541,60.0,108.0,,false
2542,60.0,84.0,,false
2543,60.0,120.0,,false
2544,60.0,81.0,,false
2545,60.0,99.0,,false
2546,60.0,86.0,,false
2547,60.0,118.0,,false
2548,100.0,228.0,,false
2549,100.0,215.0,,false
2550,900.0,9.0,,false
2551,1150.0,14.0,,false
2552,1000.0,8.0,,false
2553,1350.0,46.0,,true
2554,500.0,57.0,,true
2555,5000.0,17.0,,true
2556,2200.0,133.0,,true
2557,3500.0,254.0,,true
2558,5000.0,600.0,,true
2559,500.0,141.0,,true
2560,125.0,470.0,,true
2561,40.0,405.0,,true
2562,350.0,168.0,,true
2563,500.0,179.0,,false
2564,500.0,357.0,,false
2565,3300.0,21.0,,false
2566,3300.0,22.0,,false
2567,3300.0,23.0,,false
2568,60.0,193.0,,false
2569,60.0,155.0,,false
2570,60.0,203.0,,false
2571,800.0,6.0,,false
2572,60.0,90.0,,false
2573,60.0,120.0,,false
2574,60.0,114.0,,false
2575,60.0,99.0,,false
2576,60.0,94.0,,false
2577,60.0,91.0,,false
2578,60.0,110.0,,false
2579,60.0,95.0,,false
2580,60.0,97.0,,false
2581,60.0,112.0,,false
2582,100.0,190.0,,false
2583,100.0,231.0,,false
2584,900.0,7.0,,false
2585,1150.0,18.0,,false
2586,1000.0,8.0,,false
2587,1350.0,46.0,,true
2588,500.0,59.0,,true
2589,5000.0,18.0,,true
2590,2200.0,138.0,,true
2591,3500.0,342.0,,true
2592,5000.0,600.0,,true
2593,500.0,141.0,,true
2594,125.0,497.0,,true
2595,40.0,354.0,,true
2596,350.0,150.0,,true
2597,500.0,193.0,,false
2598,500.0,390.0,,false
2599,3300.0,21.0,,false
2600,3300.0,27.0,,false
2601,3300.0,27.0,,false
2602,60.0,169.0,,false
2603,60.0,159.0,,false
2604,60.0,240.0,,false
2605,800.0,4.0,,false
2606,60.0,86.0,,false
2607,60.0,118.0,,false
2608,60.0,100.0,,false
2609,60.0,105.0,,false
2610,60.0,100.0,,false
2611,60.0,109.0,,false
2612,100.0,207.0,,false
2613,100.0,240.0,,false
2614,900.0,8.0,,false
2615,1150.0,14.0,,false
2616,1000.0,5.0,,false
2617,1350.0,46.0,,true
2618,500.0,56.0,,true
2619,5000.0,16.0,,true
2620,2200.0,136.0,,true
2621,3500.0,287.0,,true
2622,5000.0,600.0,,true
2623,500.0,153.0,,true
2624,125.0,493.0,,true
2625,40.0,382.0,,true
2626,350.0,178.0,,true
2627,500.0,195.0,,false
2628,500.0,543.0,,false
2629,3300.0,25.0,,false
2630,3300.0,23.0,,false
2631,3300.0,28.0,,false
2632,60.0,188.0,,false
2633,60.0,159.0,,false
2634,60.0,220.0,,false
2635,60.0,170.0,,false
2636,800.0,6.0,,false
2637,60.0,107.0,,false
2638,60.0,90.0,,false
2639,60.0,90.0,,false
2640,60.0,117.0,,false
2641,60.0,118.0,,false
2642,60.0,113.0,,false
2643,60.0,104.0,,false
2644,60.0,88.0,,false
2645,60.0,85.0,,false
2646,60.0,99.0,,false
2647,100.0,181.0,,false
2648,100.0,223.0,,false
2649,900.0,10.0,,false
2650,1150.0,14.0,,false
2651,1000.0,7.0,,false
2652,1350.0,48.0,,true
2653,500.0,57.0,,true
2654,5000.0,16.0,,true
2655,2200.0,140.0,,true
2656,3500.0,370.0,,true
2657,5000.0,600.0,,true
2658,500.0,160.0,,true
2659,125.0,451.0,,true
2660,40.0,363.0,,true
2661,350.0,141.0,,true
2662,500.0,188.0,,false
2663,500.0,538.0,,false
2664,3300.0,28.0,,false
2665,3300.0,29.0,,false
2666,3300.0,24.0,,false
2667,60.0,165.0,,false
2668,60.0,186.0,,false
2669,60.0,191.0,,false
2670,60.0,219.0,,false
2671,800.0,5.0,,false
2672,60.0,119.0,,false
2673,60.0,99.0,,false
2674,60.0,119.0,,false
2675,60.0,91.0,,false
2676,60.0,120.0,,false
2677,60.0,104.0,,false
2678,100.0,188.0,,false
2679,100.0,222.0,,false
2680,900.0,8.0,,false
2681,1150.0,14.0,,false
2682,1000.0,7.0,,false
2683,1350.0,47.0,,true
2684,500.0,59.0,,true
2685,5000.0,16.0,,true
2686,2200.0,139.0,,true
2687,3500.0,356.0,,true
2688,5000.0,600.0,,true
2689,500.0,153.0,,true
2690,125.0,471.0,,true
2691,40.0,440.0,,true
2692,350.0,158.0,,true
2693,500.0,180.0,,false
2694,500.0,493.0,,false
2695,3300.0,26.0,,false
2696,3300.0,27.0,,false
2697,3300.0,21.0,,false
2698,60.0,244.0,,false
2699,60.0,168.0,,false
2700,60.0,246.0,,false
2701,800.0,6.0,,false
2702,60.0,100.0,,false
2703,60.0,114.0,,false
2704,60.0,98.0,,false
2705,60.0,87.0,,false
2706,60.0,99.0,,false
2707,60.0,99.0,,false
2708,60.0,95.0,,false
2709,100.0,203.0,,false
2710,100.0,243.0,,false
2711,900.0,9.0,,false
2712,1150.0,17.0,,false
2713,1000.0,8.0,,false
2714,1350.0,47.0,,true
2715,500.0,57.0,,true
2716,5000.0,16.0,,true
2717,2200.0,135.0,,true
2718,3500.0,211.0,,true
2719,5000.0,600.0,,true
2720,500.0,157.0,,true
2721,125.0,529.0,,true
2722,40.0,446.0,,true
2723,350.0,154.0,,true
2724,500.0,178.0,,false
2725,500.0,449.0,,false
2726,3300.0,21.0,,false
2727,3300.0,24.0,,false
2728,3300.0,25.0,,false
2729,60.0,184.0,,false
2730,60.0,241.0,,false
2731,60.0,152.0,,false
2732,60.0,228.0,,false
2733,800.0,6.0,,false
2734,60.0,99.0,,false
2735,60.0,101.0,,false
2736,60.0,119.0,,false
2737,60.0,95.0,,false
2738,60.0,92.0,,false
2739,60.0,110.0,,false
2740,60.0,110.0,,false
2741,60.0,101.0,,false
2742,60.0,101.0,,false
2743,60.0,82.0,,false
2744,100.0,187.0,,false
2745,100.0,197.0,,false
2746,900.0,10.0,,false
2747,1150.0,13.0,,false
2748,1000.0,7.0,,false
2749,1350.0,49.0,,true
2750,500.0,59.0,,true
2751,5000.0,18.0,,true
2752,2200.0,137.0,,true
2753,3500.0,319.0,,true
2754,5000.0,600.0,,true
2755,500.0,154.0,,true
2756,125.0,496.0,,true
2757,40.0,399.0,,true
2758,350.0,153.0,,true
2759,500.0,199.0,,false
2760,500.0,539.0,,false
2761,3300.0,28.0,,false
2762,3300.0,29.0,,false
2763,3300.0,22.0,,false
2764,60.0,196.0,,false
2765,60.0,217.0,,false
2766,60.0,240.0,,false
2767,800.0,5.0,,false
2768,60.0,116.0,,false
2769,60.0,113.0,,false
2770,60.0,111.0,,false
2771,60.0,108.0,,false
2772,60.0,100.0,,false
2773,60.0,117.0,,false
2774,60.0,117.0,,false
2775,60.0,105.0,,false
2776,60.0,95.0,,false
2777,60.0,105.0,,false
2778,100.0,248.0,,false
2779,100.0,245.0,,false
2780,900.0,8.0,,false
2781,1150.0,16.0,,false
2782,1000.0,6.0,,false
2783,1350.0,49.0,,true
2784,500.0,59.0,,true
2785,5000.0,19.0,,true
2786,2200.0,138.0,,true
2787,3500.0,302.0,,true
2788,5000.0,600.0,,true
2789,500.0,154.0,,true
2790,125.0,548.0,,true
2791,40.0,403.0,,true
2792,350.0,158.0,,true
2793,500.0,198.0,,false
2794,500.0,392.0,,false
2795,3300.0,29.0,,false
2796,3300.0,28.0,,false
2797,3300.0,27.0,,false
2798,60.0,172.0,,false
2799,60.0,186.0,,false
2800,60.0,229.0,,false
2801,800.0,4.0,,false
2802,60.0,81.0,,false
2803,60.0,119.0,,false
2804,60.0,85.0,,false
2805,60.0,83.0,,false
2806,60.0,97.0,,false
2807,60.0,90.0,,false
2808,60.0,107.0,,false
2809,60.0,91.0,,false
2810,60.0,88.0,,false
2811,60.0,100.0,,false
2812,100.0,226.0,,false
2813,100.0,210.0,,false
2814,900.0,8.0,,false
2815,1150.0,15.0,,false
2816,1000.0,5.0,,false
2817,1350.0,48.0,,true
2818,500.0,57.0,,true
2819,5000.0,17.0,,true
2820,2200.0,136.0,,true
2821,3500.0,328.0,,true
2822,5000.0,600.0,,true
2823,500.0,154.0,,true
2824,125.0,506.0,,true
2825,40.0,395.0,,true
2826,350.0,160.0,,true
2827,500.0,182.0,,false
2828,500.0,326.0,,false
2829,3300.0,24.0,,false
2830,3300.0,25.0,,false
2831,3300.0,25.0,,false
2832,60.0,168.0,,false
2833,60.0,220.0,,false
2834,60.0,179.0,,false
2835,800.0,4.0,,false
2836,60.0,109.0,,false
2837,60.0,112.0,,false
2838,60.0,106.0,,false
2839,60.0,115.0,,false
2840,60.0,101.0,,false
2841,60.0,102.0,,false
2842,60.0,102.0,,false
2843,100.0,218.0,,false
2844,100.0,212.0,,false
2845,900.0,8.0,,false
2846,1150.0,14.0,,false
2847,1000.0,5.0,,false
2848,1350.0,49.0,,true
2849,500.0,58.0,,true
2850,5000.0,19.0,,true
2851,2200.0,139.0,,true
2852,3500.0,349.0,,true
2853,5000.0,600.0,,true
2854,500.0,142.0,,true
2855,125.0,479.0,,true
2856,40.0,376.0,,true
2857,350.0,142.0,,true
2858,500.0,187.0,,false
2859,500.0,383.0,,false
2860,3300.0,24.0,,false
2861,3300.0,22.0,,false
2862,3300.0,25.0,,false
2863,60.0,223.0,,false
2864,60.0,156.0,,false
2865,60.0,246.0,,false
2866,60.0,203.0,,false
2867,800.0,4.0,,false
2868,60.0,84.0,,false
2869,60.0,84.0,,false
2870,60.0,84.0,,false
2871,60.0,114.0,,false
2872,60.0,101.0,,false
2873,60.0,120.0,,false
2874,60.0,88.0,,false
2875,60.0,115.0,,false
2876,60.0,84.0,,false
2877,100.0,185.0,,false
2878,100.0,211.0,,false
2879,900.0,10.0,,false
2880,1150.0,14.0,,false
2881,1000.0,5.0,,false
2882,1350.0,49.0,,true
2883,500.0,57.0,,true
2884,5000.0,18.0,,true
2885,2200.0,136.0,,true
2886,3500.0,221.0,,true
2887,5000.0,600.0,,true
2888,500.0,144.0,,true
2889,125.0,531.0,,true
2890,40.0,435.0,,true
2891,350.0,167.0,,true
2892,500.0,172.0,,false
2893,500.0,533.0,,false
2894,3300.0,29.0,,false
2895,3300.0,29.0,,false
2896,3300.0,24.0,,false
2897,60.0,249.0,,false
2898,60.0,182.0,,false
2899,60.0,224.0,,false
2900,60.0,223.0,,false
2901,800.0,6.0,,false
2902,60.0,113.0,,false
2903,60.0,113.0,,false
2904,60.0,99.0,,false
2905,60.0,89.0,,false
2906,60.0,86.0,,false
2907,60.0,107.0,,false
2908,60.0,99.0,,false
2909,60.0,94.0,,false
2910,60.0,116.0,,false
2911,60.0,85.0,,false
2912,100.0,240.0,,false
2913,100.0,248.0,,false
2914,900.0,9.0,,false
2915,1150.0,16.0,,false
2916,1000.0,6.0,,false
2917,1350.0,48.0,,true
2918,500.0,60.0,,true
2919,5000.0,17.0,,true
2920,2200.0,131.0,,true
2921,3500.0,386.0,,true
2922,5000.0,600.0,,true
2923,500.0,141.0,,true
2924,125.0,463.0,,true
2925,40.0,391.0,,true
2926,350.0,158.0,,true
2927,500.0,187.0,,false
2928,500.0,408.0,,false
2929,3300.0,29.0,,false
2930,3300.0,23.0,,false
2931,3300.0,21.0,,false
2932,60.0,233.0,,false
2933,60.0,208.0,,false
2934,60.0,187.0,,false
2935,800.0,6.0,,false
2936,60.0,105.0,,false
2937,60.0,113.0,,false
2938,60.0,120.0,,false
2939,60.0,120.0,,false
2940,60.0,81.0,,false
2941,60.0,104.0,,false
2942,60.0,101.0,,false
2943,100.0,214.0,,false
2944,100.0,221.0,,false
2945,900.0,9.0,,false
2946,1150.0,18.0,,false
2947,1000.0,8.0,,false
2948,1350.0,46.0,,true
2949,500.0,59.0,,true
2950,5000.0,16.0,,true
2951,2200.0,132.0,,true
2952,3500.0,231.0,,true
2953,5000.0,600.0,,true
2954,500.0,152.0,,true
2955,125.0,484.0,,true
2956,40.0,367.0,,true
2957,350.0,151.0,,true
2958,500.0,197.0,,false
2959,500.0,403.0,,false
2960,3300.0,24.0,,false
2961,3300.0,22.0,,false
2962,3300.0,22.0,,false
2963,60.0,169.0,,false
2964,60.0,238.0,,false
2965,60.0,174.0,,false
2966,800.0,5.0,,false
2967,60.0,94.0,,false
2968,60.0,89.0,,false
2969,60.0,82.0,,false
2970,60.0,102.0,,false
2971,60.0,107.0,,false
2972,60.0,92.0,,false
2973,60.0,95.0,,false
2974,60.0,101.0,,false
2975,60.0,102.0,,false
2976,100.0,225.0,,false
2977,100.0,202.0,,false
2978,900.0,10.0,,false
2979,1150.0,13.0,,false
2980,1000.0,8.0,,false
2981,1350.0,49.0,,true
2982,500.0,58.0,,true
2983,5000.0,19.0,,true
2984,2200.0,139.0,,true
2985,3500.0,345.0,,true
2986,5000.0,600.0,,true
2987,500.0,143.0,,true
2988,125.0,460.0,,true
2989,40.0,450.0,,true
2990,350.0,144.0,,true
2991,500.0,195.0,,false
2992,500.0,506.0,,false
2993,3300.0,27.0,,false
2994,3300.0,24.0,,false
2995,3300.0,22.0,,false
2996,60.0,248.0,,false
2997,60.0,199.0,,false
2998,60.0,246.0,,false
2999,800.0,4.0,,false
3000,60.0,82.0,,false
3001,60.0,104.0,,false
3002,60.0,101.0,,false
3003,60.0,96.0,,false
3004,60.0,110.0,,false
3005,60.0,94.0,,false
3006,60.0,107.0,,false
3007,60.0,105.0,,false
3008,100.0,218.0,,false
3009,100.0,203.0,,false
3010,900.0,8.0,,false
3011,1150.0,15.0,,false
3012,1000.0,5.0,,false
3013,1350.0,48.0,,true
3014,500.0,58.0,,true
3015,5000.0,16.0,,true
3016,2200.0,133.0,,true
3017,3500.0,294.0,,true
3018,5000.0,600.0,,true
3019,500.0,147.0,,true
3020,125.0,514.0,,true
3021,40.0,387.0,,true
3022,350.0,148.0,,true
3023,500.0,183.0,,false
3024,500.0,343.0,,false
3025,3300.0,24.0,,false
3026,3300.0,26.0,,false
3027,3300.0,21.0,,false
3028,60.0,222.0,,false
3029,60.0,168.0,,false
3030,60.0,182.0,,false
3031,60.0,175.0,,false
3032,800.0,6.0,,false
3033,60.0,116.0,,false
3034,60.0,111.0,,false
3035,60.0,119.0,,false
3036,60.0,118.0,,false
3037,60.0,120.0,,false
3038,60.0,85.0,,false
3039,60.0,118.0,,false
3040,60.0,97.0,,false
3041,60.0,114.0,,false
3042,60.0,86.0,,false
3043,100.0,200.0,,false
3044,100.0,227.0,,false
3045,900.0,8.0,,false
3046,1150.0,18.0,,false
3047,1000.0,5.0,,false
3048,1350.0,49.0,,true
3049,500.0,56.0,,true
3050,5000.0,19.0,,true
3051,2200.0,135.0,,true
3052,3500.0,204.0,,true
3053,5000.0,600.0,,true
3054,500.0,144.0,,true
3055,125.0,451.0,,true
3056,40.0,430.0,,true
3057,350.0,159.0,,true
3058,500.0,172.0,,false
3059,500.0,326.0,,false
3060,3300.0,23.0,,false
3061,3300.0,26.0,,false
3062,3300.0,30.0,,false
3063,60.0,196.0,,false
3064,60.0,230.0,,false
3065,60.0,161.0,,false
3066,800.0,5.0,,false
3067,60.0,93.0,,false
3068,60.0,104.0,,false
3069,60.0,83.0,,false
3070,60.0,90.0,,false
3071,60.0,92.0,,false
3072,60.0,108.0,,false
3073,60.0,119.0,,false
3074,100.0,238.0,,false
3075,100.0,220.0,,false
3076,900.0,9.0,,false
3077,1150.0,18.0,,false
3078,1000.0,6.0,,false
3079,1350.0,48.0,,true
3080,500.0,57.0,,true
3081,5000.0,18.0,,true
3082,2200.0,136.0,,true
3083,3500.0,302.0,,true
3084,5000.0,600.0,,true
3085,500.0,146.0,,true
3086,125.0,497.0,,true
3087,40.0,433.0,,true
3088,350.0,177.0,,true
3089,500.0,187.0,,false
3090,500.0,524.0,,false
3091,3300.0,26.0,,false
3092,3300.0,26.0,,false
3093,3300.0,24.0,,false
3094,60.0,185.0,,false
3095,60.0,172.0,,false
3096,60.0,202.0,,false
3097,800.0,6.0,,false
3098,60.0,92.0,,false
3099,60.0,108.0,,false
3100,60.0,82.0,,false
3101,60.0,103.0,,false
3102,60.0,102.0,,false
3103,60.0,93.0,,false
3104,60.0,113.0,,false
3105,60.0,113.0,,false
3106,100.0,219.0,,false
3107,100.0,194.0,,false
3108,900.0,7.0,,false
3109,1150.0,13.0,,false
3110,1000.0,8.0,,false
3111,1350.0,48.0,,true
3112,500.0,58.0,,true
3113,5000.0,18.0,,true
3114,2200.0,133.0,,true
3115,3500.0,297.0,,true
3116,5000.0,600.0,,true
3117,500.0,149.0,,true
3118,125.0,524.0,,true
3119,40.0,417.0,,true
3120,350.0,157.0,,true
3121,500.0,171.0,,false
3122,500.0,337.0,,false
3123,3300.0,26.0,,false
3124,3300.0,29.0,,false
3125,3300.0,29.0,,false
3126,60.0,180.0,,false
3127,60.0,229.0,,false
3128,60.0,197.0,,false
3129,60.0,222.0,,false
3130,800.0,4.0,,false
3131,60.0,117.0,,false
3132,60.0,83.0,,false
3133,60.0,85.0,,false
3134,60.0,96.0,,false
3135,60.0,100.0,,false
3136,60.0,87.0,,false
3137,100.0,198.0,,false
3138,100.0,233.0,,false
3139,900.0,7.0,,false
3140,1150.0,16.0,,false
3141,1000.0,8.0,,false
3142,1350.0,46.0,,true
3143,500.0,56.0,,true
3144,5000.0,16.0,,true
3145,2200.0,134.0,,true
3146,3500.0,226.0,,true
3147,5000.0,600.0,,true
3148,500.0,153.0,,true
3149,125.0,545.0,,true
3150,40.0,429.0,,true
3151,350.0,147.0,,true
3152,500.0,179.0,,false
3153,500.0,312.0,,false
3154,3300.0,28.0,,false
3155,3300.0,28.0,,false
3156,3300.0,21.0,,false
3157,60.0,227.0,,false
3158,60.0,211.0,,false
3159,60.0,195.0,,false
3160,800.0,4.0,,false
3161,60.0,89.0,,false
3162,60.0,102.0,,false
3163,60.0,97.0,,false
3164,60.0,88.0,,false
3165,60.0,88.0,,false
3166,60.0,120.0,,false
3167,60.0,115.0,,false
3168,100.0,228.0,,false
3169,100.0,221.0,,false
3170,900.0,9.0,,false
3171,1150.0,16.0,,false
3172,1000.0,7.0,,false
3173,1350.0,48.0,,true
3174,500.0,59.0,,true
3175,5000.0,18.0,,true
3176,2200.0,133.0,,true
3177,3500.0,223.0,,true
3178,5000.0,600.0,,true
3179,500.0,150.0,,true
3180,125.0,544.0,,true
3181,40.0,457.0,,true
3182,350.0,161.0,,true
3183,500.0,196.0,,false
3184,500.0,582.0,,false
3185,3300.0,28.0,,false
3186,3300.0,25.0,,false
3187,3300.0,26.0,,false
3188,60.0,205.0,,false
3189,60.0,248.0,,false
3190,60.0,208.0,,false
3191,800.0,4.0,,false
3192,60.0,82.0,,false
3193,60.0,100.0,,false
3194,60.0,88.0,,false
3195,60.0,92.0,,false
3196,60.0,94.0,,false
3197,60.0,91.0,,false
3198,60.0,116.0,,false
3199,60.0,93.0,,false
3200,100.0,193.0,,false
3201,100.0,225.0,,false
3202,900.0,7.0,,false
3203,1150.0,17.0,,false
3204,1000.0,8.0,,false
3205,1350.0,49.0,,true
3206,500.0,56.0,,true
3207,5000.0,20.0,,true
3208,2200.0,136.0,,true
3209,3500.0,202.0,,true
3210,5000.0,600.0,,true
3211,500.0,160.0,,true
3212,125.0,513.0,,true
3213,40.0,354.0,,true
3214,350.0,141.0,,true
3215,500.0,196.0,,false
3216,500.0,360.0,,false
3217,3300.0,21.0,,false
3218,3300.0,21.0,,false
3219,3300.0,22.0,,false
3220,60.0,208.0,,false
3221,60.0,178.0,,false
3222,60.0,246.0,,false
3223,800.0,6.0,,false
3224,60.0,109.0,,false
3225,60.0,119.0,,false
3226,60.0,100.0,,false
3227,60.0,106.0,,false
3228,60.0,88.0,,false
3229,60.0,120.0,,false
3230,60.0,119.0,,false
3231,60.0,119.0,,false
3232,60.0,99.0,,false
3233,60.0,102.0,,false
3234,100.0,217.0,,false
3235,100.0,250.0,,false
3236,900.0,9.0,,false
3237,1150.0,16.0,,false
3238,1000.0,5.0,,false
3239,1350.0,49.0,,true
3240,500.0,59.0,,true
3241,5000.0,20.0,,true
3242,2200.0,135.0,,true
3243,3500.0,264.0,,true
3244,5000.0,600.0,,true
3245,500.0,152.0,,true
3246,125.0,476.0,,true
3247,40.0,421.0,,true
3248,350.0,155.0,,true
3249,500.0,174.0,,false
3250,500.0,386.0,,false
3251,3300.0,29.0,,false
3252,3300.0,23.0,,false
3253,3300.0,29.0,,false
3254,60.0,237.0,,false
3255,60.0,218.0,,false
3256,60.0,201.0,,false
3257,800.0,6.0,,false
3258,60.0,87.0,,false
3259,60.0,102.0,,false
3260,60.0,82.0,,false
3261,60.0,102.0,,false
3262,60.0,114.0,,false
3263,60.0,88.0,,false
3264,60.0,112.0,,false
3265,60.0,92.0,,false
3266,60.0,91.0,,false
3267,60.0,84.0,,false
3268,100.0,209.0,,false
3269,100.0,248.0,,false
3270,900.0,9.0,,false
3271,1150.0,17.0,,false
3272,1000.0,7.0,,false
