Reference,height,width,stripwidth,preemptable
1,1350.0,49.0,720,true
2,500.0,58.0,,true
3,5000.0,20.0,,true
4,2200.0,134.0,,true
5,3500.0,214.0,,true
6,5000.0,600.0,,true
7,500.0,142.0,,true
8,125.0,455.0,,true
9,40.0,369.0,,true
10,350.0,165.0,,true
11,500.0,194.0,,false
12,500.0,510.0,,false
13,3300.0,27.0,,false
14,3300.0,21.0,,false
15,3300.0,23.0,,false
16,60.0,194.0,,false
17,60.0,166.0,,false
18,60.0,218.0,,false
19,800.0,5.0,,false
20,60.0,86.0,,false
21,60.0,117.0,,false
22,60.0,97.0,,false
23,60.0,106.0,,false
24,60.0,117.0,,false
25,60.0,116.0,,false
26,60.0,93.0,,false
27,60.0,94.0,,false
28,60.0,102.0,,false
29,100.0,217.0,,false
30,100.0,237.0,,false
31,900.0,10.0,,false
32,1150.0,16.0,,false
33,1000.0,6.0,,false
34,1350.0,49.0,,true
35,500.0,57.0,,true
36,5000.0,16.0,,true
37,2200.0,139.0,,true
38,3500.0,305.0,,true
39,5000.0,600.0,,true
40,500.0,158.0,,true
41,125.0,476.0,,true
42,40.0,447.0,,true
43,350.0,144.0,,true
44,500.0,194.0,,false
45,500.0,576.0,,false
46,3300.0,27.0,,false
47,3300.0,26.0,,false
48,3300.0,26.0,,false
49,60.0,221.0,,false
50,60.0,167.0,,false
51,60.0,217.0,,false
52,60.0,222.0,,false
53,800.0,5.0,,false
54,60.0,109.0,,false
55,60.0,97.0,,false
56,60.0,83.0,,false
57,60.0,83.0,,false
58,60.0,108.0,,false
59,60.0,109.0,,false
60,60.0,119.0,,false
61,60.0,100.0,,false
62,60.0,85.0,,false
63,60.0,88.0,,false
64,100.0,237.0,,false
65,100.0,209.0,,false
66,900.0,9.0,,false
67,1150.0,16.0,,false
68,1000.0,5.0,,false
69,1350.0,48.0,,true
70,500.0,58.0,,true
71,5000.0,19.0,,true
72,2200.0,136.0,,true
73,3500.0,348.0,,true
74,5000.0,600.0,,true
75,500.0,160.0,,true
76,125.0,500.0,,true
77,40.0,424.0,,true
78,350.0,180.0,,true
79,500.0,186.0,,false
80,500.0,552.0,,false
81,3300.0,26.0,,false
82,3300.0,22.0,,false
83,3300.0,28.0,,false
84,60.0,248.0,,false
85,60.0,168.0,,false
86,60.0,186.0,,false
87,800.0,4.0,,false
88,60.0,116.0,,false
89,60.0,94.0,,false
90,60.0,116.0,,false
91,60.0,89.0,,false
92,60.0,94.0,,false
93,60.0,107.0,,false
94,60.0,111.0,,false
95,60.0,108.0,,false
96,60.0,116.0,,false
97,60.0,108.0,,false
98,100.0,193.0,,false
99,100.0,249.0,,false
100,900.0,9.0,,false
101,1150.0,17.0,,false
102,1000.0,7.0,,false
103,1350.0,48.0,,true
104,500.0,57.0,,true
105,5000.0,19.0,,true
106,2200.0,139.0,,true
107,3500.0,201.0,,true
108,5000.0,600.0,,true
109,500.0,147.0,,true
110,125.0,537.0,,true
111,40.0,440.0,,true
112,350.0,177.0,,true
113,500.0,176.0,,false
114,500.0,429.0,,false
115,3300.0,21.0,,false
116,3300.0,25.0,,false
117,3300.0,21.0,,false
118,60.0,172.0,,false
119,60.0,180.0,,false
120,60.0,195.0,,false
121,800.0,6.0,,false
122,60.0,106.0,,false
123,60.0,84.0,,false
124,60.0,101.0,,false
125,60.0,108.0,,false
126,60.0,112.0,,false
127,60.0,81.0,,false
128,60.0,120.0,,false
129,60.0,89.0,,false
130,100.0,224.0,,false
131,100.0,186.0,,false
132,900.0,10.0,,false
133,1150.0,17.0,,false
134,1000.0,8.0,,false
135,1350.0,48.0,,true
136,500.0,57.0,,true
137,5000.0,19.0,,true
138,2200.0,135.0,,true
139,3500.0,270.0,,true
140,5000.0,600.0,,true
141,500.0,143.0,,true
142,125.0,522.0,,true
143,40.0,414.0,,true
144,350.0,178.0,,true
145,500.0,182.0,,false
146,500.0,392.0,,false
147,3300.0,27.0,,false
148,3300.0,29.0,,false
149,3300.0,27.0,,false
150,60.0,217.0,,false
151,60.0,182.0,,false
152,60.0,248.0,,false
153,60.0,162.0,,false
154,800.0,5.0,,false
155,60.0,102.0,,false
156,60.0,88.0,,false
157,60.0,94.0,,false
158,60.0,105.0,,false
159,60.0,109.0,,false
160,60.0,92.0,,false
161,100.0,239.0,,false
162,100.0,227.0,,false
163,900.0,7.0,,false
164,1150.0,13.0,,false
165,1000.0,8.0,,false
166,1350.0,50.0,,true
167,500.0,56.0,,true
168,5000.0,18.0,,true
169,2200.0,140.0,,true
170,3500.0,226.0,,true
171,5000.0,600.0,,true
172,500.0,152.0,,true
173,125.0,488.0,,true
174,40.0,358.0,,true
175,350.0,143.0,,true
176,500.0,180.0,,false
177,500.0,494.0,,false
178,3300.0,30.0,,false
179,3300.0,30.0,,false
180,3300.0,28.0,,false
181,60.0,158.0,,false
182,60.0,232.0,,false
183,60.0,188.0,,false
184,800.0,6.0,,false
185,60.0,107.0,,false
186,60.0,102.0,,false
187,60.0,119.0,,false
188,60.0,92.0,,false
189,60.0,118.0,,false
190,60.0,107.0,,false
191,60.0,88.0,,false
192,100.0,189.0,,false
193,100.0,218.0,,false
194,900.0,10.0,,false
195,1150.0,14.0,,false
196,1000.0,5.0,,false
197,1350.0,48.0,,true
198,500.0,57.0,,true
199,5000.0,18.0,,true
200,2200.0,132.0,,true
201,3500.0,343.0,,true
202,5000.0,600.0,,true
203,500.0,150.0,,true
204,125.0,549.0,,true
205,40.0,380.0,,true
206,350.0,150.0,,true
207,500.0,174.0,,false
208,500.0,600.0,,false
209,3300.0,26.0,,false
210,3300.0,23.0,,false
211,3300.0,30.0,,false
212,60.0,179.0,,false
213,60.0,172.0,,false
214,60.0,244.0,,false
215,800.0,6.0,,false
216,60.0,94.0,,false
217,60.0,104.0,,false
218,60.0,91.0,,false
219,60.0,105.0,,false
220,60.0,93.0,,false
221,60.0,112.0,,false
222,60.0,107.0,,false
223,60.0,115.0,,false
224,60.0,109.0,,false
225,60.0,106.0,,false
226,100.0,190.0,,false
227,100.0,191.0,,false
228,900.0,10.0,,false
229,1150.0,16.0,,false
230,1000.0,8.0,,false
231,1350.0,48.0,,true
232,500.0,59.0,,true
233,5000.0,20.0,,true
234,2200.0,132.0,,true
235,3500.0,312.0,,true
236,5000.0,600.0,,true
237,500.0,156.0,,true
238,125.0,543.0,,true
239,40.0,373.0,,true
240,350.0,147.0,,true
241,500.0,186.0,,false
242,500.0,308.0,,false
243,3300.0,29.0,,false
244,3300.0,23.0,,false
245,3300.0,21.0,,false
246,60.0,180.0,,false
247,60.0,194.0,,false
248,60.0,153.0,,false
249,60.0,195.0,,false
250,800.0,5.0,,false
251,60.0,99.0,,false
252,60.0,96.0,,false
253,60.0,107.0,,false
254,60.0,94.0,,false
255,60.0,89.0,,false
256,60.0,94.0,,false
257,60.0,84.0,,false
258,60.0,98.0,,false
259,60.0,119.0,,false
260,100.0,225.0,,false
261,100.0,181.0,,false
262,900.0,9.0,,false
263,1150.0,14.0,,false
264,1000.0,7.0,,false
265,1350.0,49.0,,true
266,500.0,57.0,,true
267,5000.0,18.0,,true
268,2200.0,136.0,,true
269,3500.0,211.0,,true
270,5000.0,600.0,,true
271,500.0,147.0,,true
272,125.0,498.0,,true
273,40.0,356.0,,true
274,350.0,142.0,,true
275,500.0,200.0,,false
276,500.0,407.0,,false
277,3300.0,22.0,,false
278,3300.0,28.0,,false
279,3300.0,23.0,,false
280,60.0,204.0,,false
281,60.0,222.0,,false
282,60.0,240.0,,false
283,60.0,203.0,,false
284,800.0,4.0,,false
285,60.0,116.0,,false
286,60.0,118.0,,false
287,60.0,105.0,,false
288,60.0,90.0,,false
289,60.0,89.0,,false
290,60.0,92.0,,false
291,60.0,110.0,,false
292,60.0,89.0,,false
293,60.0,120.0,,false
294,60.0,97.0,,false
295,100.0,213.0,,false
296,100.0,248.0,,false
297,900.0,8.0,,false
298,1150.0,16.0,,false
299,1000.0,6.0,,false
300,1350.0,48.0,,true
301,500.0,58.0,,true
302,5000.0,19.0,,true
303,2200.0,138.0,,true
304,3500.0,248.0,,true
305,5000.0,600.0,,true
306,500.0,153.0,,true
307,125.0,532.0,,true
308,40.0,362.0,,true
309,350.0,178.0,,true
310,500.0,174.0,,false
311,500.0,405.0,,false
312,3300.0,29.0,,false
313,3300.0,29.0,,false
314,3300.0,22.0,,false
315,60.0,169.0,,false
316,60.0,163.0,,false
317,60.0,162.0,,false
318,60.0,155.0,,false
319,800.0,4.0,,false
320,60.0,98.0,,false
321,60.0,92.0,,false
322,60.0,99.0,,false
323,60.0,91.0,,false
324,60.0,115.0,,false
325,60.0,107.0,,false
326,60.0,85.0,,false
327,60.0,88.0,,false
328,60.0,84.0,,false
329,100.0,205.0,,false
330,100.0,241.0,,false
331,900.0,10.0,,false
332,1150.0,14.0,,false
333,1000.0,5.0,,false
334,1350.0,49.0,,true
335,500.0,58.0,,true
336,5000.0,16.0,,true
337,2200.0,138.0,,true
338,3500.0,247.0,,true
339,5000.0,600.0,,true
340,500.0,153.0,,true
341,125.0,457.0,,true
342,40.0,382.0,,true
343,350.0,158.0,,true
344,500.0,195.0,,false
345,500.0,383.0,,false
346,3300.0,22.0,,false
347,3300.0,21.0,,false
348,3300.0,21.0,,false
349,60.0,178.0,,false
350,60.0,217.0,,false
351,60.0,207.0,,false
352,60.0,246.0,,false
353,800.0,5.0,,false
354,60.0,116.0,,false
355,60.0,82.0,,false
356,60.0,98.0,,false
357,60.0,108.0,,false
358,60.0,101.0,,false
359,60.0,114.0,,false
360,60.0,85.0,,false
361,60.0,95.0,,false
362,60.0,118.0,,false
363,100.0,214.0,,false
364,100.0,189.0,,false
365,900.0,10.0,,false
366,1150.0,15.0,,false
367,1000.0,5.0,,false
368,1350.0,50.0,,true
369,500.0,56.0,,true
370,5000.0,19.0,,true
371,2200.0,137.0,,true
372,3500.0,304.0,,true
373,5000.0,600.0,,true
374,500.0,146.0,,true
375,125.0,459.0,,true
376,40.0,374.0,,true
377,350.0,154.0,,true
378,500.0,171.0,,false
379,500.0,323.0,,false
380,3300.0,25.0,,false
381,3300.0,28.0,,false
382,3300.0,30.0,,false
383,60.0,226.0,,false
384,60.0,228.0,,false
385,60.0,214.0,,false
386,60.0,167.0,,false
387,800.0,5.0,,false
388,60.0,90.0,,false
389,60.0,108.0,,false
390,60.0,109.0,,false
391,60.0,103.0,,false
392,60.0,93.0,,false
393,60.0,90.0,,false
394,100.0,211.0,,false
395,100.0,190.0,,false
396,900.0,9.0,,false
397,1150.0,13.0,,false
398,1000.0,7.0,,false
399,1350.0,49.0,,true
400,500.0,58.0,,true
401,5000.0,16.0,,true
402,2200.0,135.0,,true
403,3500.0,301.0,,true
404,5000.0,600.0,,true
405,500.0,144.0,,true
406,125.0,484.0,,true
407,40.0,387.0,,true
408,350.0,158.0,,true
409,500.0,194.0,,false
410,500.0,345.0,,false
411,3300.0,23.0,,false
412,3300.0,27.0,,false
413,3300.0,28.0,,false
414,60.0,176.0,,false
415,60.0,242.0,,false
416,60.0,175.0,,false
417,800.0,6.0,,false
418,60.0,116.0,,false
419,60.0,88.0,,false
420,60.0,94.0,,false
421,60.0,83.0,,false
422,60.0,92.0,,false
423,60.0,96.0,,false
424,60.0,95.0,,false
425,60.0,104.0,,false
426,60.0,113.0,,false
427,60.0,114.0,,false
428,100.0,238.0,,false
429,100.0,237.0,,false
430,900.0,8.0,,false
431,1150.0,15.0,,false
432,1000.0,8.0,,false
433,1350.0,46.0,,true
434,500.0,57.0,,true
435,5000.0,18.0,,true
436,2200.0,131.0,,true
437,3500.0,216.0,,true
438,5000.0,600.0,,true
439,500.0,143.0,,true
440,125.0,501.0,,true
441,40.0,389.0,,true
442,350.0,177.0,,true
443,500.0,171.0,,false
444,500.0,346.0,,false
445,3300.0,28.0,,false
446,3300.0,21.0,,false
447,3300.0,30.0,,false
448,60.0,157.0,,false
449,60.0,220.0,,false
450,60.0,175.0,,false
451,800.0,6.0,,false
452,60.0,110.0,,false
453,60.0,82.0,,false
454,60.0,98.0,,false
455,60.0,100.0,,false
456,60.0,104.0,,false
457,60.0,118.0,,false
458,100.0,222.0,,false
459,100.0,233.0,,false
460,900.0,9.0,,false
461,1150.0,16.0,,false
462,1000.0,7.0,,false
463,1350.0,50.0,,true
464,500.0,56.0,,true
465,5000.0,16.0,,true
466,2200.0,132.0,,true
467,3500.0,392.0,,true
468,5000.0,600.0,,true
469,500.0,159.0,,true
470,125.0,486.0,,true
471,40.0,431.0,,true
472,350.0,155.0,,true
473,500.0,184.0,,false
474,500.0,541.0,,false
475,3300.0,21.0,,false
476,3300.0,21.0,,false
477,3300.0,22.0,,false
478,60.0,174.0,,false
479,60.0,246.0,,false
480,60.0,197.0,,false
481,800.0,4.0,,false
482,60.0,104.0,,false
483,60.0,96.0,,false
484,60.0,112.0,,false
485,60.0,96.0,,false
486,60.0,106.0,,false
487,60.0,89.0,,false
488,60.0,91.0,,false
489,100.0,214.0,,false
490,100.0,215.0,,false
491,900.0,8.0,,false
492,1150.0,17.0,,false
493,1000.0,8.0,,false
494,1350.0,49.0,,true
495,500.0,59.0,,true
496,5000.0,17.0,,true
497,2200.0,139.0,,true
498,3500.0,348.0,,true
499,5000.0,600.0,,true
500,500.0,145.0,,true
501,125.0,507.0,,true
502,40.0,412.0,,true
503,350.0,168.0,,true
504,500.0,194.0,,false
505,500.0,477.0,,false
506,3300.0,26.0,,false
507,3300.0,21.0,,false
508,3300.0,24.0,,false
509,60.0,221.0,,false
510,60.0,231.0,,false
511,60.0,215.0,,false
512,60.0,197.0,,false
513,800.0,5.0,,false
514,60.0,88.0,,false
515,60.0,118.0,,false
516,60.0,84.0,,false
517,60.0,115.0,,false
518,60.0,115.0,,false
519,60.0,89.0,,false
520,60.0,119.0,,false
521,60.0,102.0,,false
522,60.0,91.0,,false
523,60.0,100.0,,false
524,100.0,230.0,,false
525,100.0,197.0,,false
526,900.0,8.0,,false
527,1150.0,15.0,,false
528,1000.0,6.0,,false
529,1350.0,50.0,,true
530,500.0,58.0,,true
531,5000.0,16.0,,true
532,2200.0,134.0,,true
533,3500.0,253.0,,true
534,5000.0,600.0,,true
535,500.0,146.0,,true
536,125.0,471.0,,true
537,40.0,352.0,,true
538,350.0,158.0,,true
539,500.0,179.0,,false
540,500.0,457.0,,false
541,3300.0,21.0,,false
542,3300.0,30.0,,false
543,3300.0,28.0,,false
544,60.0,198.0,,false
545,60.0,185.0,,false
546,60.0,225.0,,false
547,60.0,197.0,,false
548,800.0,4.0,,false
549,60.0,109.0,,false
550,60.0,115.0,,false
551,60.0,86.0,,false
552,60.0,110.0,,false
553,60.0,94.0,,false
554,60.0,116.0,,false
555,60.0,98.0,,false
556,60.0,107.0,,false
557,60.0,115.0,,false
558,100.0,201.0,,false
559,100.0,241.0,,false
560,900.0,7.0,,false
561,1150.0,14.0,,false
562,1000.0,6.0,,false
563,1350.0,50.0,,true
564,500.0,57.0,,true
565,5000.0,16.0,,true
566,2200.0,140.0,,true
567,3500.0,383.0,,true
568,5000.0,600.0,,true
569,500.0,155.0,,true
570,125.0,485.0,,true
571,40.0,441.0,,true
572,350.0,176.0,,true
573,500.0,188.0,,false
574,500.0,428.0,,false
575,3300.0,29.0,,false
576,3300.0,30.0,,false
577,3300.0,22.0,,false
578,60.0,223.0,,false
579,60.0,196.0,,false
580,60.0,222.0,,false
581,800.0,6.0,,false
582,60.0,82.0,,false
583,60.0,99.0,,false
584,60.0,109.0,,false
585,60.0,109.0,,false
586,60.0,108.0,,false
587,60.0,111.0,,false
588,60.0,107.0,,false
589,100.0,181.0,,false
590,100.0,235.0,,false
591,900.0,10.0,,false
592,1150.0,13.0,,false
593,1000.0,7.0,,false
594,1350.0,49.0,,true
595,500.0,58.0,,true
596,5000.0,17.0,,true
597,2200.0,136.0,,true
598,3500.0,336.0,,true
599,5000.0,600.0,,true
600,500.0,148.0,,true
601,125.0,459.0,,true
602,40.0,380.0,,true
603,350.0,148.0,,true
604,500.0,187.0,,false
605,500.0,349.0,,false
606,3300.0,25.0,,false
607,3300.0,24.0,,false
608,3300.0,30.0,,false
609,60.0,206.0,,false
610,60.0,166.0,,false
611,60.0,156.0,,false
612,800.0,4.0,,false
613,60.0,94.0,,false
614,60.0,93.0,,false
615,60.0,111.0,,false
616,60.0,93.0,,false
617,60.0,83.0,,false
618,60.0,91.0,,false
619,100.0,183.0,,false
620,100.0,192.0,,false
621,900.0,9.0,,false
622,1150.0,13.0,,false
623,1000.0,8.0,,false
624,1350.0,47.0,,true
625,500.0,56.0,,true
626,5000.0,16.0,,true
627,2200.0,138.0,,true
628,3500.0,289.0,,true
629,5000.0,600.0,,true
630,500.0,141.0,,true
631,125.0,535.0,,true
632,40.0,436.0,,true
633,350.0,169.0,,true
634,500.0,190.0,,false
635,500.0,339.0,,false
636,3300.0,27.0,,false
637,3300.0,27.0,,false
638,3300.0,21.0,,false
639,60.0,249.0,,false
640,60.0,188.0,,false
641,60.0,179.0,,false
642,60.0,218.0,,false
643,800.0,5.0,,false
644,60.0,114.0,,false
645,60.0,82.0,,false
646,60.0,109.0,,false
647,60.0,81.0,,false
648,60.0,89.0,,false
649,60.0,103.0,,false
650,100.0,236.0,,false
651,100.0,245.0,,false
652,900.0,7.0,,false
653,1150.0,17.0,,false
654,1000.0,8.0,,false
655,1350.0,49.0,,true
656,500.0,60.0,,true
657,5000.0,19.0,,true
658,2200.0,135.0,,true
659,3500.0,226.0,,true
660,5000.0,600.0,,true
661,500.0,144.0,,true
662,125.0,501.0,,true
663,40.0,391.0,,true
664,350.0,177.0,,true
665,500.0,200.0,,false
666,500.0,530.0,,false
667,3300.0,29.0,,false
668,3300.0,25.0,,false
669,3300.0,28.0,,false
670,60.0,245.0,,false
671,60.0,205.0,,false
672,60.0,203.0,,false
673,800.0,4.0,,false
674,60.0,116.0,,false
675,60.0,118.0,,false
676,60.0,104.0,,false
677,60.0,110.0,,false
678,60.0,90.0,,false
679,60.0,108.0,,false
680,60.0,118.0,,false
681,100.0,201.0,,false
682,100.0,248.0,,false
683,900.0,8.0,,false
684,1150.0,14.0,,false
685,1000.0,5.0,,false
686,1350.0,47.0,,true
687,500.0,57.0,,true
688,5000.0,18.0,,true
689,2200.0,132.0,,true
690,3500.0,222.0,,true
691,5000.0,600.0,,true
692,500.0,160.0,,true
693,125.0,509.0,,true
694,40.0,405.0,,true
695,350.0,155.0,,true
696,500.0,187.0,,false
697,500.0,586.0,,false
698,3300.0,26.0,,false
699,3300.0,23.0,,false
700,3300.0,25.0,,false
701,60.0,203.0,,false
702,60.0,217.0,,false
703,60.0,158.0,,false
704,800.0,6.0,,false
705,60.0,116.0,,false
706,60.0,99.0,,false
707,60.0,110.0,,false
708,60.0,100.0,,false
709,60.0,117.0,,false
710,60.0,93.0,,false
711,60.0,107.0,,false
712,100.0,228.0,,false
713,100.0,225.0,,false
714,900.0,8.0,,false
715,1150.0,14.0,,false
716,1000.0,8.0,,false
717,1350.0,46.0,,true
718,500.0,60.0,,true
719,5000.0,18.0,,true
720,2200.0,131.0,,true
721,3500.0,386.0,,true
722,5000.0,600.0,,true
723,500.0,152.0,,true
724,125.0,484.0,,true
725,40.0,394.0,,true
726,350.0,160.0,,true
727,500.0,196.0,,false
728,500.0,379.0,,false
729,3300.0,28.0,,false
730,3300.0,24.0,,false
731,3300.0,22.0,,false
732,60.0,215.0,,false
733,60.0,151.0,,false
734,60.0,218.0,,false
735,60.0,216.0,,false
736,800.0,4.0,,false
737,60.0,115.0,,false
738,60.0,97.0,,false
739,60.0,90.0,,false
740,60.0,101.0,,false
741,60.0,91.0,,false
742,60.0,95.0,,false
743,60.0,114.0,,false
744,60.0,104.0,,false
745,100.0,185.0,,false
746,100.0,190.0,,false
747,900.0,9.0,,false
748,1150.0,14.0,,false
749,1000.0,6.0,,false
750,1350.0,49.0,,true
751,500.0,57.0,,true
752,5000.0,19.0,,true
753,2200.0,140.0,,true
754,3500.0,264.0,,true
755,5000.0,600.0,,true
756,500.0,147.0,,true
757,125.0,509.0,,true
758,40.0,416.0,,true
759,350.0,149.0,,true
760,500.0,198.0,,false
761,500.0,409.0,,false
762,3300.0,24.0,,false
763,3300.0,25.0,,false
764,3300.0,25.0,,false
765,60.0,195.0,,false
766,60.0,189.0,,false
767,60.0,206.0,,false
768,800.0,5.0,,false
769,60.0,115.0,,false
770,60.0,101.0,,false
771,60.0,82.0,,false
772,60.0,83.0,,false
773,60.0,108.0,,false
774,60.0,120.0,,false
775,60.0,83.0,,false
776,100.0,191.0,,false
777,100.0,210.0,,false
778,900.0,7.0,,false
779,1150.0,13.0,,false
780,1000.0,8.0,,false
781,1350.0,48.0,,true
782,500.0,60.0,,true
783,5000.0,18.0,,true
784,2200.0,134.0,,true
785,3500.0,230.0,,true
786,5000.0,600.0,,true
787,500.0,148.0,,true
788,125.0,471.0,,true
789,40.0,412.0,,true
790,350.0,172.0,,true
791,500.0,174.0,,false
792,500.0,318.0,,false
793,3300.0,30.0,,false
794,3300.0,23.0,,false
795,3300.0,24.0,,false
796,60.0,240.0,,false
797,60.0,180.0,,false
798,60.0,211.0,,false
799,800.0,4.0,,false
800,60.0,92.0,,false
801,60.0,99.0,,false
802,60.0,110.0,,false
803,60.0,108.0,,false
804,60.0,97.0,,false
805,60.0,85.0,,false
806,60.0,94.0,,false
807,60.0,112.0,,false
808,60.0,106.0,,false
809,100.0,193.0,,false
810,100.0,219.0,,false
811,900.0,8.0,,false
812,1150.0,18.0,,false
813,1000.0,8.0,,false
814,1350.0,49.0,,true
815,500.0,59.0,,true
816,5000.0,17.0,,true
817,2200.0,134.0,,true
818,3500.0,308.0,,true
819,5000.0,600.0,,true
820,500.0,145.0,,true
821,125.0,531.0,,true
822,40.0,374.0,,true
823,350.0,159.0,,true
824,500.0,180.0,,false
825,500.0,486.0,,false
826,3300.0,26.0,,false
827,3300.0,25.0,,false
828,3300.0,22.0,,false
829,60.0,224.0,,false
830,60.0,187.0,,false
831,60.0,222.0,,false
832,60.0,152.0,,false
833,800.0,5.0,,false
834,60.0,117.0,,false
835,60.0,111.0,,false
836,60.0,118.0,,false
837,60.0,107.0,,false
838,60.0,120.0,,false
839,60.0,83.0,,false
840,60.0,101.0,,false
841,100.0,202.0,,false
842,100.0,249.0,,false
843,900.0,10.0,,false
844,1150.0,17.0,,false
845,1000.0,7.0,,false
846,1350.0,48.0,,true
847,500.0,58.0,,true
848,5000.0,18.0,,true
849,2200.0,134.0,,true
850,3500.0,368.0,,true
851,5000.0,600.0,,true
852,500.0,159.0,,true
853,125.0,478.0,,true
854,40.0,444.0,,true
855,350.0,175.0,,true
856,500.0,184.0,,false
857,500.0,447.0,,false
858,3300.0,22.0,,false
859,3300.0,26.0,,false
860,3300.0,22.0,,false
861,60.0,181.0,,false
862,60.0,226.0,,false
863,60.0,192.0,,false
864,800.0,4.0,,false
865,60.0,118.0,,false
866,60.0,111.0,,false
867,60.0,82.0,,false
868,60.0,85.0,,false
869,60.0,111.0,,false
870,60.0,82.0,,false
871,100.0,207.0,,false
872,100.0,224.0,,false
873,900.0,8.0,,false
874,1150.0,18.0,,false
875,1000.0,7.0,,false
876,1350.0,47.0,,true
877,500.0,58.0,,true
878,5000.0,20.0,,true
879,2200.0,133.0,,true
880,3500.0,322.0,,true
881,5000.0,600.0,,true
882,500.0,141.0,,true
883,125.0,526.0,,true
884,40.0,391.0,,true
885,350.0,146.0,,true
886,500.0,172.0,,false
887,500.0,590.0,,false
888,3300.0,21.0,,false
889,3300.0,25.0,,false
890,3300.0,29.0,,false
891,60.0,163.0,,false
892,60.0,161.0,,false
893,60.0,179.0,,false
894,800.0,6.0,,false
895,60.0,97.0,,false
896,60.0,105.0,,false
897,60.0,82.0,,false
898,60.0,82.0,,false
899,60.0,107.0,,false
900,60.0,102.0,,false
901,60.0,89.0,,false
902,60.0,111.0,,false
903,100.0,244.0,,false
904,100.0,238.0,,false
905,900.0,8.0,,false
906,1150.0,16.0,,false
907,1000.0,6.0,,false
908,1350.0,47.0,,true
909,500.0,59.0,,true
910,5000.0,20.0,,true
911,2200.0,134.0,,true
912,3500.0,299.0,,true
913,5000.0,600.0,,true
914,500.0,152.0,,true
915,125.0,467.0,,true
916,40.0,429.0,,true
917,350.0,143.0,,true
918,500.0,200.0,,false
919,500.0,407.0,,false
920,3300.0,26.0,,false
921,3300.0,25.0,,false
922,3300.0,24.0,,false
923,60.0,163.0,,false
924,60.0,208.0,,false
925,60.0,215.0,,false
926,60.0,157.0,,false
927,800.0,6.0,,false
928,60.0,82.0,,false
929,60.0,103.0,,false
930,60.0,114.0,,false
931,60.0,114.0,,false
932,60.0,104.0,,false
933,60.0,91.0,,false
934,60.0,87.0,,false
935,100.0,250.0,,false
936,100.0,196.0,,false
937,900.0,7.0,,false
938,1150.0,14.0,,false
939,1000.0,5.0,,false
940,1350.0,49.0,,true
941,500.0,59.0,,true
942,5000.0,19.0,,true
943,2200.0,136.0,,true
944,3500.0,381.0,,true
945,5000.0,600.0,,true
946,500.0,153.0,,true
947,125.0,532.0,,true
948,40.0,362.0,,true
949,350.0,180.0,,true
950,500.0,199.0,,false
951,500.0,398.0,,false
952,3300.0,27.0,,false
953,3300.0,28.0,,false
954,3300.0,24.0,,false
955,60.0,162.0,,false
956,60.0,239.0,,false
957,60.0,206.0,,false
958,60.0,157.0,,false
959,800.0,4.0,,false
960,60.0,107.0,,false
961,60.0,103.0,,false
962,60.0,114.0,,false
963,60.0,118.0,,false
964,60.0,98.0,,false
965,60.0,95.0,,false
966,60.0,114.0,,false
967,60.0,86.0,,false
968,60.0,85.0,,false
969,60.0,93.0,,false
970,100.0,227.0,,false
971,100.0,186.0,,false
972,900.0,8.0,,false
973,1150.0,16.0,,false
974,1000.0,5.0,,false
975,1350.0,50.0,,true
976,500.0,59.0,,true
977,5000.0,20.0,,true
978,2200.0,132.0,,true
979,3500.0,332.0,,true
980,5000.0,600.0,,true
981,500.0,151.0,,true
982,125.0,454.0,,true
983,40.0,437.0,,true
984,350.0,160.0,,true
985,500.0,178.0,,false
986,500.0,584.0,,false
987,3300.0,27.0,,false
988,3300.0,27.0,,false
989,3300.0,29.0,,false
990,60.0,242.0,,false
991,60.0,156.0,,false
992,60.0,193.0,,false
993,60.0,161.0,,false
994,800.0,6.0,,false
995,60.0,106.0,,false
996,60.0,108.0,,false
997,60.0,117.0,,false
998,60.0,103.0,,false
999,60.0,104.0,,false
1000,60.0,95.0,,false
1001,60.0,104.0,,false
1002,60.0,93.0,,false
1003,100.0,192.0,,false
1004,100.0,246.0,,false
1005,900.0,9.0,,false
1006,1150.0,17.0,,false
1007,1000.0,6.0,,false
1008,1350.0,48.0,,true
1009,500.0,57.0,,true
1010,5000.0,17.0,,true
1011,2200.0,139.0,,true
1012,3500.0,364.0,,true
1013,5000.0,600.0,,true
1014,500.0,145.0,,true
1015,125.0,532.0,,true
1016,40.0,433.0,,true
1017,350.0,158.0,,true
1018,500.0,193.0,,false
1019,500.0,345.0,,false
1020,3300.0,22.0,,false
1021,3300.0,25.0,,false
1022,3300.0,22.0,,false
1023,60.0,166.0,,false
1024,60.0,203.0,,false
1025,60.0,222.0,,false
1026,60.0,201.0,,false
1027,800.0,6.0,,false
1028,60.0,96.0,,false
1029,60.0,119.0,,false
1030,60.0,117.0,,false
1031,60.0,107.0,,false
1032,60.0,117.0,,false
1033,60.0,94.0,,false
1034,100.0,187.0,,false
1035,100.0,227.0,,false
1036,900.0,7.0,,false
1037,1150.0,17.0,,false
1038,1000.0,7.0,,false
1039,1350.0,49.0,,true
1040,500.0,56.0,,true
1041,5000.0,17.0,,true
1042,2200.0,135.0,,true
1043,3500.0,216.0,,true
1044,5000.0,600.0,,true
1045,500.0,144.0,,true
1046,125.0,510.0,,true
1047,40.0,389.0,,true
1048,350.0,161.0,,true
1049,500.0,200.0,,false
1050,500.0,343.0,,false
1051,3300.0,26.0,,false
1052,3300.0,29.0,,false
1053,3300.0,22.0,,false
1054,60.0,214.0,,false
1055,60.0,242.0,,false
1056,60.0,243.0,,false
1057,800.0,5.0,,false
1058,60.0,83.0,,false
1059,60.0,97.0,,false
1060,60.0,106.0,,false
1061,60.0,113.0,,false
1062,60.0,98.0,,false
1063,60.0,98.0,,false
1064,60.0,96.0,,false
1065,60.0,101.0,,false
1066,100.0,239.0,,false
1067,100.0,247.0,,false
1068,900.0,8.0,,false
1069,1150.0,15.0,,false
1070,1000.0,6.0,,false
1071,1350.0,47.0,,true
1072,500.0,59.0,,true
1073,5000.0,17.0,,true
1074,2200.0,136.0,,true
1075,3500.0,232.0,,true
1076,5000.0,600.0,,true
1077,500.0,142.0,,true
1078,125.0,496.0,,true
1079,40.0,438.0,,true
1080,350.0,175.0,,true
1081,500.0,171.0,,false
1082,500.0,304.0,,false
1083,3300.0,29.0,,false
1084,3300.0,28.0,,false
1085,3300.0,25.0,,false
1086,60.0,206.0,,false
1087,60.0,216.0,,false
1088,60.0,187.0,,false
1089,800.0,6.0,,false
1090,60.0,93.0,,false
1091,60.0,100.0,,false
1092,60.0,98.0,,false
1093,60.0,94.0,,false
1094,60.0,85.0,,false
1095,60.0,107.0,,false
1096,100.0,200.0,,false
1097,100.0,224.0,,false
1098,900.0,9.0,,false
1099,1150.0,17.0,,false
1100,1000.0,7.0,,false
1101,1350.0,46.0,,true
1102,500.0,60.0,,true
1103,5000.0,16.0,,true
1104,2200.0,140.0,,true
1105,3500.0,387.0,,true
1106,5000.0,600.0,,true
1107,500.0,149.0,,true
1108,125.0,537.0,,true
1109,40.0,432.0,,true
1110,350.0,167.0,,true
1111,500.0,176.0,,false
1112,500.0,538.0,,false
1113,3300.0,23.0,,false
1114,3300.0,28.0,,false
1115,3300.0,21.0,,false
1116,60.0,222.0,,false
1117,60.0,247.0,,false
1118,60.0,235.0,,false
1119,60.0,174.0,,false
1120,800.0,5.0,,false
1121,60.0,116.0,,false
1122,60.0,107.0,,false
1123,60.0,93.0,,false
1124,60.0,84.0,,false
1125,60.0,87.0,,false
1126,60.0,104.0,,false
1127,60.0,90.0,,false
1128,60.0,106.0,,false
1129,60.0,103.0,,false
1130,100.0,185.0,,false
1131,100.0,249.0,,false
1132,900.0,10.0,,false
1133,1150.0,14.0,,false
1134,1000.0,5.0,,false
1135,1350.0,48.0,,true
1136,500.0,59.0,,true
1137,5000.0,20.0,,true
1138,2200.0,140.0,,true
1139,3500.0,385.0,,true
1140,5000.0,600.0,,true
1141,500.0,148.0,,true
1142,125.0,501.0,,true
1143,40.0,435.0,,true
1144,350.0,178.0,,true
1145,500.0,200.0,,false
1146,500.0,321.0,,false
1147,3300.0,25.0,,false
1148,3300.0,21.0,,false
1149,3300.0,24.0,,false
1150,60.0,218.0,,false
1151,60.0,183.0,,false
1152,60.0,202.0,,false
1153,60.0,222.0,,false
1154,800.0,5.0,,false
1155,60.0,96.0,,false
1156,60.0,81.0,,false
1157,60.0,95.0,,false
1158,60.0,83.0,,false
1159,60.0,86.0,,false
1160,60.0,84.0,,false
1161,100.0,201.0,,false
1162,100.0,185.0,,false
1163,900.0,10.0,,false
1164,1150.0,14.0,,false
1165,1000.0,7.0,,false
1166,1350.0,50.0,,true
1167,500.0,60.0,,true
1168,5000.0,18.0,,true
1169,2200.0,134.0,,true
1170,3500.0,282.0,,true
1171,5000.0,600.0,,true
1172,500.0,157.0,,true
1173,125.0,527.0,,true
1174,40.0,372.0,,true
1175,350.0,167.0,,true
1176,500.0,197.0,,false
1177,500.0,589.0,,false
1178,3300.0,21.0,,false
1179,3300.0,29.0,,false
1180,3300.0,25.0,,false
1181,60.0,221.0,,false
1182,60.0,246.0,,false
1183,60.0,182.0,,false
1184,60.0,224.0,,false
1185,800.0,4.0,,false
1186,60.0,111.0,,false
1187,60.0,81.0,,false
1188,60.0,97.0,,false
1189,60.0,109.0,,false
1190,60.0,117.0,,false
1191,60.0,120.0,,false
1192,100.0,203.0,,false
1193,100.0,244.0,,false
1194,900.0,9.0,,false
1195,1150.0,16.0,,false
1196,1000.0,6.0,,false
1197,1350.0,50.0,,true
1198,500.0,60.0,,true
1199,5000.0,16.0,,true
1200,2200.0,132.0,,true
1201,3500.0,247.0,,true
1202,5000.0,600.0,,true
1203,500.0,159.0,,true
1204,125.0,461.0,,true
1205,40.0,373.0,,true
1206,350.0,147.0,,true
1207,500.0,178.0,,false
1208,500.0,576.0,,false
1209,3300.0,29.0,,false
1210,3300.0,21.0,,false
1211,3300.0,29.0,,false
1212,60.0,211.0,,false
1213,60.0,176.0,,false
1214,60.0,203.0,,false
1215,800.0,4.0,,false
1216,60.0,82.0,,false
1217,60.0,93.0,,false
1218,60.0,93.0,,false
1219,60.0,83.0,,false
1220,60.0,85.0,,false
1221,60.0,115.0,,false
1222,60.0,91.0,,false
1223,60.0,119.0,,false
1224,60.0,95.0,,false
1225,100.0,191.0,,false
1226,100.0,249.0,,false
1227,900.0,7.0,,false
1228,1150.0,15.0,,false
1229,1000.0,6.0,,false
1230,1350.0,48.0,,true
1231,500.0,58.0,,true
1232,5000.0,18.0,,true
1233,2200.0,134.0,,true
1234,3500.0,383.0,,true
1235,5000.0,600.0,,true
1236,500.0,153.0,,true
1237,125.0,477.0,,true
1238,40.0,423.0,,true
1239,350.0,162.0,,true
1240,500.0,171.0,,false
1241,500.0,375.0,,false
1242,3300.0,22.0,,false
1243,3300.0,24.0,,false
1244,3300.0,23.0,,false
1245,60.0,185.0,,false
1246,60.0,224.0,,false
1247,60.0,200.0,,false
1248,800.0,4.0,,false
1249,60.0,119.0,,false
1250,60.0,113.0,,false
1251,60.0,97.0,,false
1252,60.0,102.0,,false
1253,60.0,100.0,,false
1254,60.0,93.0,,false
1255,60.0,105.0,,false
1256,60.0,113.0,,false
1257,60.0,119.0,,false
1258,100.0,201.0,,false
1259,100.0,246.0,,false
1260,900.0,7.0,,false
1261,1150.0,17.0,,false
1262,1000.0,7.0,,false
1263,1350.0,50.0,,true
1264,500.0,59.0,,true
1265,5000.0,17.0,,true
1266,2200.0,137.0,,true
1267,3500.0,367.0,,true
1268,5000.0,600.0,,true
1269,500.0,154.0,,true
1270,125.0,451.0,,true
1271,40.0,352.0,,true
1272,350.0,170.0,,true
1273,500.0,195.0,,false
1274,500.0,487.0,,false
1275,3300.0,25.0,,false
1276,3300.0,22.0,,false
1277,3300.0,29.0,,false
1278,60.0,201.0,,false
1279,60.0,155.0,,false
1280,60.0,197.0,,false
1281,60.0,170.0,,false
1282,800.0,5.0,,false
1283,60.0,117.0,,false
1284,60.0,97.0,,false
1285,60.0,116.0,,false
1286,60.0,109.0,,false
1287,60.0,95.0,,false
1288,60.0,84.0,,false
1289,60.0,98.0,,false
1290,60.0,92.0,,false
1291,100.0,189.0,,false
1292,100.0,222.0,,false
1293,900.0,7.0,,false
1294,1150.0,15.0,,false
1295,1000.0,5.0,,false
1296,1350.0,47.0,,true
1297,500.0,57.0,,true
1298,5000.0,17.0,,true
1299,2200.0,137.0,,true
1300,3500.0,281.0,,true
1301,5000.0,600.0,,true
1302,500.0,157.0,,true
1303,125.0,543.0,,true
1304,40.0,385.0,,true
1305,350.0,176.0,,true
1306,500.0,193.0,,false
1307,500.0,584.0,,false
1308,3300.0,29.0,,false
1309,3300.0,30.0,,false
1310,3300.0,28.0,,false
1311,60.0,191.0,,false
1312,60.0,153.0,,false
1313,60.0,186.0,,false
1314,60.0,157.0,,false
1315,800.0,6.0,,false
1316,60.0,81.0,,false
1317,60.0,90.0,,false
1318,60.0,84.0,,false
1319,60.0,114.0,,false
1320,60.0,94.0,,false
1321,60.0,103.0,,false
1322,60.0,88.0,,false
1323,100.0,240.0,,false
1324,100.0,184.0,,false
1325,900.0,10.0,,false
1326,1150.0,14.0,,false
1327,1000.0,7.0,,false
1328,1350.0,49.0,,true
1329,500.0,56.0,,true
1330,5000.0,18.0,,true
1331,2200.0,133.0,,true
1332,3500.0,215.0,,true
1333,5000.0,600.0,,true
1334,500.0,154.0,,true
1335,125.0,491.0,,true
1336,40.0,390.0,,true
1337,350.0,175.0,,true
1338,500.0,183.0,,false
1339,500.0,502.0,,false
1340,3300.0,23.0,,false
1341,3300.0,29.0,,false
1342,3300.0,25.0,,false
1343,60.0,194.0,,false
1344,60.0,156.0,,false
1345,60.0,177.0,,false
1346,800.0,5.0,,false
1347,60.0,107.0,,false
1348,60.0,106.0,,false
1349,60.0,101.0,,false
1350,60.0,96.0,,false
1351,60.0,103.0,,false
1352,60.0,110.0,,false
1353,60.0,108.0,,false
1354,60.0,84.0,,false
1355,60.0,120.0,,false
1356,60.0,114.0,,false
1357,100.0,204.0,,false
1358,100.0,217.0,,false
1359,900.0,8.0,,false
1360,1150.0,15.0,,false
1361,1000.0,8.0,,false
1362,1350.0,47.0,,true
1363,500.0,56.0,,true
1364,5000.0,20.0,,true
1365,2200.0,137.0,,true
1366,3500.0,311.0,,true
1367,5000.0,600.0,,true
1368,500.0,148.0,,true
1369,125.0,465.0,,true
1370,40.0,422.0,,true
1371,350.0,145.0,,true
1372,500.0,186.0,,false
1373,500.0,472.0,,false
1374,3300.0,21.0,,false
1375,3300.0,26.0,,false
1376,3300.0,28.0,,false
1377,60.0,205.0,,false
1378,60.0,176.0,,false
1379,60.0,162.0,,false
1380,800.0,4.0,,false
1381,60.0,117.0,,false
1382,60.0,81.0,,false
1383,60.0,112.0,,false
1384,60.0,116.0,,false
1385,60.0,119.0,,false
1386,60.0,91.0,,false
1387,60.0,106.0,,false
1388,60.0,96.0,,false
1389,60.0,105.0,,false
1390,60.0,102.0,,false
1391,100.0,208.0,,false
1392,100.0,221.0,,false
1393,900.0,8.0,,false
1394,1150.0,18.0,,false
1395,1000.0,8.0,,false
1396,1350.0,50.0,,true
1397,500.0,56.0,,true
1398,5000.0,19.0,,true
1399,2200.0,136.0,,true
1400,3500.0,265.0,,true
1401,5000.0,600.0,,true
1402,500.0,142.0,,true
1403,125.0,478.0,,true
1404,40.0,440.0,,true
1405,350.0,160.0,,true
1406,500.0,189.0,,false
1407,500.0,515.0,,false
1408,3300.0,25.0,,false
1409,3300.0,30.0,,false
1410,3300.0,21.0,,false
1411,60.0,185.0,,false
1412,60.0,207.0,,false
1413,60.0,222.0,,false
1414,60.0,192.0,,false
1415,800.0,4.0,,false
1416,60.0,103.0,,false
1417,60.0,110.0,,false
1418,60.0,113.0,,false
1419,60.0,113.0,,false
1420,60.0,103.0,,false
1421,60.0,95.0,,false
1422,100.0,197.0,,false
1423,100.0,202.0,,false
1424,900.0,8.0,,false
1425,1150.0,14.0,,false
1426,1000.0,7.0,,false
1427,1350.0,49.0,,true
1428,500.0,59.0,,true
1429,5000.0,17.0,,true
1430,2200.0,133.0,,true
1431,3500.0,320.0,,true
1432,5000.0,600.0,,true
1433,500.0,157.0,,true
1434,125.0,479.0,,true
1435,40.0,436.0,,true
1436,350.0,152.0,,true
1437,500.0,198.0,,false
1438,500.0,583.0,,false
1439,3300.0,27.0,,false
1440,3300.0,29.0,,false
1441,3300.0,25.0,,false
1442,60.0,181.0,,false
1443,60.0,212.0,,false
1444,60.0,203.0,,false
1445,60.0,236.0,,false
1446,800.0,6.0,,false
1447,60.0,93.0,,false
1448,60.0,85.0,,false
1449,60.0,86.0,,false
1450,60.0,111.0,,false
1451,60.0,84.0,,false
1452,60.0,112.0,,false
1453,60.0,105.0,,false
1454,60.0,117.0,,false
1455,100.0,188.0,,false
1456,100.0,209.0,,false
1457,900.0,9.0,,false
1458,1150.0,17.0,,false
1459,1000.0,6.0,,false
1460,1350.0,47.0,,true
1461,500.0,56.0,,true
1462,5000.0,16.0,,true
1463,2200.0,132.0,,true
1464,3500.0,367.0,,true
1465,5000.0,600.0,,true
1466,500.0,150.0,,true
1467,125.0,461.0,,true
1468,40.0,400.0,,true
1469,350.0,163.0,,true
1470,500.0,176.0,,false
1471,500.0,421.0,,false
1472,3300.0,30.0,,false
1473,3300.0,26.0,,false
1474,3300.0,27.0,,false
1475,60.0,190.0,,false
1476,60.0,235.0,,false
1477,60.0,229.0,,false
1478,60.0,208.0,,false
1479,800.0,5.0,,false
1480,60.0,96.0,,false
1481,60.0,81.0,,false
1482,60.0,112.0,,false
1483,60.0,112.0,,false
1484,60.0,84.0,,false
1485,60.0,95.0,,false
1486,60.0,119.0,,false
1487,100.0,209.0,,false
1488,100.0,206.0,,false
1489,900.0,8.0,,false
1490,1150.0,16.0,,false
1491,1000.0,8.0,,false
1492,1350.0,50.0,,true
1493,500.0,56.0,,true
1494,5000.0,16.0,,true
1495,2200.0,136.0,,true
1496,3500.0,341.0,,true
1497,5000.0,600.0,,true
1498,500.0,147.0,,true
1499,125.0,514.0,,true
1500,40.0,447.0,,true
1501,350.0,169.0,,true
1502,500.0,195.0,,false
1503,500.0,545.0,,false
1504,3300.0,25.0,,false
1505,3300.0,21.0,,false
1506,3300.0,30.0,,false
1507,60.0,247.0,,false
1508,60.0,159.0,,false
1509,60.0,186.0,,false
1510,800.0,4.0,,false
1511,60.0,115.0,,false
1512,60.0,98.0,,false
1513,60.0,108.0,,false
1514,60.0,85.0,,false
1515,60.0,83.0,,false
1516,60.0,87.0,,false
1517,60.0,88.0,,false
1518,60.0,96.0,,false
1519,60.0,86.0,,false
1520,100.0,239.0,,false
1521,100.0,184.0,,false
1522,900.0,9.0,,false
1523,1150.0,13.0,,false
1524,1000.0,6.0,,false
1525,1350.0,49.0,,true
1526,500.0,56.0,,true
1527,5000.0,17.0,,true
1528,2200.0,138.0,,true
1529,3500.0,340.0,,true
1530,5000.0,600.0,,true
1531,500.0,144.0,,true
1532,125.0,482.0,,true
1533,40.0,425.0,,true
1534,350.0,161.0,,true
1535,500.0,199.0,,false
1536,500.0,496.0,,false
1537,3300.0,21.0,,false
1538,3300.0,28.0,,false
1539,3300.0,30.0,,false
1540,60.0,152.0,,false
1541,60.0,187.0,,false
1542,60.0,173.0,,false
1543,60.0,217.0,,false
1544,800.0,6.0,,false
1545,60.0,81.0,,false
1546,60.0,115.0,,false
1547,60.0,106.0,,false
1548,60.0,115.0,,false
1549,60.0,84.0,,false
1550,60.0,92.0,,false
1551,60.0,111.0,,false
1552,100.0,236.0,,false
1553,100.0,191.0,,false
1554,900.0,10.0,,false
1555,1150.0,14.0,,false
1556,1000.0,8.0,,false
1557,1350.0,50.0,,true
1558,500.0,59.0,,true
1559,5000.0,19.0,,true
1560,2200.0,136.0,,true
1561,3500.0,328.0,,true
1562,5000.0,600.0,,true
1563,500.0,147.0,,true
1564,125.0,519.0,,true
1565,40.0,374.0,,true
1566,350.0,151.0,,true
1567,500.0,198.0,,false
1568,500.0,502.0,,false
1569,3300.0,21.0,,false
1570,3300.0,28.0,,false
1571,3300.0,25.0,,false
1572,60.0,229.0,,false
1573,60.0,216.0,,false
1574,60.0,157.0,,false
1575,800.0,6.0,,false
1576,60.0,118.0,,false
1577,60.0,117.0,,false
1578,60.0,91.0,,false
1579,60.0,104.0,,false
1580,60.0,116.0,,false
1581,60.0,92.0,,false
1582,60.0,97.0,,false
1583,100.0,248.0,,false
1584,100.0,192.0,,false
1585,900.0,7.0,,false
1586,1150.0,17.0,,false
1587,1000.0,6.0,,false
1588,1350.0,46.0,,true
1589,500.0,60.0,,true
1590,5000.0,19.0,,true
1591,2200.0,133.0,,true
1592,3500.0,254.0,,true
1593,5000.0,600.0,,true
1594,500.0,155.0,,true
1595,125.0,473.0,,true
1596,40.0,353.0,,true
1597,350.0,156.0,,true
1598,500.0,176.0,,false
1599,500.0,544.0,,false
1600,3300.0,24.0,,false
1601,3300.0,21.0,,false
1602,3300.0,28.0,,false
1603,60.0,181.0,,false
1604,60.0,205.0,,false
1605,60.0,171.0,,false
1606,60.0,165.0,,false
1607,800.0,4.0,,false
1608,60.0,90.0,,false
1609,60.0,90.0,,false
1610,60.0,89.0,,false
1611,60.0,91.0,,false
1612,60.0,96.0,,false
1613,60.0,83.0,,false
1614,60.0,120.0,,false
1615,60.0,98.0,,false
1616,60.0,81.0,,false
1617,100.0,237.0,,false
1618,100.0,248.0,,false
1619,900.0,8.0,,false
1620,1150.0,15.0,,false
1621,1000.0,5.0,,false
1622,1350.0,48.0,,true
1623,500.0,59.0,,true
1624,5000.0,18.0,,true
1625,2200.0,132.0,,true
1626,3500.0,323.0,,true
1627,5000.0,600.0,,true
1628,500.0,143.0,,true
1629,125.0,522.0,,true
1630,40.0,383.0,,true
1631,350.0,147.0,,true
1632,500.0,171.0,,false
1633,500.0,555.0,,false
1634,3300.0,22.0,,false
1635,3300.0,28.0,,false
1636,3300.0,29.0,,false
1637,60.0,243.0,,false
1638,60.0,235.0,,false
1639,60.0,171.0,,false
1640,800.0,6.0,,false
1641,60.0,96.0,,false
1642,60.0,92.0,,false
1643,60.0,85.0,,false
1644,60.0,92.0,,false
1645,60.0,107.0,,false
1646,60.0,110.0,,false
1647,60.0,95.0,,false
1648,60.0,82.0,,false
1649,100.0,202.0,,false
1650,100.0,208.0,,false
1651,900.0,10.0,,false
1652,1150.0,13.0,,false
1653,1000.0,8.0,,false
1654,1350.0,47.0,,true
1655,500.0,57.0,,true
1656,5000.0,18.0,,true
1657,2200.0,140.0,,true
1658,3500.0,374.0,,true
1659,5000.0,600.0,,true
1660,500.0,154.0,,true
1661,125.0,469.0,,true
1662,40.0,427.0,,true
1663,350.0,175.0,,true
1664,500.0,189.0,,false
1665,500.0,525.0,,false
1666,3300.0,23.0,,false
1667,3300.0,22.0,,false
1668,3300.0,27.0,,false
1669,60.0,179.0,,false
1670,60.0,237.0,,false
1671,60.0,181.0,,false
1672,800.0,5.0,,false
1673,60.0,100.0,,false
1674,60.0,88.0,,false
1675,60.0,111.0,,false
1676,60.0,89.0,,false
1677,60.0,114.0,,false
1678,60.0,90.0,,false
1679,60.0,113.0,,false
1680,60.0,83.0,,false
1681,60.0,120.0,,false
1682,100.0,222.0,,false
1683,100.0,193.0,,false
1684,900.0,7.0,,false
1685,1150.0,18.0,,false
1686,1000.0,7.0,,false
1687,1350.0,47.0,,true
1688,500.0,56.0,,true
1689,5000.0,18.0,,true
1690,2200.0,139.0,,true
1691,3500.0,242.0,,true
1692,5000.0,600.0,,true
1693,500.0,142.0,,true
1694,125.0,549.0,,true
1695,40.0,413.0,,true
1696,350.0,174.0,,true
1697,500.0,192.0,,false
1698,500.0,389.0,,false
1699,3300.0,23.0,,false
1700,3300.0,21.0,,false
1701,3300.0,28.0,,false
1702,60.0,204.0,,false
1703,60.0,177.0,,false
1704,60.0,181.0,,false
1705,60.0,157.0,,false
1706,800.0,4.0,,false
1707,60.0,83.0,,false
1708,60.0,84.0,,false
1709,60.0,96.0,,false
1710,60.0,83.0,,false
1711,60.0,116.0,,false
1712,60.0,91.0,,false
1713,60.0,117.0,,false
1714,60.0,81.0,,false
1715,60.0,83.0,,false
1716,60.0,88.0,,false
1717,100.0,193.0,,false
1718,100.0,236.0,,false
1719,900.0,10.0,,false
1720,1150.0,13.0,,false
1721,1000.0,8.0,,false
1722,1350.0,47.0,,true
1723,500.0,58.0,,true
1724,5000.0,17.0,,true
1725,2200.0,133.0,,true
1726,3500.0,221.0,,true
1727,5000.0,600.0,,true
1728,500.0,160.0,,true
1729,125.0,530.0,,true
1730,40.0,364.0,,true
1731,350.0,159.0,,true
1732,500.0,175.0,,false
1733,500.0,317.0,,false
1734,3300.0,27.0,,false
1735,3300.0,30.0,,false
1736,3300.0,21.0,,false
1737,60.0,244.0,,false
1738,60.0,189.0,,false
1739,60.0,173.0,,false
1740,800.0,4.0,,false
1741,60.0,93.0,,false
1742,60.0,82.0,,false
1743,60.0,84.0,,false
1744,60.0,99.0,,false
1745,60.0,91.0,,false
1746,60.0,84.0,,false
1747,60.0,108.0,,false
1748,60.0,92.0,,false
1749,100.0,207.0,,false
1750,100.0,215.0,,false
1751,900.0,9.0,,false
1752,1150.0,16.0,,false
1753,1000.0,8.0,,false
1754,1350.0,50.0,,true
1755,500.0,58.0,,true
1756,5000.0,16.0,,true
1757,2200.0,136.0,,true
1758,3500.0,371.0,,true
1759,5000.0,600.0,,true
1760,500.0,151.0,,true
1761,125.0,484.0,,true
1762,40.0,406.0,,true
1763,350.0,165.0,,true
1764,500.0,187.0,,false
1765,500.0,570.0,,false
1766,3300.0,29.0,,false
1767,3300.0,26.0,,false
1768,3300.0,25.0,,false
1769,60.0,249.0,,false
1770,60.0,231.0,,false
1771,60.0,156.0,,false
1772,60.0,170.0,,false
1773,800.0,6.0,,false
1774,60.0,91.0,,false
1775,60.0,95.0,,false
1776,60.0,117.0,,false
1777,60.0,118.0,,false
1778,60.0,82.0,,false
1779,60.0,95.0,,false
1780,60.0,118.0,,false
1781,100.0,246.0,,false
1782,100.0,196.0,,false
1783,900.0,8.0,,false
1784,1150.0,16.0,,false
1785,1000.0,5.0,,false
1786,1350.0,48.0,,true
1787,500.0,58.0,,true
1788,5000.0,18.0,,true
1789,2200.0,137.0,,true
1790,3500.0,256.0,,true
1791,5000.0,600.0,,true
1792,500.0,151.0,,true
1793,125.0,464.0,,true
1794,40.0,413.0,,true
1795,350.0,142.0,,true
1796,500.0,179.0,,false
1797,500.0,600.0,,false
1798,3300.0,26.0,,false
1799,3300.0,30.0,,false
1800,3300.0,27.0,,false
1801,60.0,224.0,,false
1802,60.0,217.0,,false
1803,60.0,166.0,,false
1804,800.0,4.0,,false
1805,60.0,100.0,,false
1806,60.0,108.0,,false
1807,60.0,85.0,,false
1808,60.0,112.0,,false
1809,60.0,96.0,,false
1810,60.0,108.0,,false
1811,60.0,89.0,,false
1812,60.0,119.0,,false
1813,100.0,222.0,,false
1814,100.0,188.0,,false
1815,900.0,10.0,,false
1816,1150.0,13.0,,false
1817,1000.0,5.0,,false
1818,1350.0,48.0,,true
1819,500.0,58.0,,true
1820,5000.0,20.0,,true
1821,2200.0,133.0,,true
1822,3500.0,295.0,,true
1823,5000.0,600.0,,true
1824,500.0,155.0,,true
1825,125.0,519.0,,true
1826,40.0,361.0,,true
1827,350.0,149.0,,true
1828,500.0,184.0,,false
1829,500.0,358.0,,false
1830,3300.0,21.0,,false
1831,3300.0,30.0,,false
1832,3300.0,27.0,,false
1833,60.0,198.0,,false
1834,60.0,190.0,,false
1835,60.0,243.0,,false
1836,60.0,240.0,,false
1837,800.0,4.0,,false
1838,60.0,95.0,,false
1839,60.0,89.0,,false
1840,60.0,84.0,,false
1841,60.0,118.0,,false
1842,60.0,110.0,,false
1843,60.0,95.0,,false
1844,100.0,246.0,,false
1845,100.0,196.0,,false
1846,900.0,8.0,,false
1847,1150.0,13.0,,false
1848,1000.0,8.0,,false
1849,1350.0,50.0,,true
1850,500.0,59.0,,true
1851,5000.0,18.0,,true
1852,2200.0,134.0,,true
1853,3500.0,235.0,,true
1854,5000.0,600.0,,true
1855,500.0,159.0,,true
1856,125.0,495.0,,true
1857,40.0,404.0,,true
1858,350.0,146.0,,true
1859,500.0,195.0,,false
1860,500.0,428.0,,false
1861,3300.0,21.0,,false
1862,3300.0,30.0,,false
1863,3300.0,29.0,,false
1864,60.0,151.0,,false
1865,60.0,234.0,,false
1866,60.0,197.0,,false
1867,60.0,248.0,,false
1868,800.0,6.0,,false
1869,60.0,91.0,,false
1870,60.0,99.0,,false
1871,60.0,98.0,,false
1872,60.0,101.0,,false
1873,60.0,90.0,,false
1874,60.0,84.0,,false
1875,60.0,84.0,,false
1876,100.0,199.0,,false
1877,100.0,196.0,,false
1878,900.0,8.0,,false
1879,1150.0,15.0,,false
1880,1000.0,7.0,,false
1881,1350.0,50.0,,true
1882,500.0,60.0,,true
1883,5000.0,16.0,,true
1884,2200.0,137.0,,true
1885,3500.0,282.0,,true
1886,5000.0,600.0,,true
1887,500.0,150.0,,true
1888,125.0,518.0,,true
1889,40.0,435.0,,true
1890,350.0,180.0,,true
1891,500.0,183.0,,false
1892,500.0,343.0,,false
1893,3300.0,24.0,,false
1894,3300.0,25.0,,false
1895,3300.0,22.0,,false
1896,60.0,230.0,,false
1897,60.0,168.0,,false
1898,60.0,200.0,,false
1899,800.0,5.0,,false
1900,60.0,98.0,,false
1901,60.0,113.0,,false
1902,60.0,114.0,,false
1903,60.0,104.0,,false
1904,60.0,82.0,,false
1905,60.0,101.0,,false
1906,100.0,215.0,,false
1907,100.0,186.0,,false
1908,900.0,8.0,,false
1909,1150.0,15.0,,false
1910,1000.0,6.0,,false
1911,1350.0,49.0,,true
1912,500.0,58.0,,true
1913,5000.0,17.0,,true
1914,2200.0,137.0,,true
1915,3500.0,356.0,,true
1916,5000.0,600.0,,true
1917,500.0,145.0,,true
1918,125.0,543.0,,true
1919,40.0,371.0,,true
1920,350.0,178.0,,true
1921,500.0,175.0,,false
1922,500.0,568.0,,false
1923,3300.0,25.0,,false
1924,3300.0,27.0,,false
1925,3300.0,27.0,,false
1926,60.0,234.0,,false
1927,60.0,186.0,,false
1928,60.0,229.0,,false
1929,800.0,6.0,,false
1930,60.0,114.0,,false
1931,60.0,90.0,,false
1932,60.0,90.0,,false
1933,60.0,91.0,,false
1934,60.0,93.0,,false
1935,60.0,102.0,,false
1936,60.0,109.0,,false
1937,100.0,206.0,,false
1938,100.0,221.0,,false
1939,900.0,10.0,,false
1940,1150.0,13.0,,false
1941,1000.0,5.0,,false
1942,1350.0,46.0,,true
1943,500.0,57.0,,true
1944,5000.0,18.0,,true
1945,2200.0,137.0,,true
1946,3500.0,286.0,,true
1947,5000.0,600.0,,true
1948,500.0,144.0,,true
1949,125.0,542.0,,true
1950,40.0,406.0,,true
1951,350.0,180.0,,true
1952,500.0,200.0,,false
1953,500.0,389.0,,false
1954,3300.0,26.0,,false
1955,3300.0,26.0,,false
1956,3300.0,22.0,,false
1957,60.0,196.0,,false
1958,60.0,240.0,,false
1959,60.0,151.0,,false
1960,800.0,6.0,,false
1961,60.0,89.0,,false
1962,60.0,87.0,,false
1963,60.0,112.0,,false
1964,60.0,84.0,,false
1965,60.0,110.0,,false
1966,60.0,112.0,,false
1967,100.0,213.0,,false
1968,100.0,191.0,,false
1969,900.0,7.0,,false
1970,1150.0,16.0,,false
1971,1000.0,5.0,,false
1972,1350.0,49.0,,true
1973,500.0,57.0,,true
1974,5000.0,18.0,,true
1975,2200.0,135.0,,true
1976,3500.0,287.0,,true
1977,5000.0,600.0,,true
1978,500.0,152.0,,true
1979,125.0,545.0,,true
1980,40.0,382.0,,true
1981,350.0,158.0,,true
1982,500.0,196.0,,false
1983,500.0,482.0,,false
1984,3300.0,25.0,,false
1985,3300.0,24.0,,false
1986,3300.0,25.0,,false
1987,60.0,154.0,,false
1988,60.0,240.0,,false
1989,60.0,233.0,,false
1990,800.0,6.0,,false
1991,60.0,92.0,,false
1992,60.0,100.0,,false
1993,60.0,106.0,,false
1994,60.0,81.0,,false
1995,60.0,109.0,,false
1996,60.0,103.0,,false
1997,100.0,216.0,,false
1998,100.0,246.0,,false
1999,900.0,7.0,,false
2000,1150.0,17.0,,false
2001,1000.0,8.0,,false
2002,1350.0,49.0,,true
2003,500.0,56.0,,true
2004,5000.0,20.0,,true
2005,2200.0,138.0,,true
2006,3500.0,368.0,,true
2007,5000.0,600.0,,true
2008,500.0,146.0,,true
2009,125.0,461.0,,true
2010,40.0,359.0,,true
2011,350.0,156.0,,true
2012,500.0,184.0,,false
2013,500.0,426.0,,false
2014,3300.0,22.0,,false
2015,3300.0,23.0,,false
2016,3300.0,22.0,,false
2017,60.0,244.0,,false
2018,60.0,151.0,,false
2019,60.0,210.0,,false
2020,800.0,4.0,,false
2021,60.0,111.0,,false
2022,60.0,90.0,,false
2023,60.0,90.0,,false
2024,60.0,107.0,,false
2025,60.0,91.0,,false
2026,60.0,103.0,,false
2027,60.0,108.0,,false
2028,60.0,114.0,,false
2029,60.0,104.0,,false
2030,100.0,227.0,,false
2031,100.0,203.0,,false
2032,900.0,9.0,,false
2033,1150.0,15.0,,false
2034,1000.0,7.0,,false
2035,1350.0,49.0,,true
2036,500.0,60.0,,true
2037,5000.0,19.0,,true
2038,2200.0,135.0,,true
2039,3500.0,281.0,,true
2040,5000.0,600.0,,true
2041,500.0,151.0,,true
2042,125.0,460.0,,true
2043,40.0,405.0,,true
2044,350.0,149.0,,true
2045,500.0,196.0,,false
2046,500.0,484.0,,false
2047,3300.0,30.0,,false
2048,3300.0,24.0,,false
2049,3300.0,22.0,,false
2050,60.0,177.0,,false
2051,60.0,239.0,,false
2052,60.0,155.0,,false
2053,800.0,6.0,,false
2054,60.0,95.0,,false
2055,60.0,110.0,,false
2056,60.0,113.0,,false
2057,60.0,118.0,,false
2058,60.0,101.0,,false
2059,60.0,105.0,,false
2060,60.0,91.0,,false
2061,100.0,243.0,,false
2062,100.0,248.0,,false
2063,900.0,8.0,,false
2064,1150.0,17.0,,false
2065,1000.0,5.0,,false
2066,1350.0,49.0,,true
2067,500.0,58.0,,true
2068,5000.0,19.0,,true
2069,2200.0,140.0,,true
2070,3500.0,368.0,,true
2071,5000.0,600.0,,true
2072,500.0,144.0,,true
2073,125.0,477.0,,true
2074,40.0,458.0,,true
2075,350.0,156.0,,true
2076,500.0,173.0,,false
2077,500.0,541.0,,false
2078,3300.0,25.0,,false
2079,3300.0,25.0,,false
2080,3300.0,21.0,,false
2081,60.0,205.0,,false
2082,60.0,157.0,,false
2083,60.0,234.0,,false
2084,800.0,6.0,,false
2085,60.0,117.0,,false
2086,60.0,81.0,,false
2087,60.0,92.0,,false
2088,60.0,113.0,,false
2089,60.0,108.0,,false
2090,60.0,108.0,,false
2091,60.0,100.0,,false
2092,60.0,110.0,,false
2093,60.0,95.0,,false
2094,60.0,114.0,,false
2095,100.0,217.0,,false
2096,100.0,234.0,,false
2097,900.0,8.0,,false
2098,1150.0,16.0,,false
2099,1000.0,5.0,,false
2100,1350.0,48.0,,true
2101,500.0,56.0,,true
2102,5000.0,19.0,,true
2103,2200.0,138.0,,true
2104,3500.0,232.0,,true
2105,5000.0,600.0,,true
2106,500.0,156.0,,true
2107,125.0,521.0,,true
2108,40.0,383.0,,true
2109,350.0,177.0,,true
2110,500.0,179.0,,false
2111,500.0,305.0,,false
2112,3300.0,24.0,,false
2113,3300.0,22.0,,false
2114,3300.0,26.0,,false
2115,60.0,236.0,,false
2116,60.0,188.0,,false
2117,60.0,229.0,,false
2118,800.0,6.0,,false
2119,60.0,110.0,,false
2120,60.0,84.0,,false
2121,60.0,118.0,,false
2122,60.0,106.0,,false
2123,60.0,97.0,,false
2124,60.0,81.0,,false
2125,60.0,98.0,,false
2126,60.0,89.0,,false
2127,60.0,88.0,,false
2128,60.0,84.0,,false
2129,100.0,189.0,,false
2130,100.0,189.0,,false
2131,900.0,8.0,,false
2132,1150.0,14.0,,false
2133,1000.0,5.0,,false
2134,1350.0,47.0,,true
2135,500.0,59.0,,true
2136,5000.0,16.0,,true
2137,2200.0,131.0,,true
2138,3500.0,223.0,,true
2139,5000.0,600.0,,true
2140,500.0,150.0,,true
2141,125.0,520.0,,true
2142,40.0,424.0,,true
2143,350.0,151.0,,true
2144,500.0,179.0,,false
2145,500.0,573.0,,false
2146,3300.0,22.0,,false
2147,3300.0,24.0,,false
2148,3300.0,30.0,,false
2149,60.0,158.0,,false
2150,60.0,200.0,,false
2151,60.0,185.0,,false
2152,60.0,216.0,,false
2153,800.0,6.0,,false
2154,60.0,115.0,,false
2155,60.0,82.0,,false
2156,60.0,89.0,,false
2157,60.0,102.0,,false
2158,60.0,100.0,,false
2159,60.0,115.0,,false
2160,60.0,82.0,,false
2161,60.0,102.0,,false
2162,60.0,107.0,,false
2163,100.0,211.0,,false
2164,100.0,203.0,,false
2165,900.0,7.0,,false
2166,1150.0,15.0,,false
2167,1000.0,7.0,,false
2168,1350.0,47.0,,true
2169,500.0,56.0,,true
2170,5000.0,16.0,,true
2171,2200.0,140.0,,true
2172,3500.0,211.0,,true
2173,5000.0,600.0,,true
2174,500.0,150.0,,true
2175,125.0,522.0,,true
2176,40.0,398.0,,true
2177,350.0,175.0,,true
2178,500.0,179.0,,false
2179,500.0,483.0,,false
2180,3300.0,28.0,,false
2181,3300.0,28.0,,false
2182,3300.0,22.0,,false
2183,60.0,240.0,,false
2184,60.0,211.0,,false
2185,60.0,207.0,,false
2186,800.0,5.0,,false
2187,60.0,81.0,,false
2188,60.0,98.0,,false
2189,60.0,101.0,,false
2190,60.0,116.0,,false
2191,60.0,120.0,,false
2192,60.0,94.0,,false
2193,60.0,85.0,,false
2194,60.0,97.0,,false
2195,60.0,114.0,,false
2196,60.0,102.0,,false
2197,100.0,222.0,,false
2198,100.0,184.0,,false
2199,900.0,8.0,,false
2200,1150.0,18.0,,false
2201,1000.0,6.0,,false
2202,1350.0,46.0,,true
2203,500.0,58.0,,true
2204,5000.0,17.0,,true
2205,2200.0,133.0,,true
2206,3500.0,372.0,,true
2207,5000.0,600.0,,true
2208,500.0,141.0,,true
2209,125.0,550.0,,true
2210,40.0,436.0,,true
2211,350.0,168.0,,true
2212,500.0,174.0,,false
2213,500.0,570.0,,false
2214,3300.0,26.0,,false
2215,3300.0,29.0,,false
2216,3300.0,27.0,,false
2217,60.0,203.0,,false
2218,60.0,190.0,,false
2219,60.0,160.0,,false
2220,800.0,5.0,,false
2221,60.0,83.0,,false
2222,60.0,98.0,,false
2223,60.0,99.0,,false
2224,60.0,119.0,,false
2225,60.0,95.0,,false
2226,60.0,97.0,,false
2227,60.0,115.0,,false
2228,60.0,103.0,,false
2229,60.0,114.0,,false
2230,100.0,238.0,,false
2231,100.0,188.0,,false
2232,900.0,10.0,,false
2233,1150.0,18.0,,false
2234,1000.0,6.0,,false
2235,1350.0,50.0,,true
2236,500.0,60.0,,true
2237,5000.0,18.0,,true
2238,2200.0,135.0,,true
2239,3500.0,305.0,,true
2240,5000.0,600.0,,true
2241,500.0,148.0,,true
2242,125.0,524.0,,true
2243,40.0,414.0,,true
2244,350.0,143.0,,true
2245,500.0,195.0,,false
2246,500.0,373.0,,false
2247,3300.0,27.0,,false
2248,3300.0,22.0,,false
2249,3300.0,26.0,,false
2250,60.0,163.0,,false
2251,60.0,187.0,,false
2252,60.0,212.0,,false
2253,60.0,244.0,,false
2254,800.0,4.0,,false
2255,60.0,108.0,,false
2256,60.0,114.0,,false
2257,60.0,81.0,,false
2258,60.0,101.0,,false
2259,60.0,100.0,,false
2260,60.0,120.0,,false
2261,60.0,92.0,,false
2262,60.0,113.0,,false
2263,100.0,187.0,,false
2264,100.0,212.0,,false
2265,900.0,10.0,,false
2266,1150.0,17.0,,false
2267,1000.0,6.0,,false
2268,1350.0,46.0,,true
2269,500.0,58.0,,true
2270,5000.0,18.0,,true
2271,2200.0,136.0,,true
2272,3500.0,342.0,,true
2273,5000.0,600.0,,true
2274,500.0,141.0,,true
2275,125.0,548.0,,true
2276,40.0,410.0,,true
2277,350.0,166.0,,true
2278,500.0,172.0,,false
2279,500.0,374.0,,false
2280,3300.0,21.0,,false
2281,3300.0,23.0,,false
2282,3300.0,21.0,,false
2283,60.0,241.0,,false
2284,60.0,157.0,,false
2285,60.0,203.0,,false
2286,60.0,166.0,,false
2287,800.0,4.0,,false
2288,60.0,96.0,,false
2289,60.0,104.0,,false
2290,60.0,118.0,,false
2291,60.0,87.0,,false
2292,60.0,104.0,,false
2293,60.0,113.0,,false
2294,100.0,182.0,,false
2295,100.0,203.0,,false
2296,900.0,7.0,,false
2297,1150.0,15.0,,false
2298,1000.0,6.0,,false
2299,1350.0,46.0,,true
2300,500.0,56.0,,true
2301,5000.0,20.0,,true
2302,2200.0,139.0,,true
2303,3500.0,296.0,,true
2304,5000.0,600.0,,true
2305,500.0,145.0,,true
2306,125.0,539.0,,true
2307,40.0,426.0,,true
2308,350.0,157.0,,true
2309,500.0,193.0,,false
2310,500.0,527.0,,false
2311,3300.0,25.0,,false
2312,3300.0,26.0,,false
2313,3300.0,21.0,,false
2314,60.0,160.0,,false
2315,60.0,216.0,,false
2316,60.0,183.0,,false
2317,800.0,5.0,,false
2318,60.0,91.0,,false
2319,60.0,84.0,,false
2320,60.0,104.0,,false
2321,60.0,111.0,,false
2322,60.0,115.0,,false
2323,60.0,83.0,,false
2324,60.0,118.0,,false
2325,60.0,100.0,,false
2326,60.0,96.0,,false
2327,60.0,93.0,,false
2328,100.0,190.0,,false
2329,100.0,183.0,,false
2330,900.0,10.0,,false
2331,1150.0,17.0,,false
2332,1000.0,5.0,,false
2333,1350.0,49.0,,true
2334,500.0,58.0,,true
2335,5000.0,19.0,,true
2336,2200.0,139.0,,true
2337,3500.0,346.0,,true
2338,5000.0,600.0,,true
2339,500.0,158.0,,true
2340,125.0,492.0,,true
2341,40.0,354.0,,true
2342,350.0,174.0,,true
2343,500.0,188.0,,false
2344,500.0,403.0,,false
2345,3300.0,29.0,,false
2346,3300.0,24.0,,false
2347,3300.0,29.0,,false
2348,60.0,250.0,,false
2349,60.0,209.0,,false
2350,60.0,163.0,,false
2351,60.0,248.0,,false
2352,800.0,6.0,,false
2353,60.0,109.0,,false
2354,60.0,90.0,,false
2355,60.0,120.0,,false
2356,60.0,95.0,,false
2357,60.0,84.0,,false
2358,60.0,109.0,,false
2359,60.0,106.0,,false
2360,60.0,86.0,,false
2361,60.0,94.0,,false
2362,60.0,110.0,,false
2363,100.0,192.0,,false
2364,100.0,222.0,,false
2365,900.0,9.0,,false
2366,1150.0,13.0,,false
2367,1000.0,5.0,,false
2368,1350.0,50.0,,true
2369,500.0,60.0,,true
2370,5000.0,17.0,,true
2371,2200.0,137.0,,true
2372,3500.0,400.0,,true
2373,5000.0,600.0,,true
2374,500.0,157.0,,true
2375,125.0,500.0,,true
2376,40.0,421.0,,true
2377,350.0,169.0,,true
2378,500.0,174.0,,false
2379,500.0,485.0,,false
2380,3300.0,23.0,,false
2381,3300.0,29.0,,false
2382,3300.0,30.0,,false
2383,60.0,228.0,,false
2384,60.0,213.0,,false
2385,60.0,247.0,,false
2386,60.0,170.0,,false
2387,800.0,4.0,,false
2388,60.0,111.0,,false
2389,60.0,95.0,,false
2390,60.0,108.0,,false
2391,60.0,86.0,,false
2392,60.0,116.0,,false
2393,60.0,98.0,,false
2394,60.0,85.0,,false
2395,60.0,112.0,,false
2396,100.0,213.0,,false
2397,100.0,198.0,,false
2398,900.0,10.0,,false
2399,1150.0,13.0,,false
2400,1000.0,6.0,,false
2401,1350.0,47.0,,true
2402,500.0,57.0,,true
2403,5000.0,20.0,,true
2404,2200.0,138.0,,true
2405,3500.0,289.0,,true
2406,5000.0,600.0,,true
2407,500.0,151.0,,true
2408,125.0,526.0,,true
2409,40.0,425.0,,true
2410,350.0,174.0,,true
2411,500.0,186.0,,false
2412,500.0,360.0,,false
2413,3300.0,29.0,,false
2414,3300.0,26.0,,false
2415,3300.0,25.0,,false
2416,60.0,237.0,,false
2417,60.0,199.0,,false
2418,60.0,176.0,,false
2419,60.0,227.0,,false
2420,800.0,4.0,,false
2421,60.0,110.0,,false
2422,60.0,94.0,,false
2423,60.0,93.0,,false
2424,60.0,104.0,,false
2425,60.0,93.0,,false
2426,60.0,118.0,,false
2427,60.0,99.0,,false
2428,100.0,221.0,,false
2429,100.0,200.0,,false
2430,900.0,10.0,,false
2431,1150.0,18.0,,false
2432,1000.0,7.0,,false
2433,1350.0,48.0,,true
2434,500.0,58.0,,true
2435,5000.0,19.0,,true
2436,2200.0,132.0,,true
2437,3500.0,341.0,,true
2438,5000.0,600.0,,true
2439,500.0,155.0,,true
2440,125.0,542.0,,true
2441,40.0,441.0,,true
2442,350.0,180.0,,true
2443,500.0,178.0,,false
2444,500.0,348.0,,false
2445,3300.0,21.0,,false
2446,3300.0,29.0,,false
2447,3300.0,21.0,,false
2448,60.0,198.0,,false
2449,60.0,189.0,,false
2450,60.0,209.0,,false
2451,800.0,5.0,,false
2452,60.0,102.0,,false
2453,60.0,111.0,,false
2454,60.0,93.0,,false
2455,60.0,114.0,,false
2456,60.0,114.0,,false
2457,60.0,82.0,,false
2458,60.0,113.0,,false
2459,100.0,239.0,,false
2460,100.0,191.0,,false
2461,900.0,10.0,,false
2462,1150.0,18.0,,false
2463,1000.0,8.0,,false
2464,1350.0,49.0,,true
2465,500.0,59.0,,true
2466,5000.0,16.0,,true
2467,2200.0,137.0,,true
2468,3500.0,390.0,,true
2469,5000.0,600.0,,true
2470,500.0,144.0,,true
2471,125.0,533.0,,true
2472,40.0,449.0,,true
2473,350.0,180.0,,true
2474,500.0,190.0,,false
2475,500.0,598.0,,false
2476,3300.0,27.0,,false
2477,3300.0,23.0,,false
2478,3300.0,28.0,,false
2479,60.0,244.0,,false
2480,60.0,185.0,,false
2481,60.0,248.0,,false
2482,60.0,199.0,,false
2483,800.0,6.0,,false
2484,60.0,84.0,,false
2485,60.0,95.0,,false
2486,60.0,118.0,,false
2487,60.0,118.0,,false
2488,60.0,89.0,,false
2489,60.0,94.0,,false
2490,60.0,91.0,,false
2491,60.0,111.0,,false
2492,60.0,110.0,,false
2493,100.0,221.0,,false
2494,100.0,204.0,,false
2495,900.0,7.0,,false
2496,1150.0,15.0,,false
2497,1000.0,7.0,,false
2498,1350.0,47.0,,true
2499,500.0,59.0,,true
2500,5000.0,17.0,,true
2501,2200.0,132.0,,true
2502,3500.0,213.0,,true
2503,5000.0,600.0,,true
2504,500.0,143.0,,true
2505,125.0,528.0,,true
2506,40.0,401.0,,true
2507,350.0,142.0,,true
2508,500.0,189.0,,false
2509,500.0,424.0,,false
2510,3300.0,29.0,,false
2511,3300.0,29.0,,false
2512,3300.0,26.0,,false
2513,60.0,167.0,,false
2514,60.0,186.0,,false
2515,60.0,165.0,,false
2516,800.0,5.0,,false
2517,60.0,98.0,,false
2518,60.0,102.0,,false
2519,60.0,113.0,,false
2520,60.0,102.0,,false
2521,60.0,83.0,,false
2522,60.0,81.0,,false
2523,60.0,104.0,,false
2524,60.0,83.0,,false
2525,100.0,181.0,,false
2526,100.0,249.0,,false
2527,900.0,10.0,,false
2528,1150.0,18.0,,false
2529,1000.0,7.0,,false
2530,1350.0,49.0,,true
2531,500.0,60.0,,true
2532,5000.0,18.0,,true
2533,2200.0,131.0,,true
2534,3500.0,382.0,,true
2535,5000.0,600.0,,true
2536,500.0,142.0,,true
2537,125.0,490.0,,true
2538,40.0,451.0,,true
2539,350.0,161.0,,true
2540,500.0,172.0,,false
2541,500.0,570.0,,false
2542,3300.0,24.0,,false
2543,3300.0,21.0,,false
2544,3300.0,29.0,,false
2545,60.0,236.0,,false
2546,60.0,235.0,,false
2547,60.0,221.0,,false
2548,800.0,6.0,,false
2549,60.0,93.0,,false
2550,60.0,86.0,,false
2551,60.0,81.0,,false
2552,60.0,119.0,,false
2553,60.0,107.0,,false
2554,60.0,92.0,,false
2555,60.0,119.0,,false
2556,60.0,85.0,,false
2557,60.0,120.0,,false
2558,100.0,228.0,,false
2559,100.0,234.0,,false
2560,900.0,10.0,,false
2561,1150.0,13.0,,false
2562,1000.0,8.0,,false
2563,1350.0,47.0,,true
2564,500.0,59.0,,true
2565,5000.0,18.0,,true
2566,2200.0,137.0,,true
2567,3500.0,327.0,,true
2568,5000.0,600.0,,true
2569,500.0,153.0,,true
2570,125.0,480.0,,true
2571,40.0,410.0,,true
2572,350.0,168.0,,true
2573,500.0,178.0,,false
2574,500.0,442.0,,false
2575,3300.0,27.0,,false
2576,3300.0,21.0,,false
2577,3300.0,27.0,,false
2578,60.0,214.0,,false
2579,60.0,173.0,,false
2580,60.0,231.0,,false
2581,60.0,224.0,,false
2582,800.0,5.0,,false
2583,60.0,105.0,,false
2584,60.0,102.0,,false
2585,60.0,95.0,,false
2586,60.0,88.0,,false
2587,60.0,109.0,,false
2588,60.0,90.0,,false
2589,100.0,233.0,,false
2590,100.0,207.0,,false
2591,900.0,10.0,,false
2592,1150.0,14.0,,false
2593,1000.0,7.0,,false
2594,1350.0,47.0,,true
2595,500.0,58.0,,true
2596,5000.0,19.0,,true
2597,2200.0,138.0,,true
2598,3500.0,204.0,,true
2599,5000.0,600.0,,true
2600,500.0,157.0,,true
2601,125.0,462.0,,true
2602,40.0,375.0,,true
2603,350.0,152.0,,true
2604,500.0,186.0,,false
2605,500.0,462.0,,false
2606,3300.0,21.0,,false
2607,3300.0,29.0,,false
2608,3300.0,28.0,,false
2609,60.0,199.0,,false
2610,60.0,224.0,,false
2611,60.0,204.0,,false
2612,800.0,4.0,,false
2613,60.0,81.0,,false
2614,60.0,81.0,,false
2615,60.0,89.0,,false
2616,60.0,112.0,,false
2617,60.0,116.0,,false
2618,60.0,119.0,,false
2619,60.0,103.0,,false
2620,100.0,205.0,,false
2621,100.0,182.0,,false
2622,900.0,7.0,,false
2623,1150.0,18.0,,false
2624,1000.0,6.0,,false
2625,1350.0,49.0,,true
2626,500.0,58.0,,true
2627,5000.0,19.0,,true
2628,2200.0,138.0,,true
2629,3500.0,368.0,,true
2630,5000.0,600.0,,true
2631,500.0,147.0,,true
2632,125.0,537.0,,true
2633,40.0,454.0,,true
2634,350.0,157.0,,true
2635,500.0,180.0,,false
2636,500.0,536.0,,false
2637,3300.0,26.0,,false
2638,3300.0,25.0,,false
2639,3300.0,21.0,,false
2640,60.0,168.0,,false
2641,60.0,215.0,,false
2642,60.0,241.0,,false
2643,800.0,4.0,,false
2644,60.0,86.0,,false
2645,60.0,103.0,,false
2646,60.0,107.0,,false
2647,60.0,117.0,,false
2648,60.0,113.0,,false
2649,60.0,119.0,,false
2650,60.0,118.0,,false
2651,100.0,186.0,,false
2652,100.0,206.0,,false
2653,900.0,7.0,,false
2654,1150.0,13.0,,false
2655,1000.0,7.0,,false
2656,1350.0,47.0,,true
2657,500.0,58.0,,true
2658,5000.0,20.0,,true
2659,2200.0,133.0,,true
2660,3500.0,374.0,,true
2661,5000.0,600.0,,true
2662,500.0,150.0,,true
2663,125.0,504.0,,true
2664,40.0,356.0,,true
2665,350.0,152.0,,true
2666,500.0,174.0,,false
2667,500.0,480.0,,false
2668,3300.0,22.0,,false
2669,3300.0,24.0,,false
2670,3300.0,29.0,,false
2671,60.0,235.0,,false
2672,60.0,248.0,,false
2673,60.0,194.0,,false
2674,60.0,249.0,,false
2675,800.0,5.0,,false
2676,60.0,118.0,,false
2677,60.0,81.0,,false
2678,60.0,97.0,,false
2679,60.0,100.0,,false
2680,60.0,90.0,,false
2681,60.0,113.0,,false
2682,100.0,226.0,,false
2683,100.0,246.0,,false
2684,900.0,7.0,,false
2685,1150.0,16.0,,false
2686,1000.0,6.0,,false
2687,1350.0,47.0,,true
2688,500.0,58.0,,true
2689,5000.0,16.0,,true
2690,2200.0,135.0,,true
2691,3500.0,206.0,,true
2692,5000.0,600.0,,true
2693,500.0,150.0,,true
2694,125.0,457.0,,true
2695,40.0,357.0,,true
2696,350.0,173.0,,true
2697,500.0,194.0,,false
2698,500.0,571.0,,false
2699,3300.0,21.0,,false
2700,3300.0,28.0,,false
2701,3300.0,28.0,,false
2702,60.0,188.0,,false
2703,60.0,155.0,,false
2704,60.0,171.0,,false
2705,800.0,5.0,,false
2706,60.0,107.0,,false
2707,60.0,118.0,,false
2708,60.0,90.0,,false
2709,60.0,107.0,,false
2710,60.0,89.0,,false
2711,60.0,94.0,,false
2712,60.0,84.0,,false
2713,60.0,114.0,,false
2714,100.0,226.0,,false
2715,100.0,213.0,,false
2716,900.0,7.0,,false
2717,1150.0,14.0,,false
2718,1000.0,7.0,,false
2719,1350.0,49.0,,true
2720,500.0,57.0,,true
2721,5000.0,17.0,,true
2722,2200.0,136.0,,true
2723,3500.0,298.0,,true
2724,5000.0,600.0,,true
2725,500.0,148.0,,true
2726,125.0,453.0,,true
2727,40.0,372.0,,true
2728,350.0,177.0,,true
2729,500.0,189.0,,false
2730,500.0,321.0,,false
2731,3300.0,22.0,,false
2732,3300.0,22.0,,false
2733,3300.0,25.0,,false
2734,60.0,212.0,,false
2735,60.0,208.0,,false
2736,60.0,200.0,,false
2737,800.0,6.0,,false
2738,60.0,107.0,,false
2739,60.0,91.0,,false
2740,60.0,88.0,,false
2741,60.0,118.0,,false
2742,60.0,99.0,,false
2743,60.0,103.0,,false
2744,60.0,97.0,,false
2745,60.0,115.0,,false
2746,60.0,110.0,,false
2747,60.0,116.0,,false
2748,100.0,205.0,,false
2749,100.0,244.0,,false
2750,900.0,7.0,,false
2751,1150.0,13.0,,false
2752,1000.0,5.0,,false
2753,1350.0,47.0,,true
2754,500.0,60.0,,true
2755,5000.0,16.0,,true
2756,2200.0,133.0,,true
2757,3500.0,219.0,,true
2758,5000.0,600.0,,true
2759,500.0,152.0,,true
2760,125.0,463.0,,true
2761,40.0,353.0,,true
2762,350.0,165.0,,true
2763,500.0,187.0,,false
2764,500.0,341.0,,false
2765,3300.0,22.0,,false
2766,3300.0,27.0,,false
2767,3300.0,28.0,,false
2768,60.0,207.0,,false
2769,60.0,197.0,,false
2770,60.0,166.0,,false
2771,800.0,4.0,,false
2772,60.0,82.0,,false
2773,60.0,108.0,,false
2774,60.0,93.0,,false
2775,60.0,119.0,,false
2776,60.0,93.0,,false
2777,60.0,114.0,,false
2778,60.0,90.0,,false
2779,100.0,196.0,,false
2780,100.0,237.0,,false
2781,900.0,10.0,,false
2782,1150.0,16.0,,false
2783,1000.0,5.0,,false
2784,1350.0,50.0,,true
2785,500.0,60.0,,true
2786,5000.0,17.0,,true
2787,2200.0,133.0,,true
2788,3500.0,214.0,,true
2789,5000.0,600.0,,true
2790,500.0,157.0,,true
2791,125.0,474.0,,true
2792,40.0,373.0,,true
2793,350.0,147.0,,true
2794,500.0,195.0,,false
2795,500.0,539.0,,false
2796,3300.0,26.0,,false
2797,3300.0,27.0,,false
2798,3300.0,23.0,,false
2799,60.0,203.0,,false
2800,60.0,194.0,,false
2801,60.0,239.0,,false
2802,60.0,192.0,,false
2803,800.0,4.0,,false
2804,60.0,85.0,,false
2805,60.0,100.0,,false
2806,60.0,107.0,,false
2807,60.0,106.0,,false
2808,60.0,113.0,,false
2809,60.0,108.0,,false
2810,60.0,104.0,,false
2811,60.0,107.0,,false
2812,100.0,185.0,,false
2813,100.0,215.0,,false
2814,900.0,8.0,,false
2815,1150.0,16.0,,false
2816,1000.0,5.0,,false
2817,1350.0,46.0,,true
2818,500.0,60.0,,true
2819,5000.0,19.0,,true
2820,2200.0,138.0,,true
2821,3500.0,340.0,,true
2822,5000.0,600.0,,true
2823,500.0,146.0,,true
2824,125.0,455.0,,true
2825,40.0,404.0,,true
2826,350.0,166.0,,true
2827,500.0,190.0,,false
2828,500.0,543.0,,false
2829,3300.0,24.0,,false
2830,3300.0,27.0,,false
2831,3300.0,22.0,,false
2832,60.0,189.0,,false
2833,60.0,168.0,,false
2834,60.0,160.0,,false
2835,800.0,5.0,,false
2836,60.0,120.0,,false
2837,60.0,103.0,,false
2838,60.0,99.0,,false
2839,60.0,94.0,,false
2840,60.0,98.0,,false
2841,60.0,96.0,,false
2842,60.0,84.0,,false
2843,100.0,217.0,,false
2844,100.0,193.0,,false
2845,900.0,10.0,,false
2846,1150.0,14.0,,false
2847,1000.0,7.0,,false
2848,1350.0,48.0,,true
2849,500.0,57.0,,true
2850,5000.0,19.0,,true
2851,2200.0,139.0,,true
2852,3500.0,206.0,,true
2853,5000.0,600.0,,true
2854,500.0,156.0,,true
2855,125.0,523.0,,true
2856,40.0,352.0,,true
2857,350.0,179.0,,true
2858,500.0,179.0,,false
2859,500.0,478.0,,false
2860,3300.0,24.0,,false
2861,3300.0,27.0,,false
2862,3300.0,30.0,,false
2863,60.0,185.0,,false
2864,60.0,211.0,,false
2865,60.0,214.0,,false
2866,60.0,167.0,,false
2867,800.0,5.0,,false
2868,60.0,113.0,,false
2869,60.0,112.0,,false
2870,60.0,116.0,,false
2871,60.0,84.0,,false
2872,60.0,116.0,,false
2873,60.0,89.0,,false
2874,60.0,109.0,,false
2875,100.0,189.0,,false
2876,100.0,226.0,,false
2877,900.0,9.0,,false
2878,1150.0,15.0,,false
2879,1000.0,8.0,,false
2880,1350.0,47.0,,true
2881,500.0,60.0,,true
2882,5000.0,16.0,,true
2883,2200.0,131.0,,true
2884,3500.0,263.0,,true
2885,5000.0,600.0,,true
2886,500.0,141.0,,true
2887,125.0,499.0,,true
2888,40.0,442.0,,true
2889,350.0,180.0,,true
2890,500.0,187.0,,false
2891,500.0,366.0,,false
2892,3300.0,28.0,,false
2893,3300.0,23.0,,false
2894,3300.0,30.0,,false
2895,60.0,232.0,,false
2896,60.0,198.0,,false
2897,60.0,166.0,,false
2898,800.0,6.0,,false
2899,60.0,111.0,,false
2900,60.0,98.0,,false
2901,60.0,81.0,,false
2902,60.0,87.0,,false
2903,60.0,86.0,,false
2904,60.0,104.0,,false
2905,60.0,82.0,,false
2906,60.0,120.0,,false
2907,100.0,220.0,,false
2908,100.0,205.0,,false
2909,900.0,7.0,,false
2910,1150.0,17.0,,false
2911,1000.0,5.0,,false
2912,1350.0,47.0,,true
2913,500.0,58.0,,true
2914,5000.0,17.0,,true
2915,2200.0,140.0,,true
2916,3500.0,281.0,,true
2917,5000.0,600.0,,true
2918,500.0,159.0,,true
2919,125.0,506.0,,true
2920,40.0,379.0,,true
2921,350.0,141.0,,true
2922,500.0,182.0,,false
2923,500.0,343.0,,false
2924,3300.0,23.0,,false
2925,3300.0,30.0,,false
2926,3300.0,29.0,,false
2927,60.0,197.0,,false
2928,60.0,159.0,,false
2929,60.0,163.0,,false
2930,800.0,4.0,,false
2931,60.0,113.0,,false
2932,60.0,104.0,,false
2933,60.0,108.0,,false
2934,60.0,83.0,,false
2935,60.0,112.0,,false
2936,60.0,99.0,,false
2937,60.0,101.0,,false
2938,60.0,84.0,,false
2939,100.0,206.0,,false
2940,100.0,209.0,,false
2941,900.0,8.0,,false
2942,1150.0,15.0,,false
2943,1000.0,7.0,,false
2944,1350.0,48.0,,true
2945,500.0,60.0,,true
2946,5000.0,16.0,,true
2947,2200.0,134.0,,true
2948,3500.0,339.0,,true
2949,5000.0,600.0,,true
2950,500.0,156.0,,true
2951,125.0,532.0,,true
2952,40.0,357.0,,true
2953,350.0,179.0,,true
2954,500.0,196.0,,false
2955,500.0,382.0,,false
2956,3300.0,30.0,,false
2957,3300.0,27.0,,false
2958,3300.0,23.0,,false
2959,60.0,153.0,,false
2960,60.0,194.0,,false
2961,60.0,196.0,,false
2962,60.0,160.0,,false
2963,800.0,4.0,,false
2964,60.0,104.0,,false
2965,60.0,104.0,,false
2966,60.0,99.0,,false
2967,60.0,100.0,,false
2968,60.0,105.0,,false
2969,60.0,90.0,,false
2970,60.0,96.0,,false
2971,60.0,111.0,,false
2972,60.0,117.0,,false
2973,60.0,118.0,,false
2974,100.0,183.0,,false
2975,100.0,235.0,,false
2976,900.0,7.0,,false
2977,1150.0,15.0,,false
2978,1000.0,7.0,,false
2979,1350.0,46.0,,true
2980,500.0,60.0,,true
2981,5000.0,19.0,,true
2982,2200.0,139.0,,true
2983,3500.0,292.0,,true
2984,5000.0,600.0,,true
2985,500.0,155.0,,true
2986,125.0,512.0,,true
2987,40.0,373.0,,true
2988,350.0,163.0,,true
2989,500.0,186.0,,false
2990,500.0,594.0,,false
2991,3300.0,28.0,,false
2992,3300.0,29.0,,false
2993,3300.0,22.0,,false
2994,60.0,162.0,,false
2995,60.0,217.0,,false
2996,60.0,226.0,,false
2997,60.0,156.0,,false
2998,800.0,5.0,,false
2999,60.0,81.0,,false
3000,60.0,111.0,,false
3001,60.0,100.0,,false
3002,60.0,116.0,,false
3003,60.0,105.0,,false
3004,60.0,113.0,,false
3005,60.0,87.0,,false
3006,60.0,93.0,,false
3007,100.0,184.0,,false
3008,100.0,245.0,,false
3009,900.0,7.0,,false
3010,1150.0,14.0,,false
3011,1000.0,7.0,,false
3012,1350.0,48.0,,true
3013,500.0,59.0,,true
3014,5000.0,18.0,,true
3015,2200.0,131.0,,true
3016,3500.0,330.0,,true
3017,5000.0,600.0,,true
3018,500.0,141.0,,true
3019,125.0,522.0,,true
3020,40.0,388.0,,true
3021,350.0,179.0,,true
3022,500.0,188.0,,false
3023,500.0,413.0,,false
3024,3300.0,23.0,,false
3025,3300.0,29.0,,false
3026,3300.0,26.0,,false
3027,60.0,237.0,,false
3028,60.0,197.0,,false
3029,60.0,246.0,,false
3030,60.0,158.0,,false
3031,800.0,6.0,,false
3032,60.0,97.0,,false
3033,60.0,91.0,,false
3034,60.0,84.0,,false
3035,60.0,110.0,,false
3036,60.0,84.0,,false
3037,60.0,120.0,,false
3038,60.0,95.0,,false
3039,60.0,118.0,,false
3040,100.0,245.0,,false
3041,100.0,215.0,,false
3042,900.0,8.0,,false
3043,1150.0,17.0,,false
3044,1000.0,5.0,,false
3045,1350.0,49.0,,true
3046,500.0,56.0,,true
3047,5000.0,17.0,,true
3048,2200.0,136.0,,true
3049,3500.0,292.0,,true
3050,5000.0,600.0,,true
3051,500.0,141.0,,true
3052,125.0,454.0,,true
3053,40.0,375.0,,true
3054,350.0,150.0,,true
3055,500.0,199.0,,false
3056,500.0,351.0,,false
3057,3300.0,30.0,,false
3058,3300.0,22.0,,false
3059,3300.0,29.0,,false
3060,60.0,183.0,,false
3061,60.0,197.0,,false
3062,60.0,214.0,,false
3063,800.0,5.0,,false
3064,60.0,120.0,,false
3065,60.0,85.0,,false
3066,60.0,82.0,,false
3067,60.0,85.0,,false
3068,60.0,97.0,,false
3069,60.0,105.0,,false
3070,60.0,107.0,,false
3071,100.0,190.0,,false
3072,100.0,209.0,,false
3073,900.0,10.0,,false
3074,1150.0,16.0,,false
3075,1000.0,7.0,,false
3076,1350.0,47.0,,true
3077,500.0,57.0,,true
3078,5000.0,17.0,,true
3079,2200.0,132.0,,true
3080,3500.0,340.0,,true
3081,5000.0,600.0,,true
3082,500.0,160.0,,true
3083,125.0,492.0,,true
3084,40.0,408.0,,true
3085,350.0,149.0,,true
3086,500.0,194.0,,false
3087,500.0,421.0,,false
3088,3300.0,28.0,,false
3089,3300.0,24.0,,false
3090,3300.0,24.0,,false
3091,60.0,169.0,,false
3092,60.0,225.0,,false
3093,60.0,247.0,,false
3094,60.0,160.0,,false
3095,800.0,6.0,,false
3096,60.0,112.0,,false
3097,60.0,110.0,,false
3098,60.0,95.0,,false
3099,60.0,111.0,,false
3100,60.0,83.0,,false
3101,60.0,85.0,,false
3102,100.0,193.0,,false
3103,100.0,201.0,,false
3104,900.0,8.0,,false
3105,1150.0,17.0,,false
3106,1000.0,8.0,,false
3107,1350.0,49.0,,true
3108,500.0,56.0,,true
3109,5000.0,16.0,,true
3110,2200.0,132.0,,true
3111,3500.0,292.0,,true
3112,5000.0,600.0,,true
3113,500.0,159.0,,true
3114,125.0,484.0,,true
3115,40.0,400.0,,true
3116,350.0,152.0,,true
3117,500.0,195.0,,false
3118,500.0,444.0,,false
3119,3300.0,29.0,,false
3120,3300.0,22.0,,false
3121,3300.0,27.0,,false
3122,60.0,210.0,,false
3123,60.0,236.0,,false
3124,60.0,246.0,,false
3125,800.0,4.0,,false
3126,60.0,86.0,,false
3127,60.0,112.0,,false
3128,60.0,81.0,,false
3129,60.0,87.0,,false
3130,60.0,100.0,,false
3131,60.0,87.0,,false
3132,100.0,187.0,,false
3133,100.0,213.0,,false
3134,900.0,8.0,,false
3135,1150.0,14.0,,false
3136,1000.0,5.0,,false
3137,1350.0,50.0,,true
3138,500.0,59.0,,true
3139,5000.0,17.0,,true
3140,2200.0,136.0,,true
3141,3500.0,341.0,,true
3142,5000.0,600.0,,true
3143,500.0,147.0,,true
3144,125.0,508.0,,true
3145,40.0,367.0,,true
3146,350.0,171.0,,true
3147,500.0,176.0,,false
3148,500.0,445.0,,false
3149,3300.0,29.0,,false
3150,3300.0,24.0,,false
3151,3300.0,27.0,,false
3152,60.0,168.0,,false
3153,60.0,210.0,,false
3154,60.0,169.0,,false
3155,800.0,5.0,,false
3156,60.0,91.0,,false
3157,60.0,119.0,,false
3158,60.0,104.0,,false
3159,60.0,98.0,,false
3160,60.0,110.0,,false
3161,60.0,100.0,,false
3162,100.0,220.0,,false
3163,100.0,186.0,,false
3164,900.0,9.0,,false
3165,1150.0,14.0,,false
3166,1000.0,7.0,,false
3167,1350.0,47.0,,true
3168,500.0,58.0,,true
3169,5000.0,17.0,,true
3170,2200.0,137.0,,true
3171,3500.0,277.0,,true
3172,5000.0,600.0,,true
3173,500.0,145.0,,true
3174,125.0,498.0,,true
3175,40.0,433.0,,true
3176,350.0,174.0,,true
3177,500.0,172.0,,false
3178,500.0,593.0,,false
3179,3300.0,21.0,,false
3180,3300.0,26.0,,false
3181,3300.0,25.0,,false
3182,60.0,235.0,,false
3183,60.0,176.0,,false
3184,60.0,187.0,,false
3185,60.0,238.0,,false
3186,800.0,5.0,,false
3187,60.0,83.0,,false
3188,60.0,110.0,,false
3189,60.0,115.0,,false
3190,60.0,107.0,,false
3191,60.0,94.0,,false
3192,60.0,114.0,,false
3193,60.0,103.0,,false
3194,60.0,85.0,,false
3195,60.0,89.0,,false
3196,100.0,242.0,,false
3197,100.0,195.0,,false
3198,900.0,7.0,,false
3199,1150.0,14.0,,false
3200,1000.0,8.0,,false
3201,1350.0,49.0,,true
3202,500.0,56.0,,true
3203,5000.0,18.0,,true
3204,2200.0,133.0,,true
3205,3500.0,363.0,,true
3206,5000.0,600.0,,true
3207,500.0,141.0,,true
3208,125.0,495.0,,true
3209,40.0,378.0,,true
3210,350.0,149.0,,true
3211,500.0,185.0,,false
3212,500.0,378.0,,false
3213,3300.0,25.0,,false
3214,3300.0,30.0,,false
3215,3300.0,25.0,,false
3216,60.0,235.0,,false
3217,60.0,211.0,,false
3218,60.0,199.0,,false
3219,800.0,5.0,,false
3220,60.0,93.0,,false
3221,60.0,91.0,,false
3222,60.0,118.0,,false
3223,60.0,92.0,,false
3224,60.0,86.0,,false
3225,60.0,103.0,,false
3226,60.0,103.0,,false
3227,60.0,118.0,,false
3228,60.0,95.0,,false
3229,60.0,110.0,,false
3230,100.0,225.0,,false
3231,100.0,183.0,,false
3232,900.0,7.0,,false
3233,1150.0,15.0,,false
3234,1000.0,6.0,,false
