Reference,height,width,stripwidth,preemptable
1,1350.0,49.0,720,true
2,500.0,59.0,,true
3,5000.0,19.0,,true
4,2200.0,132.0,,true
5,3500.0,248.0,,true
6,5000.0,600.0,,true
7,500.0,157.0,,true
8,125.0,467.0,,true
9,40.0,390.0,,true
10,350.0,173.0,,true
11,500.0,185.0,,false
12,500.0,447.0,,false
13,3300.0,24.0,,false
14,3300.0,29.0,,false
15,3300.0,24.0,,false
16,60.0,234.0,,false
17,60.0,221.0,,false
18,60.0,167.0,,false
19,60.0,184.0,,false
20,800.0,6.0,,false
21,60.0,82.0,,false
22,60.0,101.0,,false
23,60.0,93.0,,false
24,60.0,106.0,,false
25,60.0,91.0,,false
26,60.0,102.0,,false
27,60.0,108.0,,false
28,100.0,196.0,,false
29,100.0,203.0,,false
30,900.0,8.0,,false
31,1150.0,17.0,,false
32,1000.0,8.0,,false
33,1350.0,50.0,,true
34,500.0,58.0,,true
35,5000.0,17.0,,true
36,2200.0,134.0,,true
37,3500.0,347.0,,true
38,5000.0,600.0,,true
39,500.0,141.0,,true
40,125.0,521.0,,true
41,40.0,454.0,,true
42,350.0,144.0,,true
43,500.0,198.0,,false
44,500.0,471.0,,false
45,3300.0,27.0,,false
46,3300.0,28.0,,false
47,3300.0,21.0,,false
48,60.0,175.0,,false
49,60.0,178.0,,false
50,60.0,199.0,,false
51,800.0,4.0,,false
52,60.0,88.0,,false
53,60.0,114.0,,false
54,60.0,120.0,,false
55,60.0,120.0,,false
56,60.0,88.0,,false
57,60.0,109.0,,false
58,100.0,222.0,,false
59,100.0,192.0,,false
60,900.0,7.0,,false
61,1150.0,15.0,,false
62,1000.0,5.0,,false
63,1350.0,48.0,,true
64,500.0,60.0,,true
65,5000.0,19.0,,true
66,2200.0,140.0,,true
67,3500.0,252.0,,true
68,5000.0,600.0,,true
69,500.0,147.0,,true
70,125.0,491.0,,true
71,40.0,453.0,,true
72,350.0,155.0,,true
73,500.0,172.0,,false
74,500.0,597.0,,false
75,3300.0,26.0,,false
76,3300.0,26.0,,false
77,3300.0,24.0,,false
78,60.0,180.0,,false
79,60.0,152.0,,false
80,60.0,165.0,,false
81,60.0,184.0,,false
82,800.0,5.0,,false
83,60.0,86.0,,false
84,60.0,91.0,,false
85,60.0,111.0,,false
86,60.0,83.0,,false
87,60.0,106.0,,false
88,60.0,110.0,,false
89,100.0,238.0,,false
90,100.0,189.0,,false
91,900.0,10.0,,false
92,1150.0,16.0,,false
93,1000.0,8.0,,false
94,1350.0,47.0,,true
95,500.0,59.0,,true
96,5000.0,20.0,,true
97,2200.0,134.0,,true
98,3500.0,358.0,,true
99,5000.0,600.0,,true
100,500.0,144.0,,true
101,125.0,453.0,,true
102,40.0,353.0,,true
103,350.0,160.0,,true
104,500.0,199.0,,false
105,500.0,480.0,,false
106,3300.0,29.0,,false
107,3300.0,22.0,,false
108,3300.0,29.0,,false
109,60.0,213.0,,false
110,60.0,211.0,,false
111,60.0,209.0,,false
112,800.0,4.0,,false
113,60.0,96.0,,false
114,60.0,112.0,,false
115,60.0,94.0,,false
116,60.0,94.0,,false
117,60.0,101.0,,false
118,60.0,89.0,,false
119,60.0,94.0,,false
120,60.0,106.0,,false
121,60.0,118.0,,false
122,100.0,196.0,,false
123,100.0,208.0,,false
124,900.0,7.0,,false
125,1150.0,13.0,,false
126,1000.0,6.0,,false
127,1350.0,50.0,,true
128,500.0,58.0,,true
129,5000.0,17.0,,true
130,2200.0,133.0,,true
131,3500.0,376.0,,true
132,5000.0,600.0,,true
133,500.0,160.0,,true
134,125.0,466.0,,true
135,40.0,440.0,,true
136,350.0,177.0,,true
137,500.0,199.0,,false
138,500.0,534.0,,false
139,3300.0,26.0,,false
140,3300.0,25.0,,false
141,3300.0,29.0,,false
142,60.0,188.0,,false
143,60.0,161.0,,false
144,60.0,190.0,,false
145,800.0,5.0,,false
146,60.0,108.0,,false
147,60.0,95.0,,false
148,60.0,96.0,,false
149,60.0,112.0,,false
150,60.0,93.0,,false
151,60.0,85.0,,false
152,60.0,93.0,,false
153,60.0,114.0,,false
154,60.0,81.0,,false
155,100.0,229.0,,false
156,100.0,199.0,,false
157,900.0,8.0,,false
158,1150.0,16.0,,false
159,1000.0,6.0,,false
