Reference,height,width,stripwidth,preemptable
1,1350.0,47.0,720,true
2,500.0,59.0,,true
3,5000.0,20.0,,true
4,2200.0,134.0,,true
5,3500.0,384.0,,true
6,5000.0,600.0,,true
7,500.0,150.0,,true
8,125.0,522.0,,true
9,40.0,409.0,,true
10,350.0,174.0,,true
11,500.0,200.0,,false
12,500.0,364.0,,false
13,3300.0,28.0,,false
14,3300.0,22.0,,false
15,3300.0,22.0,,false
16,60.0,186.0,,false
17,60.0,178.0,,false
18,60.0,187.0,,false
19,800.0,6.0,,false
20,60.0,96.0,,false
21,60.0,111.0,,false
22,60.0,82.0,,false
23,60.0,88.0,,false
24,60.0,85.0,,false
25,60.0,116.0,,false
26,60.0,103.0,,false
27,60.0,116.0,,false
28,60.0,101.0,,false
29,100.0,239.0,,false
30,100.0,198.0,,false
31,900.0,7.0,,false
32,1150.0,13.0,,false
33,1000.0,6.0,,false
34,1350.0,50.0,,true
35,500.0,57.0,,true
36,5000.0,19.0,,true
37,2200.0,135.0,,true
38,3500.0,273.0,,true
39,5000.0,600.0,,true
40,500.0,155.0,,true
41,125.0,452.0,,true
42,40.0,380.0,,true
43,350.0,172.0,,true
44,500.0,190.0,,false
45,500.0,306.0,,false
46,3300.0,25.0,,false
47,3300.0,26.0,,false
48,3300.0,29.0,,false
49,60.0,176.0,,false
50,60.0,246.0,,false
51,60.0,177.0,,false
52,60.0,200.0,,false
53,800.0,5.0,,false
54,60.0,106.0,,false
55,60.0,117.0,,false
56,60.0,95.0,,false
57,60.0,89.0,,false
58,60.0,92.0,,false
59,60.0,117.0,,false
60,60.0,102.0,,false
61,60.0,117.0,,false
62,60.0,120.0,,false
63,100.0,241.0,,false
64,100.0,231.0,,false
65,900.0,7.0,,false
66,1150.0,14.0,,false
67,1000.0,6.0,,false
68,1350.0,46.0,,true
69,500.0,56.0,,true
70,5000.0,18.0,,true
71,2200.0,139.0,,true
72,3500.0,233.0,,true
73,5000.0,600.0,,true
74,500.0,154.0,,true
75,125.0,477.0,,true
76,40.0,447.0,,true
77,350.0,157.0,,true
78,500.0,194.0,,false
79,500.0,460.0,,false
80,3300.0,21.0,,false
81,3300.0,22.0,,false
82,3300.0,22.0,,false
83,60.0,182.0,,false
84,60.0,206.0,,false
85,60.0,236.0,,false
86,60.0,240.0,,false
87,800.0,6.0,,false
88,60.0,98.0,,false
89,60.0,84.0,,false
90,60.0,82.0,,false
91,60.0,97.0,,false
92,60.0,84.0,,false
93,60.0,113.0,,false
94,60.0,86.0,,false
95,100.0,249.0,,false
96,100.0,211.0,,false
97,900.0,10.0,,false
98,1150.0,14.0,,false
99,1000.0,6.0,,false
100,1350.0,46.0,,true
101,500.0,60.0,,true
102,5000.0,19.0,,true
103,2200.0,134.0,,true
104,3500.0,312.0,,true
105,5000.0,600.0,,true
106,500.0,142.0,,true
107,125.0,474.0,,true
108,40.0,418.0,,true
109,350.0,178.0,,true
110,500.0,179.0,,false
111,500.0,440.0,,false
112,3300.0,23.0,,false
113,3300.0,26.0,,false
114,3300.0,25.0,,false
115,60.0,159.0,,false
116,60.0,204.0,,false
117,60.0,173.0,,false
118,60.0,225.0,,false
119,800.0,4.0,,false
120,60.0,86.0,,false
121,60.0,90.0,,false
122,60.0,106.0,,false
123,60.0,107.0,,false
124,60.0,85.0,,false
125,60.0,81.0,,false
126,100.0,227.0,,false
127,100.0,234.0,,false
128,900.0,10.0,,false
129,1150.0,17.0,,false
130,1000.0,8.0,,false
131,1350.0,47.0,,true
132,500.0,56.0,,true
133,5000.0,19.0,,true
134,2200.0,139.0,,true
135,3500.0,367.0,,true
136,5000.0,600.0,,true
137,500.0,145.0,,true
138,125.0,505.0,,true
139,40.0,403.0,,true
140,350.0,147.0,,true
141,500.0,171.0,,false
142,500.0,436.0,,false
143,3300.0,24.0,,false
144,3300.0,29.0,,false
145,3300.0,27.0,,false
146,60.0,208.0,,false
147,60.0,193.0,,false
148,60.0,205.0,,false
149,60.0,209.0,,false
150,800.0,4.0,,false
151,60.0,81.0,,false
152,60.0,109.0,,false
153,60.0,91.0,,false
154,60.0,94.0,,false
155,60.0,104.0,,false
156,60.0,87.0,,false
157,60.0,93.0,,false
158,60.0,97.0,,false
159,60.0,107.0,,false
160,100.0,220.0,,false
161,100.0,210.0,,false
162,900.0,10.0,,false
163,1150.0,15.0,,false
164,1000.0,7.0,,false
